SampleTime,Phase,Sensor1,Sensor2,Sensor3,IJ,Sensor5,Sensor6,MouldTemp1,MouldTemp2,MouldTemp3,MouldTemp4,MouldTemp5,MouldTemp9,MouldTemp10,MouldTemp11,MouldTemp12,MouldTemp13,MouldTemp14,Sensor8,MouldFlow1,MouldFlow2,MouldFlow3,SP
0.0,1,5.316,5.532,5.101,5.0,92.02600000000001,95.087,80.0,35.3,67.53999999999999,53.606,15.0,92.7,89.6,812.6,15.0,93.0,89.2,5.0,12.24,5.0,5.0,104.652
0.05,1,5.353,5.676,5.045,5.0,92.062,95.346,80.0,35.3,67.687,53.602,15.0,92.7,89.6,812.6,15.0,93.0,89.2,5.0,12.184000000000001,5.0,5.0,104.646
0.1,1,5.474,5.6129999999999995,5.121,5.0,91.88600000000001,95.289,80.0,35.3,67.84899999999999,53.6,15.0,92.7,89.6,812.6,15.0,93.0,89.2,5.0,12.212,5.0,5.0,104.65
0.15,1,5.331,5.564,5.181,5.0,91.991,94.709,80.0,35.3,68.041,53.6,15.0,92.7,89.6,812.6,15.0,93.0,89.2,5.0,11.995000000000001,5.0,5.0,104.65
0.2,1,5.418,5.803,5.057,5.0,91.991,95.23100000000001,80.0,35.3,68.21199999999999,53.513000000000005,15.0,92.7,89.6,812.6,15.0,93.0,89.2,5.0,11.937000000000001,5.0,5.0,104.65299999999999
0.25,1,5.313,5.659,5.058,5.0,91.815,94.767,80.0,35.3,68.381,53.427,15.0,92.7,89.6,812.6,15.0,93.0,89.2,5.0,11.481,5.0,5.0,104.645
0.3,1,5.391,5.701,5.21,5.0,91.745,95.403,80.0,35.3,68.47200000000001,53.406,15.0,92.7,89.6,812.6,15.0,93.0,89.2,5.0,11.266,5.0,5.0,104.641
0.35,1,5.511,5.534,5.044,5.0,91.78,95.173,80.0,35.3,68.714,53.402,15.0,92.7,89.6,812.6,15.0,93.0,89.2,5.0,11.556000000000001,5.0,5.0,104.649
0.4,1,5.356,5.716,5.114,5.0,92.02600000000001,95.0,80.0,35.3,68.86699999999999,53.4,15.0,92.7,89.6,812.6,15.0,93.0,89.2,5.0,12.187999999999999,5.0,5.0,104.648
0.45,1,5.311,5.483,5.324,5.0,92.20100000000001,95.058,80.0,35.3,68.968,53.4,15.0,92.7,89.6,812.6,15.0,93.0,89.2,5.0,12.577000000000002,5.0,5.0,104.65799999999999
0.5,1,5.376,5.5920000000000005,5.139,5.0,92.41,95.575,80.0,35.3,69.187,53.4,15.0,92.7,89.6,812.6,15.0,93.0,89.2,5.0,12.559000000000001,5.0,5.0,104.662
0.55,1,5.547,5.6370000000000005,5.013,5.0,92.72,95.346,80.0,35.3,69.298,53.284,15.0,92.7,89.6,812.6,15.0,93.0,89.2,5.0,12.395,5.0,5.0,104.65700000000001
0.6,1,5.378,5.704,5.114,5.0,92.548,95.432,80.0,35.3,69.452,53.22,15.0,92.7,89.6,812.6,15.0,93.0,89.2,5.0,12.323,5.0,5.0,104.65799999999999
0.65,1,5.375,5.566,5.052,5.0,92.617,95.029,80.0,35.3,69.648,53.205,15.0,92.7,89.6,812.6,15.0,93.0,89.2,5.0,12.533,5.0,5.0,104.655
0.7,1,5.312,5.557,5.086,5.0,92.72,95.0,80.0,35.3,69.764,53.201,15.0,92.7,89.6,812.6,15.0,93.0,89.2,5.0,12.251000000000001,5.0,5.0,104.65799999999999
0.75,1,5.409,5.795,5.002,5.0,93.365,95.461,80.0,35.3,69.936,53.2,15.0,92.7,89.6,812.6,15.0,93.0,89.2,5.0,11.375,5.0,5.0,104.661
0.8,1,5.34,5.936,5.119,5.0,93.23,94.796,80.0,35.3,70.054,53.2,15.0,92.563,89.6,812.6,15.0,93.0,89.2,5.0,11.027000000000001,5.0,5.0,104.65700000000001
0.85,1,5.404,5.71,5.003,5.0,93.432,94.82600000000001,80.0,35.3,70.16499999999999,53.15,15.0,92.515,89.6,812.6,15.0,93.0,89.2,5.0,11.058,5.0,5.0,104.656
0.9,1,5.318,5.897,5.064,5.0,93.23,95.029,80.0,35.3,70.31800000000001,53.036,15.0,92.50399999999999,89.6,812.6,15.0,93.0,89.2,5.0,11.111,5.0,5.0,104.65799999999999
0.95,1,5.393,5.615,5.058,5.0,93.264,95.029,80.0,35.3,70.406,53.008,15.0,92.501,89.455,812.6,15.0,93.0,89.2,5.0,11.158,5.0,5.0,104.649
1.0,1,5.312,5.803,5.2,5.0,93.532,94.971,80.0,35.3,70.63,53.001999999999995,15.0,92.5,89.413,812.6,15.0,92.898,89.2,5.0,11.314,5.0,5.0,104.652
1.05,1,5.379,5.536,5.157,5.0,93.465,94.738,80.0,35.3,70.771,53.0,15.0,92.5,89.403,812.6,15.0,92.82300000000001,89.2,5.0,11.665,5.0,5.0,104.64299999999999
1.1,1,5.38,5.603,5.1,5.0,93.196,94.913,80.0,35.3,70.869,53.0,15.0,92.5,89.40100000000001,812.6,15.0,92.806,89.2,5.0,11.893,5.0,5.0,104.64399999999999
1.15,1,5.303,5.763,5.028,5.0,93.565,95.173,80.0,35.3,71.037,53.0,15.0,92.5,89.4,812.6,15.0,92.801,89.2,5.0,12.338999999999999,5.0,5.0,104.647
1.2,1,5.359,5.826,5.001,5.0,93.632,94.796,80.0,35.3,71.13499999999999,52.913000000000004,15.0,92.5,89.4,812.6,15.0,92.8,89.2,5.0,13.026,5.0,5.0,104.64399999999999
1.25,1,5.437,5.534,5.003,5.0,93.798,95.087,80.153,35.3,71.261,52.827,15.0,92.5,89.4,812.6,15.0,92.8,89.2,5.0,13.291,5.0,5.0,104.65
1.3,1,5.309,5.7379999999999995,5.055,5.0,94.258,95.48899999999999,80.189,35.3,71.417,52.806,15.0,92.5,89.4,812.6,15.0,92.8,89.2,5.0,13.231,5.0,5.0,104.65
1.35,1,5.33,5.606,5.094,5.0,94.029,95.202,80.197,35.3,71.47999999999999,52.802,15.0,92.5,89.4,812.6,15.0,92.8,89.2,5.0,13.033999999999999,5.0,5.0,104.655
1.4,1,5.419,5.529,5.032,5.0,94.095,95.375,80.199,35.3,71.648,52.8,15.0,92.5,89.4,812.6,15.0,92.8,89.2,5.0,13.016,5.0,5.0,104.64299999999999
1.45,1,5.301,5.652,5.06,5.0,93.99600000000001,94.855,80.2,35.3,71.78899999999999,52.8,15.0,92.5,89.4,812.6,15.0,92.8,89.2,5.0,13.095,5.0,5.0,104.63600000000001
1.5,1,5.359,5.7379999999999995,5.041,5.0,94.226,95.116,80.2,35.3,71.874,52.8,15.0,92.5,89.4,812.6,15.0,92.8,89.2,5.0,12.957999999999998,5.0,5.0,104.648
1.55,1,5.34,5.829,5.164,5.0,94.258,95.317,80.2,35.3,71.995,52.684,15.0,92.5,89.4,812.6,15.0,92.8,89.2,5.0,12.763,5.0,5.0,104.641
1.6,1,5.385,5.7829999999999995,5.051,5.0,94.291,95.289,80.2,35.3,72.075,52.62,15.0,92.5,89.4,812.6,15.0,92.8,89.2,5.0,12.311,5.0,5.0,104.65100000000001
1.65,1,5.376,5.489,5.017,5.0,94.389,95.202,80.2,35.3,72.253,52.605,15.0,92.5,89.4,812.6,15.0,92.8,89.2,5.0,12.468,5.0,5.0,104.647
1.7,1,5.361,5.547,5.029,5.0,94.226,95.23100000000001,80.2,35.3,72.36500000000001,52.601,15.0,92.5,89.4,812.6,15.0,92.8,89.2,5.0,12.405000000000001,5.0,5.0,104.65299999999999
1.75,1,5.302,5.519,5.053,5.0,94.389,95.26,80.2,35.3,72.479,52.6,15.0,92.5,89.4,812.6,15.0,92.8,89.2,5.0,12.582999999999998,5.0,5.0,104.647
1.8,1,5.31,5.542,5.091,5.0,94.808,95.23100000000001,80.2,35.3,72.571,52.6,15.0,92.5,89.4,812.6,15.0,92.8,89.2,5.0,12.533999999999999,5.0,5.0,104.65299999999999
1.85,1,5.303,5.674,5.083,5.0,94.421,95.632,80.2,35.3,72.72999999999999,52.6,15.0,92.5,89.4,812.6,15.0,92.8,89.2,5.0,12.411000000000001,5.0,5.0,104.641
1.9,1,5.31,5.518,5.171,5.0,94.64699999999999,95.145,80.2,35.3,72.783,52.513000000000005,15.0,92.5,89.4,812.6,15.0,92.8,89.2,5.0,12.408,5.0,5.0,104.652
1.95,1,5.345,5.784,5.027,5.0,94.486,95.48899999999999,80.2,35.3,72.93299999999999,52.427,15.0,92.5,89.4,812.6,15.0,92.8,89.2,5.0,12.285,5.0,5.0,104.64200000000001
2.0,1,5.409,5.709,5.039,5.0,94.583,94.709,80.2,35.3,72.984,52.406,15.0,92.5,89.4,812.6,15.0,92.8,89.2,5.0,12.377,5.0,5.0,104.646
2.05,1,5.414,5.444,5.004,5.0,94.583,95.087,80.2,35.3,73.13300000000001,52.402,15.0,92.5,89.4,812.6,15.0,92.8,89.2,5.0,12.545,5.0,5.0,104.64
2.1,1,5.388,5.61,5.062,5.0,94.583,94.47399999999999,80.2,35.3,73.184,52.4,15.0,92.5,89.4,812.6,15.0,92.8,89.055,5.0,12.863,5.0,5.0,104.65299999999999
2.15,1,5.324,5.458,5.097,5.0,94.551,94.855,80.2,35.3,73.333,52.4,15.0,92.5,89.4,812.6,15.0,92.8,89.013,5.0,13.078,5.0,5.0,104.64
2.2,1,5.48,5.498,5.14,5.0,94.872,95.029,80.2,35.3,73.38399999999999,52.4,15.0,92.5,89.4,812.6,15.0,92.8,89.003,5.0,13.249,5.0,5.0,104.648
2.25,1,5.3,5.45,5.076,5.0,94.872,94.884,80.2,35.3,73.533,52.284,15.0,92.5,89.4,812.6,15.0,92.8,89.001,5.0,13.343,5.0,5.0,104.639
2.3,1,5.351,5.774,5.01,5.0,94.77600000000001,95.26,80.2,35.3,73.584,52.22,15.0,92.5,89.4,812.6,15.0,92.8,89.0,5.0,13.366,5.0,5.0,104.65100000000001
2.35,1,5.494,5.609,5.035,5.0,94.904,95.202,80.2,35.3,73.733,52.205,15.0,92.5,89.4,812.6,15.0,92.8,89.0,5.0,13.151,5.0,5.0,104.64399999999999
2.4,1,5.306,5.826,5.096,5.0,94.968,95.029,80.2,35.3,73.78399999999999,52.201,15.0,92.5,89.4,812.6,15.0,92.8,89.0,5.0,13.031,5.0,5.0,104.65
2.45,1,5.374,5.51,5.004,5.0,94.808,95.202,80.2,35.3,73.93299999999999,52.2,15.0,92.5,89.4,812.6,15.0,92.8,89.0,5.0,12.911000000000001,5.0,5.0,104.641
2.5,1,5.345,5.695,5.089,5.0,94.77600000000001,95.0,80.2,35.3,73.984,52.2,15.0,92.5,89.4,812.6,15.0,92.8,89.0,5.0,13.693,5.0,5.0,104.648
2.55,1,5.302,5.487,5.09,5.0,94.872,94.942,80.2,35.3,74.03999999999999,52.2,15.0,92.5,89.4,812.6,15.0,92.8,89.0,5.0,13.972000000000001,5.0,5.0,104.63600000000001
2.6,1,5.335,5.561,5.006,5.0,95.064,94.767,80.2,35.3,74.08600000000001,52.113,15.0,92.5,89.4,812.6,15.0,92.8,89.0,5.0,14.237,5.0,5.0,104.64399999999999
2.65,1,5.453,5.599,5.0,5.0,94.615,94.65,80.2,35.3,74.122,52.027,15.0,92.5,89.4,812.6,15.0,92.8,89.0,5.0,14.548,5.0,5.0,104.62899999999999
2.7,1,5.438,5.508,5.001,5.0,94.77600000000001,94.47399999999999,80.2,35.3,74.25800000000001,52.006,15.0,92.5,89.4,812.6,15.0,92.8,89.0,5.0,14.77,5.0,5.0,104.639
2.75,1,5.389,5.505,5.068,5.0,94.68,94.913,80.2,35.3,74.28999999999999,52.001999999999995,15.0,92.5,89.4,812.6,15.0,92.8,89.0,5.0,14.584,5.0,5.0,104.62
2.8,1,5.336,5.785,5.106,5.0,94.712,94.68,80.2,35.3,74.482,52.0,15.0,92.5,89.4,812.6,15.0,92.8,89.0,5.0,14.684,5.0,5.0,104.645
2.85,1,5.361,5.5760000000000005,5.166,5.0,94.389,94.445,80.2,35.3,74.572,52.0,15.0,92.5,89.4,812.6,15.0,92.8,89.0,5.0,14.658999999999999,5.0,5.0,104.615
2.9,1,5.307,5.452,5.036,5.0,94.77600000000001,95.0,80.337,35.3,74.618,52.0,15.0,92.5,89.4,812.6,15.0,92.8,89.0,5.0,14.692,5.0,5.0,104.635
2.95,1,5.302,5.667,5.063,5.0,94.77600000000001,94.32600000000001,80.385,35.3,74.68100000000001,52.0,15.0,92.5,89.4,812.6,15.0,92.8,89.0,5.0,14.836,5.0,5.0,104.624
3.0,1,5.48,5.618,5.014,5.0,94.68,94.385,80.396,35.3,74.745,52.0,15.0,92.5,89.4,812.6,15.0,92.8,89.0,5.0,14.761000000000001,5.0,5.0,104.63600000000001
3.05,1,5.364,5.557,5.073,5.0,94.486,94.884,80.399,35.3,74.863,51.884,15.0,92.5,89.4,812.6,15.0,92.8,89.0,5.0,14.603,5.0,5.0,104.63
3.1,1,5.338,5.675,5.043,5.0,94.551,94.592,80.4,35.3,74.941,51.82,15.0,92.5,89.263,812.6,15.0,92.8,89.0,5.0,14.573,5.0,5.0,104.633
3.15,1,5.389,5.477,5.059,5.0,94.518,94.68,80.4,35.3,75.062,51.805,15.0,92.5,89.215,812.6,15.0,92.8,89.0,5.0,14.607000000000001,5.0,5.0,104.62
3.2,14,5.314,5.494,5.011,5.0,94.84,94.942,80.4,35.3,75.09100000000001,51.801,15.0,92.5,89.204,812.6,15.0,92.8,89.0,5.0,14.702,5.0,5.0,104.633
3.25,14,5.3629999999999995,5.587,5.022,5.0,94.904,94.82600000000001,80.4,35.3,75.235,51.8,15.0,92.5,89.20100000000001,812.6,15.0,92.8,89.0,5.0,14.662,5.0,5.0,104.633
3.3,14,5.328,5.569,5.07,5.0,94.808,94.942,80.4,35.3,75.28399999999999,51.8,15.0,92.5,89.2,812.6,15.0,92.8,89.0,5.0,14.531,5.0,5.0,104.64399999999999
3.35,14,5.517,5.701,5.063,5.0,94.389,94.62100000000001,80.4,35.3,75.38399999999999,51.8,15.0,92.5,89.2,812.6,15.0,92.8,89.0,5.0,14.423,5.0,5.0,104.634
3.4,14,5.312,5.511,5.215,5.0,94.518,94.884,80.4,35.3,75.47200000000001,51.8,15.0,92.5,89.2,812.6,15.0,92.655,89.0,5.0,14.462,5.0,5.0,104.633
3.45,14,5.33,5.475,5.0,5.0,94.453,94.119,80.4,35.3,75.493,51.8,15.0,92.5,89.2,812.6,15.0,92.613,89.0,5.0,14.412,5.0,5.0,104.62200000000001
3.5,14,5.41,5.558,5.023,5.0,94.712,94.119,80.4,35.3,75.614,51.663000000000004,15.0,92.5,89.2,812.6,15.0,92.60300000000001,89.0,5.0,14.292,5.0,5.0,104.635
3.55,14,5.346,5.45,5.123,5.0,94.968,94.533,80.4,35.3,75.68,51.615,15.0,92.5,89.2,812.6,15.0,92.601,89.0,5.0,14.554,5.0,5.0,104.619
3.6,14,5.345,5.459,5.024,5.0,94.64699999999999,94.533,80.4,35.3,75.745,51.604,15.0,92.5,89.2,812.6,15.0,92.6,89.0,5.0,14.587,5.0,5.0,104.64
3.65,14,5.428,5.682,5.044,5.0,94.68,94.796,80.4,35.3,75.863,51.601,15.0,92.5,89.2,812.6,15.0,92.6,89.0,5.0,14.496,5.0,5.0,104.626
3.7,14,5.379,5.55,5.028,5.0,94.615,94.884,80.4,35.3,75.891,51.6,15.0,92.5,89.2,812.6,15.0,92.6,89.0,5.0,14.425,5.0,5.0,104.635
3.75,14,5.347,5.446,5.132,5.0,94.453,94.62100000000001,80.4,35.3,76.035,51.6,15.0,92.5,89.2,812.6,15.0,92.6,89.0,5.0,14.455,5.0,5.0,104.625
3.8,14,5.455,5.627,5.096,5.0,94.551,95.0,80.605,35.3,76.084,51.6,15.0,92.5,89.2,812.6,15.0,92.6,89.0,5.0,14.605,5.0,5.0,104.641
3.85,14,5.379,5.603,5.097,5.0,94.68,94.884,80.67699999999999,35.3,76.096,51.6,15.0,92.5,89.2,812.6,15.0,92.6,89.0,5.0,14.545,5.0,5.0,104.62
3.9,14,5.575,5.502,5.248,5.0,94.583,94.738,80.695,35.3,76.252,51.6,15.0,92.5,89.2,812.6,15.0,92.6,89.0,5.0,14.48,5.0,5.0,104.63799999999999
3.95,14,5.339,5.554,5.138,5.0,94.453,94.62100000000001,80.699,35.3,76.28899999999999,51.498000000000005,15.0,92.5,89.2,812.6,15.0,92.6,89.0,5.0,14.513,5.0,5.0,104.625
4.0,14,5.426,5.61,5.142,5.0,94.64699999999999,94.855,80.7,35.3,76.35499999999999,51.423,15.0,92.5,89.2,812.6,15.0,92.6,89.0,5.0,14.551,5.0,5.0,104.64
4.05,14,5.386,5.555,5.138,5.0,94.583,94.942,80.7,35.3,76.389,51.406,15.0,92.5,89.2,812.6,15.0,92.6,88.855,5.0,14.47,5.0,5.0,104.62700000000001
4.1,14,5.502,5.6,5.091,5.0,94.64699999999999,94.884,80.7,35.3,76.39699999999999,51.400999999999996,15.0,92.413,89.2,812.6,15.0,92.6,88.813,5.0,14.591000000000001,5.0,5.0,104.637
4.15,14,5.539,5.773,5.072,5.0,94.583,94.855,80.7,35.3,76.544,51.4,15.0,92.327,89.2,812.6,15.0,92.6,88.803,5.0,14.635,5.0,5.0,104.626
4.2,14,5.343,5.62,5.14,5.0,94.904,95.058,80.7,35.3,76.58699999999999,51.4,15.0,92.306,89.2,812.6,15.0,92.6,88.801,5.0,14.677999999999999,5.0,5.0,104.64200000000001
4.25,14,5.392,5.469,5.27,5.0,94.583,94.767,80.7,35.3,76.59700000000001,51.4,15.0,92.301,89.2,812.6,15.0,92.6,88.8,5.0,14.68,5.0,5.0,104.62200000000001
4.27,3,5.85,5.582,5.049,174.585,94.68,95.029,80.7,35.3,76.648,51.4,15.0,92.301,89.2,812.6,15.0,92.6,88.8,5.0,14.708,5.0,5.0,104.62899999999999
4.29,3,5.593,5.478,5.13,169.872,94.616,94.562,80.7,35.3,76.714,51.4,15.0,92.301,89.2,812.6,15.0,92.6,88.8,5.0,14.765,5.0,5.0,104.639
4.31,3,5.928,5.54,5.034,152.8,94.809,94.82600000000001,80.7,35.3,76.752,51.4,15.0,92.3,89.2,812.6,15.0,92.6,88.8,5.0,14.711,5.0,5.0,104.631
4.33,3,5.5969999999999995,5.557,5.119,134.23,94.905,94.913,80.7,35.3,76.773,51.4,15.0,92.3,89.2,812.6,15.0,92.6,88.8,5.0,14.669,5.0,5.0,104.632
4.35,3,5.679,5.475,5.114,117.831,94.873,94.796,80.7,35.3,76.785,51.4,15.0,92.3,89.2,812.6,15.0,92.6,88.8,5.0,14.537,5.0,5.0,104.63799999999999
4.37,3,5.322,5.546,5.151,99.398,94.873,94.385,80.7,35.3,76.791,51.4,15.0,92.3,89.2,812.6,15.0,92.6,88.8,5.0,14.479,5.0,5.0,104.62700000000001
4.39,3,5.414,5.601,5.104,86.01,94.968,94.767,80.7,35.3,76.795,51.4,15.0,92.3,89.2,812.6,15.0,92.6,88.8,5.0,15.76,5.0,5.0,104.632
4.41,3,5.471,5.497,5.299,94.23899999999999,95.222,94.855,80.7,35.3,76.84100000000001,51.4,15.0,92.3,89.2,812.6,15.0,92.6,88.8,5.0,16.597,5.0,5.0,104.633
4.43,3,5.389,5.453,5.226,95.095,95.15899999999999,95.17399999999999,80.7,35.3,76.86699999999999,51.4,15.0,92.3,89.2,812.6,15.0,92.6,88.8,5.0,17.195,5.0,5.0,104.325
4.45,3,5.353,5.453,5.362,82.19,95.0,95.116,80.7,35.3,76.881,51.313,15.0,92.3,89.2,812.6,15.0,92.6,88.8,5.0,17.489,5.0,5.0,103.45700000000001
4.47,3,5.467,5.45,5.274,63.075,95.0,95.23100000000001,80.7,35.3,76.89,51.263000000000005,15.0,92.3,89.2,812.6,15.0,92.6,88.8,5.0,17.701,5.0,5.0,102.041
4.49,3,5.437,5.451,5.366,49.961999999999996,94.84100000000001,95.289,80.7,35.3,76.894,51.236,15.0,92.3,89.2,812.6,15.0,92.6,88.8,5.0,17.548000000000002,5.0,5.0,100.921
4.51,3,5.314,5.453,5.411,49.895,95.032,94.971,80.7,35.3,76.89699999999999,51.22,15.0,92.3,89.2,812.6,15.0,92.6,88.8,5.0,17.625,5.0,5.0,99.447
4.53,3,5.356,5.451,5.453,41.107,95.222,95.145,80.7,35.3,76.898,51.211,15.0,92.3,89.2,812.6,15.0,92.6,88.8,5.0,17.676,5.0,5.0,98.264
4.55,3,5.445,5.453,5.174,44.329,95.127,95.74600000000001,80.7,35.3,76.899,51.205999999999996,15.0,92.3,89.2,812.6,15.0,92.6,88.8,5.0,17.64,5.0,5.0,97.235
4.57,3,5.318,5.45,5.364,48.481,95.032,95.0,80.7,35.3,76.949,51.204,15.0,92.3,89.2,812.6,15.0,92.6,88.8,5.0,17.768,5.0,5.0,96.319
4.59,3,5.453,5.454,5.365,52.738,95.0,95.202,80.7,35.3,77.015,51.202,15.0,92.3,89.2,812.6,15.0,92.6,88.8,5.0,17.962,5.0,5.0,95.40899999999999
4.61,3,5.518,5.451,5.35,55.18899999999999,95.222,95.087,80.7,35.3,77.05199999999999,51.201,15.0,92.3,89.2,812.6,15.0,92.6,88.8,5.0,17.96,5.0,5.0,94.509
4.63,3,5.473,5.452,5.347,60.056999999999995,94.873,95.375,80.7,35.3,77.07300000000001,51.201,15.0,92.3,89.2,812.6,15.0,92.6,88.8,5.0,18.033,5.0,5.0,93.68799999999999
4.65,3,5.537,5.45,5.21,64.109,94.84100000000001,95.26,80.7,35.3,77.08500000000001,51.2,15.0,92.3,89.2,812.6,15.0,92.6,88.8,5.0,17.994999999999997,5.0,5.0,92.84100000000001
4.67,3,5.51,5.451,5.212,68.72200000000001,94.936,95.432,80.75,35.3,77.092,51.2,15.0,92.3,89.2,812.6,15.0,92.6,88.8,5.0,17.907,5.0,5.0,92.023
4.69,3,5.361,5.451,5.352,72.888,94.84100000000001,95.518,80.816,35.3,77.095,51.2,15.0,92.3,89.2,812.6,15.0,92.6,88.8,5.0,18.048000000000002,5.0,5.0,91.2
4.71,3,5.313,5.451,5.228,78.293,94.809,95.375,80.85300000000001,35.3,77.166,51.2,15.0,92.3,89.2,812.6,15.0,92.6,88.8,5.0,18.09,5.0,5.0,90.387
4.73,3,5.323,5.453,5.095,82.499,94.873,95.48899999999999,80.873,35.3,77.225,51.2,15.0,92.3,89.2,812.6,15.0,92.6,88.8,5.0,18.165999999999997,5.0,5.0,89.574
4.75,3,5.359,5.587,5.159,79.62100000000001,94.745,94.82600000000001,80.885,35.3,77.25800000000001,51.2,15.0,92.3,89.2,812.6,15.0,92.513,88.8,5.0,18.216,5.0,5.0,88.836
4.77,3,5.328,5.48,5.348,81.94,94.905,95.575,80.892,35.3,77.27600000000001,51.2,15.0,92.3,89.2,812.6,15.0,92.46300000000001,88.8,5.0,18.121,5.0,5.0,88.322
4.79,3,5.368,5.506,5.192,79.65100000000001,94.84100000000001,95.26,80.895,35.3,77.287,51.2,15.0,92.3,89.2,812.6,15.0,92.436,88.8,5.0,18.185000000000002,5.0,5.0,87.795
4.81,3,5.424,5.454,5.192,75.85600000000001,94.649,95.432,80.89699999999999,35.3,77.292,51.2,15.0,92.3,89.2,812.6,15.0,92.42,88.8,5.0,18.357,5.0,5.0,87.189
4.83,3,5.39,5.467,5.181,72.715,94.55199999999999,95.23100000000001,80.898,35.3,77.296,51.2,15.0,92.3,89.2,812.6,15.0,92.411,88.8,5.0,18.250999999999998,5.0,5.0,86.627
4.85,3,5.425,5.451,5.132,69.543,94.809,95.202,80.899,35.3,77.298,51.2,15.0,92.3,89.2,812.6,15.0,92.406,88.8,5.0,18.253,5.0,5.0,86.05
4.87,3,5.418,5.45,5.135,68.559,94.809,95.087,80.9,35.3,77.36699999999999,51.2,15.0,92.3,89.2,812.6,15.0,92.404,88.8,5.0,18.128,5.0,5.0,85.52199999999999
4.89,3,5.3629999999999995,5.498,5.212,67.18,94.84100000000001,95.404,80.9,35.3,77.425,51.2,15.0,92.3,89.2,812.6,15.0,92.402,88.8,5.0,18.246,5.0,5.0,84.99
4.91,3,5.338,5.452,5.146,66.955,94.809,95.058,80.9,35.3,77.458,51.2,15.0,92.3,89.2,812.6,15.0,92.40100000000001,88.8,5.0,18.427,5.0,5.0,84.459
4.93,3,5.426,5.449,5.068,66.294,94.905,95.289,80.9,35.3,77.476,51.2,15.0,92.3,89.2,812.6,15.0,92.40100000000001,88.8,5.0,18.41,5.0,5.0,83.938
4.95,3,5.317,5.449,5.28,65.94200000000001,94.681,95.375,80.9,35.3,77.487,51.2,15.0,92.3,89.2,812.6,15.0,92.4,88.8,5.0,18.268,5.0,5.0,83.459
4.97,3,5.3870000000000005,5.45,5.25,64.737,94.745,95.289,80.9,35.3,77.493,51.113,15.0,92.3,89.2,812.6,15.0,92.4,88.8,5.0,18.195,5.0,5.0,82.937
4.99,3,5.557,5.45,5.07,64.214,94.84100000000001,95.145,80.9,35.3,77.49600000000001,51.063,15.0,92.3,89.2,812.6,15.0,92.4,88.8,5.0,18.285,5.0,5.0,82.433
5.01,3,5.319,5.451,5.188,64.136,94.616,94.942,80.9,35.3,77.498,51.036,15.0,92.3,89.2,812.6,15.0,92.4,88.8,5.0,18.259,5.0,5.0,81.961
5.03,3,5.461,5.453,5.027,64.137,94.936,94.767,80.9,35.3,77.549,51.02,15.0,92.3,89.2,812.6,15.0,92.4,88.8,5.0,18.264000000000003,5.0,5.0,81.456
5.05,3,5.522,5.45,5.132,63.742,94.84100000000001,94.738,80.9,35.3,77.61500000000001,51.010999999999996,15.0,92.3,89.2,812.6,15.0,92.4,88.8,5.0,18.219,5.0,5.0,80.964
5.07,3,5.321,5.451,5.089,63.443000000000005,95.095,94.767,80.9,35.3,77.652,51.006,15.0,92.3,89.2,812.6,15.0,92.4,88.8,5.0,18.157,5.0,5.0,80.46600000000001
5.09,3,5.311,5.451,5.424,63.286,94.936,94.679,80.9,35.3,77.673,51.004,15.0,92.3,89.2,812.6,15.0,92.4,88.8,5.0,18.216,5.0,5.0,79.995
5.11,3,5.347,5.448,5.45,62.963,94.777,94.503,80.9,35.3,77.685,51.001999999999995,15.0,92.3,89.2,812.6,15.0,92.4,88.8,5.0,18.341,5.0,5.0,79.51899999999999
5.13,3,5.585,5.45,5.288,63.321999999999996,94.873,94.62100000000001,80.9,35.3,77.691,51.001,15.0,92.3,89.2,812.6,15.0,92.4,88.8,5.0,18.398,5.0,5.0,79.064
5.15,3,5.424,5.45,5.471,63.402,95.0,94.297,80.9,35.3,77.695,51.001,15.0,92.3,89.2,812.6,15.0,92.4,88.8,5.0,18.189999999999998,5.0,5.0,78.56
5.17,3,5.325,5.45,5.681,63.61600000000001,95.15899999999999,95.0,80.9,35.3,77.747,51.0,15.0,92.3,89.2,812.6,15.0,92.4,88.8,5.0,18.117,5.0,5.0,78.078
5.19,3,5.382,5.45,5.575,63.854,94.936,94.855,80.9,35.3,77.814,51.0,15.0,92.3,89.2,812.6,15.0,92.4,88.8,5.0,18.380000000000003,5.0,5.0,77.611
5.21,3,5.343,5.448,5.6690000000000005,63.498000000000005,95.253,94.59100000000001,80.9,35.3,77.852,51.0,15.0,92.3,89.15,812.6,15.0,92.4,88.8,5.0,18.364,5.0,5.0,77.14699999999999
5.23,3,5.431,5.448,5.719,64.03899999999999,95.567,94.503,80.9,35.3,77.873,51.0,15.0,92.3,89.084,812.6,15.0,92.4,88.8,5.0,18.259999999999998,5.0,5.0,76.685
5.25,3,5.464,5.449,5.6370000000000005,64.512,95.878,94.942,80.9,35.3,77.88499999999999,51.0,15.0,92.3,89.047,812.6,15.0,92.4,88.8,5.0,18.384,5.0,5.0,76.214
5.27,3,5.369,5.45,5.851,64.542,96.672,94.709,80.9,35.3,77.891,51.0,15.0,92.3,89.027,812.6,15.0,92.4,88.8,5.0,18.401,5.0,5.0,75.756
5.29,3,5.531,5.449,5.602,64.555,97.211,94.562,80.9,35.3,77.89500000000001,51.0,15.0,92.3,89.015,812.6,15.0,92.4,88.8,5.0,18.322000000000003,5.0,5.0,75.27199999999999
5.31,3,5.438,5.45,6.12,64.282,97.85799999999999,94.796,80.9,35.3,77.922,51.0,15.0,92.3,89.008,812.6,15.0,92.4,88.8,5.0,18.437,5.0,5.0,74.785
5.33,3,5.314,5.45,6.101,69.73899999999999,98.86200000000001,94.148,80.9,35.3,78.0,51.0,15.0,92.3,89.005,812.6,15.0,92.4,88.8,5.0,18.326,5.0,5.0,74.292
5.35,3,5.378,5.449,6.3469999999999995,70.609,99.7,94.297,80.987,35.3,78.044,51.0,15.0,92.3,89.003,812.6,15.0,92.4,88.8,5.0,18.3,5.0,5.0,73.565
5.37,3,5.45,5.448,6.447,73.181,100.999,94.385,81.03699999999999,35.3,78.06800000000001,51.0,15.0,92.3,89.001,812.6,15.0,92.4,88.8,5.0,18.403,5.0,5.0,72.832
5.39,3,5.352,5.451,6.5809999999999995,75.742,102.611,94.942,81.064,35.3,78.082,51.0,15.0,92.3,89.001,812.6,15.0,92.4,88.8,5.0,18.432000000000002,5.0,5.0,72.064
5.41,3,5.313,5.454,6.954,77.148,104.47,94.503,81.08,35.3,78.09,51.0,15.0,92.3,89.0,812.6,15.0,92.4,88.8,5.0,18.463,5.0,5.0,71.27799999999999
5.43,3,5.355,5.462,7.101,78.704,106.45,94.796,81.089,35.3,78.094,51.0,15.0,92.3,89.0,812.6,15.0,92.4,88.8,5.0,18.275,5.0,5.0,70.46600000000001
5.45,3,5.351,5.452,7.497,79.268,109.52600000000001,95.058,81.094,35.3,78.122,51.0,15.0,92.3,89.0,812.6,15.0,92.4,88.8,5.0,18.208,5.0,5.0,69.64
5.47,3,5.389,5.449,7.718,80.449,113.40100000000001,95.087,81.096,35.3,78.156,51.0,15.0,92.3,89.0,812.6,15.0,92.4,88.8,5.0,18.259999999999998,5.0,5.0,68.839
5.49,3,5.322,5.449,7.837,81.135,117.537,94.709,81.098,35.3,78.175,51.0,15.0,92.3,89.0,812.6,15.0,92.4,88.8,5.0,18.332,5.0,5.0,68.027
5.51,3,5.376,5.448,8.278,82.46300000000001,124.639,94.971,81.09899999999999,35.3,78.186,51.0,15.0,92.3,89.0,812.6,15.0,92.4,88.8,5.0,18.380000000000003,5.0,5.0,67.19399999999999
5.53,3,5.478,5.449,8.365,83.192,133.486,95.289,81.09899999999999,35.3,78.19200000000001,51.0,15.0,92.3,89.0,812.6,15.0,92.4,88.8,5.0,18.292,5.0,5.0,66.387
5.55,3,5.381,5.448,8.637,83.833,145.374,95.0,81.1,35.3,78.196,51.0,15.0,92.3,89.0,812.6,15.0,92.4,88.8,5.0,18.134999999999998,5.0,5.0,65.58699999999999
5.57,3,5.598,5.517,9.023,84.343,166.69899999999998,94.32600000000001,81.1,35.3,78.19800000000001,50.931,15.0,92.3,89.0,812.6,15.0,92.4,88.8,5.0,18.148,5.0,5.0,64.783
5.59,3,5.715,5.451,9.202,84.873,239.68400000000003,94.562,81.1,35.3,78.199,50.874,15.0,92.3,89.0,812.6,15.0,92.4,88.8,5.0,18.142000000000003,5.0,5.0,63.93899999999999
5.61,3,5.959,5.45,9.594999999999999,85.497,237.095,94.738,81.1,35.3,78.249,50.842,15.0,92.3,89.0,812.6,15.0,92.4,88.8,5.0,18.076,5.0,5.0,63.114
5.63,3,6.656,5.451,9.873000000000001,85.42699999999999,234.64,94.884,81.1,35.3,78.315,50.823,15.0,92.3,89.0,812.6,15.0,92.4,88.8,5.0,17.977,5.0,5.0,62.287
5.65,3,6.807,5.513,10.11,85.65100000000001,232.766,95.289,81.1,35.3,78.352,50.813,15.0,92.3,89.0,812.6,15.0,92.4,88.71300000000001,5.0,18.142000000000003,5.0,5.0,61.473
5.67,3,6.7,5.452,10.477,85.72399999999999,231.702,95.375,81.1,35.3,78.373,50.806999999999995,15.0,92.3,89.0,812.6,15.0,92.4,88.663,5.0,18.069000000000003,5.0,5.0,60.628
5.69,3,6.889,5.45,11.021,85.352,231.21400000000003,95.029,81.1,35.3,78.38499999999999,50.804,15.0,92.3,89.0,812.6,15.0,92.4,88.63600000000001,5.0,18.084000000000003,5.0,5.0,59.751999999999995
5.71,3,6.558,5.451,11.253,83.542,230.61599999999999,95.029,81.1,35.3,78.392,50.802,15.0,92.3,89.0,812.6,15.0,92.4,88.62,5.0,18.133,5.0,5.0,58.823
5.73,3,6.9399999999999995,5.449,11.51,81.275,229.831,94.767,81.1,35.3,78.39500000000001,50.801,15.0,92.3,89.0,812.6,15.0,92.4,88.611,5.0,18.173000000000002,5.0,5.0,57.913999999999994
5.75,3,7.457,5.472,11.614,79.068,228.726,95.087,81.1,35.3,78.39699999999999,50.801,15.0,92.3,89.0,812.6,15.0,92.4,88.60600000000001,5.0,18.17,5.0,5.0,56.958
5.77,3,7.318,5.452,11.783999999999999,77.541,227.168,95.116,81.1,35.3,78.398,50.8,15.0,92.3,89.0,812.6,15.0,92.4,88.604,5.0,18.192,5.0,5.0,56.038000000000004
5.79,3,7.391,5.45,11.953,76.415,225.358,94.855,81.1,35.3,78.449,50.8,15.0,92.3,89.0,812.6,15.0,92.4,88.602,5.0,18.151,5.0,5.0,55.12
5.81,3,7.916,5.449,12.332,75.803,223.692,94.767,81.1,35.3,78.515,50.8,15.0,92.3,89.0,812.6,15.0,92.4,88.601,5.0,18.201,5.0,5.0,54.23
5.83,3,7.736000000000001,5.449,12.564,75.07300000000001,222.07,94.855,81.1,35.3,78.55199999999999,50.8,15.0,92.3,89.0,812.6,15.0,92.4,88.601,5.0,18.332,5.0,5.0,53.361999999999995
5.85,3,7.781000000000001,5.451,12.861,75.11,220.795,94.709,81.1,35.3,78.57300000000001,50.8,15.0,92.3,89.0,812.6,15.0,92.4,88.6,5.0,18.339,5.0,5.0,52.506
5.87,3,7.7620000000000005,5.45,13.115,75.404,220.50400000000002,95.087,81.1,35.3,78.58500000000001,50.8,15.0,92.3,89.0,812.6,15.0,92.4,88.6,5.0,18.192,5.0,5.0,51.644
5.89,3,8.126999999999999,5.45,13.283999999999999,72.376,220.322,95.029,81.1,35.3,78.592,50.8,15.0,92.3,89.0,812.6,15.0,92.4,88.6,5.0,18.146,5.0,5.0,50.819
5.91,3,8.452,5.448,13.32,72.10600000000001,220.17700000000002,95.058,81.1,35.3,78.595,50.8,15.0,92.3,89.0,812.6,15.0,92.4,88.6,5.0,18.098,5.0,5.0,50.054
5.93,3,8.68,5.45,13.701,70.035,220.12900000000002,94.796,81.1,35.3,78.59700000000001,50.8,15.0,92.3,89.0,812.6,15.0,92.4,88.6,5.0,18.104,5.0,5.0,49.349000000000004
5.95,3,8.773,5.5,13.772,70.83800000000001,220.165,94.855,81.1,35.3,78.648,50.8,15.0,92.3,89.0,812.6,15.0,92.4,88.6,5.0,18.04,5.0,5.0,48.67
5.97,3,9.084,5.45,13.826,70.048,220.032,95.116,81.1,35.3,78.715,50.8,15.0,92.3,89.0,812.6,15.0,92.4,88.6,5.0,17.972,5.0,5.0,47.98
5.99,3,9.539,5.463,13.777999999999999,66.739,219.85,95.17399999999999,81.1,35.3,78.752,50.8,15.0,92.3,89.0,812.6,15.0,92.4,88.6,5.0,17.985999999999997,5.0,5.0,47.292
6.01,3,9.778,5.45,14.212,64.707,219.53599999999997,94.767,81.15,35.3,78.773,50.8,15.0,92.3,89.0,812.6,15.0,92.4,88.6,5.0,17.921,5.0,5.0,46.765
6.03,3,9.897,5.498,14.283999999999999,64.65299999999999,219.174,94.942,81.21600000000001,35.3,78.785,50.8,15.0,92.3,89.0,812.6,15.0,92.4,88.6,5.0,18.016,5.0,5.0,46.395
6.05,3,10.21,5.453,14.06,60.57899999999999,218.51,94.59100000000001,81.253,35.3,78.791,50.8,15.0,92.3,89.0,812.6,15.0,92.4,88.6,5.0,18.129,5.0,5.0,46.027
6.07,3,11.625,5.45,14.137,60.88,218.28099999999998,94.82600000000001,81.273,35.3,78.795,50.8,15.0,92.21300000000001,89.0,812.6,15.0,92.4,88.6,5.0,18.17,5.0,5.0,45.684
6.09,3,15.216000000000001,5.446,14.607000000000001,58.592,217.86,94.65,81.285,35.3,78.84700000000001,50.8,15.0,92.163,89.0,812.6,15.0,92.4,88.6,5.0,18.219,5.0,5.0,45.327
6.11,3,15.940999999999999,5.451,14.84,58.24100000000001,217.09,94.65,81.292,35.3,78.91399999999999,50.8,15.0,92.13600000000001,89.0,812.6,15.0,92.4,88.6,5.0,18.16,5.0,5.0,45.027
6.13,3,16.999000000000002,5.449,15.345999999999998,58.144,216.143,94.533,81.295,35.3,78.952,50.8,15.0,92.12,89.0,812.6,15.0,92.4,88.6,5.0,18.118000000000002,5.0,5.0,44.707
6.15,3,17.42,5.448,15.581,58.69,215.00599999999997,94.913,81.297,35.3,78.973,50.8,15.0,92.111,89.0,812.6,15.0,92.4,88.6,5.0,18.08,5.0,5.0,44.435
6.17,3,18.558,5.465,15.814,58.187,213.825,95.202,81.29899999999999,35.3,78.985,50.8,15.0,92.10600000000001,89.0,812.6,15.0,92.4,88.6,5.0,17.925,5.0,5.0,44.135999999999996
6.19,3,19.017000000000003,5.446,16.241,58.521,212.81400000000002,94.884,81.29899999999999,35.3,78.99100000000001,50.8,15.0,92.104,89.0,812.6,15.0,92.4,88.6,5.0,17.912,5.0,5.0,43.856
6.21,3,19.771,5.46,16.462,59.005,211.972,94.855,81.3,35.3,78.995,50.8,15.0,92.102,89.0,812.6,15.0,92.4,88.6,5.0,17.877000000000002,5.0,5.0,43.568000000000005
6.23,3,19.860999999999997,5.506,16.845999999999997,58.516000000000005,211.225,95.0,81.3,35.3,78.997,50.8,15.0,92.101,89.0,812.6,15.0,92.4,88.6,5.0,17.796,5.0,5.0,43.274
6.25,3,20.667,5.449,16.990000000000002,58.302,210.646,94.679,81.3,35.3,78.998,50.8,15.0,92.101,89.0,812.6,15.0,92.4,88.6,5.0,17.951999999999998,5.0,5.0,42.997
6.27,3,20.984,5.449,17.468,59.045,210.25599999999997,95.0,81.3,35.3,79.04899999999999,50.8,15.0,92.1,89.0,812.6,15.0,92.4,88.6,5.0,17.868000000000002,5.0,5.0,42.707
6.29,3,21.708,5.448,17.772,59.51,209.748,94.971,81.3,35.3,79.115,50.8,15.0,92.1,89.0,812.6,15.0,92.4,88.6,5.0,17.897,5.0,5.0,42.412
6.31,3,22.409000000000002,5.446,18.224,59.15,209.347,94.855,81.3,35.3,79.152,50.8,15.0,92.1,89.0,812.6,15.0,92.4,88.6,5.0,18.000999999999998,5.0,5.0,42.128
6.33,4,23.178,5.447,18.863,60.48,209.00599999999997,94.679,81.3,35.3,79.173,50.8,15.0,92.1,89.0,812.6,15.0,92.4,88.6,5.0,18.04,5.0,5.0,41.858000000000004
6.35,4,23.496,5.447,19.41,54.632,208.59400000000002,94.738,81.3,35.3,79.185,50.8,15.0,92.1,89.0,812.6,15.0,92.4,88.6,5.0,17.930999999999997,5.0,5.0,41.59
6.37,4,24.522000000000002,5.449,19.958,54.387,208.253,95.145,81.3,35.3,79.192,50.8,15.0,92.1,89.0,812.6,15.0,92.4,88.6,5.0,17.843,5.0,5.0,41.498000000000005
6.39,4,25.435,5.446,20.227,53.662,207.85299999999998,94.82600000000001,81.3,35.3,79.195,50.731,15.0,92.1,89.0,812.6,15.0,92.4,88.6,5.0,17.772,5.0,5.0,41.525
6.41,4,25.44,5.448,20.329,49.61600000000001,207.454,94.385,81.3,35.3,79.197,50.674,15.0,92.1,89.0,812.6,15.0,92.4,88.6,5.0,17.817999999999998,5.0,5.0,41.527
6.43,4,25.592,5.445,20.275,49.836999999999996,207.09,95.029,81.3,35.3,79.248,50.641999999999996,15.0,92.1,89.0,812.6,15.0,92.4,88.6,5.0,17.805,5.0,5.0,41.545
6.45,4,25.714000000000002,5.447,20.250999999999998,49.688,206.762,94.148,81.3,35.3,79.315,50.623000000000005,15.0,92.1,89.0,812.6,15.0,92.4,88.6,5.0,17.68,5.0,5.0,41.551
6.47,4,26.46,5.489,20.34,48.952,206.37599999999998,95.145,81.3,35.3,79.352,50.613,15.0,92.1,89.0,812.6,15.0,92.4,88.6,5.0,17.73,5.0,5.0,41.55
6.49,4,27.712,5.446,20.462,43.650999999999996,206.013,95.087,81.3,35.3,79.373,50.607,15.0,92.1,89.0,812.6,15.0,92.4,88.6,5.0,17.807000000000002,5.0,5.0,41.561
6.51,4,29.021,5.446,20.723,43.982,205.662,95.029,81.3,35.3,79.385,50.604,15.0,92.1,89.0,812.6,15.0,92.4,88.6,5.0,17.9,5.0,5.0,41.677
6.53,4,30.357,5.447,21.058,46.121,205.253,94.62100000000001,81.35,35.3,79.391,50.602,15.0,92.1,89.0,812.6,15.0,92.4,88.6,5.0,17.927999999999997,5.0,5.0,41.786
6.55,4,31.593000000000004,5.446,21.229,37.58,204.81,94.82600000000001,81.416,35.3,79.395,50.601,15.0,92.1,89.0,812.6,15.0,92.4,88.6,5.0,17.945999999999998,5.0,5.0,41.784000000000006
6.57,4,32.141,5.447,21.473,41.025,204.378,94.855,81.453,35.3,79.39699999999999,50.601,15.0,92.1,89.0,812.6,15.0,92.4,88.6,5.0,17.832,5.0,5.0,41.975
6.59,4,32.575,5.502,21.688,38.07,203.935,94.855,81.473,35.3,79.398,50.6,15.0,92.1,89.0,812.6,15.0,92.4,88.6,5.0,17.843,5.0,5.0,42.115
6.61,4,33.031,5.48,21.715,37.802,203.53900000000002,94.796,81.485,35.3,79.449,50.6,15.0,92.1,89.0,812.6,15.0,92.4,88.6,5.0,17.862000000000002,5.0,5.0,42.308
6.63,4,32.688,5.454,22.021,37.228,203.074,94.971,81.492,35.3,79.515,50.6,15.0,92.1,89.0,812.6,15.0,92.4,88.6,5.0,18.073,5.0,5.0,42.402
6.65,4,32.986000000000004,5.444,21.802,39.269,202.62099999999998,94.738,81.495,35.3,79.55199999999999,50.6,15.0,92.1,89.0,812.6,15.0,92.4,88.6,5.0,18.078,5.0,5.0,42.53
6.67,4,33.735,5.458,21.611,35.499,202.168,95.145,81.497,35.3,79.57300000000001,50.6,15.0,92.1,89.0,812.6,15.0,92.4,88.6,5.0,17.992,5.0,5.0,42.546
6.69,4,33.592,5.448,21.791,35.379000000000005,201.762,94.59100000000001,81.499,35.3,79.585,50.6,15.0,92.1,89.0,812.6,15.0,92.4,88.6,5.0,17.939999999999998,5.0,5.0,42.53
6.71,4,33.618,5.445,21.634,41.938,201.321,95.17399999999999,81.499,35.3,79.592,50.6,15.0,92.1,89.0,812.6,15.0,92.4,88.6,5.0,17.949,5.0,5.0,42.601
6.73,4,33.406,5.446,21.594,35.133,200.88099999999997,95.029,81.5,35.3,79.595,50.6,15.0,92.1,89.0,812.6,15.0,92.4,88.6,5.0,17.904000000000003,5.0,5.0,42.618
6.75,4,33.370999999999995,5.445,21.535,34.839,200.453,94.796,81.5,35.3,79.597,50.6,15.0,92.1,89.0,812.6,15.0,92.4,88.6,5.0,17.938,5.0,5.0,42.602
6.77,4,33.298,5.445,21.498,36.045,200.025,95.346,81.5,35.3,79.598,50.6,15.0,92.1,89.0,812.6,15.0,92.4,88.6,5.0,17.956,5.0,5.0,42.661
6.79,4,33.034000000000006,5.445,21.312,39.073,199.62099999999998,94.942,81.5,35.3,79.649,50.6,15.0,92.1,89.0,812.6,15.0,92.312,88.6,5.0,17.856,5.0,5.0,42.668
6.81,4,32.980999999999995,5.446,21.246,40.891999999999996,199.24,95.346,81.5,35.3,79.715,50.6,15.0,92.1,89.0,812.6,15.0,92.263,88.6,5.0,18.058,5.0,5.0,42.597
6.83,4,33.122,5.447,21.25,39.183,198.801,94.971,81.5,35.3,79.752,50.6,15.0,92.1,89.0,812.6,15.0,92.236,88.6,5.0,17.951999999999998,5.0,5.0,42.494
6.85,4,32.327,5.494,21.048,35.653000000000006,198.43200000000002,95.058,81.5,35.3,79.773,50.6,15.0,92.1,89.0,812.6,15.0,92.22,88.6,5.0,18.060000000000002,5.0,5.0,42.403
6.87,4,32.512,5.446,21.123,37.385,198.017,94.913,81.5,35.3,79.785,50.6,15.0,92.1,89.0,812.6,15.0,92.211,88.6,5.0,18.125,5.0,5.0,42.376
6.89,4,32.647,5.446,21.173,38.832,197.66,95.145,81.5,35.3,79.792,50.6,15.0,92.1,89.0,812.6,15.0,92.206,88.6,5.0,18.103,5.0,5.0,42.258
6.91,4,32.268,5.446,21.062,37.967,197.234,95.289,81.5,35.3,79.795,50.6,15.0,92.1,89.0,812.6,15.0,92.204,88.6,5.0,18.163,5.0,5.0,42.156
6.93,4,32.278000000000006,5.446,21.108,40.251,196.855,95.317,81.5,35.3,79.797,50.6,15.0,92.1,89.0,812.6,15.0,92.202,88.6,5.0,18.277,5.0,5.0,42.150999999999996
6.95,4,32.025999999999996,5.445,21.02,37.457,196.487,95.432,81.5,35.3,79.798,50.6,15.0,92.1,89.0,812.6,15.0,92.20100000000001,88.6,5.0,18.194000000000003,5.0,5.0,42.181999999999995
6.97,4,32.024,5.446,21.099,41.555,196.085,94.62100000000001,81.5,35.3,79.84899999999999,50.6,15.0,92.1,89.0,812.6,15.0,92.20100000000001,88.6,5.0,18.113,5.0,5.0,42.251999999999995
6.99,4,32.351,5.445,21.096,34.562,195.752,94.533,81.5,35.3,79.915,50.6,15.0,92.1,89.0,812.6,15.0,92.2,88.6,5.0,17.974,5.0,5.0,42.224000000000004
7.01,4,32.541,5.445,21.002,37.45,195.396,94.855,81.5,35.3,79.952,50.6,15.0,92.1,89.0,812.6,15.0,92.2,88.6,5.0,17.845,5.0,5.0,42.355
7.03,4,32.149,5.446,21.09,36.533,195.007,94.503,81.5,35.3,79.973,50.6,15.0,92.1,89.0,812.6,15.0,92.2,88.6,5.0,17.936,5.0,5.0,42.359
7.05,4,31.799,5.446,21.004,29.465999999999998,194.68599999999998,94.796,81.5,35.3,79.985,50.6,15.0,92.1,89.0,812.6,15.0,92.2,88.6,5.0,17.958,5.0,5.0,42.458
7.07,4,32.260000000000005,5.444,20.991,33.561,194.296,94.415,81.5,35.3,79.992,50.6,15.0,92.1,89.0,812.6,15.0,92.2,88.6,5.0,17.899,5.0,5.0,42.574
7.09,4,32.391,5.445,20.965,31.189,193.96400000000003,94.767,81.5,35.3,79.995,50.6,15.0,92.1,89.0,812.6,15.0,92.2,88.6,5.0,17.855,5.0,5.0,42.613
7.11,4,32.042,5.445,20.961,32.94199999999999,193.59799999999998,94.533,81.5,35.3,79.997,50.6,15.0,92.1,89.0,812.6,15.0,92.2,88.6,5.0,17.918,5.0,5.0,42.746
7.13,4,32.229,5.445,20.864,29.537,193.255,94.444,81.5,35.3,79.998,50.6,15.0,92.1,89.0,812.6,15.0,92.2,88.6,5.0,17.75,5.0,5.0,42.856
7.15,4,32.073,5.446,20.746,29.053,192.923,94.562,81.587,35.3,80.024,50.6,15.0,92.1,89.0,812.6,15.0,92.2,88.6,5.0,17.758,5.0,5.0,43.023
7.17,4,31.846,5.446,20.497999999999998,27.615,192.546,94.503,81.637,35.3,80.057,50.6,15.0,92.1,89.0,812.6,15.0,92.2,88.6,5.0,17.779000000000003,5.0,5.0,43.159
7.19,4,31.316,5.443,20.688,30.855,192.215,94.148,81.664,35.3,80.07600000000001,50.6,15.0,92.1,89.0,812.6,15.0,92.2,88.6,5.0,17.774,5.0,5.0,43.258
7.21,4,31.22,5.444,20.554000000000002,26.666,191.929,94.47399999999999,81.68,35.3,80.087,50.6,15.0,92.1,88.95,812.6,15.0,92.2,88.6,5.0,17.713,5.0,5.0,43.257
7.23,4,31.055999999999997,5.444,20.396,24.59,191.553,94.208,81.689,35.3,80.092,50.6,15.0,92.1,88.884,812.6,15.0,92.2,88.6,5.0,17.957,5.0,5.0,43.415
7.25,4,30.805,5.444,20.289,30.851999999999997,191.25599999999997,94.35600000000001,81.694,35.3,80.096,50.6,15.0,92.1,88.847,812.6,15.0,92.2,88.6,5.0,17.959000000000003,5.0,5.0,43.483000000000004
7.27,4,30.651999999999997,5.444,20.046,25.565,190.94799999999998,94.444,81.696,35.3,80.098,50.6,15.0,92.1,88.827,812.6,15.0,92.2,88.6,5.0,18.028,5.0,5.0,43.506
7.29,4,30.118000000000002,5.444,19.851,35.343,190.618,94.415,81.69800000000001,35.3,80.09899999999999,50.6,15.0,92.1,88.815,812.6,15.0,92.2,88.6,5.0,17.989,5.0,5.0,43.571999999999996
7.31,4,30.203000000000003,5.446,19.838,29.734,190.27599999999998,94.208,81.699,35.3,80.09899999999999,50.6,15.0,92.1,88.808,812.6,15.0,92.2,88.6,5.0,17.828,5.0,5.0,43.494
7.33,4,29.9,5.443,19.574,36.80800000000001,189.98,94.62100000000001,81.699,35.3,80.15,50.6,15.0,92.1,88.805,812.6,15.0,92.2,88.6,5.0,17.915999999999997,5.0,5.0,43.497
7.35,4,29.494,5.445,19.701,30.69,189.638,94.415,81.7,35.3,80.215,50.6,15.0,92.1,88.803,812.6,15.0,92.2,88.6,5.0,17.930999999999997,5.0,5.0,43.311
7.37,4,29.651,5.444,19.297,37.739000000000004,189.31900000000002,94.385,81.7,35.3,80.252,50.6,15.0,92.1,88.801,812.6,15.0,92.2,88.6,5.0,17.96,5.0,5.0,43.193000000000005
7.39,4,29.322,5.444,19.295,31.465999999999998,189.035,93.84899999999999,81.7,35.3,80.273,50.6,15.0,92.1,88.801,812.6,15.0,92.2,88.6,5.0,17.85,5.0,5.0,43.082
7.41,4,29.298000000000002,5.444,19.207,40.428000000000004,188.71599999999998,94.208,81.7,35.3,80.285,50.6,15.0,92.1,88.8,812.6,15.0,92.2,88.6,5.0,17.672,5.0,5.0,43.156
7.43,4,28.669,5.445,19.179000000000002,33.634,188.44299999999998,94.118,81.7,35.3,80.292,50.6,15.0,92.1,88.8,812.6,15.0,92.2,88.6,5.0,17.654000000000003,5.0,5.0,43.064
7.45,4,28.230999999999998,5.446,19.122,38.662,188.114,94.267,81.7,35.3,80.295,50.6,15.0,92.1,88.8,812.6,15.0,92.2,88.6,5.0,17.539,5.0,5.0,42.938
7.47,4,28.326999999999998,5.487,19.033,36.393,187.84099999999998,94.267,81.7,35.3,80.297,50.6,15.0,92.1,88.8,812.6,15.0,92.2,88.6,5.0,17.654000000000003,5.0,5.0,42.704
7.49,4,28.076,5.449,19.044,38.211999999999996,187.523,94.208,81.7,35.3,80.29899999999999,50.6,15.0,92.1,88.8,812.6,15.0,92.2,88.6,5.0,17.743000000000002,5.0,5.0,42.56
7.51,4,27.914,5.503,18.992,36.637,187.227,93.87899999999999,81.7,35.3,80.29899999999999,50.6,15.0,92.1,88.8,812.6,15.0,92.2,88.6,5.0,17.607,5.0,5.0,42.486999999999995
7.53,4,27.566999999999997,5.447,19.104,34.997,186.955,94.32600000000001,81.7,35.3,80.375,50.6,15.0,92.1,88.8,812.6,15.0,92.2,88.6,5.0,17.512,5.0,5.0,42.51
7.55,4,27.601999999999997,5.445,18.915999999999997,33.671,186.739,93.90899999999999,81.7,35.3,80.473,50.6,15.0,92.1,88.8,812.6,15.0,92.2,88.6,5.0,17.362000000000002,5.0,5.0,42.529
7.57,4,27.743000000000002,5.446,19.104,37.071999999999996,186.41,94.32600000000001,81.7,35.3,80.529,50.6,15.0,92.1,88.8,812.6,15.0,92.2,88.6,5.0,17.418,5.0,5.0,42.602
7.59,4,27.566999999999997,5.445,19.186,41.491,186.171,94.562,81.7,35.3,80.56,50.6,15.0,92.1,88.8,812.6,15.0,92.2,88.6,5.0,17.366,5.0,5.0,42.594
7.61,4,27.869,5.445,18.994,32.053,185.865,94.297,81.75,35.3,80.577,50.6,15.0,92.1,88.8,812.6,15.0,92.2,88.6,5.0,17.491,5.0,5.0,42.516
7.63,4,27.979,5.444,18.837,39.507,185.627,94.503,81.816,35.3,80.587,50.6,15.0,92.1,88.8,812.6,15.0,92.2,88.6,5.0,17.606,5.0,5.0,42.51
7.65,4,27.701,5.445,19.021,40.754,185.332,94.59100000000001,81.85300000000001,35.3,80.593,50.6,15.0,92.1,88.8,812.6,15.0,92.2,88.6,5.0,17.724,5.0,5.0,42.387
7.67,4,27.7,5.444,19.052,35.128,185.105,94.533,81.873,35.3,80.596,50.6,15.0,92.1,88.8,812.6,15.0,92.2,88.6,5.0,17.624000000000002,5.0,5.0,42.265
7.69,4,27.815,5.444,19.172,35.829,184.833,94.913,81.885,35.3,80.598,50.6,15.0,92.1,88.8,812.6,15.0,92.2,88.6,5.0,17.607,5.0,5.0,42.245
7.71,4,27.854,5.445,19.212,37.717,184.549,94.178,81.892,35.3,80.59899999999999,50.6,15.0,92.1,88.8,812.6,15.0,92.2,88.6,5.0,17.619999999999997,5.0,5.0,42.314
7.73,4,27.584,5.442,19.107999999999997,39.796,184.27700000000002,94.32600000000001,81.895,35.3,80.624,50.6,15.0,92.1,88.8,812.6,15.0,92.2,88.6,5.0,17.595,5.0,5.0,42.321999999999996
7.75,4,27.275,5.446,19.386,34.186,184.03900000000002,94.267,81.89699999999999,35.3,80.657,50.6,15.0,92.1,88.8,812.6,15.0,92.2,88.6,5.0,17.686,5.0,5.0,42.173
7.77,4,27.839000000000002,5.443,19.122999999999998,35.95,183.767,94.415,81.898,35.3,80.676,50.6,15.0,92.1,88.8,812.6,15.0,92.2,88.6,5.0,17.595,5.0,5.0,42.164
7.79,4,27.739,5.442,19.353,39.154,183.541,94.62100000000001,81.899,35.3,80.687,50.6,15.0,92.1,88.8,812.6,15.0,92.2,88.6,5.0,17.594,5.0,5.0,42.199
7.81,4,27.645,5.442,19.258,42.743,183.28,94.503,81.9,35.3,80.692,50.6,15.0,92.1,88.8,812.6,15.0,92.2,88.6,5.0,17.5,5.0,5.0,42.196999999999996
7.83,4,28.035999999999998,5.443,19.401,38.654,183.042,94.32600000000001,81.9,35.3,80.696,50.6,15.0,92.1,88.8,812.6,15.0,92.2,88.6,5.0,17.542,5.0,5.0,42.047
7.85,4,27.991999999999997,5.446,19.504,40.998000000000005,182.782,94.62100000000001,81.9,35.3,80.69800000000001,50.6,15.0,92.013,88.8,812.6,15.0,92.2,88.6,5.0,17.621,5.0,5.0,41.921
7.87,4,27.998,5.444,19.397,41.653,182.56599999999997,94.503,81.9,35.3,80.699,50.6,15.0,91.96300000000001,88.8,812.6,15.0,92.2,88.6,5.0,17.759999999999998,5.0,5.0,41.78
7.89,4,27.954,5.444,19.651,45.546,182.317,94.503,81.9,35.3,80.699,50.6,15.0,91.936,88.8,812.6,15.0,92.2,88.6,5.0,17.765,5.0,5.0,41.67
7.91,4,28.901999999999997,5.444,19.592,45.033,182.08,94.267,81.9,35.3,80.725,50.6,15.0,91.92,88.8,812.6,15.0,92.2,88.6,5.0,17.747999999999998,5.0,5.0,41.485
7.93,4,28.908,5.442,19.717,41.668,181.864,94.679,81.9,35.3,80.801,50.6,15.0,91.911,88.8,812.6,15.0,92.2,88.6,5.0,17.729,5.0,5.0,41.361999999999995
7.95,4,28.745,5.444,19.974,45.693000000000005,181.638,94.562,81.9,35.3,80.844,50.6,15.0,91.906,88.8,812.6,15.0,92.2,88.6,5.0,17.703,5.0,5.0,41.275999999999996
7.97,4,28.628,5.444,20.104,46.244,181.4,94.971,81.9,35.3,80.869,50.6,15.0,91.904,88.8,812.6,15.0,92.2,88.6,5.0,17.633,5.0,5.0,41.174
7.99,4,29.281,5.444,20.304000000000002,48.946000000000005,181.23,94.796,81.9,35.3,80.882,50.6,15.0,91.902,88.8,812.6,15.0,92.2,88.6,5.0,17.684,5.0,5.0,41.009
8.01,4,29.636,5.444,20.439,46.028999999999996,180.97,94.913,81.9,35.3,80.89,50.6,15.0,91.90100000000001,88.8,812.6,15.0,92.2,88.6,5.0,17.704,5.0,5.0,40.896
8.03,4,30.147,5.444,20.73,47.125,180.812,94.533,81.9,35.3,80.89399999999999,50.6,15.0,91.90100000000001,88.8,812.6,15.0,92.2,88.6,5.0,17.685000000000002,5.0,5.0,40.840999999999994
8.05,4,30.305,5.492,20.939999999999998,43.431,180.608,94.562,81.9,35.3,80.89699999999999,50.6,15.0,91.9,88.8,812.6,15.0,92.2,88.6,5.0,17.659,5.0,5.0,40.855999999999995
8.07,4,31.144000000000002,5.443,21.085,41.619,180.415,95.029,81.9,35.3,80.898,50.6,15.0,91.9,88.8,812.6,15.0,92.2,88.6,5.0,17.667,5.0,5.0,40.913
8.09,4,31.094,5.442,21.296,41.968,180.21200000000002,94.562,81.9,35.3,80.92399999999999,50.6,15.0,91.9,88.8,812.6,15.0,92.2,88.6,5.0,17.531,5.0,5.0,40.973
8.11,4,31.607,5.444,21.601,40.217,179.997,94.679,81.969,35.3,81.001,50.6,15.0,91.9,88.8,812.6,15.0,92.2,88.6,5.0,17.6,5.0,5.0,41.128
8.13,4,31.68,5.443,21.646,41.106,179.804,94.709,82.02600000000001,35.3,81.044,50.6,15.0,91.9,88.8,812.6,15.0,92.2,88.6,5.0,17.542,5.0,5.0,41.263999999999996
8.15,4,32.07,5.442,21.517,40.049,179.646,94.32600000000001,82.058,35.3,81.069,50.6,15.0,91.9,88.8,812.6,15.0,92.2,88.6,5.0,17.546,5.0,5.0,41.391999999999996
8.17,4,32.673,5.458,21.642,39.753,179.419,94.562,82.077,35.3,81.082,50.6,15.0,91.9,88.8,812.6,15.0,92.2,88.6,5.0,17.642000000000003,5.0,5.0,41.408
8.19,4,32.792,5.44,21.61,41.022,179.19299999999998,94.47399999999999,82.087,35.3,81.09,50.6,15.0,91.9,88.8,812.6,15.0,92.2,88.6,5.0,17.551,5.0,5.0,41.342
8.21,4,32.739999999999995,5.492,21.649,41.902,178.989,94.533,82.093,35.3,81.094,50.6,15.0,91.9,88.8,812.6,15.0,92.2,88.6,5.0,17.582,5.0,5.0,41.266999999999996
8.23,4,32.566,5.443,21.777,42.857,178.786,94.47399999999999,82.096,35.3,81.097,50.6,15.0,91.9,88.8,812.6,15.0,92.2,88.6,5.0,17.687,5.0,5.0,41.215
8.25,4,33.104,5.443,21.554000000000002,41.758,178.559,94.738,82.098,35.3,81.098,50.6,15.0,91.9,88.8,812.6,15.0,92.2,88.6,5.0,17.742,5.0,5.0,41.168000000000006
8.27,4,32.941,5.443,21.812,43.677,178.401,94.297,82.09899999999999,35.3,81.09899999999999,50.6,15.0,91.9,88.8,812.6,15.0,92.2,88.6,5.0,17.66,5.0,5.0,41.167
8.29,4,33.120000000000005,5.443,21.735,38.379,178.16299999999998,94.35600000000001,82.09899999999999,35.3,81.149,50.6,15.0,91.9,88.8,812.6,15.0,92.2,88.6,5.0,17.615000000000002,5.0,5.0,41.092
8.31,4,33.108000000000004,5.44,21.762,44.116,178.005,94.297,82.1,35.3,81.215,50.6,15.0,91.9,88.8,812.6,15.0,92.2,88.6,5.0,17.547,5.0,5.0,41.138999999999996
8.33,4,33.751999999999995,5.441,21.682000000000002,38.609,177.778,94.237,82.1,35.3,81.252,50.6,15.0,91.9,88.8,812.6,15.0,92.2,88.6,5.0,17.11,5.0,5.0,41.07
8.35,4,33.292,5.441,21.782,45.715,177.518,94.533,82.1,35.3,81.273,50.6,15.0,91.9,88.8,812.6,15.0,92.2,88.6,5.0,16.746,5.0,5.0,41.150999999999996
8.37,4,33.206999999999994,5.441,21.906,38.485,177.371,94.08800000000001,82.1,35.3,81.285,50.6,15.0,91.9,88.8,812.6,15.0,92.2,88.6,5.0,16.566,5.0,5.0,41.155
8.39,4,33.313,5.441,21.845,39.317,177.167,94.297,82.1,35.3,81.292,50.6,15.0,91.9,88.8,812.6,15.0,92.2,88.6,5.0,16.442999999999998,5.0,5.0,41.126
8.41,4,33.448,5.444,21.883,36.448,176.986,94.59100000000001,82.1,35.3,81.295,50.6,15.0,91.9,88.8,812.6,15.0,92.2,88.6,5.0,16.339,5.0,5.0,41.105999999999995
8.43,4,33.483000000000004,5.441,21.867,42.838,176.782,94.118,82.1,35.3,81.297,50.6,15.0,91.9,88.8,812.6,15.0,92.2,88.6,5.0,16.296,5.0,5.0,41.239999999999995
8.45,4,33.521,5.443,21.951,39.547,176.567,94.297,82.1,35.3,81.298,50.6,15.0,91.9,88.8,812.6,15.0,92.2,88.6,5.0,16.3,5.0,5.0,41.25
8.47,4,33.437,5.442,21.845,40.777,176.386,94.444,82.1,35.3,81.29899999999999,50.6,15.0,91.9,88.8,812.6,15.0,92.2,88.6,5.0,16.247,5.0,5.0,41.254999999999995
8.49,4,33.574,5.481,21.854,38.659,176.204,94.533,82.1,35.3,81.325,50.6,15.0,91.9,88.8,812.6,15.0,92.2,88.6,5.0,16.137,5.0,5.0,41.262
8.51,4,33.846000000000004,5.443,21.936,37.021,175.989,94.855,82.1,35.3,81.40100000000001,50.6,15.0,91.9,88.8,812.6,15.0,92.2,88.6,5.0,16.105,5.0,5.0,41.238
8.53,4,33.974000000000004,5.442,21.986,39.57,175.842,94.767,82.1,35.3,81.444,50.6,15.0,91.9,88.8,812.6,15.0,92.2,88.6,5.0,15.985,5.0,5.0,41.234
8.55,4,33.607,5.441,21.847,44.687,175.627,94.679,82.1,35.3,81.469,50.6,15.0,91.9,88.8,812.6,15.0,92.2,88.6,5.0,15.972999999999999,5.0,5.0,41.223
8.57,4,33.894999999999996,5.441,21.807000000000002,38.503,175.468,94.59100000000001,82.1,35.3,81.482,50.6,15.0,91.9,88.8,812.6,15.0,92.2,88.6,5.0,15.935,5.0,5.0,41.193
8.59,4,33.797,5.452,21.741,39.417,175.23,94.913,82.1,35.3,81.49,50.6,15.0,91.9,88.8,812.6,15.0,92.2,88.6,5.0,15.912,5.0,5.0,41.181
8.61,4,33.432,5.441,21.73,43.194,175.015,95.116,82.1,35.3,81.494,50.6,15.0,91.9,88.8,812.6,15.0,92.2,88.6,5.0,15.747,5.0,5.0,41.122
8.63,4,33.721000000000004,5.44,21.667,47.062,174.834,94.884,82.1,35.3,81.497,50.6,15.0,91.9,88.8,812.6,15.0,92.2,88.6,5.0,15.414000000000001,5.0,5.0,41.007
8.65,4,33.41,5.441,21.631,41.42,174.664,94.913,82.15,35.3,81.498,50.6,15.0,91.9,88.8,812.6,15.0,92.2,88.6,5.0,15.261,5.0,5.0,40.93300000000001
8.67,4,33.416,5.441,21.691,40.693000000000005,174.46,95.058,82.21600000000001,35.3,81.499,50.6,15.0,91.9,88.8,812.6,15.0,92.2,88.6,5.0,15.192,5.0,5.0,40.851
8.69,4,33.303,5.444,21.766,42.437,174.256,94.942,82.253,35.3,81.54899999999999,50.6,15.0,91.9,88.8,812.6,15.0,92.2,88.6,5.0,15.427999999999999,5.0,5.0,40.774
8.71,4,33.495000000000005,5.44,21.767,42.617,174.07399999999998,95.029,82.273,35.3,81.615,50.6,15.0,91.9,88.8,812.6,15.0,92.2,88.6,5.0,15.254000000000001,5.0,5.0,40.726
8.73,4,33.583,5.44,21.682000000000002,40.982,173.882,95.029,82.285,35.3,81.652,50.6,15.0,91.9,88.8,812.6,15.0,92.2,88.6,5.0,15.125,5.0,5.0,40.84
8.75,4,33.669,5.44,21.792,38.194,173.72299999999998,95.0,82.292,35.3,81.673,50.6,15.0,91.9,88.8,812.6,15.0,92.2,88.6,5.0,15.071,5.0,5.0,40.875
8.77,4,33.409000000000006,5.441,21.869,37.260999999999996,173.519,95.202,82.295,35.3,81.685,50.6,15.0,91.9,88.8,812.6,15.0,92.2,88.6,5.0,15.248,5.0,5.0,40.939
8.79,4,33.551,5.441,21.868,37.216,173.33700000000002,95.087,82.297,35.3,81.692,50.6,15.0,91.9,88.8,812.6,15.0,92.2,88.6,5.0,15.302999999999999,5.0,5.0,41.147
8.81,4,33.599000000000004,5.441,21.779,39.078,173.19,94.297,82.29899999999999,35.3,81.695,50.6,15.0,91.9,88.8,812.6,15.0,92.2,88.6,5.0,15.392000000000001,5.0,5.0,41.226
8.83,4,33.504999999999995,5.441,21.924,32.456999999999994,172.974,94.884,82.29899999999999,35.3,81.697,50.6,15.0,91.9,88.8,812.6,15.0,92.2,88.6,5.0,15.394,5.0,5.0,41.226
8.85,4,33.663,5.441,21.996,32.728,172.804,94.884,82.3,35.3,81.69800000000001,50.6,15.0,91.9,88.8,812.6,15.0,92.2,88.6,5.0,15.277999999999999,5.0,5.0,41.411
8.87,4,33.696,5.442,21.831,34.331999999999994,172.6,94.679,82.3,35.3,81.699,50.6,15.0,91.9,88.8,812.6,15.0,92.2,88.6,5.0,15.04,5.0,5.0,41.531
8.89,4,33.542,5.505,21.832,31.918000000000003,172.429,94.942,82.3,35.3,81.725,50.6,15.0,91.9,88.8,812.6,15.0,92.2,88.6,5.0,15.267999999999999,5.0,5.0,41.576
8.91,4,33.486000000000004,5.443,21.83,31.585,172.248,94.738,82.3,35.3,81.801,50.6,15.0,91.9,88.8,812.6,15.0,92.2,88.6,5.0,15.323,5.0,5.0,41.71
8.93,4,33.56699999999999,5.442,21.699,28.717,172.055,94.82600000000001,82.3,35.3,81.844,50.6,15.0,91.9,88.8,812.6,15.0,92.2,88.6,5.0,15.328,5.0,5.0,41.876
8.95,4,33.676,5.441,21.692,27.761,171.861,95.087,82.3,35.3,81.869,50.6,15.0,91.9,88.8,812.6,15.0,92.2,88.6,5.0,15.308,5.0,5.0,42.03
8.97,4,33.228,5.44,21.627,31.633000000000003,171.68,95.0,82.3,35.3,81.882,50.6,15.0,91.9,88.8,812.6,15.0,92.2,88.6,5.0,15.311,5.0,5.0,42.146
8.99,4,33.217,5.44,21.707,26.415,171.487,94.971,82.3,35.3,81.89,50.6,15.0,91.9,88.8,812.6,15.0,92.2,88.6,5.0,15.339,5.0,5.0,42.207
9.01,4,32.985,5.443,21.485,29.028000000000002,171.305,95.289,82.3,35.3,81.89399999999999,50.6,15.0,91.9,88.8,812.6,15.0,92.2,88.6,5.0,15.142000000000001,5.0,5.0,42.336999999999996
9.03,4,33.088,5.44,21.262,24.123,171.1,95.202,82.3,35.3,81.89699999999999,50.625,15.0,91.9,88.8,812.6,15.0,92.2,88.6,5.0,14.967,5.0,5.0,42.453
9.05,4,32.837,5.44,21.284000000000002,31.910999999999998,170.884,94.709,82.3,35.3,81.898,50.702,15.0,91.9,88.8,812.6,15.0,92.2,88.6,5.0,15.05,5.0,5.0,42.638000000000005
9.07,4,32.446,5.452,20.963,27.358,170.702,94.82600000000001,82.3,35.3,81.92399999999999,50.745,15.0,91.9,88.8,812.6,15.0,92.2,88.6,5.0,15.530999999999999,5.0,5.0,42.647
9.09,4,32.574,5.439,21.03,29.197,170.532,95.087,82.3,35.3,81.957,50.769,15.0,91.9,88.8,812.6,15.0,92.2,88.6,5.0,15.767999999999999,5.0,5.0,42.571999999999996
9.11,4,31.965,5.44,20.897,27.615,170.293,94.62100000000001,82.35,35.3,81.976,50.782,15.0,91.9,88.8,812.6,15.0,92.2,88.6,5.0,15.747,5.0,5.0,42.553000000000004
9.13,4,32.480000000000004,5.441,20.662,23.875,170.11,94.971,82.416,35.3,81.986,50.79,15.0,91.9,88.8,812.6,15.0,92.2,88.6,5.0,15.61,5.0,5.0,42.571
9.15,4,31.77,5.441,20.505000000000003,31.728,169.894,94.65,82.453,35.3,81.992,50.794000000000004,15.0,91.9,88.8,812.6,15.0,92.2,88.6,5.0,15.525,5.0,5.0,42.656
9.17,4,31.908,5.442,20.509,31.404,169.72299999999998,94.738,82.473,35.3,81.99600000000001,50.797,15.0,91.9,88.8,812.6,15.0,92.2,88.6,5.0,15.585,5.0,5.0,42.585
9.19,4,31.713,5.441,20.267000000000003,33.199,169.53,94.82600000000001,82.485,35.3,81.998,50.798,15.0,91.9,88.8,812.6,15.0,92.2,88.6,5.0,15.770999999999999,5.0,5.0,42.433
9.21,4,31.212,5.497,20.201999999999998,32.275999999999996,169.30200000000002,95.0,82.492,35.3,81.999,50.799,15.0,91.9,88.8,812.6,15.0,92.2,88.6,5.0,15.862,5.0,5.0,42.260999999999996
9.23,4,30.816,5.441,20.051,34.783,169.142,95.087,82.495,35.3,81.999,50.799,15.0,91.9,88.8,812.6,15.0,92.2,88.6,5.0,15.987,5.0,5.0,42.083
9.25,4,30.426,5.44,20.226,36.729,168.96,94.884,82.497,35.3,82.0,50.8,15.0,91.9,88.8,812.6,15.0,92.2,88.6,5.0,15.923,5.0,5.0,41.888999999999996
9.27,4,30.603,5.472,19.838,38.027,168.766,95.058,82.499,35.3,82.05,50.8,15.0,91.9,88.8,812.6,15.0,92.2,88.6,5.0,15.994000000000002,5.0,5.0,41.705
9.29,4,30.451,5.444,19.935000000000002,39.67,168.629,95.029,82.499,35.3,82.115,50.8,15.0,91.9,88.8,812.6,15.0,92.2,88.6,5.0,15.979000000000001,5.0,5.0,41.521
9.31,4,30.451,5.439,19.843,38.845,168.424,95.23100000000001,82.5,35.3,82.152,50.8,15.0,91.9,88.8,812.6,15.0,92.2,88.6,5.0,15.978,5.0,5.0,41.346999999999994
9.33,4,30.391,5.439,20.02,38.705999999999996,168.276,95.145,82.5,35.3,82.173,50.8,15.0,91.9,88.8,812.6,15.0,92.2,88.6,5.0,15.978,5.0,5.0,41.239000000000004
9.35,4,30.26,5.44,20.006999999999998,39.495,168.082,94.738,82.5,35.3,82.185,50.8,15.0,91.9,88.8,812.6,15.0,92.2,88.6,5.0,15.925,5.0,5.0,41.247
9.37,4,30.064,5.44,20.055,40.525999999999996,167.91,95.029,82.5,35.3,82.192,50.8,15.0,91.9,88.8,812.6,15.0,92.2,88.6,5.0,15.860999999999999,5.0,5.0,41.256
9.39,4,29.997,5.439,20.09,41.174,167.762,95.087,82.5,35.3,82.195,50.8,15.0,91.9,88.8,812.6,15.0,92.2,88.6,5.0,15.977,5.0,5.0,41.189
9.41,4,30.436,5.442,20.000999999999998,38.644,167.579,95.058,82.5,35.3,82.197,50.8,15.0,91.9,88.8,812.6,15.0,92.2,88.6,5.0,16.082,5.0,5.0,41.044
9.43,4,29.748,5.441,20.099,39.221,167.408,94.562,82.5,35.3,82.19800000000001,50.8,15.0,91.9,88.8,812.6,15.0,92.2,88.6,5.0,16.033,5.0,5.0,41.072
9.45,4,30.4,5.439,20.169,38.72,167.282,94.796,82.5,35.3,82.199,50.8,15.0,91.9,88.8,812.6,15.0,92.2,88.6,5.0,16.158,5.0,5.0,41.149
9.47,4,29.985,5.441,20.305,36.494,167.11,94.679,82.5,35.3,82.25,50.8,15.0,91.9,88.8,812.6,15.0,92.2,88.6,5.0,16.173000000000002,5.0,5.0,41.181
9.49,4,29.695999999999998,5.501,20.265,34.273,166.95,94.913,82.5,35.3,82.315,50.8,15.0,91.9,88.8,812.6,15.0,92.2,88.6,5.0,15.927999999999999,5.0,5.0,41.260000000000005
9.51,4,29.968000000000004,5.442,20.212,38.207,166.79,95.17399999999999,82.5,35.3,82.352,50.8,15.0,91.9,88.8,812.6,15.0,92.2,88.6,5.0,15.7,5.0,5.0,41.339
9.53,4,29.781999999999996,5.44,20.285,38.137,166.618,94.709,82.587,35.3,82.373,50.8,15.0,91.9,88.8,812.6,15.0,92.2,88.6,5.0,15.350999999999999,5.0,5.0,41.305
9.55,4,30.059,5.441,20.145,41.016999999999996,166.47,94.796,82.637,35.3,82.385,50.8,15.0,91.9,88.8,812.6,15.0,92.2,88.6,5.0,14.979,5.0,5.0,41.228
9.57,4,30.004,5.439,20.398,40.623000000000005,166.309,95.029,82.664,35.3,82.392,50.8,15.0,91.9,88.8,812.6,15.0,92.2,88.6,5.0,14.786,5.0,5.0,41.131
9.59,4,29.572,5.556,20.469,37.964,166.16,94.738,82.68,35.3,82.395,50.825,15.0,91.9,88.8,812.6,15.0,92.2,88.6,5.0,14.676,5.0,5.0,40.984
9.61,4,29.885,5.443,20.297,42.385,166.0,94.884,82.689,35.3,82.39699999999999,50.902,15.0,91.9,88.8,812.6,15.0,92.2,88.6,5.0,14.371,5.0,5.0,40.952
9.63,4,30.13,5.44,20.326999999999998,44.175,165.862,94.942,82.694,35.3,82.398,50.945,15.0,91.9,88.8,812.6,15.0,92.2,88.6,5.0,14.246,5.0,5.0,40.915
9.65,4,29.805999999999997,5.452,20.514000000000003,42.052,165.69,94.562,82.696,35.3,82.399,50.969,15.0,91.9,88.8,812.6,15.0,92.2,88.6,5.0,14.279,5.0,5.0,40.787
9.67,4,29.863000000000003,5.447,20.637,39.95,165.53,94.884,82.69800000000001,35.3,82.425,50.982,15.0,91.9,88.8,812.6,15.0,92.2,88.6,5.0,14.546,5.0,5.0,40.758
9.69,4,29.869,5.438,20.617,41.531,165.392,94.709,82.699,35.3,82.501,50.99,15.0,91.9,88.8,812.6,15.0,92.2,88.6,5.0,14.619,5.0,5.0,40.836
9.71,4,29.804000000000002,5.44,20.665,42.338,165.243,94.796,82.699,35.3,82.544,50.994,15.0,91.9,88.8,812.6,15.0,92.2,88.6,5.0,14.63,5.0,5.0,40.843
9.73,4,30.11,5.44,20.579,43.243,165.094,95.0,82.7,35.3,82.569,50.997,15.0,91.9,88.8,812.6,15.0,92.2,88.6,5.0,14.457,5.0,5.0,40.747
9.75,4,29.938000000000002,5.44,20.648,43.742,164.95600000000002,94.942,82.7,35.3,82.582,50.998000000000005,15.0,91.9,88.8,812.6,15.0,92.2,88.6,5.0,14.392000000000001,5.0,5.0,40.633
9.77,4,30.015,5.44,20.752000000000002,45.448,164.761,94.679,82.7,35.3,82.59,50.999,15.0,91.9,88.8,812.6,15.0,92.2,88.6,5.0,14.324,5.0,5.0,40.553
9.79,4,29.886,5.439,20.784,46.099,164.66899999999998,94.913,82.7,35.3,82.594,50.999,15.0,91.9,88.8,812.6,15.0,92.2,88.6,5.0,14.315,5.0,5.0,40.463
9.81,4,29.66,5.44,21.032,47.034,164.50799999999998,95.058,82.7,35.3,82.597,51.0,15.0,91.9,88.8,812.6,15.0,92.2,88.6,5.0,14.22,5.0,5.0,40.388999999999996
9.83,4,30.197,5.439,20.889000000000003,47.696999999999996,164.347,95.058,82.7,35.3,82.598,51.0,15.0,91.9,88.8,812.6,15.0,92.2,88.6,5.0,14.281,5.0,5.0,40.269000000000005
9.85,4,30.009,5.44,21.177,48.521,164.232,94.913,82.7,35.3,82.59899999999999,51.0,15.0,91.9,88.8,812.6,15.0,92.2,88.6,5.0,14.546,5.0,5.0,40.169
9.87,4,30.362,5.442,21.092,48.856,164.11700000000002,94.65,82.7,35.3,82.624,51.0,15.0,91.9,88.8,812.6,15.0,92.2,88.6,5.0,14.73,5.0,5.0,40.068
9.89,4,30.11,5.44,21.371,49.31100000000001,163.967,95.029,82.7,35.3,82.70100000000001,51.0,15.0,91.9,88.8,812.6,15.0,92.2,88.6,5.0,14.607000000000001,5.0,5.0,39.979
9.91,4,30.116,5.5440000000000005,21.511,49.336999999999996,163.79399999999998,94.971,82.7,35.3,82.744,51.0,15.0,91.9,88.8,812.6,15.0,92.2,88.6,5.0,14.561,5.0,5.0,39.879000000000005
9.93,4,30.49,5.445,21.582,46.107,163.679,94.738,82.75,35.3,82.76899999999999,51.0,15.0,91.9,88.8,812.6,15.0,92.2,88.6,5.0,14.58,5.0,5.0,39.79
9.95,4,30.651999999999997,5.439,21.663,49.403,163.576,95.0,82.816,35.3,82.782,51.0,15.0,91.9,88.8,812.6,15.0,92.2,88.6,5.0,14.541,5.0,5.0,39.730000000000004
9.97,4,30.863000000000003,5.44,21.772000000000002,49.763999999999996,163.42600000000002,94.971,82.85300000000001,35.3,82.79,51.0,15.0,91.9,88.8,812.6,15.0,92.2,88.6,5.0,14.514,5.0,5.0,39.732
9.99,4,30.823,5.483,22.014,50.678000000000004,163.276,94.913,82.873,35.3,82.794,51.0,15.0,91.9,88.8,812.6,15.0,92.2,88.6,5.0,14.492,5.0,5.0,39.71
10.01,4,31.353,5.438,22.155,49.091,163.149,95.202,82.885,35.3,82.797,51.025,15.0,91.9,88.8,812.6,15.0,92.2,88.6,5.0,14.342,5.0,5.0,39.637
10.03,4,31.712,5.451,22.326,48.95,163.034,94.971,82.892,35.3,82.798,51.102,15.0,91.9,88.8,812.6,15.0,92.2,88.6,5.0,14.277000000000001,5.0,5.0,39.551
10.05,4,31.840999999999998,5.465,22.557000000000002,48.81,162.93,94.82600000000001,82.895,35.3,82.79899999999999,51.145,15.0,91.9,88.8,812.6,15.0,92.2,88.6,5.0,14.359,5.0,5.0,39.525999999999996
10.07,4,32.221000000000004,5.439,22.657,50.77,162.757,94.444,82.89699999999999,35.3,82.79899999999999,51.169000000000004,15.0,91.9,88.8,812.6,15.0,92.2,88.6,5.0,14.525,5.0,5.0,39.507
10.09,4,32.482,5.44,22.912,49.78,162.664,94.884,82.898,35.3,82.85,51.181999999999995,15.0,91.9,88.8,812.6,15.0,92.2,88.6,5.0,14.561,5.0,5.0,39.513999999999996
10.11,4,32.513999999999996,5.442,23.003,43.336999999999996,162.526,94.884,82.899,35.3,82.915,51.19,15.0,91.9,88.8,812.6,15.0,92.2,88.6,5.0,14.641,5.0,5.0,39.467
10.13,4,32.644000000000005,5.478,23.358,45.922,162.398,95.17399999999999,82.9,35.3,82.952,51.194,15.0,91.9,88.8,812.6,15.0,92.2,88.6,5.0,14.68,5.0,5.0,39.568
10.15,4,33.149,5.441,23.198,45.619,162.306,94.62100000000001,82.9,35.3,82.973,51.196999999999996,15.0,91.9,88.8,812.6,15.0,92.2,88.6,5.0,14.727,5.0,5.0,39.698
10.17,4,32.581,5.439,23.506,45.304,162.121,94.82600000000001,82.9,35.3,82.985,51.198,15.0,91.9,88.8,812.6,15.0,92.2,88.6,5.0,14.583,5.0,5.0,39.732
10.19,4,33.197,5.441,23.430999999999997,42.374,162.017,95.0,82.9,35.3,82.992,51.199,15.0,91.9,88.8,812.6,15.0,92.2,88.6,5.0,14.511000000000001,5.0,5.0,39.726
10.21,4,33.306,5.439,23.793,40.653,161.901,94.913,82.9,35.3,82.995,51.199,15.0,91.9,88.8,812.6,15.0,92.2,88.6,5.0,14.499,5.0,5.0,39.796
10.23,4,33.334,5.439,23.649,40.784,161.762,95.058,82.9,35.3,82.997,51.2,15.0,91.9,88.8,812.6,15.0,92.2,88.6,5.0,14.416,5.0,5.0,40.019000000000005
10.25,4,33.894999999999996,5.437,23.597,36.68300000000001,161.612,94.855,82.9,35.3,82.998,51.2,15.0,91.9,88.8,812.6,15.0,92.2,88.6,5.0,14.36,5.0,5.0,40.144000000000005
10.27,4,33.464,5.44,23.671,38.231,161.391,94.855,82.9,35.3,82.999,51.2,15.0,91.9,88.8,812.6,15.0,92.2,88.6,5.0,14.289,5.0,5.0,40.346000000000004
10.29,4,33.995000000000005,5.482,23.655,39.275,161.334,94.503,82.9,35.3,83.0,51.2,15.0,91.925,88.8,812.6,15.0,92.2,88.6,5.0,14.302,5.0,5.0,40.456999999999994
10.31,4,34.004000000000005,5.44,23.789,36.868,161.241,94.82600000000001,82.9,35.3,83.025,51.2,15.0,92.002,88.8,812.6,15.0,92.2,88.6,5.0,14.511000000000001,5.0,5.0,40.461
10.33,4,33.661,5.534,23.785999999999998,36.545,161.067,94.65,82.9,35.3,83.101,51.2,15.0,92.045,88.8,812.6,15.0,92.2,88.6,5.0,14.734,5.0,5.0,40.523
10.35,4,33.734,5.503,23.692,40.477,160.904,94.709,82.9,35.3,83.145,51.2,15.0,92.069,88.8,812.6,15.0,92.2,88.6,5.0,14.964,5.0,5.0,40.626999999999995
10.37,4,33.93,5.537,23.627,39.179,160.77700000000002,95.145,82.9,35.3,83.169,51.225,15.0,92.082,88.8,812.6,15.0,92.2,88.6,5.0,15.064,5.0,5.0,40.599000000000004
10.39,4,34.063,5.442,23.64,42.236,160.66,94.971,82.9,35.3,83.182,51.302,15.0,92.09,88.8,812.6,15.0,92.2,88.6,5.0,15.255,5.0,5.0,40.503
10.41,4,33.994,5.481,23.646,41.319,160.475,94.942,82.95,35.3,83.19,51.345,15.0,92.094,88.8,812.6,15.0,92.2,88.6,5.0,15.357000000000001,5.0,5.0,40.289
10.43,4,34.383,5.439,23.442,44.859,160.3,94.65,83.016,35.3,83.194,51.369,15.0,92.097,88.8,812.6,15.0,92.2,88.6,5.0,15.389000000000001,5.0,5.0,40.149
10.45,4,34.509,5.452,23.403,46.343999999999994,160.172,94.709,83.053,35.3,83.197,51.382,15.0,92.098,88.8,812.6,15.0,92.2,88.6,5.0,15.495999999999999,5.0,5.0,39.965999999999994
10.47,4,34.105000000000004,5.438,23.435,48.306999999999995,160.032,94.65,83.07300000000001,35.3,83.19800000000001,51.39,15.0,92.09899999999999,88.8,812.6,15.0,92.2,88.625,5.0,15.704,5.0,5.0,39.769000000000005
10.49,4,33.812,5.44,23.524,49.66,159.869,94.679,83.085,35.3,83.22399999999999,51.394,15.0,92.09899999999999,88.8,812.6,15.0,92.2,88.702,5.0,15.727,5.0,5.0,39.653999999999996
10.51,4,33.757,5.501,23.575,51.73,159.741,94.562,83.092,35.3,83.301,51.397,15.0,92.1,88.8,812.6,15.0,92.2,88.745,5.0,15.909,5.0,5.0,39.462
10.53,4,33.846999999999994,5.515,23.62,52.417,159.613,94.59100000000001,83.095,35.3,83.344,51.398,15.0,92.1,88.8,812.6,15.0,92.2,88.76899999999999,5.0,16.122999999999998,5.0,5.0,39.302
10.55,4,34.102,5.5809999999999995,23.645,53.61,159.485,94.82600000000001,83.097,35.3,83.369,51.399,15.0,92.1,88.8,812.6,15.0,92.2,88.782,5.0,16.201,5.0,5.0,39.153999999999996
10.57,4,34.587,5.445,23.616,55.269,159.345,95.029,83.098,35.3,83.382,51.399,15.0,92.1,88.8,812.6,15.0,92.2,88.79,5.0,16.092,5.0,5.0,38.999
10.59,4,34.038,5.535,23.73,56.059,159.158,94.82600000000001,83.09899999999999,35.3,83.39,51.4,15.0,92.1,88.8,812.6,15.0,92.2,88.794,5.0,15.799000000000001,5.0,5.0,38.867
10.61,4,34.572,5.476,24.055999999999997,56.505,159.076,94.855,83.1,35.3,83.39399999999999,51.4,15.0,92.1,88.8,812.6,15.0,92.2,88.797,5.0,15.442,5.0,5.0,38.674
10.63,4,34.501999999999995,5.44,24.041,57.48,158.94799999999998,94.884,83.1,35.3,83.39699999999999,51.4,15.0,92.1,88.8,812.6,15.0,92.2,88.798,5.0,15.076,5.0,5.0,38.478
10.65,4,34.975,5.493,24.429000000000002,59.575,158.843,94.385,83.1,35.3,83.398,51.4,15.0,92.1,88.8,812.6,15.0,92.2,88.79899999999999,5.0,14.749,5.0,5.0,38.282
10.67,4,34.977,5.53,24.754,60.019,158.714,94.796,83.1,35.3,83.399,51.4,15.0,92.1,88.8,812.6,15.0,92.2,88.79899999999999,5.0,14.471,5.0,5.0,38.131
10.69,4,35.138000000000005,5.442,24.838,60.023,158.562,94.855,83.1,35.3,83.42399999999999,51.486999999999995,15.0,92.1,88.8,812.6,15.0,92.2,88.8,5.0,14.168,5.0,5.0,37.948
10.71,4,35.085,5.474,25.299,62.192,158.433,94.709,83.1,35.3,83.501,51.537,15.0,92.1,88.8,812.6,15.0,92.2,88.8,5.0,13.899,5.0,5.0,37.754999999999995
10.73,4,35.090999999999994,5.444,25.726999999999997,63.902,158.363,94.913,83.1,35.3,83.544,51.564,15.0,92.1,88.8,812.6,15.0,92.2,88.8,5.0,13.931000000000001,5.0,5.0,37.592
10.75,4,35.595,5.514,26.014,63.848,158.305,94.884,83.1,35.3,83.569,51.58,15.0,92.1,88.8,812.6,15.0,92.2,88.8,5.0,14.101,5.0,5.0,37.435
10.77,4,36.098,5.439,26.54,63.732,158.11700000000002,94.62100000000001,83.1,35.3,83.582,51.589,15.0,92.1,88.8,812.6,15.0,92.2,88.8,5.0,14.216000000000001,5.0,5.0,37.309
10.79,4,36.477,5.475,26.781,63.33,158.059,94.562,83.1,35.3,83.59,51.594,15.0,92.1,88.8,812.6,15.0,92.2,88.8,5.0,14.193999999999999,5.0,5.0,37.171
10.81,4,36.819,5.438,27.51,64.99100000000001,157.965,94.855,83.1,35.3,83.594,51.596,15.0,92.1,88.8,812.6,15.0,92.2,88.8,5.0,14.145,5.0,5.0,37.079
10.83,4,36.906,5.438,27.79,66.295,157.871,94.796,83.188,35.3,83.597,51.598,15.0,92.1,88.8,812.6,15.0,92.2,88.8,5.0,14.25,5.0,5.0,36.964
10.85,4,37.17,5.5,28.51,66.598,157.77700000000002,94.913,83.237,35.3,83.598,51.599000000000004,15.0,92.1,88.8,812.6,15.0,92.2,88.8,5.0,14.507,5.0,5.0,36.853
10.87,4,37.957,5.499,28.763,65.804,157.648,94.942,83.264,35.3,83.59899999999999,51.599000000000004,15.0,92.1,88.8,812.6,15.0,92.2,88.8,5.0,14.597999999999999,5.0,5.0,36.768
10.89,4,38.496,5.541,29.156999999999996,66.435,157.554,94.533,83.28,35.3,83.59899999999999,51.6,15.0,92.1,88.8,812.6,15.0,92.288,88.8,5.0,14.656,5.0,5.0,36.709
10.91,4,38.853,5.508,29.824,66.424,157.507,94.47399999999999,83.289,35.3,83.625,51.6,15.0,92.1,88.8,812.6,15.0,92.337,88.8,5.0,14.401,5.0,5.0,36.635999999999996
10.93,4,39.474000000000004,5.604,30.269000000000002,67.11500000000001,157.41299999999998,94.533,83.294,35.3,83.70100000000001,51.6,15.0,92.1,88.8,812.6,15.0,92.36399999999999,88.8,5.0,14.469,5.0,5.0,36.596999999999994
10.95,4,40.0,5.44,30.537,65.985,157.319,94.709,83.296,35.3,83.745,51.687,15.0,92.1,88.8,812.6,15.0,92.38,88.8,5.0,14.498,5.0,5.0,36.525
10.97,4,40.532,5.436,30.87,65.844,157.202,94.503,83.298,35.3,83.76899999999999,51.736999999999995,15.0,92.1,88.8,812.6,15.0,92.389,88.8,5.0,14.754,5.0,5.0,36.484
10.99,4,41.355,5.437,31.178,65.902,157.155,94.65,83.29899999999999,35.3,83.782,51.764,15.0,92.1,88.8,812.6,15.0,92.39399999999999,88.8,5.0,14.722999999999999,5.0,5.0,36.456
11.01,4,41.934,5.437,31.535,66.19300000000001,157.025,94.65,83.29899999999999,35.3,83.79,51.78,15.0,92.1,88.8,812.6,15.0,92.396,88.8,5.0,14.833,5.0,5.0,36.429
11.03,4,42.551,5.436,31.76,66.074,156.89600000000002,94.738,83.3,35.3,83.794,51.789,15.0,92.1,88.8,812.6,15.0,92.398,88.8,5.0,14.644,5.0,5.0,36.413
11.05,4,42.717,5.438,32.288,65.75999999999999,156.79,94.913,83.3,35.3,83.797,51.794000000000004,15.0,92.1,88.8,812.6,15.0,92.399,88.8,5.0,14.716000000000001,5.0,5.0,36.406
11.07,4,43.354,5.458,32.354,65.412,156.707,95.029,83.3,35.3,83.798,51.796,15.0,92.1,88.8,812.6,15.0,92.399,88.8,5.0,14.513,5.0,5.0,36.403000000000006
11.09,4,44.286,5.455,32.595,65.007,156.578,94.533,83.3,35.3,83.79899999999999,51.798,15.0,92.1,88.931,812.6,15.0,92.4,88.8,5.0,14.613999999999999,5.0,5.0,36.396
11.11,4,44.663000000000004,5.436,32.838,64.502,156.495,94.562,83.3,35.3,83.79899999999999,51.799,15.0,92.1,89.005,812.6,15.0,92.4,88.8,5.0,14.588,5.0,5.0,36.398
11.13,4,45.085,5.441,32.969,64.107,156.41299999999998,94.62100000000001,83.3,35.3,83.825,51.799,15.0,92.1,89.047,812.6,15.0,92.4,88.8,5.0,14.603,5.0,5.0,36.388000000000005
11.15,4,45.242,5.538,33.191,63.903,156.295,95.029,83.3,35.3,83.90100000000001,51.8,15.0,92.1,89.07,812.6,15.0,92.4,88.8,5.0,14.495,5.0,5.0,36.391
11.17,4,45.946999999999996,5.443,33.413,63.049,156.2,94.62100000000001,83.3,35.3,83.945,51.8,15.0,92.1,89.083,812.6,15.0,92.4,88.8,5.0,14.572000000000001,5.0,5.0,36.399
11.19,4,46.386,5.437,33.564,62.339,156.082,95.087,83.3,35.3,83.969,51.8,15.0,92.1,89.09,812.6,15.0,92.4,88.8,5.0,14.677999999999999,5.0,5.0,36.4
11.21,4,46.695,5.437,33.735,62.198,155.929,94.913,83.3,35.3,83.982,51.887,15.0,92.1,89.095,812.6,15.0,92.4,88.8,5.0,14.751,5.0,5.0,36.400999999999996
11.23,4,46.934,5.436,33.984,62.443000000000005,155.834,94.679,83.3,35.3,83.99,51.937,15.0,92.1,89.097,812.6,15.0,92.4,88.8,5.0,14.791,5.0,5.0,36.399
11.25,4,47.318000000000005,5.489,34.004000000000005,61.955,155.763,94.47399999999999,83.3,35.3,83.994,51.964,15.0,92.1,89.098,812.6,15.0,92.4,88.8,5.0,14.81,5.0,5.0,36.405
11.27,4,48.048,5.437,33.899,61.772,155.621,94.767,83.3,35.3,83.997,51.98,15.0,92.1,89.09899999999999,812.6,15.0,92.4,88.8,5.0,14.741,5.0,5.0,36.402
11.29,4,48.052,5.446,34.344,61.771,155.47899999999998,94.65,83.35,35.3,83.998,51.989000000000004,15.0,92.1,89.09899999999999,812.6,15.0,92.4,88.8,5.0,14.687000000000001,5.0,5.0,36.394000000000005
11.31,4,48.13399999999999,5.443,34.438,61.378,155.39600000000002,95.17399999999999,83.416,35.3,83.999,51.994,15.0,92.1,89.1,812.6,15.0,92.4,88.8,5.0,14.707,5.0,5.0,36.396
11.33,4,48.559,5.436,34.344,61.49100000000001,155.278,94.738,83.453,35.3,84.043,51.996,15.0,92.1,89.1,812.6,15.0,92.4,88.8,5.0,14.61,5.0,5.0,36.4
11.35,4,49.133,5.436,34.378,61.325,155.088,94.855,83.473,35.3,84.068,51.998000000000005,15.0,92.1,89.1,812.6,15.0,92.4,88.8,5.0,14.722000000000001,5.0,5.0,36.403999999999996
11.37,4,49.286,5.435,34.510999999999996,61.082,155.028,94.942,83.485,35.3,84.082,51.999,15.0,92.1,89.1,812.6,15.0,92.4,88.8,5.0,14.667,5.0,5.0,36.396
11.39,4,49.43,5.436,34.548,60.597,154.886,94.971,83.492,35.3,84.09,51.999,15.0,92.1,89.1,812.6,15.0,92.4,88.8,5.0,14.684,5.0,5.0,36.400999999999996
11.41,4,49.31399999999999,5.436,34.592,60.623999999999995,154.779,94.62100000000001,83.495,35.3,84.094,52.0,15.0,92.1,89.1,812.6,15.0,92.4,88.8,5.0,14.515,5.0,5.0,36.405
11.43,4,49.385,5.454,34.68300000000001,60.63,154.66,94.971,83.497,35.3,84.097,52.0,15.0,92.1,89.1,812.6,15.0,92.4,88.8,5.0,14.613999999999999,5.0,5.0,36.4
11.45,4,49.733000000000004,5.437,34.633,60.753,154.53,94.913,83.499,35.3,84.098,52.086999999999996,15.0,92.1,89.1,812.6,15.0,92.4,88.8,5.0,14.584,5.0,5.0,36.400999999999996
11.47,4,49.843,5.436,34.816,60.933,154.434,94.738,83.499,35.3,84.09899999999999,52.137,15.0,92.1,89.1,812.6,15.0,92.4,88.8,5.0,14.748,5.0,5.0,36.403000000000006
11.49,4,50.603,5.436,34.714,61.136,154.303,94.738,83.5,35.3,84.09899999999999,52.164,15.0,92.1,89.1,812.6,15.0,92.4,88.8,5.0,14.613,5.0,5.0,36.405
11.51,4,50.503,5.436,34.902,60.726000000000006,154.161,94.82600000000001,83.5,35.3,84.1,52.18,15.0,92.1,89.1,812.6,15.0,92.4,88.8,5.0,14.537,5.0,5.0,36.399
11.53,4,50.323,5.436,34.827,60.888000000000005,154.029,95.116,83.5,35.3,84.125,52.189,15.0,92.1,89.1,812.6,15.0,92.4,88.8,5.0,14.456,5.0,5.0,36.400999999999996
11.55,4,50.812,5.434,34.95,60.618,153.898,95.029,83.5,35.3,84.20100000000001,52.194,15.0,92.1,89.1,812.6,15.0,92.4,88.8,5.0,14.587,5.0,5.0,36.405
11.57,4,50.855,5.436,35.052,60.61600000000001,153.767,94.796,83.5,35.3,84.245,52.196,15.0,92.1,89.1,812.6,15.0,92.4,88.8,5.0,14.556000000000001,5.0,5.0,36.407
11.59,4,50.961000000000006,5.434,35.028000000000006,60.831,153.684,94.913,83.5,35.3,84.26899999999999,52.198,15.0,92.1,89.1,812.6,15.0,92.4,88.8,5.0,14.525,5.0,5.0,36.407
11.61,4,50.839,5.433,35.117,60.861999999999995,153.54,95.087,83.5,35.3,84.282,52.199,15.0,92.1,89.1,812.6,15.0,92.4,88.8,5.0,14.442,5.0,5.0,36.413
11.63,4,51.372,5.437,35.103,61.409,153.421,95.116,83.5,35.3,84.29,52.199,15.0,92.1,89.1,812.6,15.0,92.4,88.8,5.0,14.572000000000001,5.0,5.0,36.412
11.65,4,51.278,5.435,35.144000000000005,61.118,153.265,94.913,83.5,35.3,84.294,52.2,15.0,92.1,89.1,812.6,15.0,92.4,88.8,5.0,14.471,5.0,5.0,36.408
11.67,4,51.477,5.489,35.113,60.847,153.181,94.767,83.5,35.3,84.297,52.2,15.0,92.1,89.1,812.6,15.0,92.4,88.8,5.0,14.463,5.0,5.0,36.409000000000006
11.69,4,51.573,5.436,35.076,61.29600000000001,153.03799999999998,94.855,83.5,35.3,84.298,52.225,15.0,92.1,89.1,812.6,15.0,92.4,88.8,5.0,14.458,5.0,5.0,36.407
11.71,4,51.363,5.437,35.208,61.498999999999995,152.87,94.855,83.5,35.3,84.29899999999999,52.301,15.0,92.1,89.1,812.6,15.0,92.4,88.8,5.0,14.526,5.0,5.0,36.408
11.73,4,51.648,5.435,35.340999999999994,61.575,152.846,94.855,83.5,35.3,84.29899999999999,52.345,15.0,92.1,89.1,812.6,15.0,92.4,88.8,5.0,14.524,5.0,5.0,36.405
11.75,4,51.812,5.434,35.230999999999995,61.431000000000004,152.618,94.855,83.55,35.3,84.35,52.369,15.0,92.1,89.1,812.6,15.0,92.4,88.887,5.0,14.395,5.0,5.0,36.402
11.77,4,52.075,5.436,35.168000000000006,61.361999999999995,152.51,94.62100000000001,83.616,35.3,84.415,52.382,15.0,92.1,89.1,812.6,15.0,92.4,88.937,5.0,14.37,5.0,5.0,36.403999999999996
11.79,4,51.903,5.435,35.352,61.431999999999995,152.40200000000002,94.62100000000001,83.653,35.3,84.452,52.39,15.0,92.1,89.1,812.6,15.0,92.4,88.964,5.0,14.347000000000001,5.0,5.0,36.396
11.81,4,51.757,5.435,35.283,61.176,152.282,95.0,83.673,35.3,84.473,52.394,15.0,92.1,89.1,812.6,15.0,92.4,88.98,5.0,14.406,5.0,5.0,36.398
11.83,4,51.98,5.492,35.468,61.657,152.149,94.796,83.685,35.3,84.485,52.397,15.0,92.1,89.1,812.6,15.0,92.4,88.98899999999999,5.0,14.342,5.0,5.0,36.399
11.85,4,52.199,5.491,35.259,61.555,151.993,94.738,83.692,35.3,84.492,52.398,15.0,92.1,89.1,812.6,15.0,92.4,88.994,5.0,14.412,5.0,5.0,36.397
11.87,4,52.216,5.438,35.521,61.434,151.89700000000002,94.796,83.695,35.3,84.495,52.399,15.0,92.1,89.1,812.6,15.0,92.4,88.99600000000001,5.0,14.378,5.0,5.0,36.397
11.89,4,52.31399999999999,5.454,35.399,61.288999999999994,151.776,94.884,83.697,35.3,84.497,52.399,15.0,92.1,89.1,812.6,15.0,92.4,88.998,5.0,14.416,5.0,5.0,36.397
11.91,4,52.175,5.435,35.434,61.098,151.643,94.913,83.699,35.3,84.498,52.4,15.0,92.1,89.1,812.6,15.0,92.4,88.999,5.0,14.331,5.0,5.0,36.394000000000005
11.93,4,52.312,5.433,35.370999999999995,61.27,151.583,94.942,83.699,35.3,84.499,52.486999999999995,15.0,92.1,89.1,812.6,15.0,92.4,88.999,5.0,14.349,5.0,5.0,36.391
11.95,4,52.744,5.436,35.394999999999996,61.163999999999994,151.39,94.855,83.7,35.3,84.5,52.537,15.0,92.1,89.1,812.6,15.0,92.469,89.0,5.0,14.362,5.0,5.0,36.391999999999996
11.97,4,52.506,5.433,35.43,61.543,151.221,94.942,83.7,35.3,84.5,52.564,15.0,92.1,89.1,812.6,15.0,92.52600000000001,89.0,5.0,14.382,5.0,5.0,36.400999999999996
11.99,4,52.323,5.434,35.509,61.146,151.088,95.0,83.7,35.3,84.5,52.58,15.0,92.1,89.1,812.6,15.0,92.558,89.0,5.0,14.333,5.0,5.0,36.381
12.01,4,52.248999999999995,5.435,35.547,61.548,150.954,94.942,83.7,35.3,84.55,52.589,15.0,92.1,89.1,812.6,15.0,92.577,89.0,5.0,14.377,5.0,5.0,36.367
12.03,4,52.722,5.456,35.441,61.419,150.821,94.796,83.7,35.3,84.616,52.594,15.0,92.1,89.1,812.6,15.0,92.587,89.0,5.0,14.436,5.0,5.0,36.355999999999995
12.05,4,52.28,5.442,35.482,61.641000000000005,150.87,95.087,83.7,35.3,84.653,52.596,15.0,92.1,89.1,812.6,15.0,92.593,89.0,5.0,14.53,5.0,5.0,36.355000000000004
12.07,4,52.565,5.434,35.454,61.383,150.615,95.087,83.7,35.3,84.673,52.598,15.0,92.1,89.1,812.6,15.0,92.596,89.0,5.0,14.484,5.0,5.0,36.351
12.09,4,52.81100000000001,5.476,35.36,61.503,150.542,95.0,83.7,35.3,84.685,52.599000000000004,15.0,92.1,89.1,812.6,15.0,92.598,89.0,5.0,14.498,5.0,5.0,36.358000000000004
12.11,4,52.745,5.467,35.601,61.669,150.372,94.796,83.7,35.3,84.692,52.599000000000004,15.0,92.1,89.1,812.6,15.0,92.59899999999999,89.0,5.0,14.478,5.0,5.0,36.343
12.13,4,52.858999999999995,5.435,35.572,61.64,150.34799999999998,95.058,83.7,35.3,84.695,52.6,15.0,92.1,89.1,812.6,15.0,92.59899999999999,89.0,5.0,14.359,5.0,5.0,36.326
12.15,4,53.286,5.433,35.378,61.571999999999996,150.08,94.884,83.7,35.3,84.697,52.687,15.0,92.1,89.1,812.6,15.0,92.6,89.0,5.0,14.294,5.0,5.0,36.324
12.17,4,52.778999999999996,5.436,35.449,61.513999999999996,150.007,94.913,83.7,35.3,84.699,52.736999999999995,15.0,92.1,89.1,812.6,15.0,92.6,89.0,5.0,14.377,5.0,5.0,36.321
12.19,4,52.75,5.465,35.688,61.345,149.861,95.23100000000001,83.7,35.3,84.699,52.764,15.0,92.1,89.1,812.6,15.0,92.6,89.0,5.0,14.492,5.0,5.0,36.319
12.21,4,52.575,5.441,35.596999999999994,61.553999999999995,149.78799999999998,95.202,83.7,35.3,84.7,52.78,15.0,92.1,89.1,812.6,15.0,92.6,89.0,5.0,14.369,5.0,5.0,36.318
12.23,4,52.69,5.432,35.596999999999994,61.571000000000005,149.642,94.942,83.7,35.3,84.725,52.789,15.0,92.1,89.1,812.6,15.0,92.6,89.0,5.0,14.374,5.0,5.0,36.319
12.25,4,53.206,5.436,35.524,61.883,149.507,95.087,83.7,35.3,84.758,52.794000000000004,15.0,92.1,89.1,812.6,15.0,92.6,89.0,5.0,14.286,5.0,5.0,36.316
12.27,4,53.01,5.436,35.531,62.071000000000005,149.39700000000002,94.942,83.78699999999999,35.3,84.77600000000001,52.796,15.0,92.1,89.1,812.6,15.0,92.6,89.0,5.0,14.347000000000001,5.0,5.0,36.306
12.29,4,52.711000000000006,5.436,35.593,62.287,149.275,94.767,83.837,35.3,84.78699999999999,52.798,15.0,92.1,89.1,812.6,15.0,92.6,89.0,5.0,14.812999999999999,5.0,5.0,36.303
12.31,4,53.208,5.433,35.494,62.126999999999995,149.116,94.796,83.86399999999999,35.3,84.792,52.799,15.0,92.1,89.1,812.6,15.0,92.6,89.0,5.0,15.356,5.0,5.0,36.302
12.33,4,52.988,5.434,35.59,61.653999999999996,149.018,95.145,83.88,35.3,84.796,52.799,15.0,92.1,89.1,812.6,15.0,92.6,89.0,5.0,15.107999999999999,5.0,5.0,36.299
12.35,4,53.375,5.517,35.516999999999996,62.071999999999996,148.945,94.855,83.889,35.3,84.798,52.8,15.0,92.1,89.1,812.6,15.0,92.6,89.0,5.0,15.179,5.0,5.0,36.303
12.37,4,52.907,5.436,35.656,62.535,148.81,95.029,83.89399999999999,35.3,84.79899999999999,52.887,15.0,92.188,89.1,812.6,15.0,92.6,89.0,5.0,15.176,5.0,5.0,36.3
12.39,4,52.952,5.539,35.46,62.665,148.65,94.562,83.896,35.3,84.79899999999999,52.937,15.0,92.237,89.1,812.6,15.0,92.6,89.0,5.0,15.413,5.0,5.0,36.291
12.41,4,53.048,5.435,35.56699999999999,62.923,148.55200000000002,94.913,83.898,35.3,84.8,52.964,15.0,92.264,89.1,812.6,15.0,92.6,89.0,5.0,15.440999999999999,5.0,5.0,36.285
12.43,4,52.666000000000004,5.436,35.515,62.949,148.417,94.503,83.899,35.3,84.887,52.98,15.0,92.28,89.1,812.6,15.0,92.6,89.0,5.0,15.455,5.0,5.0,36.281
12.45,4,53.229,5.436,35.576,62.93600000000001,148.269,95.058,83.899,35.3,84.937,52.989000000000004,15.0,92.289,89.1,812.6,15.0,92.6,89.0,5.0,15.717,5.0,5.0,36.278000000000006
12.47,4,53.02,5.434,35.778999999999996,63.243,148.171,94.767,83.9,35.3,84.964,52.994,15.0,92.294,89.1,812.6,15.0,92.6,89.0,5.0,15.879000000000001,5.0,5.0,36.28
12.49,4,52.699,5.433,35.566,62.778,148.011,94.884,83.9,35.3,84.98,52.996,15.0,92.296,89.1,812.6,15.0,92.6,89.0,5.0,15.892999999999999,5.0,5.0,36.28
12.51,4,52.575,5.435,35.465,62.143,147.912,94.62100000000001,83.9,35.3,84.98899999999999,52.998000000000005,15.0,92.298,89.1,812.6,15.0,92.6,89.0,5.0,15.843,5.0,5.0,36.275
12.53,4,52.768,5.433,35.637,62.336000000000006,147.776,94.59100000000001,83.9,35.3,84.994,52.999,15.0,92.29899999999999,89.1,812.6,15.0,92.6,89.0,5.0,15.895999999999999,5.0,5.0,36.266
12.55,4,52.793,5.436,35.528999999999996,62.405,147.616,94.679,83.9,35.3,84.99600000000001,52.999,15.0,92.29899999999999,89.1,812.6,15.0,92.6,89.0,5.0,15.972000000000001,5.0,5.0,36.263999999999996
12.57,4,52.775,5.436,35.687,62.718999999999994,147.542,94.444,83.9,35.3,84.998,53.0,15.0,92.3,89.1,812.6,15.0,92.6,89.0,5.0,16.519,5.0,5.0,36.254000000000005
12.59,4,52.766000000000005,5.435,35.681,62.198,147.393,94.738,83.9,35.3,84.999,53.086999999999996,15.0,92.3,89.188,812.6,15.0,92.6,89.0,5.0,16.993000000000002,5.0,5.0,36.251
12.61,4,52.9,5.434,35.765,62.015,147.29399999999998,94.709,83.9,35.3,84.999,53.137,15.0,92.3,89.237,812.6,15.0,92.6,89.0,5.0,17.271,5.0,5.0,36.254000000000005
12.63,4,52.852,5.434,35.677,62.038000000000004,147.158,94.679,83.9,35.3,85.0,53.164,15.0,92.3,89.264,812.6,15.0,92.6,89.0,5.0,17.545,5.0,5.0,36.230999999999995
12.65,4,53.021,5.433,35.65,61.751999999999995,147.02100000000002,94.913,83.9,35.3,85.044,53.18,15.0,92.3,89.28,812.6,15.0,92.6,89.0,5.0,17.750999999999998,5.0,5.0,36.217
12.67,4,52.896,5.497,35.501999999999995,61.536,146.984,94.59100000000001,83.9,35.3,85.068,53.189,15.0,92.3,89.289,812.6,15.0,92.6,89.0,5.0,17.886,5.0,5.0,36.214
12.69,4,53.038000000000004,5.438,35.549,61.128,146.86,94.709,83.9,35.3,85.082,53.194,15.0,92.3,89.294,812.6,15.0,92.6,89.0,5.0,17.89,5.0,5.0,36.206
12.71,4,53.092,5.455,35.381,61.253,146.661,94.47399999999999,83.9,35.3,85.09,53.196,15.0,92.3,89.296,812.6,15.0,92.6,89.0,5.0,17.862000000000002,5.0,5.0,36.201
12.73,4,53.14,5.434,35.436,61.608000000000004,146.549,94.679,83.9,35.3,85.094,53.198,15.0,92.3,89.298,812.6,15.0,92.6,89.0,5.0,17.790999999999997,5.0,5.0,36.209
12.75,4,52.843,5.435,35.601,61.347,146.437,94.738,83.9,35.3,85.097,53.199,15.0,92.3,89.29899999999999,812.6,15.0,92.6,89.0,5.0,17.891,5.0,5.0,36.196
12.77,4,52.817,5.433,35.697,60.823,146.362,94.796,83.9,35.3,85.098,53.199,15.0,92.3,89.29899999999999,812.6,15.0,92.6,89.0,5.0,17.96,5.0,5.0,36.171
12.79,4,52.42,5.435,35.607,60.773999999999994,146.225,94.562,83.9,35.3,85.09899999999999,53.287,15.0,92.3,89.3,812.6,15.0,92.6,89.0,5.0,18.162,5.0,5.0,36.167
12.81,4,53.048,5.435,35.575,60.456,146.1,94.47399999999999,83.9,35.3,85.09899999999999,53.336999999999996,15.0,92.3,89.3,812.6,15.0,92.6,89.0,5.0,18.158,5.0,5.0,36.164
12.83,4,52.931000000000004,5.433,35.56699999999999,60.379,146.0,94.503,83.95,35.3,85.1,53.364000000000004,15.0,92.3,89.3,812.6,15.0,92.6,89.0,5.0,18.146,5.0,5.0,36.162
12.85,4,52.808,5.434,35.944,60.641000000000005,145.925,94.679,84.016,35.3,85.125,53.38,15.0,92.3,89.3,812.6,15.0,92.6,89.0,5.0,18.134999999999998,5.0,5.0,36.168000000000006
12.87,4,53.228,5.433,35.531,60.555,145.813,94.562,84.053,35.3,85.20100000000001,53.389,15.0,92.3,89.3,812.6,15.0,92.6,89.0,5.0,18.131999999999998,5.0,5.0,36.153000000000006
12.89,4,52.895,5.434,35.609,60.098,145.688,94.59100000000001,84.07300000000001,35.3,85.245,53.394,15.0,92.3,89.3,812.6,15.0,92.6,89.0,5.0,18.083,5.0,5.0,36.147
12.91,4,52.744,5.436,35.594,59.848,145.575,95.029,84.085,35.3,85.26899999999999,53.396,15.0,92.3,89.3,812.6,15.0,92.6,89.0,5.0,18.078,5.0,5.0,36.14
12.93,4,52.751000000000005,5.435,35.629999999999995,60.284,145.46200000000002,94.738,84.092,35.3,85.282,53.398,15.0,92.3,89.3,812.6,15.0,92.6,89.0,5.0,18.256999999999998,5.0,5.0,36.141999999999996
12.95,4,52.924,5.434,35.443,60.711000000000006,145.33700000000002,94.533,84.095,35.3,85.29,53.399,15.0,92.3,89.3,812.6,15.0,92.6,89.0,5.0,18.298000000000002,5.0,5.0,36.131
12.97,4,52.762,5.452,35.538,60.315,145.148,94.855,84.097,35.3,85.294,53.399,15.0,92.3,89.3,812.6,15.0,92.6,89.0,5.0,18.439999999999998,5.0,5.0,36.137
12.99,4,52.75899999999999,5.434,35.620999999999995,60.782,145.07299999999998,94.82600000000001,84.098,35.3,85.297,53.425,15.0,92.3,89.3,812.6,15.0,92.6,89.0,5.0,18.488,5.0,5.0,36.138000000000005
13.01,4,52.386,5.433,35.614999999999995,62.028,144.997,94.709,84.09899999999999,35.3,85.298,53.545,15.0,92.3,89.3,812.6,15.0,92.6,89.0,5.0,18.676,5.0,5.0,36.138999999999996
13.03,4,52.86,5.503,35.415,62.575,144.859,94.62100000000001,84.1,35.3,85.29899999999999,53.613,15.0,92.3,89.3,812.6,15.0,92.6,89.0,5.0,18.516,5.0,5.0,36.123000000000005
13.05,4,52.724,5.436,35.739999999999995,62.684,144.733,94.533,84.1,35.3,85.29899999999999,53.650999999999996,15.0,92.3,89.3,812.6,15.0,92.6,89.0,5.0,17.92,5.0,5.0,36.128
13.07,4,52.723,5.435,35.545,62.166000000000004,144.68200000000002,94.35600000000001,84.1,35.3,85.3,53.672,15.0,92.3,89.3,812.6,15.0,92.6,89.0,5.0,17.292,5.0,5.0,36.131
13.09,4,53.048,5.434,35.653000000000006,62.013999999999996,144.556,94.971,84.1,35.3,85.325,53.684,15.0,92.3,89.3,812.6,15.0,92.6,89.0,5.0,16.810000000000002,5.0,5.0,36.122
13.11,4,52.943999999999996,5.436,35.785,61.74100000000001,144.35399999999998,94.32600000000001,84.1,35.3,85.40100000000001,53.691,15.0,92.3,89.3,812.6,15.0,92.6,89.0,5.0,16.567,5.0,5.0,36.120999999999995
13.13,4,52.942,5.434,35.730999999999995,62.273,144.291,94.562,84.1,35.3,85.445,53.695,15.0,92.3,89.3,812.6,15.0,92.6,89.0,5.0,16.040999999999997,5.0,5.0,36.131
13.15,4,53.035,5.433,35.534000000000006,62.348,144.227,94.47399999999999,84.1,35.3,85.469,53.696999999999996,15.0,92.3,89.3,812.6,15.0,92.6,89.087,5.0,15.708,5.0,5.0,36.126
13.17,4,52.523999999999994,5.475,35.787,62.63,144.063,94.444,84.1,35.3,85.482,53.698,15.0,92.3,89.3,812.6,15.0,92.6,89.137,5.0,15.482000000000001,5.0,5.0,36.114999999999995
13.19,4,52.637,5.437,35.668000000000006,62.383,144.063,94.738,84.1,35.3,85.49,53.787,15.0,92.3,89.3,812.6,15.0,92.6,89.164,5.0,15.458,5.0,5.0,36.11
13.21,4,52.788999999999994,5.437,35.677,62.718,143.885,94.709,84.1,35.3,85.494,53.836,15.0,92.3,89.3,812.6,15.0,92.6,89.18,5.0,15.812000000000001,5.0,5.0,36.105999999999995
13.23,4,52.56100000000001,5.436,35.626,62.521,143.796,94.679,84.1,35.3,85.497,53.864000000000004,15.0,92.3,89.3,812.6,15.0,92.6,89.189,5.0,16.246,5.0,5.0,36.104
13.25,4,52.283,5.474,35.882,63.048,143.631,94.855,84.1,35.3,85.498,53.88,15.0,92.3,89.3,812.6,15.0,92.6,89.194,5.0,16.201,5.0,5.0,36.109
13.27,4,52.58,5.438,35.635000000000005,62.593,143.58,94.855,84.1,35.3,85.499,53.889,15.0,92.3,89.3,812.6,15.0,92.6,89.196,5.0,16.095999999999997,5.0,5.0,36.094
13.29,4,52.76,5.434,35.730000000000004,62.478,143.44,94.709,84.1,35.3,85.499,53.894,15.0,92.3,89.3,812.6,15.0,92.6,89.19800000000001,5.0,15.892999999999999,5.0,5.0,36.076
13.31,4,52.718999999999994,5.436,35.652,62.31399999999999,143.274,94.47399999999999,84.1,35.3,85.5,53.896,15.0,92.3,89.3,812.6,15.0,92.6,89.199,5.0,15.898,5.0,5.0,36.076
13.33,4,52.448,5.434,35.753,62.108999999999995,143.211,94.82600000000001,84.188,35.3,85.587,53.898,15.0,92.3,89.3,812.6,15.0,92.6,89.199,5.0,16.161,5.0,5.0,36.071
13.35,4,52.638000000000005,5.468,35.493,62.45399999999999,143.05700000000002,94.709,84.237,35.3,85.637,53.899,15.0,92.3,89.3,812.6,15.0,92.6,89.2,5.0,16.324,5.0,5.0,36.069
13.37,4,52.093999999999994,5.517,35.685,63.288999999999994,142.942,94.59100000000001,84.264,35.3,85.664,53.899,15.0,92.3,89.3,812.6,15.0,92.6,89.2,5.0,16.405,5.0,5.0,36.073
13.39,4,52.248000000000005,5.439,35.739000000000004,62.824,142.84,94.59100000000001,84.28,35.3,85.68,53.986999999999995,15.0,92.3,89.3,812.6,15.0,92.6,89.2,5.0,16.604,5.0,5.0,36.07
13.41,4,52.331,5.49,35.771,62.208999999999996,142.738,94.679,84.289,35.3,85.689,54.037,15.0,92.3,89.3,812.6,15.0,92.6,89.2,5.0,16.422,5.0,5.0,36.073
13.43,4,52.31399999999999,5.44,35.713,62.461000000000006,142.648,94.65,84.294,35.3,85.694,54.064,15.0,92.3,89.3,812.6,15.0,92.6,89.2,5.0,16.305999999999997,5.0,5.0,36.066
13.45,4,52.585,5.455,35.725,62.456,142.494,94.82600000000001,84.296,35.3,85.696,54.08,15.0,92.3,89.3,812.6,15.0,92.688,89.2,5.0,16.172,5.0,5.0,36.06
13.47,4,52.755,5.442,35.691,62.19,142.365,94.738,84.298,35.3,85.69800000000001,54.089,15.0,92.3,89.3,812.6,15.0,92.737,89.2,5.0,16.466,5.0,5.0,36.063
13.49,4,52.388999999999996,5.436,35.686,62.272,142.327,94.913,84.29899999999999,35.3,85.699,54.094,15.0,92.3,89.3,812.6,15.0,92.764,89.2,5.0,16.554000000000002,5.0,5.0,36.052
13.51,4,52.608000000000004,5.435,35.620000000000005,62.321999999999996,142.16,94.709,84.29899999999999,35.3,85.699,54.096,15.0,92.3,89.3,812.6,15.0,92.78,89.2,5.0,16.641,5.0,5.0,36.055
13.53,4,52.312,5.434,35.715999999999994,61.757,142.082,94.82600000000001,84.3,35.3,85.7,54.098,15.0,92.3,89.3,812.6,15.0,92.789,89.2,5.0,16.53,5.0,5.0,36.063
13.55,4,52.386,5.505,35.765,61.628,142.031,94.971,84.3,35.3,85.744,54.099000000000004,15.0,92.3,89.3,812.6,15.0,92.794,89.2,5.0,16.408,5.0,5.0,36.043000000000006
13.57,4,52.263000000000005,5.445,35.874,62.038000000000004,141.85,94.82600000000001,84.3,35.3,85.768,54.099000000000004,15.0,92.3,89.3,812.6,15.0,92.796,89.2,5.0,16.351,5.0,5.0,36.037
13.59,4,52.107,5.45,35.713,62.103,141.76,94.942,84.3,35.3,85.782,54.187,15.0,92.3,89.3,812.6,15.0,92.798,89.2,5.0,16.336,5.0,5.0,36.031
13.61,4,51.688,5.437,35.93300000000001,61.798,141.644,94.679,84.3,35.3,85.79,54.236999999999995,15.0,92.3,89.3,812.6,15.0,92.79899999999999,89.2,5.0,16.314,5.0,5.0,36.027
13.63,4,51.51,5.436,35.6,61.648,141.618,94.65,84.3,35.3,85.794,54.264,15.0,92.3,89.3,812.6,15.0,92.79899999999999,89.2,5.0,16.424,5.0,5.0,36.025
13.65,4,52.217,5.436,35.835,61.907,141.45,95.116,84.3,35.3,85.797,54.28,15.0,92.3,89.3,812.6,15.0,92.8,89.2,5.0,16.492,5.0,5.0,36.028999999999996
13.67,4,52.153999999999996,5.436,35.638999999999996,61.91,141.30700000000002,94.767,84.3,35.3,85.798,54.289,15.0,92.3,89.3,812.6,15.0,92.8,89.2,5.0,16.621,5.0,5.0,36.019000000000005
13.69,4,51.828,5.492,35.675,61.782,141.255,94.62100000000001,84.3,35.3,85.79899999999999,54.294000000000004,15.0,92.387,89.3,812.6,15.0,92.8,89.2,5.0,16.509,5.0,5.0,35.998000000000005
13.71,4,51.708999999999996,5.437,35.788,62.052,141.13799999999998,94.855,84.3,35.3,85.79899999999999,54.296,15.0,92.437,89.3,812.6,15.0,92.8,89.2,5.0,16.473,5.0,5.0,35.995000000000005
13.73,4,52.065,5.435,35.644000000000005,61.75899999999999,141.048,94.82600000000001,84.3,35.3,85.8,54.298,15.0,92.464,89.3,812.6,15.0,92.8,89.2,5.0,16.377000000000002,5.0,5.0,35.997
13.75,4,51.878,5.437,35.618,61.475,140.93099999999998,94.65,84.35,35.3,85.8,54.299,15.0,92.48,89.3,812.6,15.0,92.8,89.2,5.0,16.199,5.0,5.0,35.995999999999995
13.77,4,51.766999999999996,5.435,35.641,61.693000000000005,140.76100000000002,94.942,84.416,35.3,85.8,54.299,15.0,92.48899999999999,89.3,812.6,15.0,92.8,89.2,5.0,16.07,5.0,5.0,35.998000000000005
13.79,4,51.813,5.434,35.72,62.013999999999996,140.722,94.82600000000001,84.453,35.3,85.887,54.387,15.0,92.494,89.3,812.6,15.0,92.8,89.2,5.0,16.323,5.0,5.0,35.997
13.81,4,51.466,5.568,35.816,61.845,140.60500000000002,94.942,84.473,35.3,85.937,54.437,15.0,92.49600000000001,89.3,812.6,15.0,92.8,89.2,5.0,16.392000000000003,5.0,5.0,35.975
13.83,4,51.696000000000005,5.442,35.634,62.1,140.5,94.796,84.485,35.3,85.964,54.464,15.0,92.498,89.3,812.6,15.0,92.8,89.2,5.0,16.475,5.0,5.0,35.969
13.85,4,51.626000000000005,5.455,35.821,61.702,140.409,94.65,84.492,35.3,85.98,54.48,15.0,92.499,89.3,812.6,15.0,92.8,89.2,5.0,16.403,5.0,5.0,35.965999999999994
13.87,4,51.665,5.435,35.588,61.593,140.33100000000002,94.533,84.495,35.3,85.98899999999999,54.489000000000004,15.0,92.499,89.3,812.6,15.0,92.8,89.2,5.0,16.395,5.0,5.0,35.961
13.89,4,51.6,5.472,35.626999999999995,61.536,140.226,94.47399999999999,84.497,35.3,85.994,54.494,15.0,92.5,89.3,812.6,15.0,92.8,89.2,5.0,16.290999999999997,5.0,5.0,35.965
13.91,4,51.413999999999994,5.437,35.673,61.723,140.108,94.65,84.499,35.3,85.99600000000001,54.496,15.0,92.5,89.3,812.6,15.0,92.8,89.2,5.0,16.323,5.0,5.0,35.965
13.93,4,51.325,5.436,35.681,61.806000000000004,139.977,94.59100000000001,84.499,35.3,85.998,54.498000000000005,15.0,92.5,89.3,812.6,15.0,92.8,89.2,5.0,16.287,5.0,5.0,35.96
13.95,4,51.357,5.436,35.620000000000005,61.886,139.872,94.855,84.5,35.3,85.999,54.499,15.0,92.5,89.387,812.6,15.0,92.8,89.2,5.0,16.345999999999997,5.0,5.0,35.948
13.97,4,51.638999999999996,5.435,35.668000000000006,61.961000000000006,139.78,94.709,84.5,35.3,85.999,54.586999999999996,15.0,92.5,89.437,812.6,15.0,92.8,89.2,5.0,16.427,5.0,5.0,35.948
13.99,4,51.515,5.434,35.617,61.769,139.714,94.62100000000001,84.5,35.3,86.0,54.635999999999996,15.0,92.5,89.464,812.6,15.0,92.8,89.2,5.0,16.397,5.0,5.0,35.946
14.01,4,51.446999999999996,5.436,35.53,61.891999999999996,139.596,94.62100000000001,84.5,35.3,86.0,54.664,15.0,92.5,89.48,812.6,15.0,92.8,89.2,5.0,16.33,5.0,5.0,35.939
14.03,4,51.312,5.438,35.58,61.76,139.477,94.738,84.5,35.3,86.087,54.68,15.0,92.5,89.48899999999999,812.6,15.0,92.8,89.2,5.0,16.269,5.0,5.0,35.938
14.05,4,51.347,5.435,35.504000000000005,62.065,139.385,94.65,84.5,35.3,86.137,54.689,15.0,92.5,89.494,812.6,15.0,92.8,89.2,5.0,16.209000000000003,5.0,5.0,35.941
14.07,4,51.483999999999995,5.434,35.523,62.028,139.292,94.738,84.5,35.3,86.164,54.694,15.0,92.5,89.49600000000001,812.6,15.0,92.8,89.2,5.0,16.028,5.0,5.0,35.932
14.09,4,51.58,5.438,35.596000000000004,62.175,139.147,94.47399999999999,84.5,35.3,86.18,54.696,15.0,92.5,89.498,812.6,15.0,92.8,89.2,5.0,16.145,5.0,5.0,35.924
14.11,4,51.526,5.436,35.557,61.571000000000005,139.028,94.82600000000001,84.5,35.3,86.189,54.698,15.0,92.5,89.499,812.6,15.0,92.8,89.2,5.0,16.195999999999998,5.0,5.0,35.916
14.13,4,51.141999999999996,5.436,35.664,61.667,138.975,94.942,84.5,35.3,86.194,54.699,15.0,92.5,89.499,812.6,15.0,92.8,89.2,5.0,16.395,5.0,5.0,35.912
14.15,4,51.023,5.436,35.7,61.802,138.803,94.65,84.5,35.3,86.196,54.787,15.0,92.5,89.5,812.6,15.0,92.8,89.2,5.0,16.249000000000002,5.0,5.0,35.903999999999996
14.17,4,50.596000000000004,5.434,35.730000000000004,61.836000000000006,138.776,94.679,84.55,35.3,86.19800000000001,54.836,15.0,92.5,89.5,812.6,15.0,92.8,89.2,5.0,16.292,5.0,5.0,35.911
14.19,4,51.195,5.435,35.535,61.726000000000006,138.64299999999997,94.913,84.616,35.3,86.199,54.864000000000004,15.0,92.5,89.5,812.6,15.0,92.8,89.2,5.0,16.180999999999997,5.0,5.0,35.911
14.21,4,51.336999999999996,5.481,35.594,61.755,138.564,94.884,84.653,35.3,86.199,54.88,15.0,92.5,89.5,812.6,15.0,92.8,89.2,5.0,16.347,5.0,5.0,35.891
14.23,4,51.096000000000004,5.436,35.565,61.953,138.44400000000002,94.884,84.673,35.3,86.2,54.889,15.0,92.5,89.5,812.6,15.0,92.8,89.2,5.0,16.184,5.0,5.0,35.888999999999996
14.25,4,51.076,5.452,35.569,61.831,138.39100000000002,94.913,84.685,35.3,86.2,54.894,15.0,92.5,89.5,812.6,15.0,92.8,89.2,5.0,16.47,5.0,5.0,35.885000000000005
14.27,4,51.013999999999996,5.434,35.711,61.91,138.29700000000003,95.058,84.692,35.3,86.28699999999999,54.896,15.0,92.5,89.5,812.6,15.0,92.8,89.2,5.0,16.283,5.0,5.0,35.883
14.29,4,51.173,5.436,35.543000000000006,61.951,138.217,94.913,84.695,35.3,86.337,54.898,15.0,92.5,89.5,812.6,15.0,92.8,89.2,5.0,16.492,5.0,5.0,35.881
14.31,4,50.617,5.461,35.730000000000004,62.062,138.04399999999998,94.942,84.697,35.3,86.36399999999999,54.986,15.0,92.5,89.5,812.6,15.0,92.8,89.2,5.0,16.310000000000002,5.0,5.0,35.883
14.33,4,50.87,5.436,35.518,62.292,137.964,94.679,84.699,35.3,86.38,55.036,15.0,92.5,89.5,812.6,15.0,92.8,89.2,5.0,16.883,5.0,5.0,35.884
14.35,4,50.887,5.436,35.646,61.891999999999996,137.843,95.26,84.699,35.3,86.389,55.064,15.0,92.5,89.5,812.6,15.0,92.8,89.2,5.0,16.516,5.0,5.0,35.888999999999996
14.37,4,51.019,5.436,35.611000000000004,61.775,137.776,94.884,84.7,35.3,86.39399999999999,55.08,15.0,92.5,89.5,812.6,15.0,92.8,89.2,5.0,16.562,5.0,5.0,35.891
14.39,4,50.806000000000004,5.434,35.666,61.928999999999995,137.642,94.59100000000001,84.7,35.3,86.396,55.089,15.0,92.5,89.5,812.6,15.0,92.8,89.2,5.0,16.201,5.0,5.0,35.888000000000005
14.41,4,50.803999999999995,5.436,35.498000000000005,61.897,137.629,94.415,84.7,35.3,86.398,55.094,15.0,92.5,89.5,812.6,15.0,92.8,89.2,5.0,16.224,5.0,5.0,35.888000000000005
14.43,4,50.678000000000004,5.436,35.618,61.73,137.467,94.82600000000001,84.7,35.3,86.399,55.096,15.0,92.5,89.5,812.6,15.0,92.8,89.2,5.0,16.134999999999998,5.0,5.0,35.887
14.45,4,50.575,5.437,35.691,62.066,137.333,95.26,84.7,35.3,86.399,55.098,15.0,92.5,89.5,812.6,15.0,92.8,89.2,5.0,16.226,5.0,5.0,35.885000000000005
14.47,4,50.67,5.436,35.562,62.24100000000001,137.26600000000002,94.82600000000001,84.7,35.3,86.4,55.099000000000004,15.0,92.5,89.5,812.6,15.0,92.8,89.25,5.0,16.278,5.0,5.0,35.887
14.49,4,50.527,5.436,35.655,62.01,137.19799999999998,94.82600000000001,84.7,35.3,86.4,55.099000000000004,15.0,92.5,89.5,812.6,15.0,92.8,89.316,5.0,16.409,5.0,5.0,35.885999999999996
14.51,4,50.256,5.435,35.516,62.294,137.10399999999998,94.884,84.7,35.3,86.4,55.187,15.0,92.5,89.5,812.6,15.0,92.8,89.35300000000001,5.0,16.404000000000003,5.0,5.0,35.891
14.53,4,50.31,5.434,35.604,62.589,137.036,94.767,84.7,35.3,86.487,55.236999999999995,15.0,92.5,89.5,812.6,15.0,92.8,89.373,5.0,16.23,5.0,5.0,35.887
14.55,4,50.496,5.491,35.510999999999996,61.373000000000005,136.874,95.145,84.7,35.3,86.53699999999999,55.264,15.0,92.5,89.5,812.6,15.0,92.8,89.385,5.0,16.145,5.0,5.0,35.881
14.57,4,50.088,5.439,35.619,60.629,136.80599999999998,94.738,84.7,35.3,86.564,55.28,15.0,92.5,89.5,812.6,15.0,92.8,89.392,5.0,16.192999999999998,5.0,5.0,35.883
14.59,4,50.068999999999996,5.436,35.666,61.955,136.63,94.82600000000001,84.7,35.3,86.58,55.289,15.0,92.5,89.5,812.6,15.0,92.8,89.395,5.0,16.094,5.0,5.0,35.879000000000005
14.61,4,49.988,5.436,35.666,62.232,136.54899999999998,94.796,84.7,35.3,86.589,55.294000000000004,15.0,92.5,89.5,812.6,15.0,92.8,89.39699999999999,5.0,16.2,5.0,5.0,35.883
14.63,4,49.674,5.52,35.618,62.17100000000001,136.468,94.913,84.7,35.3,86.594,55.296,15.0,92.5,89.5,812.6,15.0,92.8,89.398,5.0,16.369,5.0,5.0,35.876
14.65,4,50.147,5.439,35.503,62.17100000000001,136.4,94.971,84.725,35.3,86.596,55.298,15.0,92.5,89.5,812.6,15.0,92.875,89.399,5.0,16.365000000000002,5.0,5.0,35.876
14.67,4,49.788999999999994,5.437,35.605999999999995,61.68899999999999,136.304,94.738,84.758,35.3,86.598,55.299,15.0,92.5,89.5,812.6,15.0,92.973,89.4,5.0,16.473,5.0,5.0,35.869
14.69,4,49.95,5.435,35.344,61.613,136.18200000000002,94.738,84.77600000000001,35.3,86.59899999999999,55.387,15.0,92.5,89.5,812.6,15.0,93.029,89.4,5.0,16.439999999999998,5.0,5.0,35.870000000000005
14.71,4,50.007,5.437,35.611999999999995,61.784,136.059,94.796,84.78699999999999,35.3,86.59899999999999,55.436,15.0,92.5,89.5,812.6,15.0,93.06,89.4,5.0,16.474,5.0,5.0,35.873000000000005
14.73,4,49.833999999999996,5.433,35.428,61.87,135.977,94.679,84.792,35.3,86.6,55.464,15.0,92.5,89.5,812.6,15.0,93.077,89.4,5.0,16.381,5.0,5.0,35.867
14.75,4,49.769,5.435,35.415,62.016000000000005,135.95,94.855,84.796,35.3,86.6,55.48,15.0,92.5,89.5,812.6,15.0,93.087,89.4,5.0,16.398,5.0,5.0,35.870999999999995
14.77,4,49.448,5.434,35.385000000000005,62.068000000000005,135.827,94.82600000000001,84.798,35.3,86.6,55.489000000000004,15.0,92.5,89.5,812.6,15.0,93.093,89.4,5.0,16.432000000000002,5.0,5.0,35.86
14.79,4,49.906000000000006,5.447,35.525999999999996,61.87,135.69,94.415,84.79899999999999,35.3,86.6,55.494,15.0,92.5,89.5,812.6,15.0,93.096,89.4,5.0,16.29,5.0,5.0,35.858000000000004
14.81,4,49.435,5.435,35.501999999999995,61.786,135.622,94.679,84.79899999999999,35.3,86.6,55.496,15.0,92.5,89.5,812.6,15.0,93.098,89.4,5.0,16.664,5.0,5.0,35.846999999999994
14.83,4,49.806000000000004,5.435,35.437,61.492,135.471,94.884,84.8,35.3,86.64399999999999,55.498000000000005,15.0,92.5,89.5,812.6,15.0,93.09899999999999,89.4,5.0,16.214,5.0,5.0,35.844
14.85,4,49.324,5.435,35.638999999999996,61.74100000000001,135.402,94.855,84.8,35.3,86.668,55.586,15.0,92.5,89.5,812.6,15.0,93.09899999999999,89.4,5.0,15.854000000000001,5.0,5.0,35.85
14.87,4,49.521,5.437,35.538,62.023999999999994,135.361,94.796,84.8,35.3,86.682,55.635999999999996,15.0,92.5,89.5,812.6,15.0,93.1,89.4,5.0,15.469000000000001,5.0,5.0,35.855999999999995
14.89,4,49.44,5.435,35.675,61.785,135.265,94.855,84.8,35.3,86.69,55.664,15.0,92.5,89.5,812.6,15.0,93.1,89.4,5.0,15.297,5.0,5.0,35.849000000000004
14.91,4,49.648,5.448,35.527,62.126000000000005,135.168,94.913,84.8,35.3,86.694,55.68,15.0,92.5,89.5,812.6,15.0,93.1,89.4,5.0,15.207,5.0,5.0,35.837
14.93,4,49.245,5.436,35.620000000000005,61.841,135.058,94.738,84.8,35.3,86.697,55.689,15.0,92.5,89.5,812.6,15.0,93.1,89.4,5.0,15.439,5.0,5.0,35.835
14.95,4,49.341,5.433,35.587,61.964,134.975,94.562,84.8,35.3,86.69800000000001,55.694,15.0,92.5,89.5,812.6,15.0,93.1,89.4,5.0,15.515,5.0,5.0,35.83
14.97,4,49.141000000000005,5.434,35.427,61.545,134.79500000000002,94.32600000000001,84.8,35.3,86.699,55.696,15.0,92.5,89.5,812.6,15.0,93.1,89.4,5.0,15.692,5.0,5.0,35.83
14.99,4,49.214,5.435,35.653000000000006,61.605,134.74,94.679,84.8,35.3,86.699,55.698,15.0,92.5,89.5,812.6,15.0,93.1,89.4,5.0,15.582,5.0,5.0,35.829
15.01,4,49.27,5.435,35.564,61.76,134.671,94.767,84.8,35.3,86.7,55.699,15.0,92.5,89.5,812.6,15.0,93.1,89.4,5.0,15.457,5.0,5.0,35.829
15.03,4,49.143,5.437,35.504000000000005,61.835,134.574,94.709,84.8,35.3,86.7,55.787,15.0,92.5,89.5,812.6,15.0,93.1,89.4,5.0,15.479000000000001,5.0,5.0,35.826
15.05,4,49.034,5.486,35.503,61.928999999999995,134.49099999999999,94.503,84.8,35.3,86.7,55.836,15.0,92.5,89.5,812.6,15.0,93.1,89.4,5.0,15.35,5.0,5.0,35.826
15.07,4,48.949,5.442,35.488,61.7,134.435,94.533,84.8,35.3,86.7,55.864000000000004,15.0,92.5,89.5,812.6,15.0,93.1,89.4,5.0,15.297,5.0,5.0,35.825
15.09,4,48.696000000000005,5.436,35.549,61.758,134.38,94.444,84.85,35.3,86.7,55.88,15.0,92.5,89.5,812.6,15.0,93.1,89.4,5.0,15.106,5.0,5.0,35.829
15.11,4,49.059,5.437,35.488,61.424,134.24,94.297,84.916,35.3,86.78699999999999,55.889,15.0,92.5,89.5,812.6,15.0,93.1,89.4,5.0,15.33,5.0,5.0,35.81699999999999
15.13,4,49.013000000000005,5.437,35.379000000000005,61.753,134.14299999999997,94.533,84.953,35.3,86.837,55.894,15.0,92.5,89.5,812.6,15.0,93.1,89.4,5.0,15.395999999999999,5.0,5.0,35.813
15.15,4,49.023,5.437,35.329,61.99100000000001,133.976,94.562,84.973,35.3,86.86399999999999,55.896,15.0,92.5,89.5,812.6,15.0,93.1,89.4,5.0,15.448,5.0,5.0,35.81699999999999
15.17,4,49.065,5.439,35.304,61.84,133.934,94.679,84.985,35.3,86.88,55.898,15.0,92.5,89.5,812.6,15.0,93.1,89.4,5.0,15.547,5.0,5.0,35.813
15.19,4,49.111999999999995,5.456,35.444,61.792,133.85,94.65,84.992,35.3,86.889,55.968,15.0,92.5,89.5,812.6,15.0,93.1,89.4,5.0,15.665999999999999,5.0,5.0,35.80800000000001
15.21,4,48.562,5.435,35.432,61.677,133.752,94.562,84.995,35.3,86.89399999999999,56.026,15.0,92.5,89.5,812.6,15.0,93.1,89.4,5.0,15.536,5.0,5.0,35.81
15.23,4,48.541000000000004,5.438,35.394999999999996,61.54600000000001,133.738,94.59100000000001,84.997,35.3,86.896,56.058,15.0,92.5,89.5,812.6,15.0,93.1,89.4,5.0,15.515,5.0,5.0,35.807
15.25,4,48.611000000000004,5.437,35.325,61.424,133.626,94.35600000000001,84.999,35.3,86.898,56.076,15.0,92.5,89.5,812.6,15.0,93.1,89.4,5.0,15.46,5.0,5.0,35.802
15.27,4,48.602,5.437,35.504999999999995,61.915,133.528,94.767,84.999,35.3,86.899,56.086999999999996,15.0,92.5,89.5,812.6,15.0,93.1,89.4,5.0,16.317999999999998,5.0,5.0,35.8
15.29,4,48.7,5.438,35.254000000000005,61.731,133.41500000000002,94.709,85.0,35.3,86.899,56.093,15.0,92.5,89.5,812.6,15.0,93.1,89.4,5.0,16.184,5.0,5.0,35.804
15.31,4,48.081,5.435,35.421,61.838,133.303,94.47399999999999,85.0,35.3,86.9,56.096000000000004,15.0,92.5,89.5,812.6,15.0,93.1,89.4,5.0,15.741,5.0,5.0,35.792
15.33,4,48.321000000000005,5.442,35.355999999999995,61.698,133.23200000000003,94.562,85.0,35.3,86.9,56.098,15.0,92.5,89.5,812.6,15.0,93.1,89.4,5.0,15.482999999999999,5.0,5.0,35.783
15.35,4,47.968,5.443,35.59,61.441,133.19,94.59100000000001,85.0,35.3,86.9,56.167,15.0,92.5,89.5,812.6,15.0,93.1,89.4,5.0,15.203,5.0,5.0,35.786
15.37,4,48.433,5.436,35.324,61.523,133.091,94.62100000000001,85.0,35.3,86.9,56.225,15.0,92.5,89.5,812.6,15.0,93.1,89.4,5.0,14.943999999999999,5.0,5.0,35.785
15.39,4,48.236000000000004,5.437,35.368,61.51,132.92200000000003,94.444,85.0,35.3,86.987,56.258,15.0,92.5,89.5,812.6,15.0,93.1,89.4,5.0,14.706,5.0,5.0,35.778000000000006
15.41,4,47.99,5.436,35.368,61.666000000000004,132.97899999999998,95.0,85.0,35.3,87.03699999999999,56.276,15.0,92.5,89.55,812.6,15.0,93.1,89.4,5.0,14.756,5.0,5.0,35.786
15.43,4,48.141000000000005,5.495,35.236999999999995,61.768,132.724,94.59100000000001,85.0,35.3,87.064,56.287,15.0,92.5,89.616,812.6,15.0,93.1,89.4,5.0,15.043,5.0,5.0,35.782
15.45,4,47.946999999999996,5.44,35.35,61.845,132.68099999999998,94.562,85.0,35.3,87.08,56.293,15.0,92.587,89.653,812.6,15.0,93.1,89.4,5.0,15.450999999999999,5.0,5.0,35.782
15.47,4,48.20399999999999,5.434,35.378,61.952,132.625,94.47399999999999,85.0,35.3,87.089,56.29600000000001,15.0,92.637,89.673,812.6,15.0,93.1,89.4,5.0,15.615,5.0,5.0,35.78
15.49,4,47.739,5.448,35.327,61.585,132.554,94.562,85.0,35.3,87.094,56.298,15.0,92.664,89.685,812.6,15.0,93.1,89.4,5.0,15.705,5.0,5.0,35.782
15.51,4,47.919,5.433,35.269000000000005,61.464,132.412,94.767,85.0,35.3,87.096,56.299,15.0,92.68,89.692,812.6,15.0,93.1,89.4,5.0,15.607000000000001,5.0,5.0,35.78
15.53,4,47.777,5.436,35.223,61.371,132.397,94.709,85.0,35.3,87.098,56.299,15.0,92.689,89.695,812.6,15.0,93.1,89.4,5.0,15.635,5.0,5.0,35.774
15.55,4,47.718999999999994,5.437,35.331999999999994,61.495,132.269,94.796,85.0,35.3,87.09899999999999,56.387,15.0,92.694,89.697,812.6,15.0,93.1,89.4,5.0,15.532,5.0,5.0,35.772
15.57,4,47.685,5.477,35.388000000000005,61.553999999999995,132.19799999999998,94.738,85.0,35.3,87.09899999999999,56.43600000000001,15.0,92.696,89.699,812.6,15.0,93.1,89.4,5.0,16.049,5.0,5.0,35.762
15.59,4,47.598,5.438,35.254000000000005,61.751999999999995,132.155,94.297,85.0,35.3,87.1,56.464,15.0,92.69800000000001,89.699,812.6,15.0,93.1,89.4,5.0,16.302999999999997,5.0,5.0,35.759
15.61,4,47.94,5.438,35.09,61.691,131.98399999999998,94.62100000000001,85.0,35.3,87.1,56.48,15.0,92.699,89.7,812.6,15.0,93.1,89.4,5.0,16.320999999999998,5.0,5.0,35.760999999999996
15.63,4,47.733000000000004,5.435,35.3,61.527,131.869,94.59100000000001,85.0,35.3,87.1,56.489,15.0,92.699,89.7,812.6,15.0,93.1,89.4,5.0,16.113,5.0,5.0,35.753
15.65,4,47.35,5.496,35.326,61.613,131.798,94.679,85.0,35.3,87.1,56.494,15.0,92.7,89.7,812.6,15.0,93.1,89.4,5.0,15.729000000000001,5.0,5.0,35.751999999999995
15.67,4,47.53,5.437,35.229,61.729,131.726,94.32600000000001,85.05,35.3,87.14399999999999,56.496,15.0,92.7,89.7,812.6,15.0,93.1,89.4,5.0,15.235,5.0,5.0,35.754999999999995
15.69,4,47.2,5.504,35.245000000000005,61.871,131.683,94.35600000000001,85.116,35.3,87.168,56.498000000000005,15.0,92.7,89.7,812.6,15.0,93.1,89.4,5.0,14.833,5.0,5.0,35.759
15.71,4,47.419,5.44,35.182,61.818000000000005,131.597,94.738,85.153,35.3,87.182,56.498999999999995,15.0,92.7,89.7,812.6,15.0,93.1,89.4,5.0,14.479,5.0,5.0,35.754999999999995
15.73,4,47.251999999999995,5.436,35.346999999999994,61.841,131.39499999999998,94.59100000000001,85.173,35.3,87.19,56.586999999999996,15.0,92.7,89.7,812.6,15.0,93.1,89.4,5.0,14.269,5.0,5.0,35.743
15.75,4,47.62,5.434,35.269999999999996,61.67,131.39499999999998,94.738,85.185,35.3,87.194,56.636,15.0,92.7,89.7,812.6,15.0,93.1,89.4,5.0,14.025,5.0,5.0,35.748000000000005
15.77,4,47.078,5.437,35.221999999999994,61.653999999999996,131.338,94.738,85.192,35.3,87.197,56.663999999999994,15.0,92.7,89.7,812.6,15.0,93.1,89.4,5.0,13.838,5.0,5.0,35.744
15.79,4,47.228,5.435,35.094,61.708999999999996,131.208,94.65,85.195,35.3,87.19800000000001,56.68,15.0,92.7,89.7,812.6,15.0,93.1,89.4,5.0,13.696,5.0,5.0,35.743
15.81,4,47.148999999999994,5.435,35.102,61.797,131.19299999999998,94.415,85.197,35.3,87.199,56.68899999999999,15.0,92.7,89.7,812.6,15.0,93.1,89.4,5.0,13.582,5.0,5.0,35.745999999999995
15.83,4,47.143,5.478,35.113,61.891999999999996,131.063,94.913,85.199,35.3,87.199,56.693999999999996,15.0,92.7,89.7,812.6,15.0,93.1,89.4,5.0,13.496,5.0,5.0,35.743
15.85,4,46.918,5.438,35.114000000000004,61.853,130.99099999999999,94.738,85.199,35.3,87.2,56.696000000000005,15.0,92.7,89.7,812.6,15.0,93.1,89.4,5.0,13.463,5.0,5.0,35.727
15.87,4,46.687,5.491,35.153999999999996,62.082,130.918,94.32600000000001,85.2,35.3,87.2,56.698,15.0,92.7,89.7,812.6,15.0,93.1,89.4,5.0,13.401,5.0,5.0,35.717
15.89,4,46.923,5.438,35.119,62.028999999999996,130.83100000000002,94.562,85.2,35.3,87.2,56.786,15.0,92.7,89.7,812.6,15.0,93.1,89.4,5.0,13.451,5.0,5.0,35.714
15.91,4,46.75,5.493,35.182,62.016000000000005,130.70100000000002,94.267,85.2,35.3,87.2,56.836000000000006,15.0,92.7,89.7,812.6,15.0,93.1,89.4,5.0,13.649,5.0,5.0,35.709
15.93,4,46.681999999999995,5.461,35.163,61.665,130.70100000000002,94.444,85.2,35.3,87.2,56.864,15.0,92.7,89.7,812.6,15.0,93.1,89.4,5.0,13.619,5.0,5.0,35.712
15.95,4,46.605,5.442,35.113,61.902,130.584,94.65,85.2,35.3,87.2,56.88,15.0,92.7,89.7,812.6,15.0,93.1,89.4,5.0,13.544,5.0,5.0,35.71
15.97,4,46.327,5.457,35.088,62.068000000000005,130.45299999999997,94.562,85.2,35.3,87.28699999999999,56.888999999999996,15.0,92.7,89.7,812.6,15.0,93.1,89.4,5.0,13.601,5.0,5.0,35.712
15.99,4,46.793,5.434,35.016,62.32899999999999,130.38,94.47399999999999,85.2,35.3,87.337,56.894,15.0,92.7,89.7,812.6,15.0,93.1,89.4,5.0,13.587,5.0,5.0,35.703
16.01,4,46.669,5.437,35.053,62.268,130.336,94.562,85.25,35.3,87.36399999999999,56.896,15.0,92.7,89.7,812.6,15.0,93.1,89.4,5.0,13.555,5.0,5.0,35.701
16.03,4,46.153999999999996,5.434,35.04,62.143,130.22,94.35600000000001,85.316,35.3,87.38,56.898,15.0,92.7,89.7,812.6,15.0,93.1,89.4,5.0,13.511000000000001,5.0,5.0,35.702
16.05,4,46.42,5.438,35.044,61.672,130.22,94.32600000000001,85.35300000000001,35.3,87.389,56.898999999999994,15.0,92.7,89.7,812.6,15.0,93.1,89.4,5.0,13.502,5.0,5.0,35.698
16.07,4,46.431999999999995,5.436,35.035,61.924,130.029,94.533,85.373,35.3,87.39399999999999,56.986999999999995,15.0,92.7,89.7,812.6,15.0,93.1,89.4,5.0,13.579,5.0,5.0,35.699
16.09,4,46.254,5.436,35.022,62.46,129.985,94.62100000000001,85.385,35.3,87.396,57.036,15.0,92.7,89.7,812.6,15.0,93.1,89.4,5.0,13.603,5.0,5.0,35.699
16.11,4,46.321000000000005,5.437,35.164,62.18899999999999,129.926,94.47399999999999,85.392,35.3,87.398,57.06399999999999,15.0,92.7,89.7,812.6,15.0,93.1,89.487,5.0,13.587,5.0,5.0,35.69199999999999
16.13,4,45.823,5.435,35.056,62.467,129.79399999999998,94.32600000000001,85.395,35.3,87.399,57.08,15.0,92.7,89.7,812.6,15.0,93.1,89.53699999999999,5.0,13.577,5.0,5.0,35.684
16.15,4,46.026,5.435,34.951,62.376000000000005,129.765,94.503,85.39699999999999,35.3,87.399,57.089,15.0,92.7,89.7,812.6,15.0,93.1,89.564,5.0,13.53,5.0,5.0,35.68300000000001
16.17,4,45.77,5.436,34.995000000000005,61.825,129.721,94.208,85.398,35.3,87.4,57.093999999999994,15.0,92.7,89.7,812.6,15.0,93.1,89.58,5.0,13.543,5.0,5.0,35.682
16.19,4,46.23,5.435,34.834,61.765,129.603,94.385,85.399,35.3,87.4,57.096000000000004,15.0,92.7,89.7,812.6,15.0,93.1,89.589,5.0,13.485,5.0,5.0,35.679
16.21,4,45.794000000000004,5.436,35.081,61.901,129.558,94.796,85.4,35.3,87.4,57.098,15.0,92.7,89.7,812.6,15.0,93.1,89.594,5.0,13.622,5.0,5.0,35.682
16.23,4,45.748000000000005,5.436,35.025,61.906000000000006,129.47,94.679,85.4,35.3,87.4,57.099,15.0,92.7,89.7,812.6,15.0,93.1,89.596,5.0,13.51,5.0,5.0,35.679
16.25,4,45.78,5.436,35.07,62.38,129.352,94.444,85.4,35.3,87.4,57.099,15.0,92.7,89.7,812.6,15.0,93.169,89.598,5.0,13.51,5.0,5.0,35.677
16.27,4,45.468,5.438,35.06699999999999,62.847,129.36599999999999,94.503,85.4,35.3,87.4,57.187,15.0,92.7,89.7,812.6,15.0,93.226,89.59899999999999,5.0,15.405,5.0,5.0,35.676
16.29,4,45.79,5.439,35.007,62.343,129.20299999999997,94.444,85.4,35.3,87.4,57.236999999999995,15.0,92.7,89.7,812.6,15.0,93.258,89.59899999999999,5.0,14.875,5.0,5.0,35.677
16.31,4,45.641,5.438,34.853,61.773999999999994,129.11399999999998,94.444,85.4,35.3,87.4,57.263999999999996,15.0,92.7,89.7,812.6,15.0,93.277,89.6,5.0,14.408999999999999,5.0,5.0,35.674
16.33,4,45.577,5.439,34.998000000000005,61.744,129.055,94.709,85.4,35.3,87.4,57.28,15.0,92.7,89.7,812.6,15.0,93.28699999999999,89.6,5.0,14.067,5.0,5.0,35.677
16.35,4,45.37,5.437,34.991,62.007,129.025,94.415,85.4,35.3,87.487,57.288999999999994,15.0,92.7,89.7,812.6,15.0,93.293,89.6,5.0,13.832,5.0,5.0,35.672
16.37,4,45.774,5.437,35.048,62.262,128.877,94.62100000000001,85.4,35.3,87.53699999999999,57.294,15.0,92.7,89.7,812.6,15.0,93.296,89.6,5.0,13.622,5.0,5.0,35.672
16.39,4,45.285,5.436,34.917,62.205,128.877,94.796,85.4,35.3,87.564,57.29600000000001,15.0,92.7,89.7,812.6,15.0,93.298,89.6,5.0,13.524,5.0,5.0,35.664
16.41,4,45.332,5.437,34.912,62.006,128.727,94.884,85.45,35.3,87.58,57.298,15.0,92.7,89.7,812.6,15.0,93.29899999999999,89.6,5.0,13.476,5.0,5.0,35.665
16.43,4,45.884,5.439,34.705,61.9,128.653,94.796,85.516,35.3,87.589,57.299,15.0,92.7,89.7,812.6,15.0,93.29899999999999,89.6,5.0,13.389,5.0,5.0,35.663
16.45,4,45.227,5.438,34.857,61.806000000000004,128.623,94.47399999999999,85.553,35.3,87.594,57.387,15.0,92.7,89.7,812.6,15.0,93.3,89.6,5.0,13.429,5.0,5.0,35.656
16.47,4,44.891,5.484,34.698,61.699,128.533,94.709,85.57300000000001,35.3,87.596,57.43600000000001,15.0,92.7,89.7,812.6,15.0,93.3,89.6,5.0,13.432,5.0,5.0,35.653000000000006
16.49,4,44.771,5.438,34.888999999999996,61.692,128.413,94.767,85.585,35.3,87.598,57.464,15.0,92.7,89.7,812.6,15.0,93.3,89.6,5.0,13.48,5.0,5.0,35.656
16.51,4,45.106,5.452,34.745999999999995,62.065,128.338,94.738,85.592,35.3,87.59899999999999,57.48,15.0,92.7,89.7,812.6,15.0,93.3,89.6,5.0,13.463,5.0,5.0,35.664
16.53,4,44.891,5.434,34.807,61.897,128.218,94.796,85.595,35.3,87.59899999999999,57.489,15.0,92.7,89.7,812.6,15.0,93.3,89.6,5.0,13.507,5.0,5.0,35.66
16.55,4,44.896,5.438,34.679,61.91,128.173,94.65,85.597,35.3,87.6,57.494,15.0,92.7,89.7,812.6,15.0,93.3,89.6,5.0,13.437999999999999,5.0,5.0,35.653999999999996
16.57,4,44.946,5.485,34.777,61.407,128.098,95.058,85.598,35.3,87.6,57.496,15.0,92.7,89.7,812.6,15.0,93.3,89.6,5.0,13.565,5.0,5.0,35.653999999999996
16.59,4,44.658,5.438,34.759,61.501000000000005,128.038,95.17399999999999,85.59899999999999,35.3,87.6,57.498000000000005,15.0,92.7,89.7,812.6,15.0,93.3,89.6,5.0,13.559,5.0,5.0,35.649
16.61,4,44.835,5.436,34.666,61.67100000000001,127.87200000000001,94.767,85.6,35.3,87.6,57.586000000000006,15.0,92.7,89.7,812.6,15.0,93.3,89.6,5.0,13.546,5.0,5.0,35.655
16.63,4,44.81,5.437,34.729,61.743,127.917,95.145,85.6,35.3,87.6,57.636,15.0,92.7,89.7,812.6,15.0,93.3,89.6,5.0,13.459,5.0,5.0,35.655
16.65,4,44.641999999999996,5.436,34.724000000000004,62.25,127.811,95.058,85.6,35.3,87.6,57.663999999999994,15.0,92.7,89.7,812.6,15.0,93.3,89.6,5.0,13.498,5.0,5.0,35.655
16.67,4,44.829,5.439,34.829,61.851000000000006,127.675,94.767,85.6,35.3,87.6,57.68,15.0,92.7,89.7,812.6,15.0,93.3,89.6,5.0,13.543,5.0,5.0,35.64
16.69,4,44.158,5.439,34.754000000000005,61.982,127.584,94.47399999999999,85.6,35.3,87.6,57.68899999999999,15.0,92.7,89.7,812.6,15.0,93.3,89.6,5.0,13.487,5.0,5.0,35.641
16.71,4,44.285,5.437,34.614000000000004,61.831,127.508,94.855,85.6,35.3,87.6,57.693999999999996,15.0,92.7,89.7,812.6,15.0,93.3,89.6,5.0,13.523,5.0,5.0,35.638999999999996
16.73,4,44.29,5.439,34.682,61.901,127.417,94.942,85.6,35.3,87.6,57.696000000000005,15.0,92.7,89.7,812.6,15.0,93.3,89.6,5.0,13.562999999999999,5.0,5.0,35.635999999999996
16.75,4,44.441,5.436,34.585,62.007,127.35600000000001,94.767,85.6,35.3,87.6,57.698,15.0,92.7,89.7,812.6,15.0,93.3,89.6,5.0,13.595,5.0,5.0,35.631
16.77,4,44.765,5.435,34.56,62.095,127.35600000000001,94.855,85.6,35.3,87.6,57.699,15.0,92.7,89.7,812.6,15.0,93.3,89.6,5.0,13.679,5.0,5.0,35.632
16.79,4,44.205999999999996,5.439,34.717,62.342,127.25,94.709,85.6,35.3,87.6,57.787,15.0,92.7,89.7,812.6,15.0,93.3,89.6,5.0,13.652000000000001,5.0,5.0,35.633
16.81,4,44.056,5.439,34.634,62.211999999999996,127.11200000000001,95.0,85.6,35.3,87.6,57.836000000000006,15.0,92.7,89.7,812.6,15.0,93.3,89.6,5.0,13.543,5.0,5.0,35.619
16.83,4,43.957,5.45,34.65,62.3,127.021,94.942,85.6,35.3,87.6,57.864,15.0,92.7,89.7,812.6,15.0,93.3,89.6,5.0,13.44,5.0,5.0,35.622
16.85,4,43.857,5.5,34.693,61.928999999999995,126.929,94.884,85.6,35.3,87.6,57.88,15.0,92.7,89.7,812.6,15.0,93.3,89.6,5.0,13.408,5.0,5.0,35.616
16.87,4,43.865,5.44,34.702,61.933,126.898,94.709,85.6,35.3,87.6,57.888999999999996,15.0,92.7,89.7,812.6,15.0,93.3,89.6,5.0,13.466000000000001,5.0,5.0,35.618
16.89,4,43.763000000000005,5.438,34.611000000000004,61.775,126.837,94.855,85.6,35.3,87.6,57.894,15.0,92.7,89.7,812.6,15.0,93.3,89.6,5.0,13.486,5.0,5.0,35.620000000000005
16.91,4,43.524,5.501,34.623000000000005,61.893,126.791,94.65,85.6,35.3,87.6,57.896,15.0,92.7,89.7,812.6,15.0,93.3,89.6,5.0,13.517999999999999,5.0,5.0,35.620000000000005
16.93,4,43.489000000000004,5.441,34.544,62.01,126.65299999999999,94.59100000000001,85.6,35.3,87.6,57.898,15.0,92.7,89.7,812.6,15.0,93.3,89.6,5.0,13.533,5.0,5.0,35.620000000000005
16.95,4,43.794000000000004,5.439,34.521,62.11,126.57600000000001,94.59100000000001,85.6,35.3,87.6,57.898999999999994,15.0,92.7,89.7,812.6,15.0,93.3,89.6,5.0,13.636000000000001,5.0,5.0,35.625
16.97,4,43.46,5.439,34.590999999999994,62.131,126.53,94.913,85.6,35.3,87.6,57.986999999999995,15.0,92.7,89.7,812.6,15.0,93.3,89.6,5.0,13.577,5.0,5.0,35.624
16.99,4,43.568000000000005,5.439,34.648,61.851000000000006,126.391,94.971,85.6,35.3,87.6,58.036,15.0,92.7,89.7,812.6,15.0,93.3,89.6,5.0,13.56,5.0,5.0,35.633
17.01,4,43.193000000000005,5.439,34.5,61.793,126.375,94.59100000000001,85.6,35.3,87.6,58.06399999999999,15.0,92.7,89.7,812.6,15.0,93.3,89.6,5.0,13.554,5.0,5.0,35.628
17.03,4,43.330999999999996,5.436,34.445,61.821999999999996,126.28299999999999,94.709,85.6,35.3,87.6,58.08,15.0,92.7,89.7,812.6,15.0,93.3,89.6,5.0,13.662,5.0,5.0,35.622
17.05,4,43.389,5.439,34.554,61.857,126.221,94.942,85.6,35.3,87.6,58.089,15.0,92.7,89.7,812.6,15.0,93.3,89.6,5.0,13.651,5.0,5.0,35.624
17.07,4,43.518,5.437,34.374,62.041000000000004,126.12799999999999,94.884,85.6,35.3,87.55,58.093999999999994,15.0,92.7,89.7,812.6,15.0,93.3,89.6,5.0,13.671,5.0,5.0,35.631
17.09,4,43.591,5.439,34.480999999999995,61.773999999999994,126.066,95.0,85.6,35.3,87.484,58.096000000000004,15.0,92.7,89.7,812.6,15.0,93.3,89.6,5.0,13.571,5.0,5.0,35.622
17.11,4,43.609,5.439,34.201,61.903999999999996,125.973,94.855,85.6,35.3,87.447,58.098,15.0,92.7,89.744,812.6,15.0,93.3,89.6,5.0,13.997,5.0,5.0,35.623000000000005
17.13,4,43.329,5.439,34.39,61.706,125.87899999999999,95.0,85.6,35.3,87.42699999999999,58.099,15.0,92.7,89.768,812.6,15.0,93.3,89.6,5.0,14.511000000000001,5.0,5.0,35.618
17.15,4,43.234,5.459,34.331,61.941,125.86399999999999,94.971,85.6,35.3,87.415,58.231,15.0,92.7,89.782,812.6,15.0,93.3,89.6,5.0,15.121,5.0,5.0,35.618
17.17,4,43.119,5.438,34.473,61.815,125.77,94.562,85.6,35.3,87.34,58.305,15.0,92.7,89.79,812.6,15.0,93.3,89.6,5.0,15.827,5.0,5.0,35.617
17.19,4,43.015,5.44,34.355999999999995,61.773,125.677,94.62100000000001,85.6,35.3,87.279,58.346000000000004,15.0,92.7,89.794,812.6,15.0,93.3,89.6,5.0,16.658,5.0,5.0,35.617
17.21,4,42.863,5.437,34.144000000000005,62.106,125.661,94.47399999999999,85.55,35.3,87.244,58.37,15.0,92.7,89.797,812.6,15.0,93.3,89.6,5.0,17.379,5.0,5.0,35.622
17.23,4,43.043,5.494,34.068,62.508,125.568,94.208,85.484,35.3,87.225,58.383,15.0,92.7,89.798,812.6,15.0,93.3,89.6,5.0,17.853,5.0,5.0,35.619
17.25,4,42.977,5.44,34.251,62.126000000000005,125.552,94.59100000000001,85.447,35.3,87.12,58.39,15.0,92.78699999999999,89.79899999999999,812.6,15.0,93.3,89.6,5.0,18.35,5.0,5.0,35.614999999999995
17.27,4,42.586999999999996,5.438,34.381,61.927,125.47399999999999,94.503,85.42699999999999,35.3,87.024,58.395,15.0,92.837,89.79899999999999,812.6,15.0,93.3,89.6,5.0,18.930999999999997,5.0,5.0,35.618
17.29,4,42.554,5.439,34.129999999999995,62.11,125.38,94.796,85.415,35.3,86.97,58.397,15.0,92.86399999999999,89.8,812.6,15.0,93.3,89.6,5.0,19.298000000000002,5.0,5.0,35.614000000000004
17.31,4,42.399,5.438,34.104,62.159,125.223,94.796,85.408,35.3,86.914,58.398,15.0,92.88,89.8,812.6,15.0,93.3,89.6,5.0,19.413,5.0,5.0,35.613
17.33,6,42.065,5.44,34.344,5.0,125.191,94.679,85.405,35.3,86.86399999999999,58.468,15.0,92.889,89.8,812.6,15.0,93.3,89.6,5.0,19.573,5.0,5.0,35.614000000000004
17.35,6,41.885999999999996,5.44,34.236999999999995,5.0,125.176,94.297,85.403,35.3,86.836,58.526,15.0,92.89399999999999,89.8,812.6,15.0,93.3,89.6,5.0,19.915,5.0,5.0,35.616
17.37,6,41.764,5.44,33.902,5.0,124.971,94.47399999999999,85.402,35.3,86.745,58.558,15.0,92.896,89.8,812.6,15.0,93.3,89.6,5.0,19.915999999999997,5.0,5.0,35.795
17.39,6,41.381,5.437,34.010000000000005,5.0,125.05,94.62100000000001,85.40100000000001,35.3,86.638,58.576,15.0,92.898,89.8,812.6,15.0,93.3,89.6,5.0,19.968,5.0,5.0,36.758
17.41,6,41.865,5.436,34.047,5.0,124.92399999999999,94.503,85.4,35.3,86.578,58.586999999999996,15.0,92.899,89.8,812.6,15.0,93.3,89.6,5.0,20.121,5.0,5.0,38.30800000000001
17.43,6,41.538000000000004,5.438,33.951,5.0,124.86,94.533,85.4,35.3,86.494,58.593,15.0,92.899,89.8,812.6,15.0,93.3,89.6,5.0,20.354,5.0,5.0,39.758
17.45,6,41.843,5.503,33.807,5.0,124.766,94.32600000000001,85.4,35.3,86.40899999999999,58.596000000000004,15.0,92.9,89.8,812.6,15.0,93.3,89.6,5.0,20.665999999999997,5.0,5.0,40.882
17.47,6,41.527,5.439,33.721999999999994,5.0,124.829,94.942,85.4,35.3,86.361,58.598,15.0,92.9,89.8,812.6,15.0,93.3,89.6,5.0,20.994,5.0,5.0,41.718
17.49,6,41.507,5.452,33.213,5.0,124.671,95.058,85.4,35.3,86.241,58.667,15.0,92.9,89.8,812.6,15.0,93.3,89.65,5.0,21.205,5.0,5.0,42.277
17.51,6,41.702,5.439,32.819,5.0,124.655,94.62100000000001,85.313,35.3,86.135,58.725,15.0,92.9,89.8,812.6,15.0,93.3,89.71600000000001,5.0,21.239,5.0,5.0,42.686
17.53,6,42.077,5.438,32.266,5.0,124.52799999999999,94.562,85.263,35.3,86.07600000000001,58.758,15.0,92.9,89.8,812.6,15.0,93.3,89.753,5.0,21.351,5.0,5.0,42.958
17.55,6,41.832,5.438,31.863000000000003,5.0,124.512,94.562,85.236,35.3,85.993,58.776,15.0,92.9,89.8,812.6,15.0,93.3,89.773,5.0,21.457,5.0,5.0,43.162
17.57,6,41.914,5.437,31.358,5.0,124.416,94.415,85.22,35.3,85.908,58.787,15.0,92.9,89.8,812.6,15.0,93.3,89.785,5.0,21.574,5.0,5.0,43.379
17.59,6,41.474000000000004,5.44,31.096,5.0,124.385,94.237,85.211,35.3,85.811,58.793,15.0,92.9,89.8,812.6,15.0,93.3,89.792,5.0,21.65,5.0,5.0,43.61
17.61,6,41.652,5.438,30.555999999999997,5.0,124.273,94.444,85.206,35.3,85.719,58.79600000000001,15.0,92.9,89.8,812.6,15.0,93.3,89.795,5.0,21.629,5.0,5.0,43.805
17.63,6,41.836999999999996,5.439,30.307,5.0,124.257,94.533,85.204,35.3,85.617,58.798,15.0,92.9,89.8,812.6,15.0,93.3,89.797,5.0,21.738,5.0,5.0,43.984
17.65,6,41.705999999999996,5.439,30.089000000000002,5.0,124.193,94.444,85.202,35.3,85.52199999999999,58.799,15.0,92.9,89.8,812.6,15.0,93.3,89.79899999999999,5.0,21.702,5.0,5.0,44.1
17.67,6,41.586999999999996,5.459,29.765,5.0,124.113,94.62100000000001,85.20100000000001,35.3,85.419,58.799,15.0,92.9,89.8,812.6,15.0,93.3,89.79899999999999,5.0,21.756,5.0,5.0,44.248000000000005
17.69,6,41.247,5.443,29.734,5.0,124.04899999999999,94.62100000000001,85.20100000000001,35.3,85.32300000000001,58.887,15.0,92.9,89.8,812.6,15.0,93.3,89.775,5.0,21.777,5.0,5.0,44.426
17.71,6,41.513000000000005,5.438,29.358,5.0,123.905,94.709,85.2,35.3,85.175,58.93600000000001,15.0,92.9,89.8,812.6,15.0,93.3,89.742,5.0,21.828,5.0,5.0,44.556999999999995
17.73,6,41.453,5.439,29.129,5.0,123.889,94.709,85.131,35.3,85.055,58.964,15.0,92.9,89.8,812.6,15.0,93.3,89.72399999999999,5.0,21.85,5.0,5.0,44.68
17.75,6,41.34,5.439,29.078000000000003,5.0,123.777,94.415,85.074,35.3,84.962,58.98,15.0,92.9,89.8,812.6,15.0,93.3,89.71300000000001,5.0,21.831,5.0,5.0,44.851
17.77,6,41.373000000000005,5.44,28.871,5.0,123.728,94.855,85.042,35.3,84.891,58.989,15.0,92.9,89.8,812.6,15.0,93.3,89.707,5.0,21.959,5.0,5.0,44.984
17.79,6,41.482,5.44,28.649,5.0,123.583,94.59100000000001,85.023,35.3,84.801,58.994,15.0,92.9,89.8,812.6,15.0,93.3,89.704,5.0,21.998,5.0,5.0,45.118
17.81,6,41.341,5.44,28.677,5.0,123.616,94.942,85.013,35.3,84.71300000000001,58.996,15.0,92.9,89.8,812.6,15.0,93.3,89.702,5.0,22.025,5.0,5.0,45.262
17.83,6,40.768,5.439,28.885,5.0,123.406,94.59100000000001,85.007,35.3,84.589,58.998000000000005,15.0,92.9,89.8,812.6,15.0,93.3,89.70100000000001,5.0,22.022000000000002,5.0,5.0,45.407
17.85,6,40.838,5.442,28.764,5.0,123.43799999999999,94.62100000000001,85.00399999999999,35.3,84.462,58.998999999999995,15.0,92.9,89.8,812.6,15.0,93.3,89.70100000000001,5.0,21.963,5.0,5.0,45.575
17.87,6,40.398,5.44,28.691999999999997,5.0,123.35700000000001,94.855,85.002,35.3,84.34100000000001,59.068000000000005,15.0,92.9,89.8,812.6,15.0,93.3,89.7,5.0,21.942999999999998,5.0,5.0,45.731
17.89,6,40.113,5.44,28.535999999999998,5.0,123.26,94.297,85.001,35.3,84.236,59.126000000000005,15.0,92.9,89.8,812.6,15.0,93.3,89.7,5.0,21.759,5.0,5.0,45.889
17.91,6,40.639,5.439,28.691999999999997,5.0,123.195,94.59100000000001,85.001,35.3,84.083,59.158,15.0,92.9,89.8,812.6,15.0,93.3,89.7,5.0,21.752,5.0,5.0,46.051
17.93,6,40.366,5.439,28.559,5.0,123.244,94.35600000000001,84.913,35.3,83.959,59.177,15.0,92.9,89.8,812.6,15.0,93.3,89.7,5.0,21.816,5.0,5.0,46.202
17.95,6,40.754,5.44,28.581999999999997,5.0,123.098,94.679,84.86399999999999,35.3,83.814,59.187,15.0,92.9,89.8,812.6,15.0,93.3,89.7,5.0,21.822,5.0,5.0,46.364000000000004
17.97,6,40.235,5.442,28.511,5.0,122.95100000000001,94.503,84.836,35.3,83.67699999999999,59.193000000000005,15.0,92.9,89.8,812.6,15.0,93.3,89.7,5.0,21.917,5.0,5.0,46.5
17.99,6,40.423,5.438,28.456,5.0,122.804,94.415,84.82,35.3,83.54899999999999,59.196000000000005,15.0,92.9,89.8,812.6,15.0,93.3,89.7,5.0,21.96,5.0,5.0,46.675
18.01,6,40.257,5.44,28.458000000000002,5.0,122.88600000000001,94.415,84.811,35.3,83.44,59.198,15.0,92.9,89.8,812.6,15.0,93.3,89.7,5.0,21.934,5.0,5.0,46.853
18.03,6,40.084,5.44,28.351,5.0,122.837,94.709,84.806,35.3,83.285,59.199,15.0,92.9,89.8,812.6,15.0,93.3,89.7,5.0,21.875999999999998,5.0,5.0,47.005
18.05,6,40.295,5.438,28.303,5.0,122.788,94.709,84.804,35.3,83.16,59.287,15.0,92.9,89.8,812.6,15.0,93.3,89.7,5.0,21.886,5.0,5.0,47.135
18.07,6,40.239000000000004,5.44,28.3,5.0,122.706,94.59100000000001,84.80199999999999,35.3,82.99600000000001,59.336000000000006,15.0,92.9,89.8,812.6,15.0,93.3,89.7,5.0,21.908,5.0,5.0,47.31
18.09,6,39.898,5.438,28.348000000000003,5.0,122.559,94.65,84.801,35.3,82.867,59.364,15.0,92.9,89.8,812.6,15.0,93.387,89.7,5.0,22.003,5.0,5.0,47.445
18.11,6,40.163000000000004,5.439,28.381,5.0,122.493,94.796,84.801,35.3,82.7,59.38,15.0,92.9,89.8,812.6,15.0,93.437,89.7,5.0,21.967,5.0,5.0,47.58
18.13,6,39.751999999999995,5.44,28.163,5.0,122.36200000000001,94.767,84.775,35.3,82.569,59.388999999999996,15.0,92.9,89.8,812.6,15.0,93.464,89.7,5.0,21.993,5.0,5.0,47.729
18.15,6,40.005,5.439,28.291999999999998,5.0,122.329,94.709,84.742,35.3,82.42,59.394,15.0,92.9,89.8,812.6,15.0,93.48,89.7,5.0,21.993,5.0,5.0,47.882
18.17,6,39.303000000000004,5.44,28.235,5.0,122.279,94.738,84.72399999999999,35.3,82.28,59.396,15.0,92.9,89.8,812.6,15.0,93.48899999999999,89.7,5.0,22.087,5.0,5.0,48.025
18.19,6,39.857,5.442,28.005,5.0,122.197,94.884,84.71300000000001,35.3,82.107,59.398,15.0,92.9,89.8,812.6,15.0,93.494,89.7,5.0,22.015,5.0,5.0,48.179
18.21,6,39.84,5.438,27.943,5.0,122.147,95.0,84.708,35.3,81.973,59.398999999999994,15.0,92.9,89.8,812.6,15.0,93.49600000000001,89.7,5.0,21.98,5.0,5.0,48.292
18.23,6,39.571,5.441,28.087,5.0,122.18,94.679,84.704,35.3,81.822,59.486999999999995,15.0,92.9,89.8,812.6,15.0,93.498,89.725,5.0,22.024,5.0,5.0,48.445
18.25,6,38.955,5.441,28.01,5.0,122.147,94.796,84.702,35.3,81.681,59.536,15.0,92.9,89.8,812.6,15.0,93.499,89.758,5.0,22.069000000000003,5.0,5.0,48.568000000000005
18.27,6,39.071999999999996,5.438,27.854,5.0,121.916,94.62100000000001,84.70100000000001,35.3,81.508,59.56399999999999,15.0,92.9,89.8,812.6,15.0,93.499,89.77600000000001,5.0,22.006,5.0,5.0,48.705
18.29,6,39.162,5.441,27.828000000000003,5.0,121.882,94.59100000000001,84.65100000000001,35.3,81.373,59.58,15.0,92.9,89.8,812.6,15.0,93.5,89.78699999999999,5.0,22.043,5.0,5.0,48.811
18.31,6,39.097,5.442,27.750999999999998,5.0,121.79899999999999,94.385,84.585,35.3,81.204,59.589,15.0,92.9,89.8,812.6,15.0,93.5,89.792,5.0,22.011,5.0,5.0,48.964
18.33,6,39.095,5.44,27.932,5.0,121.73299999999999,94.385,84.548,35.3,81.071,59.593999999999994,15.0,92.9,89.8,812.6,15.0,93.5,89.796,5.0,21.998,5.0,5.0,49.089
18.35,6,39.29,5.441,27.733,5.0,121.6,94.562,84.527,35.3,80.902,59.596000000000004,15.0,92.9,89.8,812.6,15.0,93.5,89.798,5.0,22.002,5.0,5.0,49.183
18.37,6,39.044000000000004,5.44,27.433000000000003,5.0,121.71600000000001,94.884,84.515,35.3,80.77,59.598,15.0,92.9,89.8,812.6,15.0,93.5,89.79899999999999,5.0,21.972,5.0,5.0,49.325
18.39,6,38.708,5.442,27.706999999999997,5.0,121.616,94.59100000000001,84.508,35.3,80.602,59.599,15.0,92.9,89.8,812.6,15.0,93.5,89.79899999999999,5.0,22.023,5.0,5.0,49.425
18.41,6,38.553000000000004,5.442,27.815,5.0,121.43299999999999,94.709,84.505,35.3,80.47,59.599,15.0,92.9,89.8,812.6,15.0,93.5,89.8,5.0,22.067,5.0,5.0,49.575
18.43,6,38.83,5.442,27.741,5.0,121.366,94.913,84.503,35.3,80.277,59.668,15.0,92.9,89.8,812.6,15.0,93.5,89.8,5.0,21.98,5.0,5.0,49.658
18.45,6,38.765,5.441,27.456,5.0,121.29899999999999,94.709,84.414,35.3,80.112,59.726000000000006,15.0,92.9,89.8,812.6,15.0,93.5,89.8,5.0,21.951,5.0,5.0,49.789
18.47,6,38.431999999999995,5.442,27.74,5.0,121.29899999999999,94.562,84.36399999999999,35.3,79.944,59.758,15.0,92.9,89.8,812.6,15.0,93.5,89.8,5.0,21.99,5.0,5.0,49.919000000000004
18.49,6,38.806,5.443,27.502,5.0,121.316,95.202,84.336,35.3,79.794,59.777,15.0,92.9,89.8,812.6,15.0,93.5,89.8,5.0,21.92,5.0,5.0,50.024
18.51,6,38.379,5.442,27.474,5.0,121.198,94.855,84.32,35.3,79.615,59.787,15.0,92.9,89.8,812.6,15.0,93.5,89.8,5.0,21.861,5.0,5.0,50.149
18.53,6,38.667,5.442,27.464000000000002,5.0,121.03,94.942,84.311,35.3,79.477,59.793,15.0,92.9,89.8,812.6,15.0,93.5,89.8,5.0,21.969,5.0,5.0,50.235
18.55,6,38.566,5.442,27.537,5.0,121.064,94.913,84.306,35.3,79.306,59.79600000000001,15.0,92.9,89.8,812.6,15.0,93.5,89.8,5.0,22.094,5.0,5.0,50.363
18.57,6,38.181,5.44,27.325,5.0,120.963,95.145,84.304,35.3,79.172,59.798,15.0,92.9,89.8,812.6,15.0,93.5,89.8,5.0,22.067,5.0,5.0,50.48
18.59,6,38.108000000000004,5.438,27.351,5.0,120.929,95.029,84.215,35.3,78.97800000000001,59.799,15.0,92.9,89.8,812.6,15.0,93.5,89.8,5.0,21.965,5.0,5.0,50.611
18.61,6,37.988,5.441,27.423000000000002,5.0,120.861,95.23100000000001,84.164,35.3,78.813,59.799,15.0,92.9,89.8,812.6,15.0,93.5,89.8,5.0,21.949,5.0,5.0,50.718
18.63,6,38.247,5.442,27.191,5.0,120.82799999999999,94.709,84.13600000000001,35.3,78.626,59.912,15.0,92.9,89.8,812.6,15.0,93.5,89.8,5.0,21.99,5.0,5.0,50.823
18.65,6,37.78,5.44,27.410999999999998,5.0,120.743,95.087,84.12,35.3,78.483,59.994,15.0,92.9,89.8,812.6,15.0,93.5,89.8,5.0,22.930999999999997,5.0,5.0,50.909
18.67,6,38.138000000000005,5.441,27.180999999999997,5.0,120.675,94.738,84.111,35.3,78.28399999999999,60.041000000000004,15.0,92.9,89.8,812.6,15.0,93.5,89.8,5.0,24.554000000000002,5.0,5.0,51.045
18.69,6,38.010999999999996,5.44,27.191,5.0,120.60700000000001,94.971,84.10600000000001,35.3,78.11600000000001,60.067,15.0,92.9,89.8,812.6,15.0,93.5,89.8,5.0,25.694000000000003,5.0,5.0,51.138999999999996
18.71,6,37.882,5.441,27.239,5.0,120.54,94.62100000000001,84.104,35.3,77.947,60.081,15.0,92.9,89.8,812.6,15.0,93.5,89.8,5.0,26.534000000000002,5.0,5.0,51.266000000000005
18.73,6,37.811,5.441,27.298000000000002,5.0,120.48899999999999,95.116,84.015,35.3,77.795,60.089,15.0,92.9,89.8,812.6,15.0,93.5,89.8,5.0,26.945999999999998,5.0,5.0,51.355
18.75,6,37.666,5.441,27.166,5.0,120.38600000000001,95.058,83.964,35.3,77.61600000000001,60.093999999999994,15.0,92.9,89.8,812.6,15.0,93.5,89.8,5.0,27.398000000000003,5.0,5.0,51.45
18.77,6,37.622,5.441,27.031999999999996,5.0,120.335,95.0,83.936,35.3,77.47800000000001,60.097,15.0,92.9,89.8,812.6,15.0,93.5,89.8,5.0,27.628,5.0,5.0,51.563
18.79,6,37.632,5.458,27.226999999999997,5.0,120.21600000000001,94.884,83.92,35.3,77.281,60.098,15.0,92.9,89.8,812.6,15.0,93.5,89.8,5.0,27.737,5.0,5.0,51.677
18.81,6,37.289,5.442,26.976999999999997,5.0,120.301,94.913,83.911,35.3,77.114,60.099,15.0,92.9,89.8,812.6,15.0,93.5,89.8,5.0,27.863000000000003,5.0,5.0,51.762
18.83,6,37.607,5.44,26.996,5.0,120.23299999999999,94.855,83.906,35.3,76.971,60.168,15.0,92.9,89.8,812.6,15.0,93.5,89.8,5.0,27.965,5.0,5.0,51.838
18.85,6,37.396,5.474,26.910999999999998,5.0,120.23299999999999,95.346,83.904,35.3,76.852,60.226000000000006,15.0,92.9,89.8,812.6,15.0,93.5,89.8,5.0,27.967,5.0,5.0,51.933
18.87,6,37.635999999999996,5.444,27.026,5.0,120.045,94.709,83.815,35.3,76.667,60.258,15.0,92.9,89.8,812.6,15.0,93.5,89.8,5.0,28.031,5.0,5.0,52.035
18.89,6,37.004,5.476,26.912,5.0,120.096,95.0,83.764,35.3,76.506,60.277,15.0,92.9,89.8,812.6,15.0,93.5,89.8,5.0,27.971999999999998,5.0,5.0,52.104
18.91,6,37.311,5.442,27.046999999999997,5.0,120.02799999999999,95.087,83.736,35.3,76.322,60.287,15.0,92.9,89.8,812.6,15.0,93.5,89.8,5.0,28.006999999999998,5.0,5.0,52.215
18.93,6,37.22,5.441,27.015,5.0,119.90799999999999,95.058,83.72,35.3,76.18100000000001,60.293,15.0,92.9,89.8,812.6,15.0,93.5,89.8,5.0,28.073,5.0,5.0,52.306000000000004
18.95,6,37.007,5.505,27.003,5.0,119.90799999999999,94.942,83.711,35.3,76.00800000000001,60.29600000000001,15.0,92.9,89.8,812.6,15.0,93.5,89.8,5.0,28.075,5.0,5.0,52.401
18.97,6,37.027,5.444,26.894000000000002,5.0,119.735,94.82600000000001,83.706,35.3,75.83,60.298,15.0,92.9,89.8,812.6,15.0,93.5,89.8,5.0,28.191,5.0,5.0,52.501000000000005
18.99,6,36.778000000000006,5.444,26.991,5.0,119.822,94.971,83.704,35.3,75.654,60.299,15.0,92.9,89.8,812.6,15.0,93.5,89.8,5.0,28.122,5.0,5.0,52.598
19.01,6,36.706999999999994,5.442,26.921,5.0,119.71799999999999,94.913,83.652,35.3,75.499,60.412,15.0,92.9,89.8,812.6,15.0,93.5,89.8,5.0,27.999000000000002,5.0,5.0,52.70399999999999
19.03,6,36.921,5.442,26.72,5.0,119.75299999999999,94.884,83.586,35.3,75.31800000000001,60.494,15.0,92.9,89.8,812.6,15.0,93.5,89.8,5.0,28.076,5.0,5.0,52.798
19.05,6,36.646,5.443,26.732,5.0,119.52799999999999,94.62100000000001,83.548,35.3,75.179,60.54,15.0,92.9,89.8,812.6,15.0,93.5,89.8,5.0,28.206999999999997,5.0,5.0,52.891999999999996
19.07,6,36.339,5.442,26.924,5.0,119.52799999999999,94.415,83.527,35.3,74.982,60.566,15.0,92.9,89.8,812.6,15.0,93.5,89.8,5.0,28.247,5.0,5.0,53.003
19.09,6,36.968,5.443,26.68,5.0,119.494,94.913,83.515,35.3,74.815,60.581,15.0,92.9,89.8,812.6,15.0,93.5,89.8,5.0,28.272,5.0,5.0,53.105
19.11,6,36.536,5.441,26.645,5.0,119.494,94.503,83.509,35.3,74.627,60.589,15.0,92.9,89.8,812.6,15.0,93.5,89.8,5.0,28.221999999999998,5.0,5.0,53.245
19.13,6,36.452,5.443,26.581999999999997,5.0,119.37200000000001,94.533,83.455,35.3,74.484,60.593999999999994,15.0,92.9,89.869,812.6,15.0,93.5,89.8,5.0,28.119,5.0,5.0,53.312
19.15,6,36.063,5.444,26.755,5.0,119.199,94.62100000000001,83.387,35.3,74.31,60.597,15.0,92.9,89.926,812.6,15.0,93.5,89.8,5.0,28.131,5.0,5.0,53.463
19.17,6,36.129999999999995,5.443,26.691,5.0,119.23299999999999,94.767,83.34899999999999,35.3,74.174,60.598,15.0,92.9,89.958,812.6,15.0,93.5,89.8,5.0,28.201,5.0,5.0,53.575
19.19,6,35.93300000000001,5.444,26.659000000000002,5.0,119.26799999999999,94.679,83.328,35.3,74.023,60.599,15.0,92.9,89.977,812.6,15.0,93.5,89.8,5.0,28.263,5.0,5.0,53.717
19.21,6,35.870000000000005,5.443,26.595,5.0,119.12899999999999,94.796,83.315,35.3,73.882,60.668,15.0,92.9,89.987,812.6,15.0,93.5,89.8,5.0,28.230999999999998,5.0,5.0,53.841
19.23,6,35.464,5.444,26.546,5.0,119.007,94.59100000000001,83.309,35.3,73.708,60.726000000000006,15.0,92.9,89.993,812.6,15.0,93.5,89.8,5.0,28.320999999999998,5.0,5.0,54.006
19.25,6,35.711,5.443,26.528000000000002,5.0,119.059,94.562,83.255,35.3,73.53,60.758,15.0,92.9,89.99600000000001,812.6,15.0,93.5,89.8,5.0,28.415,5.0,5.0,54.114
19.27,6,35.652,5.444,26.328000000000003,5.0,118.902,94.59100000000001,83.187,35.3,73.354,60.777,15.0,92.9,89.998,812.6,15.0,93.5,89.8,5.0,28.636999999999997,5.0,5.0,54.265
19.29,6,35.709,5.445,26.397,5.0,118.84899999999999,94.767,83.149,35.3,73.199,60.787,15.0,92.9,89.999,812.6,15.0,93.5,89.8,5.0,28.730999999999998,5.0,5.0,54.417
19.31,6,35.503,5.444,26.269000000000002,5.0,118.954,94.82600000000001,83.128,35.3,73.018,60.793,15.0,92.9,89.999,812.6,15.0,93.5,89.8,5.0,28.851,5.0,5.0,54.56399999999999
19.33,6,35.998000000000005,5.446,26.308000000000003,5.0,118.744,94.855,83.116,35.3,72.87899999999999,60.79600000000001,15.0,92.9,90.0,812.6,15.0,93.5,89.8,5.0,28.778000000000002,5.0,5.0,54.711000000000006
19.35,6,35.36,5.444,26.403000000000002,5.0,118.93700000000001,94.855,83.109,35.3,72.68199999999999,60.798,15.0,92.9,90.0,812.6,15.0,93.5,89.8,5.0,28.728,5.0,5.0,54.871
19.37,6,35.579,5.444,26.355,5.0,118.639,94.47399999999999,83.105,35.3,72.515,60.799,15.0,92.9,90.0,812.6,15.0,93.5,89.8,5.0,28.686999999999998,5.0,5.0,55.02
19.39,6,35.9,5.446,26.358,5.0,118.568,94.767,83.015,35.3,72.327,60.868,15.0,92.9,90.0,812.6,15.0,93.5,89.8,5.0,28.725,5.0,5.0,55.17100000000001
19.41,6,35.412,5.445,26.073,5.0,118.656,94.767,82.965,35.3,72.184,60.926,15.0,92.9,90.0,812.6,15.0,93.5,89.8,5.0,28.74,5.0,5.0,55.318000000000005
19.43,6,35.363,5.445,26.178,5.0,118.48,94.47399999999999,82.936,35.3,72.00999999999999,60.958,15.0,92.9,90.0,812.6,15.0,93.5,89.8,5.0,28.846999999999998,5.0,5.0,55.49100000000001
19.45,6,35.260000000000005,5.446,26.15,5.0,118.445,94.709,82.921,35.3,71.83,60.977,15.0,92.9,90.0,812.6,15.0,93.5,89.8,5.0,28.759,5.0,5.0,55.665
19.47,6,35.273,5.444,26.107,5.0,118.515,94.738,82.91199999999999,35.3,71.655,60.986999999999995,15.0,92.9,90.0,812.6,15.0,93.5,89.8,5.0,28.8,5.0,5.0,55.841
19.49,6,35.301,5.445,26.061,5.0,118.41,94.82600000000001,82.906,35.3,71.499,60.993,15.0,92.9,90.0,812.6,15.0,93.5,89.8,5.0,28.826,5.0,5.0,55.986000000000004
19.51,6,35.35,5.445,25.97,5.0,118.39200000000001,94.503,82.829,35.3,71.31800000000001,60.996,15.0,92.9,90.0,812.6,15.0,93.5,89.8,5.0,28.84,5.0,5.0,56.138999999999996
19.53,6,34.94199999999999,5.444,26.176,5.0,118.25,95.17399999999999,82.729,35.3,71.179,60.998000000000005,15.0,92.9,90.0,812.6,15.0,93.5,89.8,5.0,28.879,5.0,5.0,56.323
19.55,6,35.254000000000005,5.444,25.798000000000002,5.0,118.162,94.385,82.672,35.3,71.007,60.998999999999995,15.0,92.9,90.0,812.6,15.0,93.5,89.8,5.0,28.958000000000002,5.0,5.0,56.461999999999996
19.57,6,34.881,5.446,25.884,5.0,118.162,94.59100000000001,82.641,35.3,70.829,61.068000000000005,15.0,92.9,90.0,812.6,15.0,93.5,89.8,5.0,28.916,5.0,5.0,56.63399999999999
19.59,6,34.773,5.444,25.967,5.0,118.25,94.767,82.623,35.3,70.654,61.126000000000005,15.0,92.9,90.0,812.6,15.0,93.5,89.8,5.0,28.845,5.0,5.0,56.805
19.61,6,35.239000000000004,5.445,25.822,5.0,117.96600000000001,94.562,82.613,35.3,70.499,61.158,15.0,92.9,90.0,812.6,15.0,93.5,89.8,5.0,28.858,5.0,5.0,56.967
19.63,6,34.8,5.444,25.869,5.0,118.037,94.796,82.607,35.3,70.33699999999999,61.177,15.0,92.9,90.0,812.6,15.0,93.5,89.8,5.0,28.891,5.0,5.0,57.126999999999995
19.65,6,34.806,5.445,25.609,5.0,117.895,94.82600000000001,82.554,35.3,70.19,61.187,15.0,92.9,90.0,812.6,15.0,93.5,89.8,5.0,28.987,5.0,5.0,57.3
19.67,6,34.304,5.445,25.858,5.0,117.913,94.738,82.487,35.3,70.013,61.193000000000005,15.0,92.9,90.0,812.6,15.0,93.5,89.8,5.0,28.744,5.0,5.0,57.458999999999996
19.69,6,34.59,5.444,26.013,5.0,117.734,94.62100000000001,82.449,35.3,69.876,61.196000000000005,15.0,92.9,90.0,812.6,15.0,93.5,89.8,5.0,28.914,5.0,5.0,57.631
19.71,6,34.108000000000004,5.446,25.791,5.0,117.788,94.942,82.42699999999999,35.3,69.68,61.198,15.0,92.9,90.0,812.6,15.0,93.5,89.8,5.0,28.866,5.0,5.0,57.778
19.73,6,34.638000000000005,5.445,25.58,5.0,117.734,94.562,82.415,35.3,69.514,61.199,15.0,92.9,90.0,812.6,15.0,93.5,89.8,5.0,28.979,5.0,5.0,57.948
19.75,6,34.166,5.446,25.789,5.0,117.662,94.679,82.40899999999999,35.3,69.345,61.268,15.0,92.9,90.0,812.6,15.0,93.5,89.8,5.0,28.894000000000002,5.0,5.0,58.117
19.77,6,34.480000000000004,5.445,25.845,5.0,117.51899999999999,94.47399999999999,82.405,35.3,69.19399999999999,61.326,15.0,92.9,90.0,812.6,15.0,93.5,89.8,5.0,28.843000000000004,5.0,5.0,58.318999999999996
19.79,6,34.257,5.446,25.596999999999998,5.0,117.51899999999999,94.855,82.315,35.3,69.016,61.358000000000004,15.0,92.9,90.0,812.6,15.0,93.5,89.8,5.0,28.831999999999997,5.0,5.0,58.467
19.81,6,34.236000000000004,5.446,25.513,5.0,117.447,94.385,82.265,35.3,68.877,61.376999999999995,15.0,92.9,90.0,812.6,15.0,93.5,89.8,5.0,28.85,5.0,5.0,58.653
19.83,6,34.124,5.448,25.576,5.0,117.321,94.884,82.236,35.3,68.706,61.387,15.0,92.9,90.0,812.6,15.0,93.5,89.8,5.0,28.736,5.0,5.0,58.835
19.85,6,34.03,5.448,25.72,5.0,117.303,94.679,82.221,35.3,68.52799999999999,61.393,15.0,92.9,90.0,812.6,15.0,93.5,89.8,5.0,28.789,5.0,5.0,58.978
19.87,6,34.419,5.445,25.47,5.0,117.321,94.59100000000001,82.212,35.3,68.35300000000001,61.396,15.0,92.9,90.0,812.6,15.0,93.587,89.8,5.0,28.854,5.0,5.0,59.146
19.89,6,34.282,5.445,25.521,5.0,117.176,94.679,82.206,35.3,68.199,61.398,15.0,92.9,90.0,812.6,15.0,93.637,89.8,5.0,28.888,5.0,5.0,59.315
19.91,6,34.057,5.446,25.372,5.0,117.213,94.738,82.204,35.3,68.018,61.398999999999994,15.0,92.987,90.0,812.6,15.0,93.664,89.8,5.0,28.903000000000002,5.0,5.0,59.49
19.93,6,33.840999999999994,5.445,25.781,5.0,117.15799999999999,94.533,82.152,35.3,67.87899999999999,61.468,15.0,93.03699999999999,90.0,812.6,15.0,93.68,89.8,5.0,28.979,5.0,5.0,59.683
19.95,6,33.745999999999995,5.446,25.660999999999998,5.0,116.977,94.533,82.086,35.3,67.726,61.526,15.0,93.064,90.0,812.6,15.0,93.689,89.8,5.0,28.936,5.0,5.0,59.827
19.97,6,33.758,5.445,25.288,5.0,116.959,94.533,82.048,35.3,67.583,61.558,15.0,93.08,90.0,812.6,15.0,93.694,89.8,5.0,28.717,5.0,5.0,60.028999999999996
19.99,6,33.303,5.444,25.429000000000002,5.0,116.977,94.942,82.027,35.3,67.40899999999999,61.577,15.0,93.089,90.0,812.6,15.0,93.696,89.8,5.0,28.822,5.0,5.0,60.184
20.01,6,33.835,5.445,25.389,5.0,117.01299999999999,94.562,82.015,35.3,67.274,61.586999999999996,15.0,93.094,90.0,812.6,15.0,93.69800000000001,89.8,5.0,28.721999999999998,5.0,5.0,60.387
20.03,6,33.819,5.458,25.329,5.0,116.868,94.444,82.009,35.3,67.104,61.593,15.0,93.096,90.0,812.6,15.0,93.699,89.8,5.0,28.939,5.0,5.0,60.571000000000005
20.05,6,33.768,5.447,25.12,5.0,116.81299999999999,94.415,82.005,35.3,66.92699999999999,61.596000000000004,15.0,93.098,90.0,812.6,15.0,93.699,89.8,5.0,28.816999999999997,5.0,5.0,60.728
20.07,6,33.426,5.445,25.34,5.0,116.777,94.562,81.953,35.3,66.77799999999999,61.598,15.0,93.09899999999999,90.0,812.6,15.0,93.7,89.8,5.0,28.858,5.0,5.0,60.905
20.09,6,33.33,5.459,25.362000000000002,5.0,116.759,94.709,81.88600000000001,35.3,66.613,61.667,15.0,93.09899999999999,90.0,812.6,15.0,93.7,89.8,5.0,28.796,5.0,5.0,61.077
20.11,6,32.815,5.482,25.234,5.0,116.667,94.796,81.848,35.3,66.47,61.725,15.0,93.1,90.0,812.6,15.0,93.7,89.8,5.0,28.886,5.0,5.0,61.271
20.13,6,32.937,5.447,25.347,5.0,116.649,94.533,81.827,35.3,66.30799999999999,61.758,15.0,93.1,90.0,812.6,15.0,93.7,89.8,5.0,28.808000000000003,5.0,5.0,61.431000000000004
20.15,6,33.015,5.446,25.266,5.0,116.704,94.738,81.815,35.3,66.167,61.776,15.0,93.1,90.0,812.6,15.0,93.7,89.8,5.0,28.836,5.0,5.0,61.578
20.17,6,32.995000000000005,5.447,25.232,5.0,116.521,94.415,81.809,35.3,66.006,61.787,15.0,93.1,90.0,812.6,15.0,93.7,89.8,5.0,28.874000000000002,5.0,5.0,61.778999999999996
20.19,6,33.17,5.447,25.067999999999998,5.0,116.539,94.35600000000001,81.805,35.3,65.86600000000001,61.793,15.0,93.1,90.0,812.6,15.0,93.7,89.8,5.0,28.734,5.0,5.0,61.948
20.21,6,33.230000000000004,5.447,25.160999999999998,5.0,116.55799999999999,94.503,81.803,35.3,65.706,61.79600000000001,15.0,93.1,90.0,812.6,15.0,93.7,89.8,5.0,28.703000000000003,5.0,5.0,62.097
20.23,6,33.019000000000005,5.447,24.922,5.0,116.301,94.62100000000001,81.752,35.3,65.566,61.798,15.0,93.1,90.0,812.6,15.0,93.7,89.8,5.0,28.662,5.0,5.0,62.275
20.25,6,32.997,5.445,25.095,5.0,116.28200000000001,94.65,81.685,35.3,65.406,61.799,15.0,93.1,90.0,812.6,15.0,93.7,89.8,5.0,28.684,5.0,5.0,62.473
20.27,6,32.781,5.508,25.192999999999998,5.0,116.39299999999999,94.796,81.648,35.3,65.291,61.887,15.0,93.1,90.0,812.6,15.0,93.7,89.8,5.0,28.631,5.0,5.0,62.632
20.29,6,32.838,5.448,25.034000000000002,5.0,116.209,94.32600000000001,81.627,35.3,65.16399999999999,61.93600000000001,15.0,93.1,90.0,812.6,15.0,93.7,89.8,5.0,28.531,5.0,5.0,62.798
20.31,6,32.587,5.445,24.984,5.0,116.135,94.62100000000001,81.615,35.3,65.017,61.964,15.0,93.1,90.0,812.6,15.0,93.7,89.8,5.0,28.48,5.0,5.0,62.97
20.33,6,32.689,5.446,24.967,5.0,116.135,94.444,81.609,35.3,64.878,61.98,15.0,93.1,90.0,812.6,15.0,93.7,89.8,5.0,28.581999999999997,5.0,5.0,63.143
20.35,6,32.72,5.447,25.03,5.0,116.116,94.65,81.605,35.3,64.75,61.989,15.0,93.1,90.0,812.6,15.0,93.7,89.8,5.0,28.587,5.0,5.0,63.327
20.37,6,32.489999999999995,5.477,24.822,5.0,116.061,94.503,81.60300000000001,35.3,64.59700000000001,61.994,15.0,93.1,90.0,812.6,15.0,93.7,89.8,5.0,28.528000000000002,5.0,5.0,63.508
20.39,6,32.186,5.452,25.062,5.0,115.98700000000001,94.884,81.602,35.3,64.46100000000001,61.996,15.0,93.1,90.0,812.6,15.0,93.7,89.8,5.0,28.64,5.0,5.0,63.683
20.41,6,32.607,5.444,24.781,5.0,115.89399999999999,94.415,81.551,35.3,64.34700000000001,61.998000000000005,15.0,93.1,90.0,812.6,15.0,93.7,89.8,5.0,28.686,5.0,5.0,63.854
20.43,6,32.523,5.445,24.971,5.0,115.764,94.679,81.485,35.3,64.233,62.068000000000005,15.0,93.1,90.0,812.6,15.0,93.7,89.8,5.0,28.658,5.0,5.0,64.011
20.45,6,32.181,5.503,24.95,5.0,115.82,94.385,81.44800000000001,35.3,64.08699999999999,62.126000000000005,15.0,93.1,90.0,812.6,15.0,93.7,89.8,5.0,28.636,5.0,5.0,64.22399999999999
20.47,6,32.2,5.45,24.87,5.0,115.74600000000001,94.65,81.42699999999999,35.3,63.955,62.158,15.0,93.1,90.0,812.6,15.0,93.7,89.8,5.0,28.643,5.0,5.0,64.39500000000001
20.49,6,32.171,5.447,24.762999999999998,5.0,115.65299999999999,94.444,81.415,35.3,63.843999999999994,62.176,15.0,93.1,90.0,812.6,15.0,93.7,89.8,5.0,28.708000000000002,5.0,5.0,64.582
20.51,6,32.372,5.448,24.649,5.0,115.708,94.562,81.408,35.3,63.687,62.187,15.0,93.1,90.0,812.6,15.0,93.7,89.8,5.0,28.649,5.0,5.0,64.726
20.53,6,31.430999999999997,5.447,24.81,5.0,115.69,94.385,81.405,35.3,63.56100000000001,62.193000000000005,15.0,93.1,90.0,812.6,15.0,93.7,89.8,5.0,28.594,5.0,5.0,64.92
20.55,6,31.842,5.446,24.725,5.0,115.46600000000001,94.178,81.403,35.3,63.441,62.196000000000005,15.0,93.1,90.0,812.6,15.0,93.7,89.8,5.0,28.596,5.0,5.0,65.112
20.57,6,31.439,5.449,24.589000000000002,5.0,115.65299999999999,94.679,81.402,35.3,63.335,62.198,15.0,93.1,90.0,812.6,15.0,93.7,89.8,5.0,28.469,5.0,5.0,65.267
20.59,6,31.85,5.449,24.665,5.0,115.559,94.47399999999999,81.40100000000001,35.3,63.201,62.266999999999996,15.0,93.1,90.0,812.6,15.0,93.7,89.8,5.0,28.625,5.0,5.0,65.436
20.61,6,31.671,5.509,24.71,5.0,115.391,94.385,81.35,35.3,63.068999999999996,62.325,15.0,93.1,90.0,812.6,15.0,93.7,89.8,5.0,28.660999999999998,5.0,5.0,65.602
20.63,6,31.506999999999998,5.448,24.745,5.0,115.335,94.62100000000001,81.285,35.3,62.92,62.358000000000004,15.0,93.1,90.0,812.6,15.0,93.7,89.8,5.0,28.666,5.0,5.0,65.77799999999999
20.65,6,31.622,5.448,24.617,5.0,115.353,94.47399999999999,81.248,35.3,62.78,62.376000000000005,15.0,93.1,90.0,812.6,15.0,93.7,89.8,5.0,28.656999999999996,5.0,5.0,65.949
20.67,6,31.641,5.448,24.562,5.0,115.259,94.503,81.227,35.3,62.651,62.387,15.0,93.1,90.0,812.6,15.0,93.7,89.8,5.0,28.668000000000003,5.0,5.0,66.12
20.69,6,31.653000000000002,5.453,24.515,5.0,115.29700000000001,94.444,81.215,35.3,62.541000000000004,62.393,15.0,93.1,90.0,812.6,15.0,93.7,89.8,5.0,28.683000000000003,5.0,5.0,66.30799999999999
20.71,6,31.372,5.458,24.427,5.0,115.241,94.444,81.208,35.3,62.43,62.396,15.0,93.1,90.0,812.6,15.0,93.7,89.8,5.0,28.636999999999997,5.0,5.0,66.47200000000001
20.73,6,31.371,5.448,24.402,5.0,115.165,94.385,81.205,35.3,62.32899999999999,62.398,15.0,93.1,90.0,812.6,15.0,93.7,89.8,5.0,28.549,5.0,5.0,66.65
20.75,6,31.469,5.476,24.435,5.0,115.241,94.503,81.203,35.3,62.198,62.424,15.0,93.1,90.0,812.6,15.0,93.7,89.8,5.0,28.575,5.0,5.0,66.814
20.77,6,31.381999999999998,5.446,24.346,5.0,114.958,94.533,81.202,35.3,62.067,62.457,15.0,93.1,90.0,812.6,15.0,93.7,89.85,5.0,28.544,5.0,5.0,67.02199999999999
20.79,6,31.361,5.446,24.448,5.0,114.92,94.562,81.20100000000001,35.3,61.919,62.476000000000006,15.0,93.1,90.0,812.6,15.0,93.7,89.916,5.0,28.555,5.0,5.0,67.179
20.81,6,31.47,5.446,24.291,5.0,114.977,94.65,81.069,35.3,61.78,62.486000000000004,15.0,93.1,90.0,812.6,15.0,93.7,89.953,5.0,28.543000000000003,5.0,5.0,67.369
20.83,6,31.04,5.45,24.387,5.0,114.939,94.208,80.995,35.3,61.651,62.492,15.0,93.1,90.0,812.6,15.0,93.7,89.973,5.0,28.64,5.0,5.0,67.52600000000001
20.85,6,31.193,5.448,24.338,5.0,114.92,94.709,80.954,35.3,61.497,62.496,15.0,93.1,90.0,812.6,15.0,93.7,89.985,5.0,28.503,5.0,5.0,67.718
20.87,6,31.163,5.448,24.255,5.0,114.90100000000001,94.444,80.93,35.3,61.361000000000004,62.498000000000005,15.0,93.1,90.0,812.6,15.0,93.7,89.992,5.0,28.525,5.0,5.0,67.90100000000001
20.89,6,30.936,5.447,24.166,5.0,114.73,94.32600000000001,80.917,35.3,61.247,62.498999999999995,15.0,93.1,90.0,812.6,15.0,93.7,89.995,5.0,28.616999999999997,5.0,5.0,68.083
20.91,6,31.034000000000002,5.447,24.172,5.0,114.635,94.297,80.91,35.3,61.108000000000004,62.568000000000005,15.0,93.1,90.0,812.6,15.0,93.7,89.997,5.0,28.678,5.0,5.0,68.229
20.93,6,31.22,5.449,23.974,5.0,114.711,94.767,80.905,35.3,60.973,62.626000000000005,15.0,93.1,90.0,812.6,15.0,93.7,89.999,5.0,28.726999999999997,5.0,5.0,68.41300000000001
20.95,6,30.971999999999998,5.448,24.132,5.0,114.54,94.796,80.903,35.3,60.847,62.658,15.0,93.1,90.0,812.6,15.0,93.7,89.999,5.0,28.706999999999997,5.0,5.0,68.60499999999999
20.97,6,30.925,5.449,24.177,5.0,114.616,94.679,80.902,35.3,60.695,62.677,15.0,93.1,90.0,812.6,15.0,93.7,90.0,5.0,28.753,5.0,5.0,68.782
20.99,6,30.971,5.45,24.13,5.0,114.444,94.533,80.90100000000001,35.3,60.535,62.687,15.0,93.1,90.0,812.6,15.0,93.7,90.0,5.0,28.675,5.0,5.0,68.95
21.01,6,30.383000000000003,5.449,24.083,5.0,114.50200000000001,94.65,80.90100000000001,35.3,60.388000000000005,62.693000000000005,15.0,93.1,90.0,812.6,15.0,93.7,90.0,5.0,28.646,5.0,5.0,69.111
21.03,6,30.77,5.449,24.13,5.0,114.33,94.65,80.813,35.3,60.256,62.696000000000005,15.0,93.1,90.0,812.6,15.0,93.7,90.0,5.0,28.775,5.0,5.0,69.297
21.05,6,30.561999999999998,5.498,23.992,5.0,114.31,94.884,80.763,35.3,60.1,62.698,15.0,93.1,90.0,812.6,15.0,93.7,90.0,5.0,28.816,5.0,5.0,69.473
21.07,6,30.982,5.453,24.018,5.0,114.34899999999999,94.47399999999999,80.736,35.3,59.963,62.766999999999996,15.0,93.1,90.0,812.6,15.0,93.7,90.0,5.0,28.750999999999998,5.0,5.0,69.65
21.09,6,30.711,5.522,24.029,5.0,114.234,94.533,80.72,35.3,59.848,62.825,15.0,93.1,90.0,812.6,15.0,93.7,90.0,5.0,28.72,5.0,5.0,69.82300000000001
21.11,6,30.843000000000004,5.452,23.866,5.0,114.34899999999999,94.562,80.711,35.3,59.708,62.858000000000004,15.0,93.1,90.0,812.6,15.0,93.7,90.0,5.0,28.669,5.0,5.0,70.005
21.13,6,30.447,5.45,24.097,5.0,114.118,94.385,80.706,35.3,59.573,62.876000000000005,15.0,93.1,90.0,812.6,15.0,93.7,90.0,5.0,28.644000000000002,5.0,5.0,70.178
21.15,6,30.45,5.45,23.699,5.0,114.09899999999999,94.47399999999999,80.704,35.3,59.446999999999996,62.887,15.0,93.1,90.0,812.6,15.0,93.7,90.0,5.0,28.576999999999998,5.0,5.0,70.361
21.17,6,30.081999999999997,5.449,23.623,5.0,114.176,94.47399999999999,80.702,35.3,59.339,62.893,15.0,93.1,90.0,812.6,15.0,93.7,90.0,5.0,28.75,5.0,5.0,70.537
21.19,6,30.293000000000003,5.493,23.715,5.0,114.00299999999999,94.59100000000001,80.70100000000001,35.3,59.203,62.896,15.0,93.1,90.0,812.6,15.0,93.7,90.0,5.0,28.689,5.0,5.0,70.72399999999999
21.21,6,30.035999999999998,5.451,23.680999999999997,5.0,114.09899999999999,94.62100000000001,80.70100000000001,35.3,59.071000000000005,62.898,15.0,93.1,90.0,812.6,15.0,93.7,90.0,5.0,28.725,5.0,5.0,70.88300000000001
21.23,6,30.311999999999998,5.461,23.574,5.0,113.98299999999999,94.796,80.7,35.3,58.946000000000005,62.967,15.0,93.1,90.0,812.6,15.0,93.7,90.0,5.0,28.77,5.0,5.0,71.054
21.25,6,29.808000000000003,5.451,23.564,5.0,113.964,94.884,80.7,35.3,58.838,63.025,15.0,93.1,90.0,812.6,15.0,93.7,90.0,5.0,28.929000000000002,5.0,5.0,71.232
21.27,6,29.9,5.518,23.616,5.0,113.98299999999999,94.738,80.65,35.3,58.728,63.058,15.0,93.1,90.0,812.6,15.0,93.7,90.0,5.0,28.846,5.0,5.0,71.41300000000001
21.29,6,29.908,5.469,23.68,5.0,113.926,94.709,80.584,35.3,58.583999999999996,63.076,15.0,93.1,90.0,812.6,15.0,93.7,90.0,5.0,28.755,5.0,5.0,71.58600000000001
21.31,6,30.015,5.45,23.574,5.0,113.848,94.59100000000001,80.548,35.3,58.428999999999995,63.086999999999996,15.0,93.1,90.0,812.6,15.0,93.7,90.0,5.0,28.713,5.0,5.0,71.75399999999999
21.33,6,29.576,5.478,23.312,5.0,113.906,94.679,80.527,35.3,58.285,63.093,15.0,93.1,90.0,812.6,15.0,93.7,90.0,5.0,28.851999999999997,5.0,5.0,71.93199999999999
21.35,6,29.866999999999997,5.46,23.533,5.0,113.67399999999999,94.533,80.515,35.3,58.153999999999996,63.096000000000004,15.0,93.1,90.0,812.6,15.0,93.7,90.0,5.0,28.883000000000003,5.0,5.0,72.107
21.37,6,29.862,5.45,23.533,5.0,113.771,94.709,80.508,35.3,57.998999999999995,63.098,15.0,93.1,90.0,812.6,15.0,93.7,90.0,5.0,28.81,5.0,5.0,72.291
21.39,6,29.405,5.448,23.521,5.0,113.635,94.942,80.505,35.3,57.861999999999995,63.18600000000001,15.0,93.1,90.0,812.6,15.0,93.7,90.0,5.0,28.845,5.0,5.0,72.47200000000001
21.41,6,29.249000000000002,5.452,23.434,5.0,113.537,94.47399999999999,80.503,35.3,57.747,63.236000000000004,15.0,93.1,90.0,812.6,15.0,93.7,90.0,5.0,29.059,5.0,5.0,72.66300000000001
21.43,6,30.029,5.452,23.33,5.0,113.51799999999999,94.709,80.501,35.3,57.633,63.263999999999996,15.0,93.1,90.0,812.6,15.0,93.7,90.0,5.0,29.063000000000002,5.0,5.0,72.829
21.45,6,29.372,5.451,23.439,5.0,113.57600000000001,94.444,80.501,35.3,57.486999999999995,63.28,15.0,93.1,90.0,812.6,15.0,93.7,90.0,5.0,28.888,5.0,5.0,73.018
21.47,6,29.471999999999998,5.452,23.389,5.0,113.49799999999999,94.59100000000001,80.5,35.3,57.38,63.288999999999994,15.0,93.1,90.0,812.6,15.0,93.7,90.0,5.0,28.752,5.0,5.0,73.186
21.49,6,29.416,5.46,23.484,5.0,113.303,94.971,80.5,35.3,57.258,63.294,15.0,93.1,90.0,812.6,15.0,93.7,90.0,5.0,28.761999999999997,5.0,5.0,73.361
21.51,6,29.741999999999997,5.449,23.177,5.0,113.42,94.65,80.5,35.3,57.138999999999996,63.29600000000001,15.0,93.1,90.0,812.6,15.0,93.7,90.0,5.0,28.74,5.0,5.0,73.524
21.53,6,29.006,5.511,23.518,5.0,113.36200000000001,94.65,80.5,35.3,57.034,63.298,15.0,93.1,90.0,812.6,15.0,93.7,90.0,5.0,28.638,5.0,5.0,73.71199999999999
21.55,6,29.264,5.481,23.334,5.0,113.303,94.767,80.5,35.3,56.926,63.349,15.0,93.1,90.0,812.6,15.0,93.7,90.0,5.0,28.63,5.0,5.0,73.881
21.57,6,28.813000000000002,5.451,23.254,5.0,113.244,94.82600000000001,80.5,35.3,56.783,63.415,15.0,93.1,90.0,812.6,15.0,93.7,90.0,5.0,28.666999999999998,5.0,5.0,74.07
21.59,6,28.91,5.45,23.199,5.0,113.166,94.62100000000001,80.45,35.3,56.678000000000004,63.452,15.0,93.1,90.0,812.6,15.0,93.7,90.0,5.0,28.5,5.0,5.0,74.26100000000001
21.61,6,29.105,5.452,23.237000000000002,5.0,113.166,94.82600000000001,80.384,35.3,56.556000000000004,63.473,15.0,93.1,90.0,812.6,15.0,93.7,90.0,5.0,28.541,5.0,5.0,74.435
21.63,6,28.906,5.505,23.402,5.0,113.146,94.913,80.347,35.3,56.438,63.485,15.0,93.1,90.0,812.6,15.0,93.7,90.0,5.0,28.636,5.0,5.0,74.62
21.65,6,29.055,5.454,23.03,5.0,113.008,95.0,80.327,35.3,56.333999999999996,63.49100000000001,15.0,93.1,90.0,812.6,15.0,93.7,90.0,5.0,28.63,5.0,5.0,74.783
21.67,6,28.976999999999997,5.452,23.114,5.0,113.02799999999999,94.82600000000001,80.315,35.3,56.225,63.495,15.0,93.1,90.0,812.6,15.0,93.7,90.0,5.0,28.677,5.0,5.0,74.968
21.69,6,28.905,5.452,22.922,5.0,112.98899999999999,94.855,80.308,35.3,56.126999999999995,63.497,15.0,93.1,90.0,812.6,15.0,93.7,90.0,5.0,28.711,5.0,5.0,75.15899999999999
21.71,6,28.941999999999997,5.451,23.09,5.0,112.811,94.533,80.305,35.3,56.021,63.567,15.0,93.1,90.0,812.6,15.0,93.7,90.0,5.0,28.680999999999997,5.0,5.0,75.337
21.73,6,28.643,5.451,22.965,5.0,112.87,94.913,80.303,35.3,55.924,63.625,15.0,93.1,90.0,812.6,15.0,93.7,90.0,5.0,28.64,5.0,5.0,75.51899999999999
21.75,6,28.971999999999998,5.452,23.053,5.0,112.98899999999999,94.709,80.301,35.3,55.82,63.658,15.0,93.1,90.0,812.6,15.0,93.7,90.0,5.0,28.561,5.0,5.0,75.705
21.77,6,28.754,5.45,22.908,5.0,112.73200000000001,94.47399999999999,80.301,35.3,55.68,63.676,15.0,93.1,90.0,812.6,15.0,93.7,90.0,5.0,28.401999999999997,5.0,5.0,75.889
21.79,6,28.529,5.451,22.797,5.0,112.811,94.444,80.3,35.3,55.576,63.687,15.0,93.1,90.0,812.6,15.0,93.7,90.0,5.0,28.320999999999998,5.0,5.0,76.058
21.81,6,28.418000000000003,5.451,22.872,5.0,112.712,94.738,80.3,35.3,55.455,63.693000000000005,15.0,93.1,90.0,812.6,15.0,93.7,90.0,5.0,28.362,5.0,5.0,76.268
21.83,6,28.711,5.452,22.715,5.0,112.652,94.62100000000001,80.3,35.3,55.387,63.696000000000005,15.0,93.1,90.0,812.6,15.0,93.7,90.0,5.0,28.392,5.0,5.0,76.42699999999999
21.85,6,28.261999999999997,5.451,22.738,5.0,112.712,94.767,80.3,35.3,55.305,63.698,15.0,93.1,90.0,812.6,15.0,93.7,90.0,5.0,28.451,5.0,5.0,76.612
21.87,6,28.166999999999998,5.523,22.845,5.0,112.553,94.855,80.3,35.3,55.234,63.748999999999995,15.0,93.1,90.0,812.6,15.0,93.7,90.0,5.0,28.576,5.0,5.0,76.768
21.89,6,28.323,5.455,22.567,5.0,112.59299999999999,94.796,80.25,35.3,55.132,63.815,15.0,93.1,90.0,812.6,15.0,93.7,90.0,5.0,28.590999999999998,5.0,5.0,76.94800000000001
21.91,6,28.249000000000002,5.499,22.730999999999998,5.0,112.553,94.796,80.184,35.3,55.049,63.852,15.0,93.1,90.0,812.6,15.0,93.7,90.0,5.0,28.698,5.0,5.0,77.131
21.93,6,28.432,5.453,22.801,5.0,112.473,95.058,80.14699999999999,35.3,54.94,63.873000000000005,15.0,93.1,90.0,812.6,15.0,93.7,90.0,5.0,28.74,5.0,5.0,77.295
21.95,6,28.471999999999998,5.453,22.815,5.0,112.53299999999999,94.679,80.127,35.3,54.854,63.885,15.0,93.1,90.0,812.6,15.0,93.7,90.0,5.0,28.728,5.0,5.0,77.458
21.97,6,28.057,5.453,22.793,5.0,112.39299999999999,94.913,80.115,35.3,54.743,63.891000000000005,15.0,93.1,90.0,812.6,15.0,93.7,90.0,5.0,28.719,5.0,5.0,77.63
21.99,6,27.906999999999996,5.452,22.749000000000002,5.0,112.45299999999999,95.029,80.108,35.3,54.63,63.895,15.0,93.1,90.0,812.6,15.0,93.7,90.0,5.0,28.601999999999997,5.0,5.0,77.83
22.01,6,28.011999999999997,5.457,22.67,5.0,112.37299999999999,95.116,80.105,35.3,54.486,63.897,15.0,93.1,90.0,812.6,15.0,93.7,90.0,5.0,28.654,5.0,5.0,77.977
22.03,6,28.302,5.461,22.683,5.0,112.39299999999999,95.116,80.10300000000001,35.3,54.405,63.967,15.0,93.1,90.0,812.6,15.0,93.7,90.0,5.0,28.76,5.0,5.0,78.182
22.05,6,27.719,5.453,22.762999999999998,5.0,112.25299999999999,94.884,80.102,35.3,54.271,64.025,15.0,93.1,90.0,812.6,15.0,93.7,90.0,5.0,28.588,5.0,5.0,78.368
22.07,6,27.156,5.453,22.908,5.0,112.213,94.82600000000001,80.101,35.3,54.196,64.05799999999999,15.0,93.1,90.0,812.6,15.0,93.7,90.0,5.0,28.570999999999998,5.0,5.0,78.51899999999999
22.09,6,27.528000000000002,5.511,22.482,5.0,112.29299999999999,94.884,80.1,35.3,54.067,64.076,15.0,93.1,90.025,812.6,15.0,93.7,90.0,5.0,28.511999999999997,5.0,5.0,78.695
22.11,6,27.88,5.452,22.475,5.0,112.17299999999999,94.971,80.1,35.3,53.994,64.08699999999999,15.0,93.1,90.102,812.6,15.0,93.7,90.0,5.0,28.53,5.0,5.0,78.882
22.13,6,27.909000000000002,5.451,22.527,5.0,112.133,94.415,80.1,35.3,53.865,64.093,15.0,93.1,90.145,812.6,15.0,93.7,90.0,5.0,28.69,5.0,5.0,79.068
22.15,6,27.709,5.46,22.584,5.0,112.09299999999999,94.942,80.1,35.3,53.793,64.096,15.0,93.1,90.169,812.6,15.0,93.7,90.0,5.0,28.671,5.0,5.0,79.24600000000001
22.17,6,27.787,5.453,22.430999999999997,5.0,112.052,95.058,80.1,35.3,53.665,64.098,15.0,93.1,90.182,812.6,15.0,93.7,90.0,5.0,28.65,5.0,5.0,79.443
22.19,6,27.664,5.452,22.242,5.0,111.95200000000001,94.82600000000001,80.1,35.3,53.568000000000005,64.142,15.0,93.1,90.19,812.6,15.0,93.7,90.0,5.0,28.781999999999996,5.0,5.0,79.602
22.21,6,27.746,5.453,22.317,5.0,112.17299999999999,94.855,80.1,35.3,53.494,64.168,15.0,93.1,90.194,812.6,15.0,93.7,90.0,5.0,28.871,5.0,5.0,79.789
22.23,6,27.427,5.452,22.379,5.0,112.012,94.796,80.1,35.3,53.403,64.18199999999999,15.0,93.1,90.197,812.6,15.0,93.7,90.0,5.0,28.909000000000002,5.0,5.0,79.944
22.25,6,27.04,5.452,22.502,5.0,111.931,94.709,80.1,35.3,53.314,64.19,15.0,93.1,90.19800000000001,812.6,15.0,93.7,90.0,5.0,28.840999999999998,5.0,5.0,80.163
22.27,6,27.094,5.451,22.506,5.0,111.81,94.738,80.1,35.3,53.239000000000004,64.19399999999999,15.0,93.1,90.199,812.6,15.0,93.7,90.0,5.0,28.655,5.0,5.0,80.319
22.29,6,27.111,5.453,22.364,5.0,111.709,94.767,80.05,35.3,53.135,64.197,15.0,93.1,90.199,812.6,15.0,93.7,90.0,5.0,28.63,5.0,5.0,80.491
22.31,6,27.31,5.453,22.256,5.0,111.83,94.82600000000001,79.984,35.3,53.051,64.19800000000001,15.0,93.175,90.2,812.6,15.0,93.7,90.0,5.0,28.613000000000003,5.0,5.0,80.676
22.33,6,27.421999999999997,5.452,22.05,5.0,111.62799999999999,94.82600000000001,79.947,35.3,52.941,64.199,15.0,93.273,90.2,812.6,15.0,93.7,90.0,5.0,28.592,5.0,5.0,80.866
22.35,6,26.416999999999998,5.452,22.114,5.0,111.66799999999999,95.087,79.92699999999999,35.3,52.879,64.268,15.0,93.329,90.2,812.6,15.0,93.7,90.0,5.0,28.406999999999996,5.0,5.0,81.059
22.37,6,26.565,5.45,22.244,5.0,111.546,95.058,79.915,35.3,52.77,64.326,15.0,93.36,90.2,812.6,15.0,93.7,90.0,5.0,28.336,5.0,5.0,81.242
22.39,6,26.768,5.453,22.194000000000003,5.0,111.56700000000001,94.884,79.908,35.3,52.652,64.358,15.0,93.377,90.2,812.6,15.0,93.7,90.0,5.0,28.403000000000002,5.0,5.0,81.403
22.41,6,26.924,5.451,22.027,5.0,111.506,94.679,79.905,35.3,52.585,64.377,15.0,93.387,90.2,812.6,15.0,93.7,90.0,5.0,28.333000000000002,5.0,5.0,81.593
22.43,6,26.644000000000002,5.452,22.261,5.0,111.546,95.0,79.903,35.3,52.498000000000005,64.387,15.0,93.393,90.2,812.6,15.0,93.7,90.0,5.0,28.215,5.0,5.0,81.775
22.45,6,26.893,5.455,22.13,5.0,111.56700000000001,95.029,79.902,35.3,52.368,64.393,15.0,93.396,90.2,812.6,15.0,93.7,90.0,5.0,28.125999999999998,5.0,5.0,81.952
22.47,6,26.664,5.452,22.187,5.0,111.506,94.82600000000001,79.90100000000001,35.3,52.294000000000004,64.396,15.0,93.398,90.2,812.6,15.0,93.7,90.0,5.0,28.164,5.0,5.0,82.122
22.49,6,26.293000000000003,5.452,22.11,5.0,111.383,94.796,79.9,35.3,52.166,64.398,15.0,93.399,90.2,812.6,15.0,93.7,90.0,5.0,28.116999999999997,5.0,5.0,82.296
22.51,6,26.230999999999998,5.452,21.971,5.0,111.546,94.884,79.9,35.3,52.093,64.467,15.0,93.399,90.2,812.6,15.0,93.7,90.0,5.0,27.873,5.0,5.0,82.46300000000001
22.53,6,26.49,5.475,22.095,5.0,111.42399999999999,94.738,79.9,35.3,52.001999999999995,64.525,15.0,93.4,90.2,812.6,15.0,93.7,90.0,5.0,27.872,5.0,5.0,82.642
22.55,6,26.755,5.453,21.855,5.0,111.34200000000001,94.884,79.9,35.3,51.87,64.55799999999999,15.0,93.4,90.2,812.6,15.0,93.7,90.0,5.0,27.862,5.0,5.0,82.82
22.57,6,26.427,5.484,21.9,5.0,111.34200000000001,94.971,79.9,35.3,51.796,64.576,15.0,93.4,90.2,812.6,15.0,93.7,90.0,5.0,27.834,5.0,5.0,82.99600000000001
22.59,6,26.304000000000002,5.491,21.815,5.0,111.465,94.709,79.9,35.3,51.704,64.58699999999999,15.0,93.4,90.2,812.6,15.0,93.7,90.0,5.0,27.737,5.0,5.0,83.17
22.61,6,26.203000000000003,5.454,22.027,5.0,111.301,94.767,79.9,35.3,51.615,64.593,15.0,93.4,90.2,812.6,15.0,93.7,90.0,5.0,27.752,5.0,5.0,83.339
22.63,6,26.514,5.454,21.762,5.0,111.219,95.0,79.9,35.3,51.564,64.596,15.0,93.4,90.2,812.6,15.0,93.7,90.0,5.0,27.734,5.0,5.0,83.528
22.65,6,26.191,5.453,22.122,5.0,111.219,94.796,79.9,35.3,51.486,64.648,15.0,93.4,90.2,812.6,15.0,93.7,90.0,5.0,27.715999999999998,5.0,5.0,83.722
22.67,6,25.915,5.485,21.959,5.0,111.15799999999999,94.913,79.9,35.3,51.361,64.714,15.0,93.4,90.2,812.6,15.0,93.7,90.0,5.0,27.809,5.0,5.0,83.89
22.69,6,26.133000000000003,5.453,21.792,5.0,111.07600000000001,94.855,79.9,35.3,51.291,64.752,15.0,93.4,90.2,812.6,15.0,93.7,90.0,5.0,27.853,5.0,5.0,84.06
22.71,6,26.384,5.453,21.669,5.0,111.137,95.17399999999999,79.9,35.3,51.201,64.773,15.0,93.4,90.2,812.6,15.0,93.7,90.0,5.0,27.865,5.0,5.0,84.226
22.73,6,26.101,5.453,21.612000000000002,5.0,111.035,94.971,79.9,35.3,51.113,64.785,15.0,93.4,90.2,812.6,15.0,93.7,90.0,5.0,27.945,5.0,5.0,84.415
22.75,6,25.535999999999998,5.455,21.924,5.0,110.95200000000001,94.679,79.9,35.3,51.064,64.791,15.0,93.4,90.2,812.6,15.0,93.7,90.0,5.0,27.980999999999998,5.0,5.0,84.62
22.77,6,26.034000000000002,5.454,21.683,5.0,111.07600000000001,94.884,79.9,35.3,50.961,64.795,15.0,93.4,90.2,812.6,15.0,93.7,90.0,5.0,28.054000000000002,5.0,5.0,84.78399999999999
22.79,6,26.031,5.456,21.656,5.0,110.84899999999999,94.855,79.9,35.3,50.847,64.797,15.0,93.4,90.2,812.6,15.0,93.7,90.0,5.0,28.084,5.0,5.0,84.975
22.81,6,25.261,5.454,21.746,5.0,110.787,94.679,79.9,35.3,50.783,64.892,15.0,93.4,90.2,812.6,15.0,93.7,90.0,5.0,28.154,5.0,5.0,85.155
22.83,6,25.837,5.454,21.844,5.0,110.807,95.087,79.9,35.3,50.696,64.983,15.0,93.4,90.2,812.6,15.0,93.7,90.0,5.0,28.101,5.0,5.0,85.328
22.85,6,25.787,5.453,21.599,5.0,110.704,94.767,79.9,35.3,50.567,65.03399999999999,15.0,93.4,90.2,812.6,15.0,93.7,90.0,5.0,28.084,5.0,5.0,85.51100000000001
22.87,6,25.535,5.454,21.61,5.0,110.68299999999999,94.884,79.85,35.3,50.494,65.063,15.0,93.4,90.2,812.6,15.0,93.7,90.0,5.0,28.026,5.0,5.0,85.71600000000001
22.89,6,25.528000000000002,5.452,21.625999999999998,5.0,110.68299999999999,95.202,79.78399999999999,35.3,50.428000000000004,65.079,15.0,93.4,90.2,812.6,15.0,93.7,90.0,5.0,28.043000000000003,5.0,5.0,85.858
22.91,6,25.664,5.456,21.509,5.0,110.704,94.82600000000001,79.747,35.3,50.328,65.088,15.0,93.4,90.2,812.6,15.0,93.7,90.0,5.0,27.906,5.0,5.0,86.045
22.93,6,25.613000000000003,5.455,21.598,5.0,110.538,94.59100000000001,79.727,35.3,50.272,65.093,15.0,93.4,90.2,812.6,15.0,93.7,90.0,5.0,27.932,5.0,5.0,86.226
22.95,6,25.33,5.454,21.434,5.0,110.662,95.116,79.715,35.3,50.191,65.096,15.0,93.4,90.2,812.6,15.0,93.7,90.0,5.0,28.052,5.0,5.0,86.407
22.97,6,25.647,5.454,21.504,5.0,110.662,95.0,79.708,35.3,50.107,65.123,15.0,93.4,90.2,812.6,15.0,93.7,90.0,5.0,28.219,5.0,5.0,86.596
22.99,6,25.262,5.454,21.578,5.0,110.579,94.913,79.705,35.3,50.06,65.157,15.0,93.4,90.2,812.6,15.0,93.7,90.0,5.0,28.093000000000004,5.0,5.0,86.76899999999999
23.01,6,25.319000000000003,5.454,21.525,5.0,110.51700000000001,95.029,79.703,35.3,49.984,65.176,15.0,93.4,90.2,812.6,15.0,93.7,90.0,5.0,28.058000000000003,5.0,5.0,86.96
23.03,6,25.581999999999997,5.454,21.316,5.0,110.43299999999999,95.087,79.70100000000001,35.3,49.86,65.186,15.0,93.4,90.2,812.6,15.0,93.7,90.0,5.0,28.075,5.0,5.0,87.135
23.05,6,25.467,5.454,21.155,5.0,110.43299999999999,95.116,79.70100000000001,35.3,49.79,65.19200000000001,15.0,93.4,90.2,812.6,15.0,93.7,90.0,5.0,28.008000000000003,5.0,5.0,87.293
23.07,6,25.108,5.486,21.331,5.0,110.30799999999999,94.913,79.7,35.3,49.701,65.196,15.0,93.4,90.2,812.6,15.0,93.7,90.0,5.0,27.934,5.0,5.0,87.482
23.09,6,25.266,5.454,21.34,5.0,110.412,94.884,79.7,35.3,49.613,65.19800000000001,15.0,93.4,90.2,812.6,15.0,93.7,90.0,5.0,27.916999999999998,5.0,5.0,87.672
23.11,6,24.936,5.452,21.175,5.0,110.391,94.62100000000001,79.7,35.3,49.563,65.249,15.0,93.4,90.2,812.6,15.0,93.7,90.0,5.0,28.64,5.0,5.0,87.843
23.13,6,25.065,5.504,21.407,5.0,110.266,94.884,79.7,35.3,49.486,65.315,15.0,93.4,90.2,812.6,15.0,93.7,90.0,5.0,28.498,5.0,5.0,88.042
23.15,6,24.485,5.464,21.257,5.0,110.287,95.058,79.7,35.3,49.361,65.352,15.0,93.4,90.2,812.6,15.0,93.7,90.0,5.0,28.381,5.0,5.0,88.204
23.17,6,25.136,5.456,21.179000000000002,5.0,110.14,95.058,79.7,35.3,49.29,65.373,15.0,93.4,90.2,812.6,15.0,93.7,90.0,5.0,28.15,5.0,5.0,88.383
23.19,6,25.005,5.454,21.164,5.0,110.182,94.767,79.7,35.3,49.251,65.38499999999999,15.0,93.4,90.2,812.6,15.0,93.7,90.0,5.0,28.006999999999998,5.0,5.0,88.555
23.21,6,25.094,5.454,21.171,5.0,110.14,94.796,79.7,35.3,49.141,65.391,15.0,93.4,90.2,812.6,15.0,93.7,90.0,5.0,27.959,5.0,5.0,88.738
23.23,6,24.482,5.453,21.221,5.0,110.161,94.415,79.7,35.3,49.079,65.39500000000001,15.0,93.4,90.2,812.6,15.0,93.7,90.0,5.0,27.895,5.0,5.0,88.915
23.25,6,25.238,5.452,21.025,5.0,110.014,95.029,79.7,35.3,49.045,65.39699999999999,15.0,93.4,90.2,812.6,15.0,93.7,90.0,5.0,27.807,5.0,5.0,89.09100000000001
23.27,6,24.404,5.454,21.176,5.0,110.098,94.47399999999999,79.7,35.3,48.931,65.467,15.0,93.4,90.2,812.6,15.0,93.7,90.0,5.0,27.831,5.0,5.0,89.26100000000001
23.29,6,24.453,5.455,21.107,5.0,110.098,94.884,79.7,35.3,48.83,65.525,15.0,93.4,90.2,812.6,15.0,93.7,90.0,5.0,27.819000000000003,5.0,5.0,89.458
23.31,6,24.502,5.455,20.999000000000002,5.0,110.07700000000001,94.65,79.7,35.3,48.773,65.55799999999999,15.0,93.4,90.2,812.6,15.0,93.7,90.0,5.0,27.756999999999998,5.0,5.0,89.627
23.33,6,24.534000000000002,5.454,21.032,5.0,109.90799999999999,94.679,79.7,35.3,48.741,65.576,15.0,93.4,90.2,812.6,15.0,93.76899999999999,90.0,5.0,27.749000000000002,5.0,5.0,89.809
23.35,6,24.623,5.456,20.787,5.0,109.971,94.709,79.7,35.3,48.635999999999996,65.58699999999999,15.0,93.4,90.2,812.6,15.0,93.82600000000001,90.0,5.0,27.73,5.0,5.0,89.98899999999999
23.37,6,24.136,5.452,20.877000000000002,5.0,109.90799999999999,94.913,79.7,35.3,48.576,65.593,15.0,93.4,90.2,812.6,15.0,93.858,90.0,5.0,27.635,5.0,5.0,90.179
23.39,6,24.573,5.455,20.883,5.0,109.823,94.533,79.7,35.3,48.543,65.596,15.0,93.4,90.2,812.6,15.0,93.877,90.0,5.0,27.545,5.0,5.0,90.359
23.41,6,24.421,5.455,20.925,5.0,109.781,94.855,79.7,35.3,48.474000000000004,65.598,15.0,93.4,90.2,812.6,15.0,93.887,90.0,5.0,27.476,5.0,5.0,90.538
23.43,6,24.149,5.454,20.769,5.0,109.73899999999999,94.796,79.7,35.3,48.354,65.649,15.0,93.4,90.2,812.6,15.0,93.893,90.0,5.0,27.573,5.0,5.0,90.706
23.45,6,24.479,5.455,20.912,5.0,109.71700000000001,94.767,79.7,35.3,48.287,65.715,15.0,93.4,90.2,812.6,15.0,93.896,90.0,5.0,27.622,5.0,5.0,90.905
23.47,6,24.412,5.454,20.832,5.0,109.73899999999999,94.679,79.7,35.3,48.249,65.752,15.0,93.4,90.2,812.6,15.0,93.898,90.0,5.0,27.546999999999997,5.0,5.0,91.08
23.49,6,24.329,5.455,20.606,5.0,109.675,94.855,79.7,35.3,48.134,65.773,15.0,93.4,90.2,812.6,15.0,93.899,90.0,5.0,27.613000000000003,5.0,5.0,91.243
23.51,6,24.282,5.457,20.724,5.0,109.569,94.884,79.7,35.3,48.031,65.785,15.0,93.4,90.2,812.6,15.0,93.899,90.0,5.0,27.581999999999997,5.0,5.0,91.426
23.53,6,24.320999999999998,5.454,20.7,5.0,109.696,94.82600000000001,79.7,35.3,47.974000000000004,65.791,15.0,93.4,90.2,812.6,15.0,93.9,90.0,5.0,27.631,5.0,5.0,91.616
23.55,6,23.825,5.452,20.73,5.0,109.54700000000001,94.82600000000001,79.7,35.3,47.942,65.795,15.0,93.4,90.2,812.6,15.0,93.9,90.0,5.0,27.701,5.0,5.0,91.78699999999999
23.57,6,23.506,5.454,20.536,5.0,109.632,94.884,79.7,35.3,47.836,65.84700000000001,15.0,93.4,90.2,812.6,15.0,93.9,90.0,5.0,27.77,5.0,5.0,91.95700000000001
23.59,6,23.954,5.455,20.559,5.0,109.505,94.971,79.7,35.3,47.775999999999996,65.91399999999999,15.0,93.4,90.2,812.6,15.0,93.9,90.0,5.0,27.749000000000002,5.0,5.0,92.15
23.61,6,23.983,5.455,20.558,5.0,109.441,94.796,79.7,35.3,47.743,65.952,15.0,93.4,90.2,812.6,15.0,93.9,90.0,5.0,27.73,5.0,5.0,92.331
23.63,7,23.453,5.455,20.7,5.0,109.48299999999999,94.767,79.7,35.3,47.674,65.973,15.0,93.4,90.2,812.6,15.0,93.9,90.0,5.0,27.74,5.0,5.0,92.522
23.65,7,23.764,5.454,20.625999999999998,5.0,109.441,95.461,79.7,35.3,47.598,65.985,15.0,93.4,90.2,812.6,15.0,93.9,90.0,5.0,27.728,5.0,5.0,92.779
23.67,7,23.873,5.455,20.566,5.0,109.462,94.913,79.7,35.3,47.555,65.99100000000001,15.0,93.4,90.2,812.6,15.0,93.9,90.0,5.0,27.651,5.0,5.0,93.367
23.69,7,23.726,5.454,20.637,5.0,109.376,94.82600000000001,79.7,35.3,47.531,65.995,15.0,93.4,90.2,812.6,15.0,93.9,90.0,5.0,27.656999999999996,5.0,5.0,94.08
23.71,7,23.394000000000002,5.453,20.551,5.0,109.419,95.116,79.7,35.3,47.467,66.047,15.0,93.4,90.2,812.6,15.0,93.9,90.0,5.0,27.616,5.0,5.0,94.689
23.73,7,23.394000000000002,5.457,20.413,5.0,109.398,94.855,79.7,35.3,47.35,66.114,15.0,93.4,90.2,812.6,15.0,93.9,90.0,5.0,27.526,5.0,5.0,95.118
23.75,7,23.320999999999998,5.456,20.344,5.0,108.90299999999999,94.855,79.7,35.3,47.285,66.152,15.0,93.4,90.2,812.6,15.0,93.9,90.0,5.0,27.461,5.0,5.0,95.383
23.77,7,24.081,5.455,20.554000000000002,5.0,109.162,94.59100000000001,79.7,35.3,47.248000000000005,66.173,15.0,93.4,90.2,812.6,15.0,93.9,90.0,5.0,27.38,5.0,5.0,95.566
23.79,7,23.299,5.453,20.36,5.0,109.09700000000001,94.59100000000001,79.7,35.3,47.202,66.185,15.0,93.4,90.2,812.6,15.0,93.9,90.0,5.0,27.301,5.0,5.0,95.755
23.81,7,24.003,5.454,20.473,5.0,109.054,94.32600000000001,79.7,35.3,47.07,66.191,15.0,93.4,90.2,812.6,15.0,93.9,90.0,5.0,27.221999999999998,5.0,5.0,96.01799999999999
23.83,7,23.226,5.455,20.399,5.0,109.09700000000001,94.679,79.65,35.3,46.995000000000005,66.195,15.0,93.4,90.2,812.6,15.0,93.9,90.0,5.0,27.188000000000002,5.0,5.0,96.28399999999999
23.85,7,23.748,5.455,20.310000000000002,5.0,108.98899999999999,94.503,79.584,35.3,46.954,66.197,15.0,93.4,90.2,812.6,15.0,93.9,90.0,5.0,27.075,5.0,5.0,96.542
23.87,7,22.973,5.455,20.149,5.0,108.838,94.679,79.547,35.3,46.905,66.267,15.0,93.4,90.2,812.6,15.0,93.9,90.0,5.0,27.053,5.0,5.0,96.79799999999999
23.89,7,23.139,5.455,20.262999999999998,5.0,108.86,94.855,79.527,35.3,46.815,66.325,15.0,93.4,90.2,812.6,15.0,93.9,90.0,5.0,27.14,5.0,5.0,96.98700000000001
23.91,7,22.92,5.455,20.351,5.0,108.90299999999999,94.65,79.515,35.3,46.765,66.358,15.0,93.4,90.2,812.6,15.0,93.9,90.0,5.0,27.14,5.0,5.0,97.14
23.93,7,23.55,5.456,20.314,5.0,108.925,94.533,79.508,35.3,46.736999999999995,66.376,15.0,93.4,90.2,812.6,15.0,93.9,90.0,5.0,27.146,5.0,5.0,97.23299999999999
23.95,7,22.823,5.455,20.286,5.0,108.838,94.884,79.505,35.3,46.671,66.387,15.0,93.4,90.2,812.6,15.0,93.9,90.0,5.0,27.131,5.0,5.0,97.353
23.97,7,23.54,5.457,20.174,5.0,108.86,94.855,79.503,35.3,46.552,66.393,15.0,93.4,90.2,812.6,15.0,93.9,90.0,5.0,27.028000000000002,5.0,5.0,97.40799999999999
23.99,7,23.417,5.453,20.174,5.0,108.751,94.533,79.501,35.3,46.486000000000004,66.396,15.0,93.4,90.2,812.6,15.0,93.9,90.0,5.0,26.901999999999997,5.0,5.0,97.493
24.01,7,23.137999999999998,5.456,20.174,5.0,108.708,94.767,79.501,35.3,46.448,66.44800000000001,15.0,93.4,90.2,812.6,15.0,93.9,90.0,5.0,26.9,5.0,5.0,97.557
24.03,7,22.99,5.455,20.136,5.0,108.773,94.32600000000001,79.5,35.3,46.402,66.514,15.0,93.4,90.2,812.6,15.0,93.9,90.0,5.0,26.89,5.0,5.0,97.6
24.05,7,23.22,5.454,20.040999999999997,5.0,108.751,94.767,79.5,35.3,46.314,66.55199999999999,15.0,93.4,90.2,812.6,15.0,93.9,90.0,5.0,26.973000000000003,5.0,5.0,97.65299999999999
24.07,7,22.837,5.455,20.066,5.0,108.555,94.65,79.5,35.3,46.263999999999996,66.57300000000001,15.0,93.4,90.2,812.6,15.0,93.9,90.0,5.0,27.014,5.0,5.0,97.72200000000001
24.09,7,22.79,5.455,20.195999999999998,5.0,108.555,94.738,79.5,35.3,46.236000000000004,66.58500000000001,15.0,93.4,90.2,812.6,15.0,93.9,90.0,5.0,27.107,5.0,5.0,97.777
24.11,7,22.82,5.453,20.005000000000003,5.0,108.49,94.855,79.5,35.3,46.22,66.59100000000001,15.0,93.4,90.2,812.6,15.0,93.9,90.0,5.0,27.095,5.0,5.0,97.831
24.13,7,22.896,5.455,20.159,5.0,108.53299999999999,94.62100000000001,79.5,35.3,46.124,66.595,15.0,93.4,90.2,812.6,15.0,93.9,90.0,5.0,27.043000000000003,5.0,5.0,97.89299999999999
24.15,7,22.651,5.454,19.879,5.0,108.62100000000001,94.767,79.5,35.3,46.07,66.59700000000001,15.0,93.4,90.2,812.6,15.0,93.9,90.0,5.0,27.121,5.0,5.0,97.961
24.17,7,22.625999999999998,5.455,20.006,5.0,108.64200000000001,94.971,79.5,35.3,46.039,66.598,15.0,93.4,90.2,812.6,15.0,93.9,90.0,5.0,27.105,5.0,5.0,98.02799999999999
24.19,7,22.367,5.456,19.985999999999997,5.0,108.402,94.62100000000001,79.5,35.3,45.971999999999994,66.649,15.0,93.4,90.2,812.6,15.0,93.9,90.0,5.0,27.089000000000002,5.0,5.0,98.145
24.21,7,22.451,5.455,19.905,5.0,108.49,94.913,79.5,35.3,45.853,66.715,15.0,93.4,90.2,812.6,15.0,93.9,90.0,5.0,27.076,5.0,5.0,98.229
24.23,7,21.866,5.455,20.070999999999998,5.0,108.292,94.65,79.5,35.3,45.786,66.752,15.0,93.4,90.2,812.6,15.0,93.9,90.0,5.0,27.203000000000003,5.0,5.0,98.348
24.25,7,22.598,5.457,19.777,5.0,108.38,94.82600000000001,79.5,35.3,45.748000000000005,66.773,15.0,93.4,90.2,812.6,15.0,93.9,90.0,5.0,27.298000000000002,5.0,5.0,98.54299999999999
24.27,7,21.717,5.457,20.017000000000003,5.0,108.336,94.971,79.5,35.3,45.727,66.785,15.0,93.4,90.2,812.6,15.0,93.9,90.0,5.0,27.279,5.0,5.0,98.765
24.29,7,22.428,5.456,19.939,5.0,108.46799999999999,94.855,79.5,35.3,45.665,66.792,15.0,93.4,90.2,812.6,15.0,93.9,90.0,5.0,27.322,5.0,5.0,99.116
24.31,7,22.043,5.455,19.856,5.0,108.227,94.47399999999999,79.5,35.3,45.549,66.795,15.0,93.4,90.2,812.6,15.0,93.9,90.0,5.0,27.331,5.0,5.0,99.48899999999999
24.33,7,22.802,5.456,19.587,5.0,108.249,94.65,79.5,35.3,45.484,66.797,15.0,93.4,90.2,812.6,15.0,93.9,90.0,5.0,27.357,5.0,5.0,99.89200000000001
24.35,7,22.051,5.457,19.687,5.0,108.161,95.0,79.5,35.3,45.447,66.798,15.0,93.4,90.2,812.6,15.0,93.9,90.0,5.0,27.483,5.0,5.0,100.35
24.37,7,22.065,5.456,19.680999999999997,5.0,108.116,94.913,79.5,35.3,45.427,66.84899999999999,15.0,93.4,90.2,812.6,15.0,93.9,90.0,5.0,27.334,5.0,5.0,100.84
24.39,7,22.148,5.457,19.654000000000003,5.0,107.984,94.796,79.5,35.3,45.284000000000006,66.91499999999999,15.0,93.4,90.2,812.6,15.0,93.9,90.0,5.0,27.374000000000002,5.0,5.0,101.39200000000001
24.41,7,22.132,5.456,19.548000000000002,5.0,108.02799999999999,94.65,79.5,35.3,45.203,66.952,15.0,93.4,90.2,812.6,15.0,93.9,90.0,5.0,27.274,5.0,5.0,101.915
24.43,7,21.778,5.455,19.605,5.0,108.094,94.884,79.5,35.3,45.158,66.973,15.0,93.4,90.2,812.6,15.0,93.9,90.0,5.0,27.229,5.0,5.0,102.48
24.45,7,22.357,5.455,19.669,5.0,108.02799999999999,94.796,79.5,35.3,45.133,66.985,15.0,93.4,90.2,812.6,15.0,93.9,90.0,5.0,27.168000000000003,5.0,5.0,103.02600000000001
24.47,7,21.712,5.469,19.664,5.0,108.161,94.82600000000001,79.5,35.3,45.05,66.99199999999999,15.0,93.4,90.2,812.6,15.0,93.9,90.0,5.0,27.142,5.0,5.0,103.505
24.49,7,22.086,5.465,19.517000000000003,5.0,107.806,94.59100000000001,79.5,35.3,44.984,66.995,15.0,93.4,90.2,812.6,15.0,93.9,90.0,5.0,27.235,5.0,5.0,103.92
24.51,7,21.869,5.456,19.566,5.0,107.762,94.62100000000001,79.5,35.3,44.947,66.997,15.0,93.4,90.2,812.6,15.0,93.9,90.0,5.0,27.261999999999997,5.0,5.0,104.193
24.53,7,21.825,5.457,19.586,5.0,107.74,94.59100000000001,79.5,35.3,44.927,67.048,15.0,93.4,90.2,812.6,15.0,93.9,90.0,5.0,27.113000000000003,5.0,5.0,104.352
24.55,7,21.615,5.456,19.413,5.0,107.78399999999999,94.679,79.5,35.3,44.89,67.11500000000001,15.0,93.4,90.2,812.6,15.0,93.9,90.0,5.0,26.153000000000002,5.0,5.0,104.404
24.57,7,22.029,5.454,19.539,5.0,107.74,95.26,79.5,35.3,44.763000000000005,67.152,15.0,93.4,90.2,812.6,15.0,93.9,90.0,5.0,25.237000000000002,5.0,5.0,104.427
24.59,8,21.634,5.455,19.369,5.0,107.62799999999999,94.913,79.5,35.3,44.69199999999999,67.173,15.0,93.4,90.2,812.6,15.0,93.9,90.0,5.0,24.491,5.0,5.0,104.43700000000001
24.61,8,22.154,5.455,19.189999999999998,5.0,107.67299999999999,95.116,79.5,35.3,44.652,67.185,15.0,93.4,90.2,812.6,15.0,93.9,90.0,5.0,23.839000000000002,5.0,5.0,104.445
24.63,8,21.429000000000002,5.454,19.352,5.0,107.67299999999999,94.82600000000001,79.5,35.3,44.629000000000005,67.191,15.0,93.4,90.2,812.6,15.0,93.9,90.0,5.0,23.358,5.0,5.0,104.461
24.65,8,21.741,5.454,19.354,5.0,107.71700000000001,95.346,79.5,35.3,44.590999999999994,67.195,15.0,93.4,90.2,812.6,15.0,93.9,90.0,5.0,23.029,5.0,5.0,104.45700000000001
24.67,8,21.748,5.456,19.324,5.0,107.895,94.913,79.5,35.3,44.508,67.197,15.0,93.4,90.2,812.6,15.0,93.9,90.0,5.0,22.769000000000002,5.0,5.0,104.46600000000001
24.69,8,22.188,5.455,19.289,5.0,107.67299999999999,95.461,79.5,35.3,44.461,67.19800000000001,15.0,93.4,90.2,812.6,15.0,93.9,90.0,5.0,22.71,5.0,5.0,104.46700000000001
24.71,8,21.339000000000002,5.455,19.494,5.0,107.427,94.855,79.5,35.3,44.434,67.249,15.0,93.4,90.2,812.6,15.0,93.9,90.0,5.0,22.698,5.0,5.0,104.46799999999999
24.73,8,21.439,5.456,19.353,5.0,107.695,94.796,79.5,35.3,44.419,67.315,15.0,93.4,90.2,812.6,15.0,93.9,90.0,5.0,22.666,5.0,5.0,104.465
24.75,8,21.304000000000002,5.455,19.148,5.0,107.449,95.145,79.5,35.3,44.361000000000004,67.352,15.0,93.4,90.2,812.6,15.0,93.9,90.0,5.0,22.59,5.0,5.0,104.469
24.77,8,21.774,5.456,18.988,5.0,107.516,95.145,79.5,35.3,44.247,67.373,15.0,93.4,90.2,812.6,15.0,93.9,90.0,5.0,22.634,5.0,5.0,104.469
24.79,8,21.019000000000002,5.456,19.174,5.0,107.584,94.884,79.5,35.3,44.18300000000001,67.38499999999999,15.0,93.4,90.2,812.6,15.0,93.9,90.0,5.0,22.7,5.0,5.0,104.471
24.81,8,21.472,5.455,19.185000000000002,5.0,107.561,94.59100000000001,79.5,35.3,44.146,67.392,15.0,93.4,90.2,812.6,15.0,93.9,90.0,5.0,22.565,5.0,5.0,104.459
24.83,8,21.533,5.456,19.08,5.0,107.47200000000001,94.942,79.5,35.3,44.126,67.39500000000001,15.0,93.4,90.2,812.6,15.0,93.9,90.0,5.0,22.573,5.0,5.0,104.46
24.85,8,21.227999999999998,5.454,19.229,5.0,107.292,95.202,79.5,35.3,44.09,67.39699999999999,15.0,93.4,90.2,812.6,15.0,93.9,90.0,5.0,22.553,5.0,5.0,104.456
24.87,8,20.878,5.456,19.215,5.0,107.36,95.461,79.5,35.3,44.007,67.398,15.0,93.4,90.2,812.6,15.0,93.9,90.0,5.0,22.563,5.0,5.0,104.45700000000001
24.89,8,21.052,5.454,19.128,5.0,107.36,95.058,79.5,35.3,43.96,67.449,15.0,93.4,90.2,812.6,15.0,93.9,90.0,5.0,22.6,5.0,5.0,104.46
24.91,8,20.994,5.457,19.026,5.0,107.382,95.145,79.5,35.3,43.934,67.515,15.0,93.4,90.2,812.6,15.0,93.9,90.0,5.0,22.578,5.0,5.0,104.459
24.93,8,21.074,5.453,19.145,5.0,107.27,94.884,79.5,35.3,43.919,67.55199999999999,15.0,93.4,90.2,812.6,15.0,93.9,90.0,5.0,22.634,5.0,5.0,104.458
24.95,8,20.406,5.454,19.282,5.0,107.27,95.058,79.5,35.3,43.911,67.57300000000001,15.0,93.4,90.2,812.6,15.0,93.9,90.0,5.0,22.581,5.0,5.0,104.461
24.97,8,21.162,5.455,19.1,5.0,107.337,94.971,79.5,35.3,43.819,67.58500000000001,15.0,93.4,90.2,812.6,15.0,93.9,90.0,5.0,22.658,5.0,5.0,104.45299999999999
24.99,8,20.835,5.456,18.942999999999998,5.0,107.292,95.0,79.5,35.3,43.766999999999996,67.592,15.0,93.4,90.2,812.6,15.0,93.9,90.0,5.0,22.724,5.0,5.0,104.45200000000001
25.01,8,20.988,5.455,18.942999999999998,5.0,107.24700000000001,95.116,79.5,35.3,43.736999999999995,67.595,15.0,93.4,90.2,812.6,15.0,93.9,90.0,5.0,22.703,5.0,5.0,104.45200000000001
25.03,8,21.184,5.456,18.892000000000003,5.0,107.044,95.23100000000001,79.5,35.3,43.721000000000004,67.59700000000001,15.0,93.4,90.2,812.6,15.0,93.9,90.0,5.0,22.704,5.0,5.0,104.46
25.05,8,21.129,5.455,18.790999999999997,5.0,107.134,95.289,79.5,35.3,43.687,67.598,15.0,93.4,90.2,812.6,15.0,93.9,90.0,5.0,22.67,5.0,5.0,104.45200000000001
25.07,8,20.398,5.453,19.084000000000003,5.0,107.24700000000001,94.855,79.5,35.3,43.561,67.59899999999999,15.0,93.4,90.2,812.6,15.0,93.9,90.0,5.0,22.671,5.0,5.0,104.455
25.09,8,20.624000000000002,5.457,18.875999999999998,5.0,107.179,94.884,79.5,35.3,43.491,67.65,15.0,93.4,90.2,812.6,15.0,93.9,90.0,5.0,22.754,5.0,5.0,104.45200000000001
25.11,8,20.813,5.455,18.699,5.0,107.134,94.855,79.5,35.3,43.451,67.715,15.0,93.4,90.2,812.6,15.0,93.9,90.0,5.0,22.753,5.0,5.0,104.45200000000001
25.13,8,20.673000000000002,5.456,18.789,5.0,107.021,94.884,79.5,35.3,43.429,67.752,15.0,93.4,90.2,812.6,15.0,93.9,90.0,5.0,22.801,5.0,5.0,104.456
25.15,8,20.59,5.455,18.884,5.0,107.134,94.679,79.5,35.3,43.416,67.773,15.0,93.4,90.2,812.6,15.0,93.9,90.0,5.0,22.882,5.0,5.0,104.454
25.17,8,20.812,5.458,18.779000000000003,5.0,107.021,95.202,79.5,35.3,43.322,67.785,15.0,93.4,90.2,812.6,15.0,93.9,90.0,5.0,22.905,5.0,5.0,104.455
25.19,8,20.866,5.457,18.719,5.0,106.93,94.62100000000001,79.5,35.3,43.268,67.792,15.0,93.4,90.2,812.6,15.0,93.9,90.0,5.0,23.000999999999998,5.0,5.0,104.45100000000001
25.21,8,20.454,5.455,18.958,5.0,106.839,95.058,79.5,35.3,43.238,67.795,15.0,93.4,90.2,812.6,15.0,93.9,90.0,5.0,22.879,5.0,5.0,104.45200000000001
25.23,8,20.208,5.457,18.790999999999997,5.0,106.86200000000001,95.029,79.5,35.3,43.221999999999994,67.797,15.0,93.4,90.2,812.6,15.0,93.9,90.0,5.0,22.89,5.0,5.0,104.461
25.25,8,20.227,5.457,18.925,5.0,106.99799999999999,95.087,79.5,35.3,43.212,67.798,15.0,93.4,90.2,812.6,15.0,93.9,90.0,5.0,22.87,5.0,5.0,104.46
25.27,8,20.576999999999998,5.456,18.557000000000002,5.0,106.794,94.971,79.5,35.3,43.119,67.799,15.0,93.4,90.2,812.6,15.0,93.9,90.0,5.0,22.817999999999998,5.0,5.0,104.459
25.29,8,20.033,5.457,18.782,5.0,106.839,94.971,79.5,35.3,43.06699999999999,67.85,15.0,93.4,90.2,812.6,15.0,93.9,90.0,5.0,22.945999999999998,5.0,5.0,104.46
25.31,8,20.298000000000002,5.458,18.735,5.0,106.839,95.029,79.5,35.3,43.038,67.91499999999999,15.0,93.4,90.2,812.6,15.0,93.9,90.0,5.0,22.805999999999997,5.0,5.0,104.454
25.33,8,19.982999999999997,5.456,18.699,5.0,106.839,94.59100000000001,79.5,35.3,43.021,67.952,15.0,93.4,90.2,812.6,15.0,93.9,90.0,5.0,22.752,5.0,5.0,104.448
25.35,8,20.0,5.457,18.566,5.0,106.70299999999999,95.0,79.5,35.3,43.012,67.973,15.0,93.4,90.2,812.6,15.0,93.9,90.0,5.0,22.779,5.0,5.0,104.45100000000001
25.37,8,20.453,5.456,18.482,5.0,106.885,94.855,79.5,35.3,42.919,67.985,15.0,93.4,90.2,812.6,15.0,93.9,90.0,5.0,22.758,5.0,5.0,104.454
25.39,8,19.57,5.456,18.683,5.0,106.725,94.533,79.5,35.3,42.867,67.99199999999999,15.0,93.4,90.2,812.6,15.0,93.9,90.0,5.0,22.834,5.0,5.0,104.454
25.41,8,20.314999999999998,5.458,18.598,5.0,106.81700000000001,94.796,79.5,35.3,42.838,67.995,15.0,93.4,90.2,812.6,15.0,93.9,90.0,5.0,22.809,5.0,5.0,104.454
25.43,8,20.529000000000003,5.457,18.526,5.0,106.634,94.62100000000001,79.5,35.3,42.821,67.997,15.0,93.4,90.2,812.6,15.0,93.9,90.0,5.0,22.745,5.0,5.0,104.461
25.45,8,19.741,5.455,18.474,5.0,106.473,94.738,79.5,35.3,42.812,67.998,15.0,93.4,90.2,812.6,15.0,93.9,90.0,5.0,22.776,5.0,5.0,104.45700000000001
25.47,8,19.951999999999998,5.454,18.692,5.0,106.70299999999999,94.855,79.5,35.3,42.719,67.999,15.0,93.4,90.2,812.6,15.0,93.9,90.0,5.0,22.739,5.0,5.0,104.454
25.49,8,20.011,5.456,18.535,5.0,106.86200000000001,94.942,79.5,35.3,42.667,68.05,15.0,93.4,90.2,812.6,15.0,93.9,90.0,5.0,22.783,5.0,5.0,104.454
25.51,8,20.171,5.457,18.345,5.0,106.49600000000001,94.709,79.5,35.3,42.638000000000005,68.11500000000001,15.0,93.4,90.2,812.6,15.0,93.9,90.0,5.0,22.864,5.0,5.0,104.45100000000001
25.53,8,19.992,5.454,18.405,5.0,106.51899999999999,94.35600000000001,79.5,35.3,42.620999999999995,68.152,15.0,93.4,90.2,812.6,15.0,93.9,90.0,5.0,22.884,5.0,5.0,104.45299999999999
25.55,8,19.984,5.456,18.447000000000003,5.0,106.35799999999999,94.267,79.5,35.3,42.611999999999995,68.173,15.0,93.4,90.2,812.6,15.0,93.9,90.0,5.0,22.796,5.0,5.0,104.45100000000001
25.57,8,19.838,5.457,18.4,5.0,106.611,94.796,79.5,35.3,42.581999999999994,68.185,15.0,93.4,90.2,812.6,15.0,93.9,90.0,5.0,22.852999999999998,5.0,5.0,104.454
25.59,8,20.012999999999998,5.455,18.357999999999997,5.0,106.427,94.415,79.5,35.3,42.458,68.19200000000001,15.0,93.4,90.2,812.6,15.0,93.9,90.0,5.0,22.871,5.0,5.0,104.454
25.61,8,19.865000000000002,5.456,18.381,5.0,106.51899999999999,94.503,79.5,35.3,42.388999999999996,68.195,15.0,93.4,90.2,812.6,15.0,93.9,90.0,5.0,22.829,5.0,5.0,104.455
25.63,8,20.165999999999997,5.457,18.232999999999997,5.0,106.31200000000001,95.029,79.5,35.3,42.35,68.197,15.0,93.4,90.2,812.6,15.0,93.9,90.0,5.0,22.844,5.0,5.0,104.456
25.65,8,19.915,5.458,18.226,5.0,106.565,94.971,79.5,35.3,42.328,68.19800000000001,15.0,93.4,90.2,812.6,15.0,93.9,90.0,5.0,22.725,5.0,5.0,104.447
25.67,8,19.576,5.457,18.363,5.0,106.266,94.738,79.5,35.3,42.316,68.199,15.0,93.4,90.2,812.6,15.0,93.9,90.0,5.0,22.846,5.0,5.0,104.456
25.69,8,19.915,5.455,18.301,5.0,106.197,94.971,79.5,35.3,42.284000000000006,68.2,15.0,93.4,90.2,812.6,15.0,93.9,90.0,5.0,22.875,5.0,5.0,104.45299999999999
25.71,8,19.856,5.456,18.198,5.0,106.15100000000001,94.942,79.5,35.3,42.203,68.2,15.0,93.4,90.2,812.6,15.0,93.9,90.0,5.0,22.771,5.0,5.0,104.456
25.73,8,19.434,5.456,18.283,5.0,106.197,95.23100000000001,79.5,35.3,42.158,68.2,15.0,93.4,90.2,812.6,15.0,93.9,90.0,5.0,22.843,5.0,5.0,104.464
25.75,8,18.887,5.457,18.175,5.0,106.31200000000001,94.767,79.5,35.3,42.133,68.25,15.0,93.4,90.2,812.6,15.0,93.9,90.0,5.0,22.823,5.0,5.0,104.465
25.77,8,19.619,5.457,18.308,5.0,106.197,95.087,79.5,35.3,42.118,68.316,15.0,93.4,90.2,812.6,15.0,93.9,90.0,5.0,22.865,5.0,5.0,104.464
25.79,8,19.439999999999998,5.456,18.119999999999997,5.0,106.266,95.23100000000001,79.5,35.3,42.11,68.35300000000001,15.0,93.4,90.2,812.6,15.0,93.9,90.0,5.0,22.962,5.0,5.0,104.463
25.81,8,19.36,5.498,18.039,5.0,106.15100000000001,94.562,79.5,35.3,42.081,68.373,15.0,93.4,90.2,812.6,15.0,93.9,90.0,5.0,22.923,5.0,5.0,104.456
25.83,8,19.603,5.46,17.896,5.0,106.22,94.855,79.5,35.3,42.001999999999995,68.38499999999999,15.0,93.4,90.2,812.6,15.0,93.9,90.0,5.0,22.899,5.0,5.0,104.456
25.85,8,19.5,5.458,17.991,5.0,106.289,94.796,79.5,35.3,41.956999999999994,68.392,15.0,93.4,90.2,812.6,15.0,93.9,90.0,5.0,22.893,5.0,5.0,104.454
25.87,8,19.739,5.457,17.996,5.0,106.104,94.767,79.5,35.3,41.932,68.39500000000001,15.0,93.4,90.2,812.6,15.0,93.9,90.0,5.0,22.932000000000002,5.0,5.0,104.46
25.89,8,19.203,5.456,18.028,5.0,106.22,94.942,79.5,35.3,41.918000000000006,68.39699999999999,15.0,93.4,90.2,812.6,15.0,93.9,90.0,5.0,22.801,5.0,5.0,104.45700000000001
25.91,8,18.999000000000002,5.459,18.015,5.0,105.87200000000001,94.709,79.5,35.3,41.91,68.398,15.0,93.4,90.2,812.6,15.0,93.9,90.0,5.0,22.769000000000002,5.0,5.0,104.45100000000001
25.93,8,19.282,5.477,17.926,5.0,105.94200000000001,94.767,79.5,35.3,41.881,68.399,15.0,93.4,90.2,812.6,15.0,93.9,90.0,5.0,22.698,5.0,5.0,104.456
25.95,8,19.396,5.457,17.718,5.0,105.848,95.17399999999999,79.5,35.3,41.802,68.4,15.0,93.4,90.2,812.6,15.0,93.9,90.0,5.0,22.796,5.0,5.0,104.458
25.97,8,18.766,5.458,18.195999999999998,5.0,105.94200000000001,94.738,79.5,35.3,41.757,68.4,15.0,93.4,90.2,812.6,15.0,93.9,90.0,5.0,22.812,5.0,5.0,104.463
25.99,8,18.637999999999998,5.458,18.024,5.0,105.755,94.942,79.5,35.3,41.732,68.4,15.0,93.4,90.2,812.6,15.0,93.9,90.0,5.0,22.788,5.0,5.0,104.448
26.01,8,19.081,5.515,18.051,5.0,105.77799999999999,94.738,79.5,35.3,41.718,68.4,15.0,93.4,90.2,812.6,15.0,93.9,90.0,5.0,22.817999999999998,5.0,5.0,104.455
26.03,8,18.797,5.458,17.822000000000003,5.0,105.895,94.971,79.5,35.3,41.71,68.4,15.0,93.4,90.2,812.6,15.0,93.9,90.0,5.0,22.805,5.0,5.0,104.45
26.05,8,19.045,5.456,17.956,5.0,105.802,94.942,79.5,35.3,41.706,68.4,15.0,93.4,90.2,812.6,15.0,93.9,90.0,5.0,22.743,5.0,5.0,104.447
26.07,8,19.109,5.459,17.825,5.0,105.848,94.503,79.5,35.3,41.616,68.469,15.0,93.4,90.2,812.6,15.0,93.9,90.0,5.0,22.817999999999998,5.0,5.0,104.45100000000001
26.09,8,18.659,5.456,17.917,5.0,105.87200000000001,94.738,79.5,35.3,41.565,68.52600000000001,15.0,93.4,90.2,812.6,15.0,93.9,90.0,5.0,22.885,5.0,5.0,104.45299999999999
26.11,8,18.365000000000002,5.456,17.902,5.0,105.73100000000001,94.796,79.5,35.3,41.537,68.55799999999999,15.0,93.4,90.2,812.6,15.0,93.9,90.0,5.0,22.803,5.0,5.0,104.459
26.13,8,18.449,5.458,17.945,5.0,105.848,94.533,79.5,35.3,41.521,68.577,15.0,93.4,90.2,812.6,15.0,93.9,90.0,5.0,22.811,5.0,5.0,104.455
26.15,8,18.557000000000002,5.456,17.899,5.0,105.825,94.562,79.5,35.3,41.512,68.58699999999999,15.0,93.4,90.2,812.6,15.0,93.9,90.0,5.0,22.735,5.0,5.0,104.45299999999999
26.17,8,19.158,5.458,17.633,5.0,105.56700000000001,94.533,79.5,35.3,41.507,68.593,15.0,93.4,90.2,812.6,15.0,93.9,90.0,5.0,22.782,5.0,5.0,104.46
26.19,8,18.393,5.454,17.672,5.0,105.56700000000001,94.884,79.5,35.3,41.372,68.596,15.0,93.4,90.2,812.6,15.0,93.9,90.0,5.0,22.762,5.0,5.0,104.46
26.21,8,18.985999999999997,5.459,17.58,5.0,105.77799999999999,94.444,79.5,35.3,41.297,68.598,15.0,93.4,90.2,812.6,15.0,93.9,90.0,5.0,22.827,5.0,5.0,104.459
26.23,8,18.567999999999998,5.454,17.805,5.0,105.49700000000001,94.533,79.5,35.3,41.254999999999995,68.59899999999999,15.0,93.4,90.2,812.6,15.0,93.9,90.0,5.0,22.845,5.0,5.0,104.46700000000001
26.25,8,18.731,5.457,17.691,5.0,105.73100000000001,94.444,79.5,35.3,41.230999999999995,68.59899999999999,15.0,93.45,90.2,812.6,15.0,93.9,90.0,5.0,22.75,5.0,5.0,104.46799999999999
26.27,8,18.695,5.456,17.625,5.0,105.56700000000001,94.855,79.5,35.3,41.217,68.6,15.0,93.516,90.2,812.6,15.0,93.9,90.0,5.0,22.798,5.0,5.0,104.464
26.29,8,18.516,5.457,17.682000000000002,5.0,105.63799999999999,94.415,79.5,35.3,41.21,68.6,15.0,93.553,90.2,812.6,15.0,93.9,90.0,5.0,22.95,5.0,5.0,104.463
26.31,8,18.282,5.455,17.588,5.0,105.426,94.738,79.5,35.3,41.205,68.6,15.0,93.57300000000001,90.2,812.6,15.0,93.9,90.0,5.0,22.866,5.0,5.0,104.456
26.33,8,18.182000000000002,5.455,17.777,5.0,105.56700000000001,94.444,79.5,35.3,41.116,68.6,15.0,93.585,90.2,812.6,15.0,93.9,90.0,5.0,22.867,5.0,5.0,104.456
26.35,8,18.165999999999997,5.456,17.657,5.0,105.52,94.82600000000001,79.5,35.3,41.065,68.6,15.0,93.592,90.2,812.6,15.0,93.9,90.0,5.0,22.864,5.0,5.0,104.454
26.37,8,18.508,5.455,17.663,5.0,105.426,95.375,79.5,35.3,41.037,68.6,15.0,93.595,90.2,812.6,15.0,93.9,90.0,5.0,22.767,5.0,5.0,104.447
26.39,8,18.555999999999997,5.455,17.289,5.0,105.49700000000001,95.0,79.5,35.3,41.021,68.6,15.0,93.597,90.2,812.6,15.0,93.9,90.0,5.0,22.667,5.0,5.0,104.456
26.41,8,18.387,5.455,17.449,5.0,105.402,95.0,79.5,35.3,41.012,68.6,15.0,93.598,90.2,812.6,15.0,93.9,90.0,5.0,22.727999999999998,5.0,5.0,104.45200000000001
26.43,8,18.756,5.455,17.311,5.0,105.449,95.058,79.5,35.3,41.007,68.6,15.0,93.59899999999999,90.2,812.6,15.0,93.9,90.0,5.0,22.676,5.0,5.0,104.45200000000001
26.45,8,18.237000000000002,5.456,17.384,5.0,105.26,95.0,79.5,35.3,41.004000000000005,68.6,15.0,93.6,90.2,812.6,15.0,93.9,90.0,5.0,22.635,5.0,5.0,104.449
26.47,8,17.855,5.456,17.456,5.0,105.26,94.65,79.5,35.3,40.915,68.6,15.0,93.6,90.2,812.6,15.0,93.9,90.0,5.0,22.629,5.0,5.0,104.45200000000001
26.49,8,18.055,5.458,17.634999999999998,5.0,105.165,95.404,79.5,35.3,40.864000000000004,68.6,15.0,93.6,90.2,812.6,15.0,93.9,90.0,5.0,22.525,5.0,5.0,104.447
26.51,8,17.490000000000002,5.457,17.589,5.0,105.14200000000001,95.0,79.5,35.3,40.836,68.6,15.0,93.6,90.2,812.6,15.0,93.9,90.0,5.0,22.581,5.0,5.0,104.455
26.53,8,17.735999999999997,5.456,17.583,5.0,105.213,95.116,79.5,35.3,40.82,68.65,15.0,93.6,90.2,812.6,15.0,93.9,90.0,5.0,22.517,5.0,5.0,104.45100000000001
26.55,8,17.753,5.457,17.322000000000003,5.0,105.37899999999999,94.913,79.5,35.3,40.811,68.71600000000001,15.0,93.6,90.2,812.6,15.0,93.9,90.0,5.0,22.588,5.0,5.0,104.45299999999999
26.57,8,18.043,5.518,17.302,5.0,105.28399999999999,95.058,79.5,35.3,40.806,68.753,15.0,93.6,90.2,812.6,15.0,93.9,90.0,5.0,22.648,5.0,5.0,104.455
26.59,8,17.414,5.458,17.439,5.0,105.213,94.738,79.5,35.3,40.715999999999994,68.773,15.0,93.6,90.2,812.6,15.0,93.9,90.0,5.0,22.739,5.0,5.0,104.46
26.61,8,17.732999999999997,5.455,17.408,5.0,105.23700000000001,95.289,79.5,35.3,40.665,68.785,15.0,93.6,90.2,812.6,15.0,93.9,90.0,5.0,22.643,5.0,5.0,104.455
26.63,8,18.097,5.454,17.362000000000002,5.0,105.23700000000001,94.767,79.5,35.3,40.637,68.792,15.0,93.6,90.2,812.6,15.0,93.9,90.0,5.0,22.645,5.0,5.0,104.459
26.65,8,17.630000000000003,5.457,17.176,5.0,105.094,95.087,79.5,35.3,40.620999999999995,68.795,15.0,93.6,90.2,812.6,15.0,93.9,90.0,5.0,22.52,5.0,5.0,104.45299999999999
26.67,8,17.859,5.458,17.237000000000002,5.0,105.213,94.855,79.5,35.3,40.611999999999995,68.797,15.0,93.6,90.2,812.6,15.0,93.9,90.0,5.0,22.509,5.0,5.0,104.46
26.69,8,17.689999999999998,5.454,17.453,5.0,105.07,94.738,79.5,35.3,40.607,68.798,15.0,93.6,90.2,812.6,15.0,93.9,90.0,5.0,22.535,5.0,5.0,104.45299999999999
26.71,8,17.246,5.456,17.319000000000003,5.0,105.118,94.82600000000001,79.5,35.3,40.604,68.799,15.0,93.6,90.2,812.6,15.0,93.9,90.0,5.0,22.421,5.0,5.0,104.45700000000001
26.73,8,17.629,5.453,17.304000000000002,5.0,105.118,94.884,79.5,35.3,40.515,68.8,15.0,93.6,90.2,812.6,15.0,93.9,90.0,5.0,22.359,5.0,5.0,104.463
26.75,8,17.784,5.457,17.133,5.0,104.927,95.202,79.5,35.3,40.464,68.8,15.0,93.6,90.2,812.6,15.0,93.9,90.0,5.0,22.395,5.0,5.0,104.465
26.77,8,17.360999999999997,5.457,17.310000000000002,5.0,104.807,95.48899999999999,79.5,35.3,40.436,68.8,15.0,93.6,90.2,812.6,15.0,93.9,90.0,5.0,22.396,5.0,5.0,104.46
26.79,8,17.879,5.455,17.011,5.0,104.927,94.884,79.5,35.3,40.42,68.8,15.0,93.6,90.2,812.6,15.0,93.9,90.0,5.0,22.355999999999998,5.0,5.0,104.46600000000001
26.81,8,17.570999999999998,5.456,17.146,5.0,105.14200000000001,94.855,79.5,35.3,40.411,68.8,15.0,93.6,90.2,812.6,15.0,93.9,90.0,5.0,22.337,5.0,5.0,104.46
26.83,8,17.304000000000002,5.456,17.039,5.0,105.023,94.65,79.5,35.3,40.406,68.8,15.0,93.6,90.2,812.6,15.0,93.9,90.0,5.0,22.375999999999998,5.0,5.0,104.459
26.85,8,17.307000000000002,5.458,17.207,5.0,104.855,94.679,79.5,35.3,40.403999999999996,68.8,15.0,93.6,90.2,812.6,15.0,93.9,90.0,5.0,22.323,5.0,5.0,104.45100000000001
26.87,8,17.182000000000002,5.453,17.070999999999998,5.0,104.831,95.145,79.5,35.3,40.315,68.8,15.0,93.6,90.2,812.6,15.0,93.9,90.0,5.0,22.319000000000003,5.0,5.0,104.454
26.89,8,17.086,5.455,17.063,5.0,104.90299999999999,94.533,79.5,35.3,40.263999999999996,68.8,15.0,93.6,90.2,812.6,15.0,93.9,90.0,5.0,22.38,5.0,5.0,104.45
26.91,8,17.228,5.455,16.994999999999997,5.0,104.855,94.855,79.5,35.3,40.236000000000004,68.8,15.0,93.6,90.2,812.6,15.0,93.9,90.0,5.0,22.434,5.0,5.0,104.455
26.93,8,17.671,5.456,16.904000000000003,5.0,104.87899999999999,95.087,79.5,35.3,40.22,68.8,15.0,93.6,90.2,812.6,15.0,93.9,90.0,5.0,22.437,5.0,5.0,104.45100000000001
26.95,8,16.918,5.457,17.095,5.0,104.78299999999999,94.855,79.5,35.3,40.211,68.8,15.0,93.6,90.2,812.6,15.0,93.9,90.0,5.0,22.428,5.0,5.0,104.449
26.97,8,17.275,5.453,16.933,5.0,104.807,94.855,79.5,35.3,40.206,68.8,15.0,93.6,90.2,812.6,15.0,93.9,90.0,5.0,22.535,5.0,5.0,104.458
26.99,8,17.102,5.453,17.046,5.0,104.90299999999999,95.145,79.5,35.3,40.204,68.8,15.0,93.512,90.2,812.6,15.0,93.9,90.0,5.0,22.567,5.0,5.0,104.45700000000001
27.01,8,17.039,5.457,16.833,5.0,104.831,95.087,79.5,35.3,40.202,68.8,15.0,93.46300000000001,90.2,812.6,15.0,93.9,90.0,5.0,22.494,5.0,5.0,104.45299999999999
27.03,8,17.09,5.454,16.865000000000002,5.0,104.68700000000001,94.942,79.5,35.3,40.114000000000004,68.8,15.0,93.436,90.2,812.6,15.0,93.9,90.0,5.0,22.424,5.0,5.0,104.455
27.05,8,16.822000000000003,5.518,16.98,5.0,104.446,95.029,79.5,35.3,40.064,68.8,15.0,93.42,90.2,812.6,15.0,93.9,90.0,5.0,22.444000000000003,5.0,5.0,104.461
27.07,8,16.522,5.47,16.979,5.0,104.68700000000001,94.679,79.5,35.3,40.036,68.8,15.0,93.411,90.2,812.6,15.0,93.9,90.0,5.0,22.463,5.0,5.0,104.459
27.09,8,17.151,5.454,16.880000000000003,5.0,104.639,94.533,79.5,35.3,40.019999999999996,68.8,15.0,93.406,90.2,812.6,15.0,93.9,90.0,5.0,22.37,5.0,5.0,104.463
27.11,8,16.814,5.455,16.777,5.0,104.68700000000001,94.59100000000001,79.5,35.3,40.010999999999996,68.8,15.0,93.404,90.2,812.6,15.0,93.9,90.0,5.0,22.36,5.0,5.0,104.46
27.13,8,16.711,5.456,16.775,5.0,104.711,95.058,79.5,35.3,40.006,68.8,15.0,93.402,90.2,812.6,15.0,93.9,90.0,5.0,22.363,5.0,5.0,104.46
27.15,8,16.914,5.454,16.674,5.0,104.68700000000001,94.533,79.5,35.3,40.004000000000005,68.8,15.0,93.40100000000001,90.2,812.6,15.0,93.9,90.0,5.0,22.447,5.0,5.0,104.461
27.17,8,16.957,5.454,16.808,5.0,104.59100000000001,94.738,79.5,35.3,39.977,68.8,15.0,93.40100000000001,90.2,812.6,15.0,93.9,90.0,5.0,22.492,5.0,5.0,104.463
27.19,8,17.091,5.454,16.634999999999998,5.0,104.494,94.62100000000001,79.5,35.3,39.9,68.8,15.0,93.4,90.2,812.6,15.0,93.9,90.0,5.0,22.487000000000002,5.0,5.0,104.46
27.21,8,16.732999999999997,5.455,16.817999999999998,5.0,104.494,94.503,79.5,35.3,39.855999999999995,68.8,15.0,93.4,90.2,812.6,15.0,93.9,90.0,5.0,22.452,5.0,5.0,104.454
27.23,8,16.718,5.456,16.844,5.0,104.59100000000001,94.738,79.5,35.3,39.831999999999994,68.8,15.0,93.4,90.2,812.6,15.0,93.9,90.0,5.0,22.419,5.0,5.0,104.463
27.25,8,16.630000000000003,5.456,16.753,5.0,104.54299999999999,94.562,79.5,35.3,39.818,68.8,15.0,93.4,90.2,812.6,15.0,93.9,90.0,5.0,22.51,5.0,5.0,104.458
27.27,8,16.057000000000002,5.453,16.774,5.0,104.37299999999999,94.767,79.5,35.3,39.81,68.8,15.0,93.4,90.2,812.6,15.0,93.9,90.0,5.0,22.51,5.0,5.0,104.464
27.29,8,17.000999999999998,5.454,16.669,5.0,104.34899999999999,94.65,79.5,35.3,39.806,68.8,15.0,93.4,90.2,812.6,15.0,93.9,90.0,5.0,22.462,5.0,5.0,104.463
27.31,8,16.842,5.454,16.622999999999998,5.0,104.37299999999999,94.884,79.5,35.3,39.803,68.8,15.0,93.4,90.2,812.6,15.0,93.9,90.0,5.0,22.489,5.0,5.0,104.464
27.33,8,16.148,5.452,16.619,5.0,104.34899999999999,94.738,79.5,35.3,39.802,68.8,15.0,93.4,90.2,812.6,15.0,93.9,90.0,5.0,22.488,5.0,5.0,104.47
27.35,8,16.367,5.452,16.491,5.0,104.34899999999999,94.796,79.5,35.3,39.775999999999996,68.8,15.0,93.4,90.2,812.6,15.0,93.9,90.0,5.0,22.494,5.0,5.0,104.464
27.37,8,16.424,5.4879999999999995,16.637999999999998,5.0,104.27600000000001,94.796,79.5,35.3,39.655,68.8,15.0,93.4,90.2,812.6,15.0,93.9,90.0,5.0,22.503,5.0,5.0,104.464
27.39,8,16.622999999999998,5.457,16.403,5.0,104.47,94.884,79.5,35.3,39.587,68.8,15.0,93.4,90.2,812.6,15.0,93.9,90.0,5.0,22.558,5.0,5.0,104.464
27.41,8,16.307000000000002,5.473,16.521,5.0,104.301,94.855,79.5,35.3,39.549,68.8,15.0,93.4,90.2,812.6,15.0,93.9,90.0,5.0,22.641,5.0,5.0,104.464
27.43,8,15.974,5.455,16.357,5.0,104.34899999999999,94.738,79.5,35.3,39.528000000000006,68.8,15.0,93.4,90.2,812.6,15.0,93.9,90.0,5.0,22.667,5.0,5.0,104.46600000000001
27.45,8,16.244,5.454,16.407,5.0,104.10600000000001,94.767,79.5,35.3,39.516,68.8,15.0,93.4,90.2,812.6,15.0,93.9,90.0,5.0,22.602,5.0,5.0,104.46600000000001
27.47,8,16.35,5.516,16.563,5.0,104.155,94.562,79.5,35.3,39.509,68.8,15.0,93.4,90.2,812.6,15.0,93.9,90.0,5.0,22.655,5.0,5.0,104.461
27.49,8,16.259,5.455,16.436,5.0,104.10600000000001,94.562,79.5,35.3,39.504999999999995,68.8,15.0,93.4,90.2,812.6,15.0,93.9,90.0,5.0,22.722,5.0,5.0,104.46600000000001
27.51,8,16.285,5.453,16.329,5.0,104.10600000000001,94.32600000000001,79.5,35.3,39.503,68.8,15.0,93.4,90.2,812.6,15.0,93.9,90.0,5.0,22.74,5.0,5.0,104.462
27.53,8,16.158,5.453,16.464,5.0,104.13,94.65,79.5,35.3,39.501999999999995,68.8,15.0,93.4,90.2,812.6,15.0,93.9,90.0,5.0,22.718,5.0,5.0,104.461
27.55,8,16.112000000000002,5.478,16.366,5.0,104.27600000000001,94.796,79.5,35.3,39.413,68.8,15.0,93.4,90.2,812.6,15.0,93.9,90.0,5.0,22.85,5.0,5.0,104.462
27.57,8,16.149,5.461,16.453,5.0,104.10600000000001,94.767,79.5,35.3,39.364000000000004,68.8,15.0,93.4,90.2,812.6,15.0,93.9,90.0,5.0,22.866,5.0,5.0,104.46
27.59,8,16.372,5.454,16.372,5.0,104.10600000000001,94.738,79.5,35.3,39.336,68.8,15.0,93.4,90.2,812.6,15.0,93.9,90.0,5.0,22.878,5.0,5.0,104.459
27.61,8,15.953,5.455,16.379,5.0,103.959,94.855,79.5,35.3,39.32,68.8,15.0,93.4,90.2,812.6,15.0,93.9,90.0,5.0,22.85,5.0,5.0,104.465
27.63,8,15.963,5.5,16.254,5.0,104.228,94.709,79.5,35.3,39.311,68.8,15.0,93.4,90.2,812.6,15.0,93.9,90.0,5.0,22.881,5.0,5.0,104.463
27.65,8,16.2,5.455,16.258,5.0,104.03200000000001,94.59100000000001,79.5,35.3,39.306,68.8,15.0,93.4,90.2,812.6,15.0,93.9,90.0,5.0,22.968,5.0,5.0,104.46600000000001
27.67,8,16.114,5.454,16.158,5.0,103.959,94.533,79.5,35.3,39.304,68.8,15.0,93.4,90.2,812.6,15.0,93.9,90.0,5.0,22.914,5.0,5.0,104.464
27.69,8,15.993,5.454,16.239,5.0,103.98299999999999,94.913,79.5,35.3,39.302,68.8,15.0,93.4,90.2,812.6,15.0,93.9,90.0,5.0,22.923,5.0,5.0,104.461
27.71,8,15.597000000000001,5.453,16.23,5.0,103.836,94.415,79.5,35.3,39.232,68.8,15.0,93.4,90.2,812.6,15.0,93.9,90.0,5.0,22.992,5.0,5.0,104.463
27.73,8,15.834000000000001,5.455,16.282,5.0,103.81200000000001,94.82600000000001,79.5,35.3,39.174,68.8,15.0,93.4,90.2,812.6,15.0,93.9,90.0,5.0,22.944000000000003,5.0,5.0,104.465
27.75,8,15.798,5.452,16.377000000000002,5.0,103.91,94.562,79.5,35.3,39.141999999999996,68.8,15.0,93.4,90.2,812.6,15.0,93.9,90.0,5.0,22.991,5.0,5.0,104.46799999999999
27.77,8,15.9,5.453,16.238,5.0,103.81200000000001,94.738,79.5,35.3,39.124,68.8,15.0,93.4,90.2,812.6,15.0,93.9,90.0,5.0,22.927,5.0,5.0,104.46700000000001
27.79,8,15.273,5.452,16.103,5.0,104.008,94.679,79.5,35.3,39.113,68.8,15.0,93.4,90.2,812.6,15.0,93.9,90.0,5.0,22.924,5.0,5.0,104.462
27.81,8,15.533,5.454,16.131999999999998,5.0,103.81200000000001,94.796,79.5,35.3,39.107,68.8,15.0,93.4,90.2,812.6,15.0,93.9,90.0,5.0,23.044,5.0,5.0,104.461
27.83,8,15.652000000000001,5.455,16.09,5.0,103.762,94.82600000000001,79.5,35.3,39.104,68.8,15.0,93.4,90.2,812.6,15.0,93.9,90.0,5.0,23.015,5.0,5.0,104.46600000000001
27.85,8,15.702,5.504,16.052,5.0,103.81200000000001,94.65,79.5,35.3,39.102,68.8,15.0,93.45,90.2,812.6,15.0,93.9,90.0,5.0,23.022000000000002,5.0,5.0,104.463
27.87,8,15.418,5.455,16.195,5.0,103.934,94.503,79.5,35.3,39.101,68.8,15.0,93.516,90.2,812.6,15.0,93.9,90.0,5.0,22.949,5.0,5.0,104.464
27.89,8,15.562999999999999,5.452,15.865,5.0,103.639,94.533,79.5,35.3,39.032,68.8,15.0,93.553,90.2,812.6,15.0,93.9,90.0,5.0,22.848,5.0,5.0,104.463
27.91,8,15.375,5.454,15.988,5.0,103.589,95.116,79.5,35.3,38.974000000000004,68.8,15.0,93.57300000000001,90.2,812.6,15.0,93.9,90.0,5.0,22.81,5.0,5.0,104.463
27.93,8,14.824,5.453,16.083,5.0,103.565,94.62100000000001,79.5,35.3,38.94199999999999,68.8,15.0,93.585,90.2,812.6,15.0,93.9,90.0,5.0,22.926,5.0,5.0,104.461
27.95,8,15.232000000000001,5.542,15.956,5.0,103.61399999999999,94.562,79.5,35.3,38.923,68.8,15.0,93.592,90.2,812.6,15.0,93.9,90.0,5.0,22.817999999999998,5.0,5.0,104.47
27.97,8,15.177999999999999,5.457,16.019,5.0,103.316,94.32600000000001,79.5,35.3,38.913,68.8,15.0,93.595,90.2,812.6,15.0,93.9,90.0,5.0,22.83,5.0,5.0,104.465
27.99,8,14.935,5.456,15.969000000000001,5.0,103.465,94.562,79.5,35.3,38.907,68.8,15.0,93.597,90.2,812.6,15.0,93.9,90.0,5.0,22.752,5.0,5.0,104.46
28.01,8,15.347000000000001,5.455,16.073,5.0,103.515,94.118,79.5,35.3,38.903999999999996,68.71199999999999,15.0,93.598,90.2,812.6,15.0,93.9,90.0,5.0,22.815,5.0,5.0,104.463
28.03,8,15.542,5.454,15.992,5.0,103.565,94.47399999999999,79.5,35.3,38.902,68.66300000000001,15.0,93.59899999999999,90.2,812.6,15.0,93.9,90.0,5.0,22.788,5.0,5.0,104.46799999999999
28.05,8,15.249,5.454,15.744000000000002,5.0,103.61399999999999,94.444,79.5,35.3,38.900999999999996,68.636,15.0,93.6,90.2,812.6,15.0,93.9,90.0,5.0,22.745,5.0,5.0,104.46600000000001
28.07,8,14.937999999999999,5.454,15.865,5.0,103.465,94.679,79.5,35.3,38.900999999999996,68.62,15.0,93.6,90.2,812.6,15.0,93.9,90.0,5.0,22.73,5.0,5.0,104.462
28.09,8,15.745,5.455,15.623,5.0,103.366,94.385,79.5,35.3,38.813,68.611,15.0,93.6,90.2,812.6,15.0,93.9,90.0,5.0,22.711,5.0,5.0,104.465
28.11,8,15.37,5.453,15.798,5.0,103.191,94.679,79.5,35.3,38.763999999999996,68.606,15.0,93.6,90.2,812.6,15.0,93.9,90.0,5.0,22.803,5.0,5.0,104.46600000000001
28.13,8,15.262,5.451,15.664000000000001,5.0,103.316,94.855,79.5,35.3,38.736000000000004,68.604,15.0,93.6,90.2,812.6,15.0,93.9,90.0,5.0,22.697,5.0,5.0,104.465
28.15,8,15.011000000000001,5.456,15.716,5.0,103.515,94.59100000000001,79.5,35.3,38.72,68.602,15.0,93.6,90.2,812.6,15.0,93.9,90.0,5.0,22.61,5.0,5.0,104.456
28.17,8,15.097999999999999,5.454,15.558,5.0,103.68799999999999,94.62100000000001,79.5,35.3,38.711,68.601,15.0,93.6,90.2,812.6,15.0,93.9,90.0,5.0,22.633,5.0,5.0,104.46600000000001
28.19,8,14.755,5.454,15.834000000000001,5.0,103.416,94.533,79.5,35.3,38.706,68.601,15.0,93.6,90.2,812.6,15.0,93.9,90.0,5.0,22.662,5.0,5.0,104.462
28.21,8,14.752,5.453,15.818,5.0,103.34100000000001,94.65,79.5,35.3,38.704,68.6,15.0,93.6,90.2,812.6,15.0,93.9,90.0,5.0,22.604,5.0,5.0,104.465
28.23,8,15.226,5.498,15.649000000000001,5.0,103.191,94.62100000000001,79.5,35.3,38.702,68.6,15.0,93.6,90.2,812.6,15.0,93.9,90.0,5.0,22.629,5.0,5.0,104.463
28.25,8,14.554,5.456,15.574000000000002,5.0,103.241,94.533,79.5,35.3,38.701,68.6,15.0,93.6,90.2,812.6,15.0,93.9,90.0,5.0,22.635,5.0,5.0,104.469
28.27,8,15.076,5.454,15.717,5.0,103.191,94.444,79.5,35.3,38.701,68.6,15.0,93.6,90.2,812.6,15.0,93.9,90.0,5.0,22.607,5.0,5.0,104.473
28.29,8,14.757,5.452,15.615,5.0,103.465,94.62100000000001,79.5,35.3,38.613,68.6,15.0,93.6,90.2,812.6,15.0,93.9,90.0,5.0,22.703,5.0,5.0,104.475
28.31,8,15.09,5.451,15.63,5.0,103.316,94.884,79.5,35.3,38.563,68.6,15.0,93.6,90.2,812.6,15.0,93.9,90.0,5.0,22.78,5.0,5.0,104.47200000000001
28.33,8,14.854,5.452,15.647,5.0,103.116,94.679,79.5,35.3,38.536,68.531,15.0,93.6,90.2,812.6,15.0,93.9,90.0,5.0,22.727999999999998,5.0,5.0,104.469
28.35,8,14.788,5.453,15.509,5.0,103.191,94.709,79.5,35.3,38.519999999999996,68.47399999999999,15.0,93.6,90.2,812.6,15.0,93.9,90.0,5.0,22.69,5.0,5.0,104.47
28.37,8,14.62,5.451,15.612,5.0,103.116,94.709,79.5,35.3,38.510999999999996,68.44200000000001,15.0,93.6,90.2,812.6,15.0,93.9,90.0,5.0,22.703,5.0,5.0,104.47
28.39,8,14.836,5.453,15.565,5.0,103.291,94.913,79.5,35.3,38.506,68.423,15.0,93.6,90.2,812.6,15.0,93.9,90.0,5.0,22.765,5.0,5.0,104.47200000000001
28.41,8,14.384,5.453,15.686,5.0,103.21600000000001,94.767,79.5,35.3,38.504000000000005,68.41300000000001,15.0,93.6,90.2,812.6,15.0,93.9,90.0,5.0,22.7,5.0,5.0,104.471
28.43,8,15.017000000000001,5.454,15.485,5.0,103.21600000000001,94.82600000000001,79.5,35.3,38.501999999999995,68.407,15.0,93.6,90.2,812.6,15.0,93.9,90.0,5.0,22.692999999999998,5.0,5.0,104.462
28.45,8,14.988,5.453,15.370999999999999,5.0,103.166,94.62100000000001,79.5,35.3,38.501,68.404,15.0,93.512,90.2,812.6,15.0,93.9,90.0,5.0,22.62,5.0,5.0,104.47
28.47,8,14.609,5.452,15.433,5.0,103.21600000000001,94.503,79.5,35.3,38.501,68.402,15.0,93.46300000000001,90.2,812.6,15.0,93.9,90.0,5.0,22.541,5.0,5.0,104.46700000000001
28.49,8,14.872,5.452,15.527000000000001,5.0,102.94,94.855,79.5,35.3,38.5,68.40100000000001,15.0,93.436,90.2,812.6,15.0,93.9,90.0,5.0,22.479,5.0,5.0,104.465
28.51,8,14.644,5.478,15.388,5.0,103.141,94.562,79.5,35.3,38.413,68.40100000000001,15.0,93.42,90.2,812.6,15.0,93.9,90.0,5.0,22.497,5.0,5.0,104.465
28.53,8,14.395,5.453,15.415999999999999,5.0,103.241,94.533,79.5,35.3,38.363,68.4,15.0,93.411,90.2,812.6,15.0,93.9,90.0,5.0,22.54,5.0,5.0,104.46799999999999
28.55,8,14.486,5.453,15.54,5.0,103.141,94.796,79.5,35.3,38.336,68.4,15.0,93.406,90.2,812.6,15.0,93.9,90.0,5.0,22.676,5.0,5.0,104.47200000000001
28.57,8,14.071,5.486,15.375,5.0,103.09100000000001,94.415,79.5,35.3,38.32,68.331,15.0,93.404,90.2,812.6,15.0,93.9,90.0,5.0,22.637999999999998,5.0,5.0,104.471
28.59,8,14.591000000000001,5.46,15.630999999999998,5.0,102.889,94.62100000000001,79.5,35.3,38.311,68.274,15.0,93.402,90.2,812.6,15.0,93.9,90.0,5.0,22.648,5.0,5.0,104.475
28.61,8,14.384,5.452,15.33,5.0,102.86399999999999,94.444,79.5,35.3,38.306,68.24199999999999,15.0,93.40100000000001,90.2,812.6,15.0,93.9,90.0,5.0,22.738,5.0,5.0,104.471
28.63,8,14.279,5.489,15.288,5.0,103.041,94.971,79.5,35.3,38.304,68.223,15.0,93.40100000000001,90.2,812.6,15.0,93.9,90.0,5.0,22.65,5.0,5.0,104.473
28.65,8,14.066,5.454,15.222000000000001,5.0,102.915,94.562,79.5,35.3,38.302,68.213,15.0,93.4,90.2,812.6,15.0,93.9,90.0,5.0,22.644000000000002,5.0,5.0,104.465
28.67,8,14.385,5.452,15.377,5.0,102.788,94.855,79.5,35.3,38.301,68.207,15.0,93.4,90.2,812.6,15.0,93.9,90.0,5.0,22.653,5.0,5.0,104.473
28.69,8,13.722000000000001,5.453,15.265,5.0,102.889,94.767,79.5,35.3,38.301,68.204,15.0,93.4,90.2,812.6,15.0,93.9,90.0,5.0,22.689,5.0,5.0,104.47
28.71,8,14.435,5.455,15.323,5.0,102.99,94.796,79.5,35.3,38.3,68.202,15.0,93.4,90.2,812.6,15.0,93.9,90.0,5.0,22.707,5.0,5.0,104.475
28.73,8,14.093,5.455,15.17,5.0,102.839,94.503,79.5,35.3,38.230999999999995,68.201,15.0,93.4,90.2,812.6,15.0,93.9,90.0,5.0,22.758,5.0,5.0,104.46799999999999
28.75,8,14.469,5.452,15.14,5.0,102.86399999999999,94.385,79.5,35.3,38.174,68.201,15.0,93.4,90.2,812.6,15.0,93.9,90.0,5.0,22.82,5.0,5.0,104.47200000000001
28.77,8,14.253,5.453,15.172,5.0,102.965,94.738,79.5,35.3,38.141999999999996,68.2,15.0,93.4,90.2,812.6,15.0,93.9,90.0,5.0,22.817999999999998,5.0,5.0,104.47
28.79,8,14.703,5.451,15.122,5.0,102.712,94.47399999999999,79.5,35.3,38.123000000000005,68.131,15.0,93.4,90.2,812.6,15.0,93.9,90.0,5.0,22.814,5.0,5.0,104.465
28.81,8,14.288,5.453,15.068,5.0,102.94,94.738,79.5,35.3,38.113,68.074,15.0,93.4,90.2,812.6,15.0,93.9,90.0,5.0,22.72,5.0,5.0,104.46
28.83,8,14.13,5.518,15.066,5.0,102.814,94.47399999999999,79.5,35.3,38.107,68.042,15.0,93.4,90.2,812.6,15.0,93.9,90.0,5.0,22.766,5.0,5.0,104.45700000000001
28.85,8,13.972999999999999,5.457,15.207,5.0,102.738,94.738,79.5,35.3,38.104,68.023,15.0,93.4,90.2,812.6,15.0,93.9,90.0,5.0,22.997,5.0,5.0,104.45200000000001
28.87,8,13.901,5.455,15.126,5.0,102.738,94.738,79.5,35.3,38.102,68.013,15.0,93.4,90.2,812.6,15.0,93.9,90.0,5.0,23.035999999999998,5.0,5.0,104.45200000000001
28.89,8,13.81,5.454,15.155,5.0,102.76299999999999,94.444,79.5,35.3,38.101,68.007,15.0,93.4,90.2,812.6,15.0,93.9,90.0,5.0,23.14,5.0,5.0,104.45100000000001
28.91,8,14.129,5.453,15.102,5.0,102.76299999999999,94.767,79.5,35.3,38.101,68.00399999999999,15.0,93.4,90.2,812.6,15.0,93.9,90.0,5.0,23.158,5.0,5.0,104.449
28.93,8,13.832,5.453,15.13,5.0,102.712,94.62100000000001,79.5,35.3,38.1,68.002,15.0,93.4,90.2,812.6,15.0,93.9,90.0,5.0,23.137999999999998,5.0,5.0,104.454
28.95,8,13.807,5.454,15.183,5.0,102.788,94.767,79.5,35.3,38.1,68.001,15.0,93.4,90.2,812.6,15.0,93.9,90.0,5.0,23.14,5.0,5.0,104.444
28.97,8,13.966000000000001,5.456,14.991,5.0,102.712,94.415,79.5,35.3,38.013000000000005,68.001,15.0,93.4,90.2,812.6,15.0,93.9,90.0,5.0,23.157,5.0,5.0,104.45200000000001
28.99,8,14.002,5.505,15.042,5.0,102.585,94.08800000000001,79.5,35.3,37.963,67.93199999999999,15.0,93.4,90.2,812.6,15.0,93.9,90.0,5.0,23.151,5.0,5.0,104.454
29.01,8,13.365,5.456,14.869,5.0,102.509,94.267,79.5,35.3,37.936,67.874,15.0,93.4,90.2,812.6,15.0,93.9,90.0,5.0,23.162,5.0,5.0,104.45
29.03,8,13.655,5.455,14.884,5.0,102.662,94.297,79.5,35.3,37.92,67.842,15.0,93.4,90.2,812.6,15.0,93.9,90.0,5.0,23.262,5.0,5.0,104.45299999999999
29.05,8,13.869,5.452,14.902999999999999,5.0,102.662,94.267,79.5,35.3,37.911,67.82300000000001,15.0,93.4,90.2,812.6,15.0,93.9,90.0,5.0,23.366,5.0,5.0,104.449
29.07,8,13.184,5.467,15.008,5.0,102.432,94.444,79.5,35.3,37.906,67.813,15.0,93.4,90.2,812.6,15.0,93.9,90.0,5.0,23.389,5.0,5.0,104.45299999999999
29.09,8,13.15,5.454,14.937999999999999,5.0,102.712,94.47399999999999,79.5,35.3,37.903999999999996,67.80699999999999,15.0,93.4,90.2,812.6,15.0,93.9,90.0,5.0,23.387999999999998,5.0,5.0,104.456
29.11,8,13.526,5.453,14.925,5.0,102.585,94.82600000000001,79.5,35.3,37.902,67.804,15.0,93.4,90.2,812.6,15.0,93.9,90.0,5.0,23.42,5.0,5.0,104.45299999999999
29.13,8,13.347999999999999,5.454,14.872,5.0,102.458,94.35600000000001,79.5,35.3,37.900999999999996,67.80199999999999,15.0,93.4,90.2,812.6,15.0,93.9,90.0,5.0,23.297,5.0,5.0,104.456
29.15,8,13.482999999999999,5.455,14.957,5.0,102.432,94.65,79.5,35.3,37.900999999999996,67.801,15.0,93.4,90.2,812.6,15.0,93.9,90.0,5.0,23.27,5.0,5.0,104.45200000000001
29.17,8,13.242,5.452,15.011000000000001,5.0,102.432,94.62100000000001,79.5,35.3,37.9,67.732,15.0,93.4,90.2,812.6,15.0,93.9,90.0,5.0,23.227999999999998,5.0,5.0,104.454
29.19,8,13.352,5.451,14.898,5.0,102.35600000000001,94.65,79.5,35.3,37.9,67.674,15.0,93.4,90.2,812.6,15.0,93.9,90.0,5.0,23.258,5.0,5.0,104.462
29.21,8,13.521,5.453,14.762,5.0,102.535,94.709,79.5,35.3,37.9,67.642,15.0,93.4,90.2,812.6,15.0,93.9,90.0,5.0,23.17,5.0,5.0,104.455
29.23,8,13.427,5.453,15.004,5.0,102.458,94.738,79.5,35.3,37.9,67.623,15.0,93.4,90.2,812.6,15.0,93.9,90.0,5.0,23.189,5.0,5.0,104.454
29.25,8,12.978,5.454,14.953,5.0,102.305,94.796,79.5,35.3,37.813,67.613,15.0,93.4,90.2,812.6,15.0,93.9,90.0,5.0,23.160999999999998,5.0,5.0,104.461
29.27,8,13.315,5.454,14.745,5.0,102.305,94.767,79.5,35.3,37.763000000000005,67.607,15.0,93.4,90.2,812.6,15.0,93.9,90.0,5.0,23.105999999999998,5.0,5.0,104.469
29.29,8,13.161,5.451,14.974,5.0,102.509,94.65,79.5,35.3,37.736000000000004,67.604,15.0,93.4,90.2,812.6,15.0,93.9,90.0,5.0,23.221,5.0,5.0,104.463
29.31,8,13.523,5.454,14.738999999999999,5.0,102.228,94.62100000000001,79.5,35.3,37.72,67.602,15.0,93.4,90.2,812.6,15.0,93.9,90.0,5.0,23.157,5.0,5.0,104.462
29.33,8,13.264,5.456,14.724,5.0,102.35600000000001,95.087,79.5,35.3,37.711,67.601,15.0,93.4,90.2,812.6,15.0,93.9,90.0,5.0,23.151,5.0,5.0,104.46700000000001
29.35,8,13.29,5.45,14.53,5.0,102.25299999999999,94.738,79.5,35.3,37.706,67.513,15.0,93.4,90.2,812.6,15.0,93.9,90.0,5.0,23.142,5.0,5.0,104.46700000000001
29.37,8,13.599,5.453,14.684,5.0,102.15,94.62100000000001,79.5,35.3,37.704,67.464,15.0,93.4,90.2,812.6,15.0,93.9,90.0,5.0,23.025,5.0,5.0,104.47200000000001
29.39,8,13.032,5.45,14.757,5.0,102.305,94.62100000000001,79.5,35.3,37.702,67.436,15.0,93.4,90.2,812.6,15.0,93.9,90.0,5.0,22.975,5.0,5.0,104.47
29.41,8,12.873999999999999,5.453,14.808,5.0,102.20200000000001,94.913,79.5,35.3,37.701,67.42,15.0,93.4,90.2,812.6,15.0,93.9,90.0,5.0,23.074,5.0,5.0,104.47
29.43,8,13.027999999999999,5.451,14.829,5.0,102.305,94.47399999999999,79.5,35.3,37.701,67.411,15.0,93.4,90.2,812.6,15.0,93.9,90.0,5.0,23.195,5.0,5.0,104.46799999999999
29.45,8,13.355,5.451,14.652999999999999,5.0,102.176,94.82600000000001,79.5,35.3,37.7,67.406,15.0,93.4,90.2,812.6,15.0,93.9,90.0,5.0,23.144000000000002,5.0,5.0,104.46600000000001
29.47,8,13.132,5.45,14.676,5.0,102.15,94.562,79.5,35.3,37.7,67.404,15.0,93.4,90.2,812.6,15.0,93.9,90.0,5.0,23.187,5.0,5.0,104.46700000000001
29.49,8,12.89,5.452,14.634,5.0,102.176,94.65,79.5,35.3,37.7,67.333,15.0,93.4,90.2,812.6,15.0,93.9,90.0,5.0,23.034000000000002,5.0,5.0,104.471
29.51,8,13.201,5.449,14.606,5.0,102.15,94.503,79.5,35.3,37.7,67.275,15.0,93.4,90.2,812.6,15.0,93.9,90.0,5.0,23.099,5.0,5.0,104.469
29.53,8,12.994,5.453,14.404,5.0,102.279,94.59100000000001,79.5,35.3,37.613,67.24199999999999,15.0,93.4,90.2,812.6,15.0,93.9,90.0,5.0,23.076,5.0,5.0,104.471
29.55,8,13.57,5.45,14.644,5.0,101.99600000000001,94.767,79.55,35.3,37.563,67.22399999999999,15.0,93.4,90.2,812.6,15.0,93.9,90.0,5.0,23.086,5.0,5.0,104.469
29.57,8,13.163,5.451,14.539,5.0,102.20200000000001,94.62100000000001,79.616,35.3,37.536,67.213,15.0,93.4,90.2,812.6,15.0,93.9,90.0,5.0,23.112000000000002,5.0,5.0,104.473
29.59,8,12.934000000000001,5.451,14.592,5.0,102.15,94.738,79.653,35.3,37.519999999999996,67.208,15.0,93.4,90.2,812.6,15.0,93.9,90.0,5.0,23.067999999999998,5.0,5.0,104.47200000000001
29.61,8,12.445,5.456,14.55,5.0,101.944,94.62100000000001,79.673,35.3,37.510999999999996,67.204,15.0,93.4,90.2,812.6,15.0,93.9,90.0,5.0,22.993,5.0,5.0,104.471
29.63,8,12.945,5.461,14.589,5.0,102.09899999999999,94.59100000000001,79.685,35.3,37.506,67.202,15.0,93.4,90.2,812.6,15.0,93.9,90.0,5.0,22.967,5.0,5.0,104.47200000000001
29.65,8,12.644,5.535,14.575,5.0,101.866,94.47399999999999,79.692,35.3,37.504000000000005,67.13300000000001,15.0,93.4,90.2,812.6,15.0,93.9,90.0,5.0,22.964000000000002,5.0,5.0,104.46600000000001
29.67,8,13.099,5.456,14.502,5.0,101.944,94.562,79.695,35.3,37.501999999999995,67.075,15.0,93.4,90.2,812.6,15.0,93.9,90.0,5.0,22.929000000000002,5.0,5.0,104.46700000000001
29.69,8,12.805,5.45,14.215,5.0,101.97,94.679,79.697,35.3,37.501,67.042,15.0,93.4,90.2,812.6,15.0,93.9,90.0,5.0,22.908,5.0,5.0,104.471
29.71,8,13.131,5.511,14.347999999999999,5.0,101.84,94.533,79.699,35.3,37.501,67.024,15.0,93.4,90.2,812.6,15.0,93.9,90.0,5.0,22.813,5.0,5.0,104.469
29.73,8,12.913,5.453,14.315,5.0,101.944,94.709,79.699,35.3,37.5,67.013,15.0,93.4,90.2,812.6,15.0,93.9,90.0,5.0,22.755,5.0,5.0,104.463
29.75,8,13.146,5.451,14.431000000000001,5.0,101.89200000000001,94.65,79.7,35.3,37.5,67.007,15.0,93.4,90.2,812.6,15.0,93.9,90.0,5.0,22.734,5.0,5.0,104.465
29.77,8,13.006,5.509,14.376,5.0,101.762,94.855,79.7,35.3,37.5,67.00399999999999,15.0,93.4,90.2,812.6,15.0,93.9,90.0,5.0,22.689,5.0,5.0,104.462
29.79,8,12.796,5.452,14.301,5.0,101.944,94.855,79.7,35.3,37.5,66.934,15.0,93.4,90.2,812.6,15.0,93.9,90.0,5.0,22.706,5.0,5.0,104.463
29.81,8,12.809999999999999,5.452,14.281,5.0,101.97,94.884,79.7,35.3,37.5,66.875,15.0,93.4,90.2,812.6,15.0,93.9,90.0,5.0,22.726,5.0,5.0,104.462
29.83,8,12.629,5.448,14.341000000000001,5.0,101.814,94.767,79.7,35.3,37.413,66.842,15.0,93.4,90.2,812.6,15.0,93.9,90.0,5.0,22.645,5.0,5.0,104.46
29.85,8,12.156,5.451,14.28,5.0,101.762,94.738,79.7,35.3,37.363,66.824,15.0,93.4,90.2,812.6,15.0,93.9,90.0,5.0,22.7,5.0,5.0,104.464
29.87,8,12.824,5.451,14.252,5.0,101.84,94.738,79.7,35.3,37.336,66.813,15.0,93.4,90.2,812.6,15.0,93.9,90.0,5.0,22.688,5.0,5.0,104.458
29.89,8,12.704,5.451,14.285,5.0,101.91799999999999,94.796,79.7,35.3,37.32,66.80799999999999,15.0,93.4,90.2,812.6,15.0,93.9,90.0,5.0,22.676,5.0,5.0,104.46
29.91,8,12.472000000000001,5.449,14.354,5.0,101.84,94.709,79.7,35.3,37.311,66.804,15.0,93.4,90.2,812.6,15.0,93.9,90.0,5.0,22.6,5.0,5.0,104.463
29.93,8,12.682,5.449,14.292,5.0,101.788,94.82600000000001,79.7,35.3,37.306,66.734,15.0,93.4,90.2,812.6,15.0,93.9,90.0,5.0,22.576,5.0,5.0,104.461
29.95,8,12.453,5.45,14.28,5.0,101.814,94.709,79.7,35.3,37.304,66.675,15.0,93.4,90.2,812.6,15.0,93.9,90.0,5.0,22.644000000000002,5.0,5.0,104.458
29.97,8,12.046,5.449,14.145,5.0,101.65799999999999,94.562,79.7,35.3,37.302,66.642,15.0,93.4,90.2,812.6,15.0,93.9,90.0,5.0,22.677,5.0,5.0,104.46
29.99,8,12.582999999999998,5.45,14.193999999999999,5.0,101.788,94.971,79.7,35.3,37.301,66.624,15.0,93.4,90.2,812.6,15.0,93.9,90.0,5.0,22.563,5.0,5.0,104.462
30.01,8,12.692,5.449,14.182,5.0,101.736,94.884,79.7,35.3,37.301,66.613,15.0,93.4,90.2,812.6,15.0,93.9,90.0,5.0,22.468,5.0,5.0,104.462
30.03,8,12.39,5.449,14.318,5.0,101.814,95.058,79.7,35.3,37.3,66.608,15.0,93.4,90.2,812.6,15.0,93.9,90.0,5.0,22.500999999999998,5.0,5.0,104.464
30.05,8,12.411000000000001,5.448,14.243,5.0,101.65799999999999,94.855,79.7,35.3,37.3,66.604,15.0,93.4,90.2,812.6,15.0,93.9,90.0,5.0,22.468,5.0,5.0,104.458
30.07,8,12.227,5.449,14.365,5.0,101.501,94.562,79.7,35.3,37.3,66.515,15.0,93.4,90.2,812.6,15.0,93.9,90.0,5.0,22.449,5.0,5.0,104.46
30.09,8,12.05,5.451,14.08,5.0,101.448,94.855,79.7,35.3,37.3,66.465,15.0,93.4,90.2,812.6,15.0,93.9,90.0,5.0,22.463,5.0,5.0,104.45700000000001
30.11,8,12.515,5.452,14.113,5.0,101.632,94.679,79.7,35.3,37.3,66.436,15.0,93.4,90.2,812.6,15.0,93.9,90.0,5.0,22.535,5.0,5.0,104.462
30.13,8,12.265,5.449,14.076,5.0,101.632,95.029,79.7,35.3,37.3,66.42,15.0,93.4,90.2,812.6,15.0,93.9,90.0,5.0,22.56,5.0,5.0,104.463
30.15,8,12.389,5.448,14.068,5.0,101.60600000000001,94.533,79.7,35.3,37.213,66.412,15.0,93.4,90.2,812.6,15.0,93.9,90.0,5.0,22.625999999999998,5.0,5.0,104.458
30.17,8,11.371,5.485,14.051,5.0,101.42200000000001,94.738,79.7,35.3,37.163,66.406,15.0,93.4,90.2,812.6,15.0,93.9,90.0,5.0,22.673,5.0,5.0,104.462
30.19,8,12.344999999999999,5.45,13.967,5.0,101.60600000000001,94.796,79.7,35.3,37.135999999999996,66.404,15.0,93.4,90.2,812.6,15.0,93.9,90.0,5.0,22.750999999999998,5.0,5.0,104.469
30.21,8,11.838999999999999,5.449,14.131,5.0,101.553,94.62100000000001,79.7,35.3,37.120000000000005,66.333,15.0,93.4,90.2,812.6,15.0,93.9,90.0,5.0,22.787,5.0,5.0,104.464
30.23,8,11.899000000000001,5.45,14.013,5.0,101.501,94.738,79.7,35.3,37.111000000000004,66.275,15.0,93.4,90.2,812.6,15.0,93.9,90.0,5.0,22.849,5.0,5.0,104.462
30.25,8,12.018,5.448,13.827,5.0,101.527,94.796,79.7,35.3,37.105999999999995,66.24199999999999,15.0,93.4,90.2,812.6,15.0,93.9,90.0,5.0,22.781,5.0,5.0,104.462
30.27,8,11.922,5.449,13.96,5.0,101.527,94.415,79.7,35.3,37.104,66.22399999999999,15.0,93.4,90.2,812.6,15.0,93.9,90.0,5.0,22.754,5.0,5.0,104.463
30.29,8,11.75,5.45,14.013,5.0,101.60600000000001,94.709,79.7,35.3,37.102,66.213,15.0,93.4,90.2,812.6,15.0,93.9,90.0,5.0,22.749000000000002,5.0,5.0,104.464
30.31,8,11.636,5.449,13.889,5.0,101.632,94.62100000000001,79.7,35.3,37.101,66.208,15.0,93.4,90.2,812.6,15.0,93.9,90.0,5.0,22.784000000000002,5.0,5.0,104.46700000000001
30.33,8,11.644,5.448,13.861,5.0,101.60600000000001,94.884,79.7,35.3,37.101,66.13499999999999,15.0,93.4,90.2,812.6,15.0,93.9,90.0,5.0,22.708,5.0,5.0,104.469
30.35,8,11.802,5.45,13.885,5.0,101.501,94.65,79.7,35.3,37.1,66.076,15.0,93.4,90.2,812.6,15.0,93.9,90.0,5.0,22.674,5.0,5.0,104.465
30.37,8,11.516,5.449,14.083,5.0,101.553,94.533,79.7,35.3,37.1,66.043,15.0,93.4,90.2,812.6,15.0,93.9,90.0,5.0,22.766,5.0,5.0,104.46700000000001
30.39,8,12.092,5.449,13.827,5.0,101.632,94.47399999999999,79.7,35.3,37.1,66.024,15.0,93.4,90.2,812.6,15.0,93.9,90.0,5.0,22.798,5.0,5.0,104.47
30.41,8,11.586,5.45,13.8,5.0,101.501,94.59100000000001,79.7,35.3,37.1,66.014,15.0,93.4,90.2,812.6,15.0,93.9,90.0,5.0,22.817,5.0,5.0,104.471
30.43,8,11.677,5.449,13.767000000000001,5.0,101.475,94.562,79.7,35.3,37.1,66.00800000000001,15.0,93.4,90.2,812.6,15.0,93.9,90.0,5.0,22.791,5.0,5.0,104.469
30.45,8,11.633,5.449,13.857999999999999,5.0,101.553,94.47399999999999,79.7,35.3,37.1,65.936,15.0,93.4,90.2,812.6,15.0,93.9,90.0,5.0,22.925,5.0,5.0,104.47
30.47,8,11.741,5.447,13.85,5.0,101.42200000000001,94.47399999999999,79.7,35.3,37.1,65.876,15.0,93.4,90.2,812.6,15.0,93.9,90.0,5.0,23.028,5.0,5.0,104.47200000000001
30.49,8,11.546,5.447,13.736,5.0,101.291,94.59100000000001,79.7,35.3,37.013000000000005,65.843,15.0,93.4,90.2,812.6,15.0,93.9,90.0,5.0,22.942,5.0,5.0,104.47399999999999
30.51,8,11.158,5.449,13.736,5.0,101.31700000000001,94.62100000000001,79.7,35.3,36.963,65.824,15.0,93.4,90.2,812.6,15.0,93.9,90.0,5.0,23.018,5.0,5.0,104.469
30.53,8,11.405000000000001,5.449,13.593,5.0,101.15799999999999,94.82600000000001,79.7,35.3,36.936,65.814,15.0,93.4,90.2,812.6,15.0,93.9,90.0,5.0,23.034000000000002,5.0,5.0,104.46799999999999
30.55,8,11.346,5.446,13.666,5.0,101.42200000000001,94.738,79.7,35.3,36.92,65.80799999999999,15.0,93.4,90.2,812.6,15.0,93.9,90.0,5.0,22.935,5.0,5.0,104.47200000000001
30.57,8,11.496,5.45,13.701,5.0,101.34299999999999,94.62100000000001,79.7,35.3,36.911,65.736,15.0,93.4,90.2,812.6,15.0,93.9,90.0,5.0,23.005,5.0,5.0,104.469
30.59,8,11.228,5.45,13.686,5.0,101.291,94.855,79.7,35.3,36.906,65.676,15.0,93.4,90.2,812.6,15.0,93.9,90.0,5.0,23.19,5.0,5.0,104.47
30.61,8,11.265,5.449,13.788,5.0,101.15799999999999,94.562,79.7,35.3,36.903999999999996,65.643,15.0,93.4,90.2,812.6,15.0,93.9,90.0,5.0,23.154,5.0,5.0,104.471
30.63,8,11.371,5.449,13.626,5.0,101.448,94.533,79.7,35.3,36.902,65.624,15.0,93.4,90.2,812.6,15.0,93.9,90.0,5.0,23.136,5.0,5.0,104.469
30.65,8,11.105,5.448,13.68,5.0,101.34299999999999,94.35600000000001,79.7,35.3,36.900999999999996,65.614,15.0,93.4,90.2,812.6,15.0,93.9,90.0,5.0,23.186,5.0,5.0,104.471
30.67,8,11.412,5.445,13.523,5.0,101.105,94.503,79.7,35.3,36.900999999999996,65.608,15.0,93.4,90.2,812.6,15.0,93.9,90.0,5.0,23.038,5.0,5.0,104.469
30.69,8,11.259,5.447,13.595,5.0,101.264,94.855,79.7,35.3,36.9,65.536,15.0,93.4,90.2,812.6,15.0,93.9,90.0,5.0,23.005,5.0,5.0,104.46700000000001
30.71,8,11.206,5.448,13.691,5.0,101.34299999999999,94.503,79.7,35.3,36.9,65.476,15.0,93.4,90.2,812.6,15.0,93.9,90.0,5.0,22.887,5.0,5.0,104.46799999999999
30.73,8,11.228,5.446,13.692,5.0,101.079,94.415,79.7,35.3,36.9,65.44300000000001,15.0,93.4,90.2,812.6,15.0,93.9,90.0,5.0,22.936,5.0,5.0,104.469
30.75,8,11.239,5.448,13.475,5.0,101.079,94.59100000000001,79.7,35.3,36.9,65.424,15.0,93.4,90.2,812.6,15.0,93.9,90.0,5.0,22.932000000000002,5.0,5.0,104.47
30.77,8,11.202000000000002,5.448,13.629,5.0,101.264,94.884,79.7,35.3,36.9,65.41399999999999,15.0,93.4,90.2,812.6,15.0,93.9,90.0,5.0,22.962,5.0,5.0,104.464
30.79,8,10.927,5.446,13.641,5.0,101.185,94.415,79.7,35.3,36.9,65.408,15.0,93.4,90.2,812.6,15.0,93.9,90.0,5.0,22.906,5.0,5.0,104.46600000000001
30.81,8,10.975,5.445,13.762,5.0,101.052,94.385,79.7,35.3,36.9,65.33600000000001,15.0,93.4,90.2,812.6,15.0,93.9,90.0,5.0,22.845,5.0,5.0,104.458
30.83,8,11.385,5.446,13.452,5.0,101.132,94.32600000000001,79.7,35.3,36.9,65.27600000000001,15.0,93.4,90.2,812.6,15.0,93.9,90.0,5.0,22.852999999999998,5.0,5.0,104.459
30.85,8,11.286000000000001,5.457,13.378,5.0,101.15799999999999,94.385,79.7,35.3,36.9,65.243,15.0,93.4,90.2,812.6,15.0,93.9,90.0,5.0,22.942999999999998,5.0,5.0,104.45100000000001
30.87,8,10.588,5.449,13.584,5.0,101.15799999999999,94.32600000000001,79.7,35.3,36.813,65.22399999999999,15.0,93.4,90.2,812.6,15.0,93.9,90.0,5.0,22.859,5.0,5.0,104.449
30.89,8,11.143,5.448,13.664,5.0,101.105,94.297,79.7,35.3,36.763000000000005,65.214,15.0,93.4,90.2,812.6,15.0,93.9,90.0,5.0,22.811,5.0,5.0,104.454
30.91,8,10.738,5.449,13.576,5.0,101.02600000000001,94.297,79.7,35.3,36.736000000000004,65.208,15.0,93.4,90.2,812.6,15.0,93.9,90.0,5.0,22.882,5.0,5.0,104.45299999999999
30.93,8,10.847000000000001,5.446,13.423,5.0,101.079,94.62100000000001,79.7,35.3,36.72,65.204,15.0,93.4,90.2,812.6,15.0,93.9,90.0,5.0,22.855,5.0,5.0,104.45
30.95,8,10.594999999999999,5.448,13.472999999999999,5.0,101.079,94.32600000000001,79.7,35.3,36.711,65.15899999999999,15.0,93.4,90.2,812.6,15.0,93.9,90.0,5.0,22.857,5.0,5.0,104.45200000000001
30.97,8,10.83,5.446,13.443,5.0,100.946,94.297,79.7,35.3,36.706,65.13300000000001,15.0,93.4,90.2,812.6,15.0,93.9,90.0,5.0,22.877,5.0,5.0,104.45700000000001
30.99,8,10.937999999999999,5.448,13.36,5.0,101.34299999999999,94.32600000000001,79.7,35.3,36.704,65.119,15.0,93.4,90.2,812.6,15.0,93.9,90.0,5.0,22.828,5.0,5.0,104.45299999999999
31.01,8,11.016,5.448,13.38,5.0,101.15799999999999,94.738,79.7,35.3,36.702,65.11,15.0,93.4,90.2,812.6,15.0,93.9,90.0,5.0,22.773,5.0,5.0,104.45100000000001
31.03,8,10.634,5.449,13.535,5.0,100.973,94.32600000000001,79.7,35.3,36.701,65.106,15.0,93.4,90.2,812.6,15.0,93.9,90.0,5.0,22.781,5.0,5.0,104.448
31.05,8,10.844,5.448,13.459,5.0,101.02600000000001,94.82600000000001,79.7,35.3,36.701,65.10300000000001,15.0,93.4,90.2,812.6,15.0,93.9,90.0,5.0,22.797,5.0,5.0,104.449
31.07,8,11.006,5.445,13.288,5.0,101.15799999999999,94.35600000000001,79.7,35.3,36.7,65.102,15.0,93.4,90.2,812.6,15.0,93.9,90.0,5.0,22.846,5.0,5.0,104.455
31.09,8,10.844999999999999,5.446,13.31,5.0,101.185,94.562,79.7,35.3,36.7,65.032,15.0,93.4,90.2,812.6,15.0,93.9,90.0,5.0,22.827,5.0,5.0,104.455
31.11,8,10.697,5.45,13.34,5.0,100.999,94.59100000000001,79.7,35.3,36.7,64.97399999999999,15.0,93.4,90.2,812.6,15.0,93.9,90.0,5.0,22.795,5.0,5.0,104.461
31.13,8,10.780000000000001,5.447,13.386000000000001,5.0,101.02600000000001,94.738,79.7,35.3,36.7,64.94200000000001,15.0,93.4,90.2,812.6,15.0,93.9,90.0,5.0,22.803,5.0,5.0,104.455
31.15,8,10.541,5.448,13.312999999999999,5.0,100.973,94.47399999999999,79.7,35.3,36.7,64.924,15.0,93.4,90.2,812.6,15.0,93.9,90.0,5.0,22.826,5.0,5.0,104.45
31.17,8,10.746,5.446,13.294,5.0,101.052,94.47399999999999,79.7,35.3,36.7,64.91300000000001,15.0,93.4,90.2,812.6,15.0,93.9,90.0,5.0,22.862000000000002,5.0,5.0,104.454
31.19,8,10.453,5.448,13.243,5.0,101.132,94.32600000000001,79.7,35.3,36.7,64.907,15.0,93.4,90.2,812.6,15.0,93.9,90.0,5.0,22.894000000000002,5.0,5.0,104.46
31.21,8,10.838,5.446,13.485,5.0,100.89299999999999,94.767,79.7,35.3,36.7,64.83500000000001,15.0,93.4,90.2,812.6,15.0,93.9,90.0,5.0,22.891,5.0,5.0,104.45
31.23,8,10.647,5.477,13.271,5.0,100.839,94.738,79.7,35.3,36.7,64.77600000000001,15.0,93.4,90.2,812.6,15.0,93.9,90.0,5.0,22.861,5.0,5.0,104.456
31.25,8,10.344999999999999,5.456,13.293,5.0,101.079,94.444,79.7,35.3,36.7,64.743,15.0,93.4,90.2,812.6,15.0,93.9,90.0,5.0,22.861,5.0,5.0,104.449
31.27,8,10.455,5.447,13.357999999999999,5.0,100.866,94.533,79.7,35.3,36.7,64.72399999999999,15.0,93.4,90.2,812.6,15.0,93.9,90.0,5.0,22.858,5.0,5.0,104.458
31.29,8,10.587,5.448,13.355,5.0,100.946,94.738,79.7,35.3,36.613,64.714,15.0,93.4,90.2,812.6,15.0,93.9,90.0,5.0,22.93,5.0,5.0,104.455
31.31,8,10.557,5.563,13.196,5.0,100.919,94.562,79.7,35.3,36.563,64.708,15.0,93.4,90.2,812.6,15.0,93.9,90.0,5.0,22.487000000000002,5.0,5.0,104.456
31.33,8,10.697,5.448,13.254,5.0,100.786,94.533,79.7,35.3,36.536,64.61699999999999,15.0,93.4,90.2,812.6,15.0,93.9,90.0,5.0,22.374000000000002,5.0,5.0,104.459
31.35,8,10.277000000000001,5.448,13.182,5.0,100.759,94.237,79.7,35.3,36.519999999999996,64.566,15.0,93.4,90.2,812.6,15.0,93.9,90.0,5.0,22.491,5.0,5.0,104.459
31.37,8,10.888,5.447,12.965,5.0,101.052,94.65,79.7,35.3,36.510999999999996,64.537,15.0,93.4,90.2,812.6,15.0,93.9,90.0,5.0,22.601,5.0,5.0,104.456
31.39,8,10.596,5.449,13.066,5.0,100.786,94.82600000000001,79.7,35.3,36.506,64.521,15.0,93.4,90.2,812.6,15.0,93.9,90.0,5.0,22.645,5.0,5.0,104.45299999999999
31.41,8,10.299,5.449,13.003,5.0,100.866,94.385,79.7,35.3,36.504000000000005,64.512,15.0,93.4,90.2,812.6,15.0,93.9,90.0,5.0,22.761,5.0,5.0,104.459
31.43,8,10.294,5.448,13.191,5.0,100.946,94.62100000000001,79.7,35.3,36.501999999999995,64.438,15.0,93.4,90.2,812.6,15.0,93.9,90.0,5.0,22.801,5.0,5.0,104.45299999999999
31.45,8,10.148,5.447,13.142999999999999,5.0,100.866,94.59100000000001,79.7,35.3,36.501,64.378,15.0,93.4,90.2,812.6,15.0,93.9,90.0,5.0,22.707,5.0,5.0,104.45700000000001
31.47,8,10.109,5.448,13.101,5.0,100.839,94.62100000000001,79.7,35.3,36.501,64.344,15.0,93.4,90.2,812.6,15.0,93.9,90.0,5.0,22.767,5.0,5.0,104.454
31.49,8,10.354,5.4879999999999995,13.225,5.0,100.652,94.942,79.7,35.3,36.5,64.325,15.0,93.4,90.2,812.6,15.0,93.9,90.0,5.0,22.755,5.0,5.0,104.45700000000001
31.51,8,9.933,5.447,13.11,5.0,100.81299999999999,94.738,79.7,35.3,36.5,64.314,15.0,93.4,90.2,812.6,15.0,93.9,90.0,5.0,22.714000000000002,5.0,5.0,104.454
31.53,8,10.025,5.447,13.071,5.0,100.839,94.884,79.7,35.3,36.5,64.30799999999999,15.0,93.4,90.2,812.6,15.0,93.9,90.0,5.0,22.776,5.0,5.0,104.455
31.55,8,10.134,5.447,13.002,5.0,100.652,94.971,79.7,35.3,36.5,64.261,15.0,93.4,90.2,812.6,15.0,93.9,90.0,5.0,22.858,5.0,5.0,104.456
31.57,8,10.100999999999999,5.446,13.052999999999999,5.0,100.625,94.385,79.7,35.3,36.5,64.234,15.0,93.4,90.2,812.6,15.0,93.9,90.0,5.0,22.895,5.0,5.0,104.455
31.59,8,10.724,5.446,12.843,5.0,100.973,94.533,79.7,35.3,36.5,64.219,15.0,93.4,90.2,812.6,15.0,93.9,90.0,5.0,22.845,5.0,5.0,104.45700000000001
31.61,8,10.454,5.446,12.991,5.0,100.759,94.533,79.7,35.3,36.5,64.21100000000001,15.0,93.4,90.2,812.6,15.0,93.9,90.0,5.0,22.85,5.0,5.0,104.461
31.63,8,9.778,5.446,13.12,5.0,100.652,94.82600000000001,79.7,35.3,36.5,64.206,15.0,93.4,90.2,812.6,15.0,93.9,90.0,5.0,22.935,5.0,5.0,104.458
31.65,8,10.494,5.447,13.004,5.0,100.464,94.65,79.7,35.3,36.5,64.203,15.0,93.4,90.2,812.6,15.0,93.9,90.0,5.0,22.829,5.0,5.0,104.45700000000001
31.67,8,9.849,5.448,13.027000000000001,5.0,100.598,94.444,79.7,35.3,36.5,64.13300000000001,15.0,93.4,90.2,812.6,15.0,93.9,90.0,5.0,22.792,5.0,5.0,104.45700000000001
31.69,8,10.036999999999999,5.447,13.012,5.0,100.706,94.533,79.7,35.3,36.5,64.075,15.0,93.4,90.2,812.6,15.0,93.9,90.0,5.0,22.715999999999998,5.0,5.0,104.463
31.71,8,10.168,5.446,12.855,5.0,100.491,94.59100000000001,79.7,35.3,36.5,64.042,15.0,93.4,90.2,812.6,15.0,93.9,90.0,5.0,22.847,5.0,5.0,104.463
31.73,8,9.771,5.446,12.994,5.0,100.464,94.679,79.7,35.3,36.5,64.024,15.0,93.4,90.2,812.6,15.0,93.9,90.0,5.0,22.987000000000002,5.0,5.0,104.46700000000001
31.75,8,10.051,5.447,12.847000000000001,5.0,100.571,94.65,79.7,35.3,36.413,64.013,15.0,93.4,90.2,812.6,15.0,93.9,90.0,5.0,22.977999999999998,5.0,5.0,104.463
31.77,8,9.651,5.448,12.89,5.0,100.41,94.942,79.7,35.3,36.363,64.007,15.0,93.4,90.2,812.6,15.0,93.9,90.0,5.0,22.977,5.0,5.0,104.465
31.79,8,9.916,5.446,12.74,5.0,100.32799999999999,94.32600000000001,79.7,35.3,36.336,63.935,15.0,93.4,90.2,812.6,15.0,93.9,90.0,5.0,22.91,5.0,5.0,104.46600000000001
31.81,8,9.753,5.446,12.817,5.0,100.544,94.35600000000001,79.7,35.3,36.32,63.876000000000005,15.0,93.4,90.2,812.6,15.0,93.9,90.0,5.0,22.824,5.0,5.0,104.46
31.83,8,9.888,5.446,13.015,5.0,100.24700000000001,94.65,79.7,35.3,36.311,63.843,15.0,93.4,90.2,812.6,15.0,93.9,90.0,5.0,22.907,5.0,5.0,104.463
31.85,8,9.652000000000001,5.48,12.83,5.0,100.759,94.679,79.7,35.3,36.306,63.824,15.0,93.4,90.2,812.6,15.0,93.9,90.0,5.0,22.935,5.0,5.0,104.46600000000001
31.87,8,9.836,5.4879999999999995,12.777000000000001,5.0,100.41,94.679,79.7,35.3,36.304,63.81399999999999,15.0,93.4,90.2,812.6,15.0,93.812,90.0,5.0,22.937,5.0,5.0,104.465
31.89,8,9.951,5.455,12.722999999999999,5.0,100.382,94.533,79.7,35.3,36.302,63.808,15.0,93.4,90.2,812.6,15.0,93.763,90.0,5.0,23.08,5.0,5.0,104.456
31.91,8,10.044,5.445,12.742,5.0,100.355,94.533,79.7,35.3,36.301,63.736000000000004,15.0,93.4,90.2,812.6,15.0,93.736,90.0,5.0,23.111,5.0,5.0,104.46
31.93,8,10.018,5.448,12.783,5.0,100.22,94.415,79.7,35.3,36.301,63.676,15.0,93.4,90.2,812.6,15.0,93.72,90.0,5.0,23.160999999999998,5.0,5.0,104.46
31.95,8,10.244,5.466,12.787,5.0,100.084,94.709,79.7,35.3,36.3,63.643,15.0,93.4,90.2,812.6,15.0,93.711,90.0,5.0,23.167,5.0,5.0,104.46
31.97,8,9.864,5.446,12.767,5.0,100.24700000000001,94.35600000000001,79.7,35.3,36.3,63.623999999999995,15.0,93.4,90.2,812.6,15.0,93.706,89.869,5.0,23.15,5.0,5.0,104.45200000000001
31.99,8,9.777000000000001,5.447,12.682,5.0,100.41,94.796,79.7,35.3,36.3,63.614,15.0,93.4,90.2,812.6,15.0,93.704,89.795,5.0,23.082,5.0,5.0,104.458
32.01,8,9.245000000000001,5.447,12.891,5.0,100.41,94.32600000000001,79.7,35.3,36.3,63.608000000000004,15.0,93.4,90.2,812.6,15.0,93.702,89.753,5.0,23.031,5.0,5.0,104.456
32.03,8,9.368,5.446,12.621,5.0,100.32799999999999,94.679,79.7,35.3,36.3,63.492,15.0,93.4,90.2,812.6,15.0,93.70100000000001,89.73,5.0,23.074,5.0,5.0,104.455
32.05,8,9.562000000000001,5.453,12.642,5.0,100.13799999999999,94.562,79.7,35.3,36.3,63.408,15.0,93.4,90.2,812.6,15.0,93.70100000000001,89.717,5.0,23.066,5.0,5.0,104.458
32.07,8,9.472,5.446,12.64,5.0,100.274,94.533,79.7,35.3,36.3,63.361000000000004,15.0,93.4,90.2,812.6,15.0,93.7,89.709,5.0,23.133,5.0,5.0,104.45100000000001
32.09,8,9.696000000000002,5.446,12.827000000000002,5.0,100.111,94.913,79.7,35.3,36.3,63.333999999999996,15.0,93.4,90.2,812.6,15.0,93.7,89.705,5.0,23.207,5.0,5.0,104.454
32.11,8,9.698,5.446,12.581,5.0,100.165,94.855,79.7,35.3,36.3,63.318999999999996,15.0,93.4,90.2,812.6,15.0,93.7,89.703,5.0,23.222,5.0,5.0,104.45299999999999
32.13,8,9.991,5.447,12.733,5.0,100.544,94.679,79.7,35.3,36.3,63.31100000000001,15.0,93.4,90.2,812.6,15.0,93.7,89.702,5.0,23.250999999999998,5.0,5.0,104.448
32.15,8,9.406,5.474,12.617,5.0,100.301,94.796,79.7,35.3,36.3,63.281000000000006,15.0,93.4,90.2,812.6,15.0,93.7,89.70100000000001,5.0,23.266,5.0,5.0,104.454
32.17,8,8.89,5.479,12.597999999999999,5.0,100.464,94.679,79.7,35.3,36.3,63.246,15.0,93.4,90.2,812.6,15.0,93.7,89.70100000000001,5.0,23.340999999999998,5.0,5.0,104.45
32.19,8,9.631,5.445,12.568,5.0,99.92,94.738,79.7,35.3,36.3,63.226000000000006,15.0,93.4,90.2,812.6,15.0,93.7,89.7,5.0,23.578,5.0,5.0,104.449
32.21,8,8.856,5.444,12.71,5.0,100.32799999999999,94.62100000000001,79.7,35.3,36.3,63.214,15.0,93.4,90.2,812.6,15.0,93.7,89.7,5.0,23.698,5.0,5.0,104.45
32.23,8,9.559000000000001,5.444,12.652000000000001,5.0,100.084,94.65,79.7,35.3,36.3,63.208,15.0,93.4,90.2,812.6,15.0,93.7,89.7,5.0,23.83,5.0,5.0,104.455
32.25,8,9.143,5.446,12.757000000000001,5.0,100.32799999999999,94.59100000000001,79.7,35.3,36.3,63.205,15.0,93.4,90.2,812.6,15.0,93.7,89.7,5.0,23.905,5.0,5.0,104.45100000000001
32.27,8,9.253,5.458,12.543,5.0,100.084,94.796,79.7,35.3,36.213,63.13399999999999,15.0,93.4,90.2,812.6,15.0,93.7,89.7,5.0,23.972,5.0,5.0,104.454
32.29,8,9.437000000000001,5.446,12.559000000000001,5.0,100.165,94.796,79.7,35.3,36.163,63.075,15.0,93.4,90.2,812.6,15.0,93.7,89.7,5.0,23.794,5.0,5.0,104.45100000000001
32.31,8,9.137,5.5,12.668,5.0,100.056,94.65,79.7,35.3,36.135999999999996,63.042,15.0,93.4,90.2,812.6,15.0,93.7,89.7,5.0,23.827,5.0,5.0,104.456
32.33,8,9.508,5.45,12.413,5.0,100.24700000000001,94.913,79.7,35.3,36.120000000000005,63.023999999999994,15.0,93.4,90.2,812.6,15.0,93.7,89.7,5.0,23.859,5.0,5.0,104.454
32.35,8,9.14,5.472,12.651,5.0,100.165,94.65,79.7,35.3,36.111000000000004,63.013000000000005,15.0,93.4,90.2,812.6,15.0,93.7,89.7,5.0,24.033,5.0,5.0,104.454
32.37,8,9.507,5.445,12.451,5.0,100.43700000000001,94.942,79.7,35.3,36.105999999999995,63.008,15.0,93.4,90.2,812.6,15.0,93.7,89.7,5.0,24.101,5.0,5.0,104.455
32.39,8,9.511,5.453,12.684999999999999,5.0,100.165,94.767,79.7,35.3,36.104,62.935,15.0,93.4,90.2,812.6,15.0,93.7,89.7,5.0,24.204,5.0,5.0,104.45200000000001
32.41,8,9.175,5.48,12.434999999999999,5.0,100.193,94.796,79.7,35.3,36.102,62.876000000000005,15.0,93.4,90.2,812.6,15.0,93.7,89.7,5.0,24.331,5.0,5.0,104.462
32.43,8,8.871,5.444,12.547,5.0,100.111,94.796,79.7,35.3,36.101,62.843,15.0,93.4,90.2,812.6,15.0,93.7,89.7,5.0,24.49,5.0,5.0,104.456
32.45,8,9.504999999999999,5.444,12.494,5.0,100.24700000000001,94.884,79.7,35.3,36.101,62.824,15.0,93.4,90.2,812.6,15.0,93.7,89.7,5.0,24.492,5.0,5.0,104.458
32.47,8,8.804,5.446,12.465,5.0,100.084,94.679,79.7,35.3,36.1,62.81399999999999,15.0,93.4,90.2,812.6,15.0,93.7,89.7,5.0,24.527,5.0,5.0,104.458
32.49,8,9.277000000000001,5.447,12.565000000000001,5.0,100.084,94.503,79.7,35.3,36.1,62.808,15.0,93.4,90.2,812.6,15.0,93.7,89.7,5.0,24.559,5.0,5.0,104.454
32.51,8,9.076,5.468,12.492,5.0,100.056,94.767,79.7,35.3,36.1,62.736000000000004,15.0,93.4,90.2,812.6,15.0,93.7,89.7,5.0,24.677,5.0,5.0,104.45700000000001
32.53,8,9.525,5.451,12.388,5.0,99.97399999999999,94.62100000000001,79.7,35.3,36.1,62.676,15.0,93.4,90.2,812.6,15.0,93.7,89.7,5.0,24.71,5.0,5.0,104.45700000000001
32.55,8,9.042,5.449,12.421,5.0,100.13799999999999,94.709,79.7,35.3,36.1,62.643,15.0,93.4,90.2,812.6,15.0,93.7,89.7,5.0,24.634,5.0,5.0,104.456
32.57,8,9.076,5.456,12.373999999999999,5.0,99.865,94.562,79.7,35.3,36.1,62.623999999999995,15.0,93.4,90.2,812.6,15.0,93.7,89.7,5.0,24.559,5.0,5.0,104.461
32.59,8,9.479,5.444,12.347000000000001,5.0,99.865,94.562,79.7,35.3,36.1,62.614,15.0,93.4,90.2,812.6,15.0,93.7,89.7,5.0,24.533,5.0,5.0,104.45700000000001
32.61,8,9.082,5.446,12.315999999999999,5.0,100.111,94.796,79.7,35.3,36.1,62.608000000000004,15.0,93.4,90.2,812.6,15.0,93.7,89.7,5.0,24.565,5.0,5.0,104.454
32.63,8,9.366,5.5489999999999995,12.457999999999998,5.0,99.947,94.942,79.7,35.3,36.1,62.536,15.0,93.4,90.2,812.6,15.0,93.7,89.7,5.0,24.602999999999998,5.0,5.0,104.459
32.65,8,8.399,5.447,12.274000000000001,5.0,99.727,94.679,79.7,35.3,36.1,62.476000000000006,15.0,93.4,90.2,812.6,15.0,93.7,89.7,5.0,24.748,5.0,5.0,104.461
32.67,8,8.943999999999999,5.483,12.337,5.0,100.165,94.971,79.7,35.3,36.1,62.443000000000005,15.0,93.4,90.2,812.6,15.0,93.7,89.7,5.0,24.768,5.0,5.0,104.462
32.69,8,9.013,5.446,12.354,5.0,99.837,94.767,79.7,35.3,36.1,62.424,15.0,93.4,90.2,812.6,15.0,93.7,89.7,5.0,24.634,5.0,5.0,104.462
32.71,8,9.126000000000001,5.444,12.367,5.0,99.97399999999999,94.679,79.7,35.3,36.1,62.413999999999994,15.0,93.4,90.2,812.6,15.0,93.7,89.7,5.0,24.702,5.0,5.0,104.459
32.73,8,9.166,5.447,12.237,5.0,100.00200000000001,94.47399999999999,79.7,35.3,36.1,62.408,15.0,93.4,90.2,812.6,15.0,93.7,89.7,5.0,24.697,5.0,5.0,104.465
32.75,8,8.933,5.446,12.365,5.0,99.78200000000001,94.796,79.7,35.3,36.1,62.379,15.0,93.4,90.2,812.6,15.0,93.7,89.7,5.0,24.647000000000002,5.0,5.0,104.456
32.77,8,8.774,5.447,12.281,5.0,99.89200000000001,94.503,79.7,35.3,36.1,62.345,15.0,93.4,90.2,812.6,15.0,93.7,89.7,5.0,24.549,5.0,5.0,104.462
32.79,8,9.043,5.445,12.335,5.0,99.81,94.533,79.7,35.3,36.1,62.325,15.0,93.4,90.2,812.6,15.0,93.7,89.7,5.0,24.503,5.0,5.0,104.462
32.81,8,8.853,5.445,12.274000000000001,5.0,99.78200000000001,94.796,79.7,35.3,36.1,62.31399999999999,15.0,93.4,90.2,812.6,15.0,93.7,89.7,5.0,24.417,5.0,5.0,104.465
32.83,8,8.572,5.445,12.299,5.0,99.865,94.62100000000001,79.7,35.3,36.1,62.308,15.0,93.4,90.2,812.6,15.0,93.7,89.7,5.0,24.332,5.0,5.0,104.45700000000001
32.85,8,8.887,5.444,12.165,5.0,99.89200000000001,94.503,79.7,35.3,36.031,62.303999999999995,15.0,93.4,90.2,812.6,15.0,93.7,89.7,5.0,24.303,5.0,5.0,104.459
32.87,8,8.928,5.443,12.123,5.0,99.561,94.237,79.7,35.3,35.974000000000004,62.233999999999995,15.0,93.4,90.2,812.6,15.0,93.7,89.7,5.0,24.495,5.0,5.0,104.464
32.89,8,8.681000000000001,5.445,12.16,5.0,100.111,94.796,79.7,35.3,35.94199999999999,62.175,15.0,93.4,90.2,812.6,15.0,93.7,89.7,5.0,24.492,5.0,5.0,104.461
32.91,8,8.813,5.444,12.247,5.0,99.561,94.679,79.7,35.3,35.923,62.141999999999996,15.0,93.4,90.2,812.6,15.0,93.7,89.7,5.0,24.488,5.0,5.0,104.461
32.93,8,8.921,5.445,12.307,5.0,99.81,94.503,79.7,35.3,35.913,62.123999999999995,15.0,93.4,90.2,812.6,15.0,93.7,89.7,5.0,24.602,5.0,5.0,104.459
32.95,8,8.553,5.445,12.143,5.0,99.97399999999999,94.65,79.7,35.3,35.907,62.113,15.0,93.4,90.2,812.6,15.0,93.7,89.7,5.0,24.736,5.0,5.0,104.464
32.97,8,8.494,5.445,12.23,5.0,99.947,94.65,79.7,35.3,35.903999999999996,62.108000000000004,15.0,93.4,90.2,812.6,15.0,93.7,89.7,5.0,24.618,5.0,5.0,104.462
32.99,8,8.19,5.446,12.115,5.0,99.837,94.59100000000001,79.7,35.3,35.902,62.035,15.0,93.4,90.2,812.6,15.0,93.7,89.7,5.0,24.519000000000002,5.0,5.0,104.458
33.01,8,8.3,5.444,12.135,5.0,99.865,94.385,79.7,35.3,35.900999999999996,61.976000000000006,15.0,93.4,90.2,812.6,15.0,93.7,89.7,5.0,24.52,5.0,5.0,104.464
33.03,8,8.725,5.443,12.18,5.0,99.78200000000001,94.62100000000001,79.7,35.3,35.900999999999996,61.943000000000005,15.0,93.4,90.2,812.6,15.0,93.7,89.7,5.0,24.43,5.0,5.0,104.458
33.05,8,8.013,5.51,12.187000000000001,5.0,99.837,94.913,79.7,35.3,35.9,61.924,15.0,93.4,90.2,812.6,15.0,93.7,89.7,5.0,24.305,5.0,5.0,104.456
33.07,8,8.356,5.448,12.297,5.0,99.92,94.884,79.7,35.3,35.9,61.913999999999994,15.0,93.4,90.2,812.6,15.0,93.7,89.7,5.0,24.225,5.0,5.0,104.45299999999999
33.09,8,8.474,5.446,12.221,5.0,99.755,94.533,79.7,35.3,35.9,61.908,15.0,93.4,90.2,812.6,15.0,93.7,89.7,5.0,24.179000000000002,5.0,5.0,104.455
33.11,8,8.5,5.445,12.078,5.0,99.53399999999999,94.65,79.7,35.3,35.9,61.836000000000006,15.0,93.4,90.2,812.6,15.0,93.7,89.7,5.0,24.11,5.0,5.0,104.449
33.13,8,8.086,5.445,12.143,5.0,99.89200000000001,94.913,79.7,35.3,35.9,61.776,15.0,93.4,90.2,812.6,15.0,93.7,89.7,5.0,24.006,5.0,5.0,104.448
33.15,8,8.183,5.445,11.940000000000001,5.0,99.755,94.738,79.7,35.3,35.9,61.743,15.0,93.4,90.2,812.6,15.0,93.7,89.7,5.0,24.009,5.0,5.0,104.45100000000001
33.17,8,8.852,5.446,12.148,5.0,99.617,94.796,79.7,35.3,35.9,61.724,15.0,93.4,90.2,812.6,15.0,93.7,89.7,5.0,24.041,5.0,5.0,104.454
33.19,8,8.651,5.445,12.178999999999998,5.0,99.755,94.738,79.7,35.3,35.9,61.714,15.0,93.4,90.2,812.6,15.0,93.7,89.7,5.0,23.734,5.0,5.0,104.447
33.21,8,8.615,5.443,12.121,5.0,99.755,94.562,79.7,35.3,35.9,61.708,15.0,93.4,90.2,812.6,15.0,93.7,89.7,5.0,23.303,5.0,5.0,104.45299999999999
33.23,8,8.701,5.445,11.943999999999999,5.0,99.78200000000001,94.62100000000001,79.7,35.3,35.9,61.636,15.0,93.4,90.2,812.6,15.0,93.7,89.7,5.0,23.082,5.0,5.0,104.45100000000001
33.25,8,8.274,5.446,12.263,5.0,99.53399999999999,94.533,79.7,35.3,35.9,61.576,15.0,93.4,90.2,812.6,15.0,93.7,89.7,5.0,23.320999999999998,5.0,5.0,104.449
33.27,8,8.519,5.502,12.166,5.0,99.755,94.971,79.7,35.3,35.9,61.543,15.0,93.4,90.2,812.6,15.0,93.7,89.7,5.0,22.777,5.0,5.0,104.45
33.29,8,8.219,5.456,12.1,5.0,99.7,95.116,79.7,35.3,35.9,61.523999999999994,15.0,93.4,90.2,812.6,15.0,93.7,89.7,5.0,22.445999999999998,5.0,5.0,104.454
33.31,8,8.283,5.458,11.925,5.0,99.478,94.533,79.7,35.3,35.9,61.513999999999996,15.0,93.4,90.2,812.6,15.0,93.7,89.7,5.0,22.218,5.0,5.0,104.447
33.36,18,8.133,5.442,12.106,5.0,99.617,94.503,79.7,35.3,35.9,61.51,15.0,93.4,90.2,812.6,15.0,93.7,89.7,5.0,22.096,5.0,5.0,104.45200000000001
33.41,18,8.199,5.449,11.852,5.0,99.617,94.884,79.7,35.3,35.9,61.376000000000005,15.0,93.4,90.2,812.6,15.0,93.7,89.7,5.0,21.743,5.0,5.0,104.45
33.46,18,8.445,5.443,12.08,5.0,99.7,94.65,79.7,35.3,35.9,61.318000000000005,15.0,93.4,90.2,812.6,15.0,93.7,89.7,5.0,21.559,5.0,5.0,104.45299999999999
33.51,18,8.202,5.449,12.037,5.0,99.506,94.738,79.7,35.3,35.9,61.303999999999995,15.0,93.4,90.2,812.6,15.0,93.7,89.7,5.0,21.311,5.0,5.0,104.45200000000001
33.56,18,8.411999999999999,5.444,12.055,5.0,99.589,95.029,79.7,35.3,35.9,61.148,15.0,93.4,90.2,812.6,15.0,93.7,89.7,5.0,21.163,5.0,5.0,104.447
33.61,18,7.91,5.448,11.882000000000001,5.0,99.589,94.738,79.7,35.3,35.813,61.111999999999995,15.0,93.4,90.2,812.6,15.0,93.7,89.7,5.0,21.009,5.0,5.0,104.46
33.66,18,8.176,5.444,11.738,5.0,99.561,94.679,79.7,35.3,35.727,61.078,15.0,93.4,90.2,812.6,15.0,93.7,89.7,5.0,20.951,5.0,5.0,104.454
33.71,18,8.097,5.448,11.588999999999999,5.0,99.589,94.65,79.7,35.3,35.706,60.942,15.0,93.312,90.2,812.6,15.0,93.7,89.7,5.0,19.121,5.0,5.0,104.459
33.76,18,8.056000000000001,5.442,12.045,5.0,99.506,94.533,79.7,35.3,35.702,60.91,15.0,93.227,90.2,812.6,15.0,93.7,89.7,5.0,16.505000000000003,5.0,5.0,104.454
33.81,18,7.776,5.446,11.806000000000001,5.0,99.199,94.709,79.7,35.3,35.7,60.809,15.0,93.206,90.2,812.6,15.0,93.7,89.7,5.0,14.033999999999999,5.0,5.0,104.455
33.86,18,7.756,5.443,11.703,5.0,99.28299999999999,94.913,79.7,35.3,35.7,60.65,15.0,93.20100000000001,90.2,812.6,15.0,93.7,89.7,5.0,11.705,5.0,5.0,104.45100000000001
33.91,18,7.702,5.504,11.751000000000001,5.0,99.311,94.738,79.7,35.3,35.7,60.611999999999995,15.0,93.2,90.2,812.6,15.0,93.7,89.7,5.0,9.617,5.0,5.0,104.45
33.96,18,7.884,5.442,11.586,5.0,99.227,94.738,79.7,35.3,35.7,60.559,15.0,93.2,90.2,812.6,15.0,93.7,89.7,5.0,7.898999999999999,5.0,5.0,104.455
34.01,18,7.885,5.448,11.666,5.0,99.28299999999999,95.029,79.7,35.3,35.7,60.513999999999996,15.0,93.2,90.2,812.6,15.0,93.7,89.7,5.0,6.5969999999999995,5.0,5.0,104.45100000000001
34.06,18,7.505,5.449,11.654,5.0,99.64399999999999,94.796,79.7,35.3,35.7,60.503,15.0,93.2,90.2,812.6,15.0,93.7,89.7,5.0,5.735,5.0,5.0,104.455
34.11,18,7.901,5.446,11.547999999999998,5.0,99.42299999999999,94.62100000000001,79.7,35.3,35.7,60.248000000000005,15.0,93.2,90.2,812.6,15.0,93.7,89.7,5.0,5.34,5.0,5.0,104.456
34.16,18,8.23,5.444,11.545,5.0,99.45,94.562,79.7,35.3,35.7,60.135,15.0,93.2,90.2,812.6,15.0,93.7,89.7,5.0,5.07,5.0,5.0,104.458
34.21,18,7.884,5.445,11.522,5.0,99.255,94.796,79.7,35.3,35.7,60.108000000000004,15.0,93.2,90.2,812.6,15.0,93.7,89.7,5.0,5.111,5.0,5.0,104.459
34.26,18,7.689,5.445,11.434000000000001,5.0,99.227,94.82600000000001,79.7,35.3,35.7,60.013999999999996,15.0,93.2,90.2,812.6,15.0,93.7,89.7,5.0,5.162,5.0,5.0,104.454
34.31,18,7.445,5.446,11.425,5.0,99.00299999999999,94.796,79.7,35.3,35.7,59.927,15.0,93.2,90.2,812.6,15.0,93.7,89.7,5.0,5.176,5.0,5.0,104.46
34.36,18,7.611000000000001,5.445,11.442,5.0,99.087,94.35600000000001,79.7,35.3,35.7,59.906000000000006,15.0,93.2,90.2,812.6,15.0,93.7,89.7,5.0,5.105,5.0,5.0,104.45200000000001
34.41,18,7.117,5.468,11.482,5.0,99.14299999999999,94.738,79.7,35.3,35.7,59.786,15.0,93.2,90.2,812.6,15.0,93.7,89.7,5.0,5.068,5.0,5.0,104.459
34.46,18,7.32,5.445,11.620000000000001,5.0,99.115,94.738,79.7,35.3,35.7,59.72,15.0,93.2,90.2,812.6,15.0,93.7,89.7,5.0,5.036,5.0,5.0,104.446
34.51,10,7.269,5.453,11.326,5.0,99.059,94.65,79.7,35.3,35.7,59.705,15.0,93.2,90.2,812.6,15.0,93.7,89.7,5.0,4.941,5.0,5.0,104.461
34.56,10,7.274,5.445,11.237,5.0,99.14299999999999,94.767,79.7,35.3,35.598,59.614,15.0,93.2,90.2,812.6,15.0,93.7,89.7,5.0,5.001,5.0,5.0,104.456
34.61,10,7.268000000000001,5.446,11.5,5.0,99.339,94.385,79.7,35.3,35.523,59.527,15.0,93.2,90.2,812.6,15.0,93.7,89.7,5.0,4.983,5.0,5.0,104.463
34.66,10,7.25,5.447,11.407,5.0,98.86200000000001,94.738,79.7,35.3,35.506,59.506,15.0,93.2,90.2,812.6,15.0,93.7,89.7,5.0,4.65,5.0,5.0,104.455
34.71,10,7.4559999999999995,5.445,11.32,5.0,99.00299999999999,94.679,79.7,35.3,35.501,59.452,15.0,93.2,90.2,812.6,15.0,93.7,89.7,5.0,4.649,5.0,5.0,104.46
34.76,10,7.676,5.445,11.434999999999999,5.0,99.031,94.913,79.7,35.3,35.5,59.336000000000006,15.0,93.2,90.2,812.6,15.0,93.7,89.7,5.0,4.499,5.0,5.0,104.45200000000001
34.81,10,6.827,5.446,11.52,5.0,99.171,94.415,79.7,35.3,35.5,59.309,15.0,93.2,90.2,812.6,15.0,93.7,89.7,5.0,4.609,5.0,5.0,104.45100000000001
34.86,10,7.079000000000001,5.445,11.353,5.0,99.255,94.82600000000001,79.7,35.3,35.5,59.302,15.0,93.2,90.2,812.6,15.0,93.7,89.7,5.0,4.445,5.0,5.0,104.443
34.91,10,7.154,5.454,11.547999999999998,5.0,99.255,94.35600000000001,79.7,35.3,35.5,59.185,15.0,93.2,90.2,812.6,15.0,93.7,89.7,5.0,4.4399999999999995,5.0,5.0,104.45
34.96,10,7.711,5.446,11.672999999999998,5.0,98.91799999999999,94.65,79.7,35.3,35.5,59.12,15.0,93.2,90.2,812.6,15.0,93.7,89.7,5.0,4.391,5.0,5.0,104.45100000000001
35.01,10,7.245,5.444,11.565000000000001,5.0,99.00299999999999,94.709,79.7,35.3,35.5,59.105,15.0,93.2,90.2,812.6,15.0,93.7,89.7,5.0,4.426,5.0,5.0,104.464
35.06,10,6.639,5.452,11.488,5.0,98.86200000000001,94.855,79.7,35.3,35.5,59.013999999999996,15.0,93.2,90.2,812.6,15.0,93.7,89.7,5.0,4.457,5.0,5.0,104.461
35.11,10,5.601,5.446,10.943,5.0,99.00299999999999,94.503,79.7,35.3,35.5,58.927,15.0,93.2,90.2,812.6,15.0,93.7,89.7,5.0,4.478,5.0,5.0,104.476
35.16,10,5.311,5.447,9.603,5.0,98.833,94.59100000000001,79.7,35.3,35.5,58.906000000000006,15.0,93.2,90.063,812.6,15.0,93.7,89.7,5.0,4.338,5.0,5.0,104.473
35.21,10,5.305,5.446,8.306000000000001,5.0,98.57799999999999,94.503,79.7,35.3,35.5,58.902,15.0,93.2,90.015,812.6,15.0,93.7,89.7,5.0,4.204,5.0,5.0,104.495
35.26,10,5.353,5.446,5.292,5.0,98.32,94.679,79.7,35.3,35.5,58.813,15.0,93.2,90.00399999999999,812.6,15.0,93.7,89.7,5.0,4.14,5.0,5.0,104.514
35.31,10,5.493,5.444,5.028,5.0,98.69200000000001,94.679,79.7,35.3,35.5,58.727,15.0,93.2,90.001,812.6,15.0,93.7,89.7,5.0,4.219,5.0,5.0,104.49600000000001
35.36,10,5.309,5.444,5.056,5.0,98.635,94.971,79.7,35.3,35.5,58.706,15.0,93.2,90.0,812.6,15.0,93.7,89.7,5.0,4.291,5.0,5.0,104.49
35.41,10,5.305,5.445,5.064,5.0,98.435,94.942,79.7,35.3,35.5,58.702,15.0,93.2,90.0,812.6,15.0,93.7,89.7,5.0,4.375,5.0,5.0,104.50399999999999
35.46,10,5.53,5.496,5.085,5.0,98.492,94.562,79.7,35.3,35.5,58.56399999999999,15.0,93.2,90.0,812.6,15.0,93.7,89.7,5.0,4.285,5.0,5.0,104.49799999999999
35.51,10,5.303,5.464,5.039,5.0,98.205,94.855,79.7,35.3,35.5,58.515,15.0,93.047,90.0,812.6,15.0,93.7,89.7,5.0,4.507,5.0,5.0,104.493
35.56,10,5.405,5.444,5.029,5.0,98.464,94.62100000000001,79.7,35.3,35.626,58.504,15.0,93.01100000000001,90.0,812.6,15.0,93.555,89.7,5.0,4.35,5.0,5.0,104.495
35.61,10,5.379,5.442,5.07,5.0,98.292,94.913,79.7,35.3,35.682,58.501000000000005,15.0,93.003,90.0,812.6,15.0,93.513,89.7,5.0,4.362,5.0,5.0,104.494
35.66,10,5.306,5.445,5.065,5.0,98.26299999999999,94.679,79.7,35.3,35.765,58.295,15.0,93.001,90.0,812.6,15.0,93.503,89.7,5.0,4.27,5.0,5.0,104.499
35.71,10,5.311,5.441,5.144,5.0,98.57799999999999,94.884,79.7,35.3,35.868,58.223,15.0,93.0,90.0,812.6,15.0,93.501,89.7,5.0,4.258,5.0,5.0,104.50200000000001
35.76,10,5.3870000000000005,5.448,5.15,5.0,98.521,95.029,79.7,35.3,35.961,58.205,15.0,93.0,90.0,812.6,15.0,93.5,89.7,5.0,4.1690000000000005,5.0,5.0,104.50200000000001
35.81,10,5.335,5.442,5.154,5.0,98.492,94.855,79.7,35.3,36.06699999999999,58.201,15.0,93.0,90.0,812.6,15.0,93.5,89.7,5.0,4.107,5.0,5.0,104.494
35.86,10,5.422,5.444,5.021,5.0,98.406,94.767,79.7,35.3,36.208,58.06399999999999,15.0,93.0,90.0,812.6,15.0,93.5,89.7,5.0,4.22,5.0,5.0,104.493
35.91,10,5.347,5.442,5.0,5.0,98.37799999999999,94.796,79.7,35.3,36.379999999999995,58.015,15.0,93.0,90.0,812.6,15.0,93.5,89.7,5.0,13.805,5.0,5.0,104.495
35.96,10,5.308,5.456,5.104,5.0,98.435,94.767,79.7,35.3,36.521,58.004,15.0,93.0,90.0,812.6,15.0,93.5,89.7,5.0,20.435000000000002,5.0,5.0,104.493
36.01,10,5.305,5.443,5.034,5.0,98.34899999999999,94.767,79.7,35.3,36.68300000000001,58.001000000000005,15.0,93.0,90.0,812.6,15.0,93.5,89.642,5.0,21.799,5.0,5.0,104.491
36.06,10,5.343,5.448,5.005,5.0,98.37799999999999,94.82600000000001,79.7,35.3,36.848,57.863,15.0,93.0,90.0,812.6,15.0,93.5,89.61,5.0,22.032,5.0,5.0,104.486
36.11,10,5.312,5.442,5.069,5.0,98.435,94.796,79.7,35.3,37.032,57.815,15.0,93.0,90.0,812.6,15.0,93.5,89.602,5.0,22.274,5.0,5.0,104.49
36.16,10,5.309,5.447,5.096,5.0,98.521,95.058,79.7,35.3,37.278000000000006,57.803999999999995,15.0,93.0,90.0,812.6,15.0,93.5,89.601,5.0,22.412,5.0,5.0,104.493
36.21,10,5.312,5.443,5.084,5.0,98.435,94.709,79.7,35.3,37.473,57.801,15.0,93.0,90.0,812.6,15.0,93.5,89.6,5.0,22.364,5.0,5.0,104.495
36.26,10,5.415,5.45,5.127,5.0,98.292,95.317,79.7,35.3,37.701,57.713,15.0,93.0,90.0,812.6,15.0,93.5,89.6,5.0,22.382,5.0,5.0,104.48700000000001
36.31,10,5.357,5.441,5.088,5.0,98.492,94.65,79.7,35.3,37.928,57.626999999999995,15.0,93.0,90.0,812.6,15.0,93.5,89.6,5.0,22.49,5.0,5.0,104.493
36.36,10,5.31,5.449,5.1,5.0,98.464,95.058,79.7,35.3,38.204,57.606,15.0,93.0,90.0,812.6,15.0,93.5,89.6,5.0,22.415,5.0,5.0,104.495
36.41,10,5.33,5.441,5.093,5.0,98.32,94.796,79.7,35.3,38.513000000000005,57.602,15.0,93.0,90.0,812.6,15.0,93.5,89.6,5.0,22.484,5.0,5.0,104.49600000000001
36.46,10,5.515,5.45,5.165,5.0,98.37799999999999,94.796,79.7,35.3,38.782,57.6,15.0,93.0,90.0,812.6,15.0,93.5,89.6,5.0,22.441,5.0,5.0,104.494
36.51,10,5.461,5.441,5.025,5.0,98.32,94.65,79.7,35.3,39.06699999999999,57.448,15.0,93.0,90.0,812.6,15.0,93.5,89.6,5.0,22.422,5.0,5.0,104.49799999999999
36.56,11,5.346,5.448,5.113,5.0,98.26299999999999,94.971,79.7,35.3,39.39,57.411,15.0,93.153,90.0,812.6,15.0,93.398,89.6,5.0,22.355,5.0,5.0,104.48899999999999
36.61,11,5.317,5.442,5.051,5.0,98.148,94.796,79.7,35.3,39.709,57.403,15.0,93.189,90.0,812.6,15.0,93.32300000000001,89.6,5.0,22.3,5.0,5.0,104.494
36.66,11,5.366,5.451,5.116,5.0,98.205,94.267,79.7,35.3,39.980999999999995,57.401,15.0,93.197,90.0,812.6,15.0,93.306,89.6,5.0,22.28,5.0,5.0,104.492
36.71,11,5.404,5.443,5.039,5.0,98.205,94.796,79.7,35.3,40.343,57.248000000000005,15.0,93.199,90.0,812.6,15.0,93.301,89.6,5.0,22.305999999999997,5.0,5.0,104.50200000000001
36.76,11,5.334,5.45,5.033,5.0,98.205,94.444,79.7,35.3,40.709,57.211000000000006,15.0,93.2,90.0,812.6,15.0,93.3,89.6,5.0,22.768,5.0,5.0,104.494
36.81,11,5.314,5.443,5.004,5.0,98.119,94.562,79.7,35.3,41.032,57.203,15.0,93.2,90.0,812.6,15.0,93.3,89.6,5.0,23.272000000000002,5.0,5.0,104.492
36.86,11,5.372,5.452,5.164,5.0,98.061,94.65,79.7,35.3,41.355000000000004,57.201,15.0,93.2,90.0,812.6,15.0,93.3,89.6,5.0,23.525,5.0,5.0,104.491
36.91,11,5.313,5.443,5.057,5.0,97.916,95.116,79.7,35.3,41.736000000000004,57.2,15.0,93.2,90.0,812.6,15.0,93.3,89.6,5.0,23.709,5.0,5.0,104.49600000000001
36.96,11,5.384,5.449,5.024,5.0,98.00299999999999,94.709,79.7,35.3,42.126,57.113,15.0,93.2,90.0,812.6,15.0,93.3,89.6,5.0,23.829,5.0,5.0,104.48700000000001
37.01,11,5.411,5.442,5.036,5.0,98.148,94.59100000000001,79.7,35.3,42.494,57.027,15.0,93.2,90.0,812.6,15.0,93.3,89.6,5.0,22.941,5.0,5.0,104.50200000000001
37.06,11,5.309,5.45,5.169,5.0,97.97399999999999,94.796,79.7,35.3,42.846000000000004,57.006,15.0,93.2,90.0,812.6,15.0,93.3,89.6,5.0,22.2,5.0,5.0,104.5
37.11,11,5.427,5.441,5.247,5.0,98.061,94.679,79.7,35.3,43.234,57.001999999999995,15.0,93.2,90.0,812.6,15.0,93.3,89.6,5.0,20.974,5.0,5.0,104.50200000000001
37.16,11,5.413,5.448,5.034,5.0,98.03200000000001,94.738,79.7,35.3,43.626,57.0,15.0,93.2,90.0,812.6,15.0,93.3,89.6,5.0,19.032,5.0,5.0,104.495
37.21,11,5.339,5.441,5.11,5.0,98.09,94.82600000000001,79.7,35.3,43.994,57.0,15.0,93.084,90.0,812.6,15.0,93.3,89.6,5.0,17.707,5.0,5.0,104.49600000000001
37.26,11,5.35,5.449,5.166,5.0,97.945,94.59100000000001,79.7,35.3,44.346000000000004,56.855,15.0,93.02,90.0,812.6,15.0,93.3,89.6,5.0,16.973,5.0,5.0,104.494
37.31,11,5.352,5.44,5.092,5.0,98.09,95.26,79.7,35.3,44.778000000000006,56.813,15.0,93.005,90.0,812.6,15.0,93.3,89.6,5.0,16.497999999999998,5.0,5.0,104.501
37.36,11,5.335,5.453,5.169,5.0,98.234,94.562,79.7,35.3,45.256,56.803000000000004,15.0,93.001,90.0,812.6,15.0,93.3,89.6,5.0,16.479,5.0,5.0,104.495
37.41,11,5.4879999999999995,5.441,5.155,5.0,98.205,94.82600000000001,79.7,35.3,45.678,56.801,15.0,93.0,90.0,812.6,15.0,93.3,89.6,5.0,16.402,5.0,5.0,104.50399999999999
37.46,11,5.424,5.452,5.124,5.0,98.061,95.145,79.7,35.3,46.042,56.8,15.0,93.0,90.0,812.6,15.0,93.3,89.6,5.0,16.636,5.0,5.0,104.49600000000001
37.51,11,5.354,5.439,5.112,5.0,97.85799999999999,94.884,79.7,35.3,46.477,56.648,15.0,93.0,90.0,812.6,15.0,93.3,89.6,5.0,16.435000000000002,5.0,5.0,104.50200000000001
37.56,11,5.341,5.453,5.14,5.0,98.061,94.913,79.7,35.3,46.912,56.611000000000004,15.0,93.0,90.0,812.6,15.0,93.3,89.6,5.0,16.559,5.0,5.0,104.492
37.61,11,5.375,5.44,5.144,5.0,97.945,94.82600000000001,79.7,35.3,47.291,56.603,15.0,93.0,89.884,812.6,15.0,93.3,89.6,5.0,16.564999999999998,5.0,5.0,104.501
37.66,11,5.362,5.451,5.07,5.0,98.00299999999999,95.0,79.7,35.3,47.645,56.601000000000006,15.0,93.0,89.82,812.6,15.0,93.3,89.6,5.0,16.525,5.0,5.0,104.49
37.71,11,5.3629999999999995,5.439,5.051,5.0,97.85799999999999,94.913,79.7,35.3,48.034,56.55,15.0,93.0,89.805,812.6,15.0,93.3,89.6,5.0,16.66,5.0,5.0,104.499
37.76,11,5.314,5.452,5.214,5.0,97.829,94.385,79.7,35.3,48.483000000000004,56.43600000000001,15.0,93.0,89.801,812.6,15.0,93.3,89.6,5.0,16.75,5.0,5.0,104.484
37.81,11,5.298,5.439,5.13,5.0,98.26299999999999,94.884,79.7,35.3,48.87,56.408,15.0,93.0,89.8,812.6,15.0,93.3,89.6,5.0,16.377000000000002,5.0,5.0,104.494
37.86,11,5.337,5.452,5.087,5.0,97.85799999999999,94.855,79.7,35.3,49.24,56.402,15.0,93.0,89.8,812.6,15.0,93.3,89.6,5.0,14.795,5.0,5.0,104.486
37.91,11,5.314,5.438,5.224,5.0,97.945,95.289,79.7,35.3,49.633,56.4,15.0,93.0,89.8,812.6,15.0,93.3,89.6,5.0,13.762,5.0,5.0,104.49700000000001
37.96,11,5.318,5.45,5.239,5.0,98.03200000000001,95.116,79.7,35.3,50.025,56.4,15.0,93.0,89.8,812.6,15.0,93.3,89.6,5.0,13.448,5.0,5.0,104.48899999999999
38.01,11,5.496,5.439,5.176,5.0,97.916,94.738,79.7,35.3,50.394,56.247,15.0,93.0,89.8,812.6,15.0,93.3,89.6,5.0,13.493,5.0,5.0,104.494
38.06,11,5.367,5.451,5.17,5.0,97.682,95.17399999999999,79.7,35.3,50.746,56.211000000000006,15.0,93.0,89.8,812.6,15.0,93.3,89.6,5.0,13.865,5.0,5.0,104.49
38.11,11,5.379,5.439,5.195,5.0,97.916,94.65,79.7,35.3,51.134,56.203,15.0,93.0,89.8,812.6,15.0,93.3,89.6,5.0,13.762,5.0,5.0,104.49600000000001
38.16,11,5.337,5.454,5.254,5.0,98.176,95.058,79.7,35.3,51.525999999999996,56.201,15.0,93.0,89.8,812.6,15.0,93.3,89.6,5.0,13.634,5.0,5.0,104.494
38.21,11,5.493,5.438,5.254,5.0,98.061,94.796,79.7,35.3,51.894,56.15,15.0,93.0,89.8,812.6,15.0,93.3,89.6,5.0,13.829,5.0,5.0,104.493
38.26,11,5.469,5.452,5.073,5.0,98.292,94.913,79.7,35.3,52.246,56.036,15.0,93.0,89.8,812.6,15.0,93.3,89.6,5.0,14.113999999999999,5.0,5.0,104.49600000000001
38.31,11,5.963,5.44,5.308,5.0,98.00299999999999,94.913,79.7,35.3,52.601,56.008,15.0,93.0,89.8,812.6,15.0,93.3,89.6,5.0,14.402999999999999,5.0,5.0,104.49799999999999
38.36,11,5.518,5.451,5.198,5.0,98.09,95.0,79.7,35.3,52.999,56.001999999999995,15.0,93.0,89.8,812.6,15.0,93.3,89.6,5.0,14.767000000000001,5.0,5.0,104.493
38.41,11,5.435,5.453,5.104,5.0,98.061,95.116,79.7,35.3,53.374,56.0,15.0,93.0,89.8,812.6,15.0,93.3,89.6,5.0,14.703,5.0,5.0,104.499
38.46,11,5.312,5.5280000000000005,5.01,5.0,97.536,94.767,79.7,35.3,53.673,56.0,15.0,93.0,89.8,812.6,15.0,93.3,89.6,5.0,15.078,5.0,5.0,104.48899999999999
38.51,11,5.302,5.439,5.023,5.0,97.447,95.029,79.7,35.3,54.016,55.884,15.0,93.0,89.8,812.6,15.0,93.3,89.6,5.0,15.104,5.0,5.0,104.495
38.56,11,5.342,5.452,5.105,5.0,96.94200000000001,94.884,79.7,35.3,54.403,55.82,15.0,93.0,89.8,812.6,15.0,93.3,89.6,5.0,15.3,5.0,5.0,104.491
38.61,11,5.345,5.441,5.094,5.0,96.642,94.738,79.7,35.3,54.731,55.805,15.0,93.0,89.8,812.6,15.0,93.3,89.6,5.0,15.39,5.0,5.0,104.493
38.66,12,5.368,5.452,5.186,5.0,96.581,94.913,79.7,35.3,55.054,55.801,15.0,93.0,89.8,812.6,15.0,93.3,89.6,5.0,15.315999999999999,5.0,5.0,104.49700000000001
38.71,12,5.341,5.438,5.15,5.0,96.399,94.415,79.7,35.3,55.335,55.75,15.0,93.0,89.8,812.6,15.0,93.3,89.6,5.0,15.203,5.0,5.0,104.501
38.76,12,5.328,5.5,5.166,5.0,96.308,94.503,79.7,35.3,55.681999999999995,55.635999999999996,15.0,93.0,89.8,812.6,15.0,93.3,89.575,5.0,15.282,5.0,5.0,104.494
38.81,12,5.359,5.436,5.039,5.0,96.308,94.297,79.7,35.3,55.994,55.608000000000004,15.0,93.0,89.8,812.6,15.0,93.3,89.442,5.0,15.498,5.0,5.0,104.491
38.86,12,5.395,5.452,5.153,5.0,96.581,94.913,79.7,35.3,56.277,55.602,15.0,93.0,89.8,812.6,15.0,93.3,89.41,5.0,15.587,5.0,5.0,104.488
38.91,12,5.304,5.44,5.076,5.0,96.792,94.913,79.7,35.3,56.608999999999995,55.6,15.0,93.0,89.8,812.6,15.0,93.3,89.402,5.0,15.5,5.0,5.0,104.494
38.96,12,5.313,5.453,5.192,5.0,96.792,94.738,79.7,35.3,56.943000000000005,55.463,15.0,93.0,89.8,812.6,15.0,93.3,89.40100000000001,5.0,15.045,5.0,5.0,104.49
39.01,12,5.392,5.438,5.014,5.0,96.521,94.913,79.7,35.3,57.227,55.415,15.0,93.0,89.8,812.6,15.0,93.3,89.4,5.0,14.662,5.0,5.0,104.49799999999999
39.06,12,5.531,5.454,5.164,5.0,96.612,95.087,79.7,35.3,57.543,55.404,15.0,93.0,89.8,812.6,15.0,93.3,89.4,5.0,14.265,5.0,5.0,104.49799999999999
39.11,12,5.419,5.439,5.094,5.0,96.612,94.855,79.7,35.3,57.832,55.400999999999996,15.0,93.0,89.8,812.6,15.0,93.3,89.4,5.0,14.064,5.0,5.0,104.501
39.16,12,5.336,5.453,5.054,5.0,95.97,95.289,79.7,35.3,58.188,55.4,15.0,93.0,89.8,812.6,15.0,93.3,89.4,5.0,13.925,5.0,5.0,104.50399999999999
39.21,12,5.377,5.438,5.093,5.0,95.598,95.432,79.7,35.3,58.527,55.375,15.0,93.0,89.8,812.6,15.0,93.3,89.4,5.0,14.238999999999999,5.0,5.0,104.505
39.26,12,5.373,5.455,5.023,5.0,95.348,95.0,79.7,35.3,58.843,55.318000000000005,15.0,93.0,89.8,812.6,15.0,93.3,89.4,5.0,14.383,5.0,5.0,104.5
39.31,12,5.3,5.439,5.266,5.0,94.968,95.202,79.7,35.3,59.123999999999995,55.304,15.0,93.0,89.8,812.6,15.0,93.3,89.4,5.0,14.365,5.0,5.0,104.49799999999999
39.36,12,5.395,5.454,5.029,5.0,95.285,95.26,79.7,35.3,59.41,55.301,15.0,93.0,89.8,812.6,15.0,93.3,89.4,5.0,14.485,5.0,5.0,104.494
39.41,12,5.356,5.438,5.047,5.0,95.032,95.26,79.7,35.3,59.718999999999994,55.3,15.0,93.0,89.8,812.6,15.0,93.3,89.4,5.0,14.488999999999999,5.0,5.0,104.5
39.46,12,5.402,5.454,5.087,5.0,95.316,94.855,79.7,35.3,59.973,55.213,15.0,93.0,89.8,812.6,15.0,93.3,89.4,5.0,13.924,5.0,5.0,104.486
39.51,12,5.504,5.438,5.056,5.0,95.285,94.533,79.7,35.3,60.263999999999996,55.126999999999995,15.0,93.0,89.8,812.6,15.0,93.3,89.4,5.0,13.288,5.0,5.0,104.486
39.56,12,5.516,5.454,5.111,5.0,92.96600000000001,94.942,79.7,35.3,60.614,55.106,15.0,93.0,89.8,812.6,15.0,93.3,89.4,5.0,12.656,5.0,5.0,104.48200000000001
39.61,12,5.315,5.44,5.029,5.0,92.28,95.17399999999999,79.7,35.3,60.92,55.102,15.0,92.95,89.8,812.6,15.0,93.3,89.4,5.0,12.279,5.0,5.0,104.488
39.66,12,5.478,5.498,5.131,5.0,92.487,94.971,79.7,35.3,61.173,55.1,15.0,92.836,89.8,812.6,15.0,93.3,89.4,5.0,12.062999999999999,5.0,5.0,104.49
39.71,12,5.423,5.437,5.08,5.0,92.314,95.346,79.7,35.3,61.407,55.05,15.0,92.808,89.8,812.6,15.0,93.3,89.4,5.0,12.133,5.0,5.0,104.48700000000001
39.76,12,5.379,5.498,5.335,5.0,92.21,95.058,79.7,35.3,61.68,54.936,15.0,92.80199999999999,89.8,812.6,15.0,93.3,89.4,5.0,12.123,5.0,5.0,104.493
39.81,12,5.334,5.439,5.234,5.0,92.001,95.0,79.7,35.3,61.935,54.908,15.0,92.8,89.8,812.6,15.0,93.3,89.4,5.0,12.084,5.0,5.0,104.505
39.86,12,5.347,5.454,5.275,5.0,92.34899999999999,95.087,79.7,35.3,62.177,54.902,15.0,92.8,89.8,812.6,15.0,93.3,89.4,5.0,12.263,5.0,5.0,104.499
39.91,12,5.408,5.442,5.226,5.0,92.453,95.116,79.7,35.3,62.339,54.9,15.0,92.8,89.8,812.6,15.0,93.3,89.4,5.0,12.527999999999999,5.0,5.0,104.499
39.96,12,5.355,5.455,5.124,5.0,92.384,94.942,79.7,35.3,62.588,54.9,15.0,92.8,89.8,812.6,15.0,93.3,89.4,5.0,12.961,5.0,5.0,104.507
40.01,12,5.302,5.439,5.189,5.0,92.001,95.0,79.7,35.3,62.836999999999996,54.747,15.0,92.8,89.8,812.6,15.0,93.3,89.4,5.0,13.668,5.0,5.0,104.51
40.06,12,5.33,5.51,5.167,5.0,92.141,94.942,79.7,35.3,63.063,54.711,15.0,92.8,89.8,812.6,15.0,93.3,89.4,5.0,13.758,5.0,5.0,104.494
40.11,12,5.41,5.443,5.175,5.0,92.314,95.26,79.7,35.3,63.269,54.703,15.0,92.8,89.8,812.6,15.0,93.3,89.4,5.0,13.526,5.0,5.0,104.488
40.16,12,5.373,5.455,5.177,5.0,92.245,95.145,79.7,35.3,63.438,54.701,15.0,92.8,89.8,812.6,15.0,93.3,89.4,5.0,13.476,5.0,5.0,104.48
40.21,12,5.34,5.7170000000000005,5.137,5.0,92.21,95.17399999999999,79.7,35.3,63.648999999999994,54.7,15.0,92.8,89.742,812.6,15.0,93.3,89.4,5.0,13.471,5.0,5.0,104.494
40.26,12,5.431,5.456,5.097,5.0,91.861,94.971,79.7,35.3,63.88,54.613,15.0,92.8,89.71,812.6,15.0,93.141,89.4,5.0,13.458,5.0,5.0,104.495
40.31,12,5.361,5.439,5.143,5.0,92.141,94.971,79.7,35.3,64.098,54.527,15.0,92.8,89.702,812.6,15.0,93.033,89.4,5.0,13.606,5.0,5.0,104.494
40.36,12,5.3629999999999995,5.456,5.164,5.0,92.21,95.17399999999999,79.7,35.3,64.234,54.506,15.0,92.8,89.70100000000001,812.6,15.0,93.008,89.4,5.0,13.69,5.0,5.0,104.50200000000001
40.41,12,5.495,5.439,5.105,5.0,92.28,95.145,79.7,35.3,64.43,54.501999999999995,15.0,92.8,89.7,812.6,15.0,93.002,89.4,5.0,13.625,5.0,5.0,104.50200000000001
40.46,12,5.536,5.456,5.085,5.0,91.931,94.679,79.7,35.3,64.628,54.5,15.0,92.8,89.7,812.6,15.0,93.0,89.4,5.0,13.595,5.0,5.0,104.5
40.51,12,5.304,5.438,5.043,5.0,92.245,94.738,79.7,35.3,64.78399999999999,54.384,15.0,92.8,89.7,812.6,15.0,93.0,89.4,5.0,13.712,5.0,5.0,104.501
40.56,12,5.366,5.456,5.005,5.0,92.21,94.679,79.7,35.3,65.025,54.32,15.0,92.8,89.7,812.6,15.0,93.0,89.4,5.0,13.797,5.0,5.0,104.499
40.61,12,5.315,5.436,5.006,5.0,92.245,94.884,79.7,35.3,65.15100000000001,54.305,15.0,92.8,89.7,812.6,15.0,93.0,89.4,5.0,13.815,5.0,5.0,104.49600000000001
40.66,12,5.501,5.453,5.067,5.0,92.036,95.145,79.7,35.3,65.372,54.301,15.0,92.8,89.7,812.6,15.0,93.0,89.4,5.0,13.883,5.0,5.0,104.49799999999999
40.71,12,5.372,5.437,5.179,5.0,92.141,95.23100000000001,79.7,35.3,65.55699999999999,54.3,15.0,92.8,89.7,812.6,15.0,93.0,89.4,5.0,13.818999999999999,5.0,5.0,104.49600000000001
40.76,12,5.32,5.504,5.001,5.0,92.141,95.058,79.7,35.3,65.75999999999999,54.163000000000004,15.0,92.8,89.7,812.6,15.0,93.0,89.4,5.0,13.796,5.0,5.0,104.494
40.81,12,5.298,5.436,5.117,5.0,92.036,94.738,79.7,35.3,65.94300000000001,54.115,15.0,92.8,89.7,812.6,15.0,93.0,89.4,5.0,13.799,5.0,5.0,104.49600000000001
40.86,12,5.315,5.453,5.209,5.0,92.176,94.796,79.7,35.3,66.139,54.104,15.0,92.8,89.7,812.6,15.0,93.0,89.4,5.0,14.185,5.0,5.0,104.49700000000001
40.91,12,5.436,5.435,5.028,5.0,91.79,94.796,79.7,35.3,66.33,54.101,15.0,92.8,89.7,812.6,15.0,93.0,89.4,5.0,14.135,5.0,5.0,104.49799999999999
40.96,12,5.433,5.453,5.115,5.0,92.036,94.503,79.7,35.3,66.499,54.1,15.0,92.8,89.7,812.6,15.0,93.0,89.4,5.0,13.523,5.0,5.0,104.49600000000001
41.01,12,5.303,5.436,5.013,5.0,92.245,94.82600000000001,79.7,35.3,66.721,54.1,15.0,92.8,89.7,812.6,15.0,93.0,89.4,5.0,12.5,5.0,5.0,104.495
41.06,12,5.313,5.454,5.21,5.0,91.861,95.058,79.7,35.3,66.908,54.013000000000005,15.0,92.8,89.7,812.6,15.0,93.0,89.4,5.0,12.002,5.0,5.0,104.48700000000001
41.11,12,5.461,5.438,5.157,5.0,91.931,94.855,79.7,35.3,67.054,53.927,15.0,92.8,89.7,812.6,15.0,93.0,89.4,5.0,11.940999999999999,5.0,5.0,104.491
41.16,12,5.374,5.456,5.118,5.0,92.001,95.289,79.7,35.3,67.24199999999999,53.906,15.0,92.8,89.7,812.6,15.0,93.0,89.4,5.0,11.908,5.0,5.0,104.494
41.21,12,5.305,5.438,5.294,5.0,91.685,95.116,79.7,35.3,67.423,53.902,15.0,92.75,89.7,812.6,15.0,93.0,89.4,5.0,11.877,5.0,5.0,104.492
41.26,12,5.39,5.455,5.159,5.0,91.72,95.289,79.7,35.3,67.59700000000001,53.9,15.0,92.63600000000001,89.7,812.6,15.0,93.0,89.4,5.0,11.945,5.0,5.0,104.495
41.31,12,5.545,5.441,5.109,5.0,91.861,95.087,79.7,35.3,67.763,53.9,15.0,92.608,89.7,812.6,15.0,93.0,89.4,5.0,12.216000000000001,5.0,5.0,104.491
