SampleTime,Phase,Sensor1,Sensor2,Sensor3,IJ,Sensor5,Sensor6,MouldTemp1,MouldTemp2,MouldTemp3,MouldTemp4,MouldTemp5,MouldTemp9,MouldTemp10,MouldTemp11,MouldTemp12,MouldTemp13,MouldTemp14,Sensor8,MouldFlow1,MouldFlow2,MouldFlow3,SP
0.0,1,5.313,5.789,5.176,5.0,91.928,95.601,78.864,35.3,65.608,52.7,15.0,92.403,89.4,812.6,15.0,93.0,89.1,5.0,12.158999999999999,5.0,5.0,104.495
0.05,1,5.419,5.758,5.157,5.0,92.032,95.316,78.892,35.3,65.78,52.7,15.0,92.40100000000001,89.4,812.6,15.0,93.0,89.1,5.0,12.25,5.0,5.0,104.49600000000001
0.1,1,5.375,5.846,5.074,5.0,91.859,95.43,78.898,35.3,65.984,52.598,15.0,92.4,89.4,812.6,15.0,93.0,89.1,5.0,12.309000000000001,5.0,5.0,104.493
0.15,1,5.505,5.687,5.011,5.0,91.75399999999999,95.14399999999999,78.9,35.3,66.174,52.523,15.0,92.4,89.4,812.6,15.0,92.95,89.1,5.0,12.059000000000001,5.0,5.0,104.499
0.2,1,5.417,6.004,5.092,5.0,91.96300000000001,95.402,78.9,35.3,66.346,52.506,15.0,92.4,89.4,812.6,15.0,92.836,89.1,5.0,11.817,5.0,5.0,104.499
0.25,1,5.375,5.942,5.016,5.0,91.928,95.28699999999999,78.9,35.3,66.561,52.501,15.0,92.4,89.4,812.6,15.0,92.808,89.1,5.0,11.54,5.0,5.0,104.505
0.3,1,5.3629999999999995,5.689,5.198,5.0,92.17,94.971,78.9,35.3,66.717,52.5,15.0,92.4,89.263,812.6,15.0,92.80199999999999,89.1,5.0,11.641,5.0,5.0,104.501
0.35,1,5.337,6.164,5.105,5.0,91.96300000000001,95.20100000000001,78.9,35.3,66.857,52.5,15.0,92.4,89.215,812.6,15.0,92.8,89.1,5.0,12.258,5.0,5.0,104.499
0.4,1,5.415,5.821,5.011,5.0,92.342,95.572,78.9,35.3,67.095,52.5,15.0,92.4,89.204,812.6,15.0,92.8,89.1,5.0,12.645,5.0,5.0,104.501
0.45,1,5.334,5.5489999999999995,5.018,5.0,92.342,95.459,78.9,35.3,67.269,52.347,15.0,92.4,89.20100000000001,812.6,15.0,92.8,89.1,5.0,12.897,5.0,5.0,104.495
0.5,1,5.316,5.566,5.107,5.0,92.342,95.967,78.9,35.3,67.445,52.311,15.0,92.4,89.2,812.6,15.0,92.8,89.1,5.0,12.829,5.0,5.0,104.506
0.55,1,5.369,5.509,5.152,5.0,92.581,95.487,78.9,35.3,67.646,52.303000000000004,15.0,92.4,89.2,812.6,15.0,92.8,89.1,5.0,12.847999999999999,5.0,5.0,104.505
0.6,1,5.335,5.9190000000000005,5.09,5.0,92.75,95.316,78.987,35.3,67.764,52.301,15.0,92.4,89.2,812.6,15.0,92.8,89.1,5.0,12.796,5.0,5.0,104.508
0.65,1,5.333,6.025,5.137,5.0,92.986,95.344,79.07300000000001,35.3,67.94399999999999,52.3,15.0,92.4,89.2,812.6,15.0,92.8,89.1,5.0,12.832999999999998,5.0,5.0,104.508
0.7,1,5.391,5.628,5.145,5.0,93.32,95.798,79.094,35.3,68.118,52.3,15.0,92.4,89.2,812.6,15.0,92.8,89.1,5.0,11.988,5.0,5.0,104.509
0.75,1,5.41,5.618,5.078,5.0,93.35300000000001,95.373,79.098,35.3,68.257,52.3,15.0,92.4,89.2,812.6,15.0,92.8,89.1,5.0,11.356,5.0,5.0,104.50299999999999
0.8,1,5.521,5.59,5.093,5.0,93.38600000000001,95.086,79.1,35.3,68.426,52.232,15.0,92.4,89.2,812.6,15.0,92.8,89.1,5.0,11.251000000000001,5.0,5.0,104.505
0.85,1,5.442,5.621,5.195,5.0,93.617,95.43,79.1,35.3,68.628,52.208,15.0,92.4,89.2,812.6,15.0,92.8,89.1,5.0,11.091000000000001,5.0,5.0,104.508
0.9,1,5.421,5.851,5.11,5.0,93.944,95.20100000000001,79.1,35.3,68.75899999999999,52.202,15.0,92.4,89.2,812.6,15.0,92.8,89.1,5.0,11.084,5.0,5.0,104.501
0.95,1,5.409,5.892,5.239,5.0,93.584,95.029,79.1,35.3,68.94300000000001,52.2,15.0,92.4,89.2,812.6,15.0,92.8,89.1,5.0,11.189,5.0,5.0,104.509
1.0,1,5.472,5.688,5.143,5.0,93.65,95.20100000000001,79.1,35.3,69.09899999999999,52.2,15.0,92.4,89.2,812.6,15.0,92.8,89.1,5.0,11.5,5.0,5.0,104.505
1.05,1,5.297,5.911,5.078,5.0,93.87899999999999,95.14399999999999,79.1,35.3,69.252,52.2,15.0,92.4,89.2,812.6,15.0,92.8,89.1,5.0,11.855,5.0,5.0,104.506
1.1,1,5.321,5.646,5.117,5.0,93.683,94.913,79.1,35.3,69.425,52.098,15.0,92.4,89.2,812.6,15.0,92.8,89.1,5.0,12.4,5.0,5.0,104.499
1.15,1,5.311,5.552,5.077,5.0,93.781,94.942,79.1,35.3,69.532,52.023,15.0,92.4,89.2,812.6,15.0,92.8,89.1,5.0,13.363999999999999,5.0,5.0,104.50299999999999
1.2,1,5.332,5.705,5.08,5.0,93.65,94.913,79.1,35.3,69.736,52.006,15.0,92.4,89.2,812.6,15.0,92.8,89.1,5.0,13.249,5.0,5.0,104.49799999999999
1.25,1,5.304,5.938,5.009,5.0,93.91199999999999,95.20100000000001,79.329,35.3,69.886,52.001,15.0,92.4,89.2,812.6,15.0,92.8,89.1,5.0,13.511000000000001,5.0,5.0,104.493
1.3,1,5.34,5.495,5.068,5.0,93.87899999999999,95.14399999999999,79.383,35.3,69.973,52.0,15.0,92.4,89.2,812.6,15.0,92.8,89.1,5.0,13.314,5.0,5.0,104.492
1.35,1,5.318,5.754,5.005,5.0,94.009,95.173,79.396,35.3,70.138,52.0,15.0,92.4,89.2,812.6,15.0,92.8,89.1,5.0,13.158999999999999,5.0,5.0,104.491
1.4,1,5.391,5.626,5.001,5.0,94.332,94.797,79.399,35.3,70.298,52.0,15.0,92.4,89.2,812.6,15.0,92.8,89.1,5.0,13.179,5.0,5.0,104.494
1.45,1,5.308,5.7219999999999995,5.0,5.0,94.36399999999999,95.259,79.4,35.3,70.452,51.874,15.0,92.4,89.2,812.6,15.0,92.8,89.1,5.0,13.286,5.0,5.0,104.499
1.5,1,5.314,5.845,5.0,5.0,94.009,95.0,79.4,35.3,70.604,51.818000000000005,15.0,92.4,89.2,812.6,15.0,92.8,89.1,5.0,13.248,5.0,5.0,104.49700000000001
1.55,1,5.296,5.519,5.069,5.0,94.171,95.173,79.4,35.3,70.727,51.804,15.0,92.4,89.2,812.6,15.0,92.8,89.1,5.0,12.835,5.0,5.0,104.50399999999999
1.6,1,5.438,5.731,5.008,5.0,94.203,95.23,79.4,35.3,70.859,51.801,15.0,92.4,89.2,812.6,15.0,92.8,89.1,5.0,12.867999999999999,5.0,5.0,104.49799999999999
1.65,1,5.351,5.777,5.002,5.0,94.3,95.0,79.4,35.3,70.99199999999999,51.8,15.0,92.4,89.2,812.6,15.0,92.8,89.1,5.0,12.646,5.0,5.0,104.5
1.7,1,5.314,5.616,5.042,5.0,94.428,95.115,79.4,35.3,71.074,51.8,15.0,92.4,89.2,812.6,15.0,92.8,89.1,5.0,12.823,5.0,5.0,104.501
1.75,1,5.31,5.756,5.015,5.0,94.268,94.913,79.4,35.3,71.315,51.8,15.0,92.4,89.2,812.6,15.0,92.8,89.1,5.0,12.809999999999999,5.0,5.0,104.49700000000001
1.8,1,5.315,5.535,5.058,5.0,94.492,94.942,79.4,35.3,71.449,51.8,15.0,92.4,89.2,812.6,15.0,92.8,89.1,5.0,12.732,5.0,5.0,104.495
1.85,1,5.296,5.555,5.008,5.0,94.46,94.942,79.4,35.3,71.564,51.684,15.0,92.4,89.2,812.6,15.0,92.8,89.1,5.0,12.775,5.0,5.0,104.49700000000001
1.9,1,5.313,5.539,5.013,5.0,94.428,95.115,79.4,35.3,71.718,51.62,15.0,92.4,89.2,812.6,15.0,92.8,89.1,5.0,12.783999999999999,5.0,5.0,104.505
1.95,1,5.3,5.91,5.001,5.0,94.779,95.029,79.553,35.3,71.78,51.605,15.0,92.28399999999999,89.2,812.6,15.0,92.8,89.1,5.0,12.974,5.0,5.0,104.505
2.0,1,5.313,5.726,5.001,5.0,94.62,94.942,79.589,35.3,71.99000000000001,51.601,15.0,92.22,89.2,812.6,15.0,92.8,89.1,5.0,12.889,5.0,5.0,104.50200000000001
2.05,1,5.296,5.942,5.0,5.0,94.46,94.535,79.597,35.3,72.074,51.6,15.0,92.205,89.2,812.6,15.0,92.8,89.1,5.0,13.107999999999999,5.0,5.0,104.501
2.1,1,5.448,5.656,5.038,5.0,94.58800000000001,94.913,79.59899999999999,35.3,72.231,51.6,15.0,92.20100000000001,89.063,812.6,15.0,92.8,88.947,5.0,13.295,5.0,5.0,104.50399999999999
2.15,1,5.299,5.603,5.0,5.0,94.747,94.768,79.6,35.3,72.28399999999999,51.6,15.0,92.2,89.015,812.6,15.0,92.8,88.911,5.0,13.521,5.0,5.0,104.501
2.2,1,5.316,5.823,5.004,5.0,94.969,95.115,79.6,35.3,72.49100000000001,51.513000000000005,15.0,92.2,89.00399999999999,812.6,15.0,92.8,88.903,5.0,13.532,5.0,5.0,104.505
2.25,1,5.346,5.476,5.0,5.0,94.811,95.058,79.6,35.3,72.574,51.427,15.0,92.2,89.001,812.6,15.0,92.8,88.90100000000001,5.0,16.367,5.0,5.0,104.499
2.3,1,5.376,5.456,5.001,5.0,95.031,95.23,79.6,35.3,72.67,51.406,15.0,92.2,89.0,812.6,15.0,92.655,88.9,5.0,14.82,5.0,5.0,104.505
2.35,1,5.311,5.504,5.128,5.0,95.031,95.28699999999999,79.6,35.3,72.852,51.402,15.0,92.2,89.0,812.6,15.0,92.613,88.9,5.0,13.843,5.0,5.0,104.494
2.4,1,5.377,5.6899999999999995,5.022,5.0,94.747,95.23,79.6,35.3,72.965,51.4,15.0,92.2,89.0,812.6,15.0,92.60300000000001,88.9,5.0,13.61,5.0,5.0,104.491
2.45,1,5.298,5.634,5.026,5.0,94.905,95.115,79.6,35.3,73.107,51.4,15.0,92.2,89.0,812.6,15.0,92.601,88.9,5.0,13.892999999999999,5.0,5.0,104.491
2.5,1,5.313,5.645,5.069,5.0,94.937,95.029,79.6,35.3,73.178,51.4,15.0,92.2,89.0,812.6,15.0,92.6,88.9,5.0,14.337,5.0,5.0,104.49700000000001
2.55,1,5.297,5.633,5.055,5.0,94.715,95.20100000000001,79.6,35.3,73.31,51.4,15.0,92.2,89.0,812.6,15.0,92.6,88.9,5.0,14.47,5.0,5.0,104.50299999999999
2.6,1,5.315,5.734,5.0,5.0,94.62,94.942,79.6,35.3,73.37899999999999,51.4,15.0,92.2,89.0,812.6,15.0,92.6,88.9,5.0,14.92,5.0,5.0,104.506
2.65,1,5.299,5.5,5.018,5.0,94.747,94.884,79.6,35.3,73.511,51.284,15.0,92.2,89.0,812.6,15.0,92.6,88.9,5.0,14.96,5.0,5.0,104.50399999999999
2.7,1,5.311,5.6129999999999995,5.077,5.0,94.842,94.913,79.688,35.3,73.579,51.22,15.0,92.2,89.0,812.6,15.0,92.6,88.9,5.0,15.051,5.0,5.0,104.50200000000001
2.75,1,5.311,5.619,5.12,5.0,94.779,94.797,79.773,35.3,73.75399999999999,51.205,15.0,92.2,89.0,812.6,15.0,92.6,88.9,5.0,14.906,5.0,5.0,104.494
2.8,1,5.364,5.553,5.05,5.0,94.874,94.884,79.794,35.3,73.86500000000001,51.201,15.0,92.2,89.0,812.6,15.0,92.6,88.9,5.0,15.141,5.0,5.0,104.49700000000001
2.85,1,5.296,5.4879999999999995,5.142,5.0,94.937,94.913,79.79899999999999,35.3,73.95,51.2,15.0,92.2,89.0,812.6,15.0,92.6,88.9,5.0,15.085,5.0,5.0,104.488
2.9,1,5.522,5.455,5.054,5.0,94.62,95.20100000000001,79.8,35.3,73.988,51.2,15.0,92.2,89.0,812.6,15.0,92.6,88.9,5.0,15.227,5.0,5.0,104.488
2.95,1,5.299,5.679,5.016,5.0,94.396,94.71,79.8,35.3,74.09899999999999,51.2,15.0,92.2,89.0,812.6,15.0,92.6,88.9,5.0,15.255999999999998,5.0,5.0,104.492
3.0,1,5.313,5.594,5.133,5.0,94.874,95.058,79.8,35.3,74.176,51.2,15.0,92.2,89.0,812.6,15.0,92.6,88.9,5.0,15.04,5.0,5.0,104.494
3.05,1,5.563,5.59,5.035,5.0,94.684,94.82600000000001,79.8,35.3,74.296,51.2,15.0,92.2,89.0,812.6,15.0,92.6,88.9,5.0,15.368,5.0,5.0,104.507
3.1,1,5.314,5.5809999999999995,5.157,5.0,94.36399999999999,95.0,79.8,35.3,74.375,51.113,15.0,92.2,89.0,812.6,15.0,92.6,88.9,5.0,15.389000000000001,5.0,5.0,104.501
3.15,1,5.323,5.958,5.013,5.0,95.0,94.971,79.8,35.3,74.482,51.027,15.0,92.2,89.0,812.6,15.0,92.6,88.9,5.0,15.321,5.0,5.0,104.493
3.2,14,5.37,5.673,5.241,5.0,94.905,95.459,79.8,35.3,74.572,51.006,15.0,92.2,89.0,812.6,15.0,92.6,88.9,5.0,15.157,5.0,5.0,104.5
3.25,14,5.3,5.747,5.108,5.0,94.905,95.601,79.8,35.3,74.695,51.001999999999995,15.0,92.2,89.0,812.6,15.0,92.6,88.9,5.0,15.051,5.0,5.0,104.49600000000001
3.3,14,5.331,5.548,5.057,5.0,94.905,94.942,79.8,35.3,74.775,51.0,15.0,92.2,89.0,812.6,15.0,92.6,88.9,5.0,15.073,5.0,5.0,104.49600000000001
3.35,14,5.308,5.521,5.089,5.0,94.652,95.086,79.916,35.3,74.882,51.0,15.0,92.2,89.0,812.6,15.0,92.6,88.9,5.0,15.089,5.0,5.0,104.49799999999999
3.4,14,5.315,5.545,5.194,5.0,94.905,95.115,79.98,35.3,74.97200000000001,51.0,15.0,92.2,89.0,812.6,15.0,92.6,88.9,5.0,15.116,5.0,5.0,104.5
3.45,14,5.3,5.907,5.067,5.0,94.842,95.28699999999999,79.995,35.3,75.037,51.0,15.0,92.2,89.0,812.6,15.0,92.6,88.9,5.0,15.086,5.0,5.0,104.495
3.5,14,5.342,5.656,5.093,5.0,95.031,95.086,79.999,35.3,75.08500000000001,51.0,15.0,92.2,89.0,812.6,15.0,92.6,88.9,5.0,15.169,5.0,5.0,104.50399999999999
3.55,14,5.326,5.596,5.077,5.0,94.937,95.487,80.0,35.3,75.19800000000001,50.95,15.0,92.2,89.0,812.6,15.0,92.6,88.9,5.0,15.059,5.0,5.0,104.499
3.6,14,5.33,5.556,5.124,5.0,94.874,95.487,80.0,35.3,75.27600000000001,50.836,15.0,92.2,89.0,812.6,15.0,92.6,88.9,5.0,15.157,5.0,5.0,104.493
3.65,14,5.362,5.667,5.003,5.0,95.22,95.029,80.0,35.3,75.396,50.808,15.0,92.2,89.0,812.6,15.0,92.6,88.9,5.0,15.127,5.0,5.0,104.491
3.7,14,5.366,5.457,5.14,5.0,94.969,95.459,80.0,35.3,75.475,50.802,15.0,92.2,89.0,812.6,15.0,92.6,88.9,5.0,15.023,5.0,5.0,104.49799999999999
3.75,14,5.305,5.6,5.15,5.0,94.842,95.173,80.0,35.3,75.596,50.8,15.0,92.2,89.0,812.6,15.0,92.6,88.9,5.0,15.217,5.0,5.0,104.49700000000001
3.8,14,5.375,5.517,5.074,5.0,95.157,95.20100000000001,80.0,35.3,75.675,50.8,15.0,92.2,89.0,812.6,15.0,92.6,88.9,5.0,15.255,5.0,5.0,104.495
3.85,14,5.43,5.822,5.057,5.0,95.0,95.058,80.0,35.3,75.738,50.8,15.0,92.2,89.0,812.6,15.0,92.6,88.9,5.0,15.390999999999998,5.0,5.0,104.49799999999999
3.9,14,5.336,5.635,5.023,5.0,94.874,95.173,80.0,35.3,75.785,50.8,15.0,92.2,89.0,812.6,15.0,92.6,88.9,5.0,15.607000000000001,5.0,5.0,104.501
3.95,14,5.298,5.467,5.188,5.0,94.779,95.373,80.0,35.3,75.898,50.8,15.0,92.2,89.0,812.6,15.0,92.6,88.9,5.0,15.489,5.0,5.0,104.495
4.0,14,5.311,5.605,5.001,5.0,94.556,94.942,80.0,35.3,75.976,50.8,15.0,92.2,89.0,812.6,15.0,92.6,88.9,5.0,15.632,5.0,5.0,104.50200000000001
4.05,14,5.311,5.607,5.0,5.0,94.747,95.115,80.0,35.3,76.044,50.75,15.0,92.2,89.0,812.6,15.0,92.6,88.9,5.0,15.687000000000001,5.0,5.0,104.499
4.1,14,5.479,5.663,5.011,5.0,94.62,94.855,80.0,35.3,76.16300000000001,50.635999999999996,15.0,92.2,89.0,812.6,15.0,92.455,88.9,5.0,15.825,5.0,5.0,104.50200000000001
4.15,14,5.298,5.443,5.186,5.0,94.874,94.913,80.102,35.3,76.191,50.608000000000004,15.0,92.2,89.0,812.6,15.0,92.413,88.755,5.0,15.703,5.0,5.0,104.501
4.2,14,5.311,5.595,5.085,5.0,94.684,95.086,80.17699999999999,35.3,76.19800000000001,50.602,15.0,92.2,89.0,812.6,15.0,92.403,88.71300000000001,5.0,15.797,5.0,5.0,104.49700000000001
4.25,14,5.301,5.606,5.0,5.0,94.874,95.086,80.194,35.3,76.352,50.6,15.0,92.2,89.0,812.6,15.0,92.40100000000001,88.703,5.0,15.780999999999999,5.0,5.0,104.49600000000001
4.27,3,5.36,5.6530000000000005,5.063,176.05900000000003,94.811,95.029,80.197,35.3,76.373,50.6,15.0,92.2,88.95,812.6,15.0,92.4,88.702,5.0,15.769,5.0,5.0,104.494
4.29,3,5.302,5.577,5.035,170.67,94.779,94.971,80.19800000000001,35.3,76.38499999999999,50.6,15.0,92.2,88.884,812.6,15.0,92.4,88.70100000000001,5.0,15.874,5.0,5.0,104.506
4.31,3,5.301,5.807,5.029,153.168,94.779,95.058,80.199,35.3,76.391,50.6,15.0,92.2,88.847,812.6,15.0,92.4,88.70100000000001,5.0,15.991,5.0,5.0,104.49700000000001
4.33,3,5.3,5.878,5.049,135.941,95.094,95.28699999999999,80.199,35.3,76.39500000000001,50.6,15.0,92.2,88.827,812.6,15.0,92.4,88.7,5.0,16.008,5.0,5.0,104.495
4.35,3,5.305,5.686,5.078,119.316,94.906,95.402,80.2,35.3,76.447,50.6,15.0,92.2,88.815,812.6,15.0,92.4,88.7,5.0,15.909,5.0,5.0,104.505
4.37,3,5.311,5.535,5.027,100.242,94.843,95.28699999999999,80.2,35.3,76.514,50.6,15.0,92.2,88.808,812.6,15.0,92.4,88.7,5.0,15.835,5.0,5.0,104.494
4.39,3,5.308,5.781,5.002,85.847,95.031,95.28699999999999,80.2,35.3,76.55199999999999,50.6,15.0,92.2,88.805,812.6,15.0,92.4,88.7,5.0,17.117,5.0,5.0,104.50200000000001
4.41,3,9.324,5.57,5.393,89.125,94.874,95.79899999999999,80.2,35.3,76.57300000000001,50.6,15.0,92.2,88.803,812.6,15.0,92.4,88.7,5.0,17.993000000000002,5.0,5.0,104.495
4.43,3,10.022,5.811,5.374,92.611,95.063,95.459,80.2,35.3,76.58500000000001,50.6,15.0,92.15,88.801,812.6,15.0,92.4,88.7,5.0,18.48,5.0,5.0,104.22
4.45,3,9.965,5.659,5.536,79.295,94.843,95.345,80.2,35.3,76.59100000000001,50.6,15.0,92.084,88.801,812.6,15.0,92.4,88.7,5.0,18.887,5.0,5.0,103.428
4.47,3,9.54,5.558,5.604,63.446000000000005,95.282,95.62899999999999,80.2,35.3,76.595,50.6,15.0,92.047,88.8,812.6,15.0,92.4,88.7,5.0,19.185000000000002,5.0,5.0,101.91
4.49,3,9.59,5.443,5.515,48.534,95.031,95.714,80.2,35.3,76.64699999999999,50.6,15.0,92.027,88.8,812.6,15.0,92.4,88.7,5.0,19.261,5.0,5.0,100.89200000000001
4.51,3,9.196000000000002,5.573,5.583,51.691,95.406,95.714,80.2,35.3,76.714,50.6,15.0,92.015,88.8,812.6,15.0,92.4,88.7,5.0,19.375,5.0,5.0,99.571
4.53,3,9.086,5.496,5.506,39.955,95.063,95.058,80.2,35.3,76.752,50.6,15.0,92.008,88.8,812.6,15.0,92.4,88.7,5.0,19.386,5.0,5.0,98.34
4.55,3,9.442,5.552,5.649,45.323,95.063,95.086,80.2,35.3,76.773,50.6,15.0,92.005,88.8,812.6,15.0,92.4,88.7,5.0,19.512999999999998,5.0,5.0,97.29799999999999
4.57,3,9.58,5.563,5.491,48.691,95.219,95.259,80.2,35.3,76.785,50.6,15.0,92.003,88.8,812.6,15.0,92.4,88.7,5.0,19.411,5.0,5.0,96.352
4.59,3,9.462,5.6530000000000005,5.693,54.0,95.125,95.487,80.2,35.3,76.791,50.6,15.0,92.001,88.8,812.6,15.0,92.4,88.7,5.0,19.413,5.0,5.0,95.471
4.61,3,9.462,5.539,5.6579999999999995,55.669,94.906,95.373,80.2,35.3,76.795,50.575,15.0,92.001,88.8,812.6,15.0,92.4,88.7,5.0,19.491,5.0,5.0,94.551
4.63,3,9.483,5.451,5.579,60.167,95.188,95.487,80.2,35.3,76.822,50.542,15.0,92.0,88.8,812.6,15.0,92.4,88.7,5.0,19.54,5.0,5.0,93.71700000000001
4.65,3,9.684999999999999,5.5329999999999995,5.417,63.803999999999995,95.157,95.28699999999999,80.2,35.3,76.856,50.524,15.0,92.0,88.8,812.6,15.0,92.4,88.7,5.0,19.583,5.0,5.0,92.85700000000001
4.67,3,9.212,5.557,5.5600000000000005,68.816,95.063,95.572,80.2,35.3,76.875,50.513000000000005,15.0,92.0,88.8,812.6,15.0,92.4,88.7,5.0,19.697000000000003,5.0,5.0,92.046
4.69,3,9.325,5.445,5.493,72.973,95.031,95.20100000000001,80.2,35.3,76.886,50.508,15.0,92.0,88.8,812.6,15.0,92.4,88.7,5.0,19.796,5.0,5.0,91.226
4.71,3,9.477,5.578,5.575,78.368,95.031,95.487,80.2,35.3,76.892,50.504,15.0,92.0,88.8,812.6,15.0,92.4,88.7,5.0,19.941,5.0,5.0,90.421
4.73,3,9.306000000000001,5.503,5.664,82.305,95.188,95.714,80.2,35.3,76.896,50.501999999999995,15.0,92.0,88.8,812.6,15.0,92.4,88.7,5.0,19.852,5.0,5.0,89.609
4.75,3,9.769,5.621,5.446,79.059,95.282,95.23,80.2,35.3,76.898,50.501,15.0,92.0,88.8,812.6,15.0,92.4,88.7,5.0,19.843,5.0,5.0,88.86399999999999
4.77,3,9.864,5.516,5.404,80.112,95.188,95.572,80.2,35.3,76.899,50.501,15.0,92.0,88.8,812.6,15.0,92.4,88.7,5.0,19.859,5.0,5.0,88.304
4.79,3,9.228,5.475,5.571,77.296,95.063,95.516,80.2,35.3,76.949,50.5,15.0,92.0,88.8,812.6,15.0,92.4,88.7,5.0,19.680999999999997,5.0,5.0,87.759
4.81,3,9.634,5.55,5.5489999999999995,73.328,95.063,94.971,80.2,35.3,77.015,50.5,15.0,92.0,88.8,812.6,15.0,92.4,88.7,5.0,19.485999999999997,5.0,5.0,87.17399999999999
4.83,3,9.378,5.71,5.548,72.066,95.0,95.345,80.2,35.3,77.05199999999999,50.5,15.0,92.0,88.8,812.6,15.0,92.4,88.7,5.0,19.379,5.0,5.0,86.612
4.85,3,9.57,5.559,5.419,69.203,95.094,95.516,80.2,35.3,77.07300000000001,50.5,15.0,92.0,88.8,812.6,15.0,92.4,88.7,5.0,19.511,5.0,5.0,86.044
4.87,3,9.575,5.464,5.586,68.303,94.811,95.459,80.2,35.3,77.08500000000001,50.5,15.0,92.0,88.8,812.6,15.0,92.4,88.7,5.0,19.5,5.0,5.0,85.524
4.89,3,9.622,5.551,5.447,66.37100000000001,95.063,95.487,80.2,35.3,77.092,50.5,15.0,92.0,88.8,812.6,15.0,92.4,88.7,5.0,19.372999999999998,5.0,5.0,84.995
4.91,3,9.234,5.617,5.419,65.84100000000001,95.031,95.601,80.25,35.3,77.095,50.5,15.0,92.0,88.8,812.6,15.0,92.4,88.7,5.0,19.384999999999998,5.0,5.0,84.47399999999999
4.93,3,9.666,5.476,5.359,65.243,94.843,95.62899999999999,80.316,35.3,77.09700000000001,50.5,15.0,92.0,88.8,812.6,15.0,92.4,88.7,5.0,19.247999999999998,5.0,5.0,83.959
4.95,3,9.41,5.734,5.535,65.079,95.0,95.20100000000001,80.35300000000001,35.3,77.148,50.5,15.0,92.0,88.8,812.6,15.0,92.4,88.7,5.0,19.278,5.0,5.0,83.485
4.97,3,9.961,5.604,5.324,64.566,95.063,94.855,80.373,35.3,77.215,50.5,15.0,92.0,88.8,812.6,15.0,92.4,88.7,5.0,19.338,5.0,5.0,82.96600000000001
4.99,3,9.735,5.452,5.489,63.798,94.906,95.115,80.385,35.3,77.252,50.5,15.0,92.0,88.8,812.6,15.0,92.4,88.7,5.0,19.439,5.0,5.0,82.475
5.01,3,9.512,5.5489999999999995,5.442,62.95399999999999,94.811,95.20100000000001,80.392,35.3,77.273,50.5,15.0,92.0,88.8,812.6,15.0,92.4,88.7,5.0,19.371,5.0,5.0,81.994
5.03,3,9.546,5.443,5.388,62.918,94.906,95.316,80.395,35.3,77.285,50.5,15.0,92.0,88.8,812.6,15.0,92.4,88.7,5.0,19.412,5.0,5.0,81.505
5.05,3,9.722999999999999,5.459,5.407,63.299,94.906,95.058,80.39699999999999,35.3,77.291,50.5,15.0,92.0,88.8,812.6,15.0,92.4,88.7,5.0,19.461,5.0,5.0,81.018
5.07,3,9.754,5.501,5.421,63.32899999999999,94.937,95.0,80.398,35.3,77.295,50.5,15.0,92.0,88.8,812.6,15.0,92.4,88.7,5.0,19.426,5.0,5.0,80.51100000000001
5.09,3,9.933,5.442,5.451,63.233000000000004,95.063,95.115,80.399,35.3,77.297,50.5,15.0,92.0,88.8,812.6,15.0,92.4,88.7,5.0,19.506999999999998,5.0,5.0,80.038
5.11,3,9.486,5.449,5.486,62.84,94.811,95.058,80.4,35.3,77.348,50.5,15.0,92.0,88.8,812.6,15.0,92.4,88.7,5.0,19.481,5.0,5.0,79.554
5.13,3,9.488,5.655,5.579,62.96,95.0,95.058,80.4,35.3,77.459,50.45,15.0,92.0,88.8,812.6,15.0,92.4,88.7,5.0,19.455,5.0,5.0,79.108
5.15,3,9.447,5.509,5.732,63.417,95.188,95.28699999999999,80.4,35.3,77.52000000000001,50.384,15.0,92.0,88.8,812.6,15.0,92.4,88.7,5.0,19.551,5.0,5.0,78.613
5.17,3,9.872,5.469,5.782,63.985,94.937,95.115,80.4,35.3,77.555,50.347,15.0,92.0,88.8,812.6,15.0,92.4,88.7,5.0,19.689,5.0,5.0,78.131
5.19,3,9.71,5.54,5.895,63.931000000000004,95.094,94.884,80.4,35.3,77.575,50.327,15.0,92.0,88.8,812.6,15.0,92.4,88.7,5.0,19.772,5.0,5.0,77.646
5.21,3,9.477,5.552,5.9990000000000006,63.736000000000004,95.468,95.029,80.4,35.3,77.58600000000001,50.315,15.0,92.0,88.8,812.6,15.0,92.4,88.7,5.0,19.549,5.0,5.0,77.188
5.23,3,9.585,5.611,6.0809999999999995,63.946999999999996,95.684,95.23,80.4,35.3,77.592,50.308,15.0,92.0,88.8,812.6,15.0,92.4,88.7,5.0,19.466,5.0,5.0,76.722
5.25,3,9.578,5.5329999999999995,6.133,64.58600000000001,95.898,95.259,80.4,35.3,77.596,50.305,15.0,92.0,88.8,812.6,15.0,92.4,88.7,5.0,19.597,5.0,5.0,76.264
5.27,3,9.76,5.58,6.161,65.14699999999999,96.71300000000001,94.942,80.4,35.3,77.59700000000001,50.303000000000004,15.0,92.0,88.8,812.6,15.0,92.4,88.7,5.0,19.466,5.0,5.0,75.794
5.29,3,9.705,5.586,6.277,64.922,97.508,95.115,80.4,35.3,77.59899999999999,50.302,15.0,92.0,88.8,812.6,15.0,92.4,88.7,5.0,19.459000000000003,5.0,5.0,75.317
5.31,3,9.562999999999999,5.47,6.29,64.83699999999999,97.76899999999999,94.942,80.4,35.3,77.624,50.301,15.0,92.0,88.8,812.6,15.0,92.4,88.7,5.0,19.421,5.0,5.0,74.845
5.33,3,9.742,5.657,6.449,69.567,98.736,94.768,80.4,35.3,77.701,50.3,15.0,92.0,88.8,812.6,15.0,92.4,88.7,5.0,19.326,5.0,5.0,74.362
5.35,3,9.629999999999999,5.446,6.51,71.492,99.868,95.459,80.4,35.3,77.744,50.3,15.0,92.0,88.8,812.6,15.0,92.4,88.7,5.0,19.237000000000002,5.0,5.0,73.65299999999999
5.37,3,9.419,5.4879999999999995,6.825,73.262,100.964,95.316,80.4,35.3,77.769,50.3,15.0,92.0,88.8,812.6,15.0,92.4,88.7,5.0,19.112000000000002,5.0,5.0,72.902
5.39,3,9.216000000000001,5.442,6.862,76.53,102.56,95.516,80.4,35.3,77.782,50.3,15.0,92.0,88.8,812.6,15.0,92.4,88.7,5.0,19.165999999999997,5.0,5.0,72.131
5.41,3,9.382,5.478,7.186,77.357,104.18700000000001,95.373,80.4,35.3,77.78999999999999,50.3,15.0,92.0,88.8,812.6,15.0,92.4,88.7,5.0,19.203,5.0,5.0,71.34100000000001
5.43,3,9.474,5.507,7.409000000000001,78.845,105.977,95.259,80.4,35.3,77.794,50.3,15.0,92.0,88.8,812.6,15.0,92.4,88.7,5.0,19.304000000000002,5.0,5.0,70.543
5.45,3,9.576,5.451,7.771000000000001,79.67699999999999,108.929,95.345,80.4,35.3,77.797,50.3,15.0,92.0,88.8,812.6,15.0,92.4,88.7,5.0,19.305,5.0,5.0,69.717
5.47,3,9.292,5.545,8.083,80.418,112.662,95.544,80.4,35.3,77.798,50.3,15.0,92.0,88.8,812.6,15.0,92.4,88.7,5.0,19.219,5.0,5.0,68.911
5.49,3,9.576,5.529,8.218,81.029,116.804,95.601,80.4,35.3,77.843,50.3,15.0,92.0,88.8,812.6,15.0,92.4,88.7,5.0,19.394,5.0,5.0,68.09899999999999
5.51,3,9.415,5.7780000000000005,8.335,81.676,123.13799999999999,95.373,80.4,35.3,77.868,50.3,15.0,92.0,88.8,812.6,15.0,92.4,88.7,5.0,19.247999999999998,5.0,5.0,67.274
5.53,3,9.503,5.591,8.55,82.421,131.675,95.911,80.4,35.3,77.882,50.3,15.0,92.0,88.8,812.6,15.0,92.4,88.7,5.0,19.073,5.0,5.0,66.46600000000001
5.55,3,9.747,5.475,8.866,83.426,142.79700000000003,95.77,80.4,35.3,77.89,50.3,15.0,92.0,88.8,812.6,15.0,92.4,88.7,5.0,18.955,5.0,5.0,65.648
5.57,3,10.007,5.571,9.24,83.865,160.83,95.77,80.4,35.3,77.894,50.3,15.0,92.0,88.8,812.6,15.0,92.4,88.7,5.0,18.974,5.0,5.0,64.852
5.59,3,10.178,5.499,9.462,84.342,236.011,95.601,80.4,35.3,77.89699999999999,50.3,15.0,92.0,88.8,812.6,15.0,92.4,88.7,5.0,19.153,5.0,5.0,64.017
5.61,3,10.609,5.598,9.697,84.818,237.609,95.883,80.4,35.3,77.898,50.3,15.0,92.0,88.8,812.6,15.0,92.4,88.7,5.0,19.311,5.0,5.0,63.185
5.63,3,10.461,5.606,10.013,85.305,234.987,95.487,80.4,35.3,77.924,50.3,15.0,92.0,88.8,812.6,15.0,92.4,88.631,5.0,19.359,5.0,5.0,62.36
5.65,3,11.004999999999999,5.687,10.35,85.256,232.97400000000002,95.316,80.4,35.3,78.001,50.3,15.0,92.0,88.8,812.6,15.0,92.4,88.574,5.0,19.289,5.0,5.0,61.534
5.67,3,11.097999999999999,5.716,10.792000000000002,85.222,231.76,95.345,80.4,35.3,78.044,50.3,15.0,92.0,88.8,812.6,15.0,92.4,88.542,5.0,19.242,5.0,5.0,60.683
5.69,3,11.468,5.624,11.057,83.66199999999999,231.07299999999998,95.516,80.4,35.3,78.06899999999999,50.3,15.0,92.0,88.8,812.6,15.0,92.4,88.523,5.0,19.155,5.0,5.0,59.778
5.71,3,11.426,5.663,11.457,82.008,230.45,95.62899999999999,80.4,35.3,78.082,50.3,15.0,92.0,88.8,812.6,15.0,92.4,88.513,5.0,19.107,5.0,5.0,58.836000000000006
5.73,3,11.689,5.459,11.738,79.855,229.641,95.742,80.4,35.3,78.09,50.3,15.0,92.0,88.8,812.6,15.0,92.4,88.507,5.0,19.151,5.0,5.0,57.92100000000001
5.75,3,11.257000000000001,5.455,11.715,77.456,228.562,95.487,80.4,35.3,78.094,50.25,15.0,92.0,88.8,812.6,15.0,92.4,88.50399999999999,5.0,19.095,5.0,5.0,56.968999999999994
5.77,3,12.117,5.452,11.921,76.327,226.981,95.373,80.4,35.3,78.09700000000001,50.184,15.0,92.0,88.8,812.6,15.0,92.4,88.502,5.0,19.064,5.0,5.0,56.056000000000004
5.79,3,11.814,5.894,12.235,75.437,225.222,95.20100000000001,80.4,35.3,78.098,50.147,15.0,92.0,88.8,812.6,15.0,92.4,88.501,5.0,19.02,5.0,5.0,55.151
5.81,3,11.888,5.519,12.371,75.09899999999999,223.65599999999998,95.77,80.4,35.3,78.09899999999999,50.126999999999995,15.0,92.0,88.8,812.6,15.0,92.4,88.501,5.0,19.04,5.0,5.0,54.277
5.83,3,11.625,5.545,12.765,74.939,222.047,95.742,80.425,35.3,78.124,50.115,15.0,92.0,88.8,812.6,15.0,92.4,88.5,5.0,19.119,5.0,5.0,53.427
5.85,3,12.307,5.457,12.961,74.93,220.761,95.572,80.458,35.3,78.201,50.108000000000004,15.0,92.0,88.8,812.6,15.0,92.4,88.5,5.0,19.016,5.0,5.0,52.581
5.87,3,11.963,5.442,13.212,75.483,220.458,95.373,80.476,35.3,78.244,50.105,15.0,92.0,88.8,812.6,15.0,92.4,88.5,5.0,19.006999999999998,5.0,5.0,51.716
5.89,3,12.585,5.523,13.699,72.48,220.312,95.572,80.487,35.3,78.269,50.103,15.0,92.0,88.8,812.6,15.0,92.4,88.5,5.0,18.976,5.0,5.0,50.861999999999995
5.91,3,12.42,5.442,13.809,71.49,220.155,95.23,80.492,35.3,78.282,50.102,15.0,92.0,88.8,812.6,15.0,92.4,88.5,5.0,18.925,5.0,5.0,50.105
5.93,3,12.908999999999999,5.571,13.883,70.748,220.07,95.742,80.49600000000001,35.3,78.28999999999999,50.101,15.0,92.0,88.8,812.6,15.0,92.4,88.5,5.0,18.834000000000003,5.0,5.0,49.4
5.95,3,12.797,5.532,13.987,70.222,220.03400000000002,95.28699999999999,80.498,35.3,78.294,50.1,15.0,92.0,88.8,812.6,15.0,92.4,88.5,5.0,18.739,5.0,5.0,48.711
5.97,3,12.68,5.582,14.117,70.015,220.01,95.28699999999999,80.499,35.3,78.297,50.1,15.0,92.0,88.8,812.6,15.0,92.4,88.5,5.0,18.665,5.0,5.0,48.022
5.99,3,13.514,5.506,14.331,66.12899999999999,219.84099999999998,95.459,80.499,35.3,78.298,50.1,15.0,92.0,88.8,812.6,15.0,92.4,88.5,5.0,18.796,5.0,5.0,47.353
6.01,3,13.621,5.5,14.35,63.356,219.551,95.373,80.5,35.3,78.299,50.1,15.0,92.0,88.8,812.6,15.0,92.4,88.5,5.0,18.794,5.0,5.0,46.813
6.03,3,13.823,5.451,14.386000000000001,62.548,219.128,95.572,80.5,35.3,78.34899999999999,50.1,15.0,92.0,88.75,812.6,15.0,92.4,88.5,5.0,18.925,5.0,5.0,46.417
6.05,3,14.594,5.44,14.088,60.224,218.465,95.459,80.5,35.3,78.459,50.1,15.0,92.0,88.684,812.6,15.0,92.331,88.5,5.0,18.941,5.0,5.0,46.067
6.07,3,14.604,5.521,14.366,60.519,218.237,95.28699999999999,80.5,35.3,78.521,50.1,15.0,92.0,88.64699999999999,812.6,15.0,92.274,88.5,5.0,18.894,5.0,5.0,45.722
6.09,3,18.173000000000002,5.444,14.8,57.711000000000006,218.104,95.487,80.5,35.3,78.555,50.1,15.0,92.0,88.627,812.6,15.0,92.242,88.5,5.0,19.067999999999998,5.0,5.0,45.373000000000005
6.11,3,20.021,5.482,14.981,57.924,217.671,95.43,80.5,35.3,78.575,50.1,15.0,92.0,88.615,812.6,15.0,92.223,88.5,5.0,18.918,5.0,5.0,45.058
6.13,3,21.213,5.476,15.280999999999999,58.201,216.987,95.28699999999999,80.5,35.3,78.58600000000001,50.1,15.0,92.0,88.608,812.6,15.0,92.21300000000001,88.5,5.0,18.927,5.0,5.0,44.733000000000004
6.15,3,21.939,5.441,15.668,57.729,216.076,95.544,80.5,35.3,78.592,50.1,15.0,92.0,88.605,812.6,15.0,92.207,88.5,5.0,18.942,5.0,5.0,44.474000000000004
6.17,3,22.812,5.455,15.850999999999999,57.226000000000006,214.965,95.058,80.5,35.3,78.596,50.1,15.0,92.0,88.60300000000001,812.6,15.0,92.204,88.5,5.0,19.119999999999997,5.0,5.0,44.167
6.19,3,23.147000000000002,5.44,16.332,58.335,213.80900000000003,95.086,80.5,35.3,78.59700000000001,50.1,15.0,92.0,88.602,812.6,15.0,92.202,88.5,5.0,19.185000000000002,5.0,5.0,43.902
6.21,3,23.535,5.439,16.616,57.698,212.763,95.43,80.5,35.3,78.59899999999999,50.1,15.0,92.0,88.601,812.6,15.0,92.20100000000001,88.5,5.0,19.201999999999998,5.0,5.0,43.597
6.23,3,24.285,5.727,16.976,57.678999999999995,211.81400000000002,95.516,80.5,35.3,78.59899999999999,50.1,15.0,92.0,88.6,812.6,15.0,92.20100000000001,88.5,5.0,19.215,5.0,5.0,43.306
6.25,3,25.324,5.4879999999999995,17.214,58.552,210.97400000000002,95.601,80.5,35.3,78.6,50.1,15.0,92.0,88.6,812.6,15.0,92.2,88.5,5.0,19.247999999999998,5.0,5.0,43.032
6.27,3,25.595,5.452,17.368000000000002,58.56100000000001,210.34799999999998,95.23,80.5,35.3,78.6,50.1,15.0,92.0,88.6,812.6,15.0,92.2,88.5,5.0,19.22,5.0,5.0,42.731
6.29,3,26.177,5.446,17.897,58.787,209.794,95.23,80.5,35.3,78.687,50.1,15.0,92.0,88.6,812.6,15.0,92.2,88.5,5.0,19.207,5.0,5.0,42.44
6.31,3,26.874000000000002,5.4879999999999995,18.115000000000002,60.191,209.32299999999998,94.884,80.5,35.3,78.737,50.1,15.0,92.0,88.6,812.6,15.0,92.2,88.5,5.0,18.997,5.0,5.0,42.152
6.33,4,27.315,5.499,18.895,59.7,208.923,95.62899999999999,80.5,35.3,78.764,50.1,15.0,92.0,88.6,812.6,15.0,92.2,88.5,5.0,18.978,5.0,5.0,41.876999999999995
6.35,4,27.498,5.569,19.576,54.44,208.523,95.487,80.5,35.3,78.78,50.1,15.0,92.0,88.6,812.6,15.0,92.2,88.5,5.0,18.802,5.0,5.0,41.614999999999995
6.37,4,28.763,5.556,20.046,53.943000000000005,208.135,95.14399999999999,80.5,35.3,78.78899999999999,50.1,15.0,92.0,88.6,812.6,15.0,92.2,88.5,5.0,18.665999999999997,5.0,5.0,41.5
6.39,4,29.383000000000003,5.492,20.326999999999998,51.751000000000005,207.713,94.73899999999999,80.5,35.3,78.794,50.1,15.0,92.0,88.6,812.6,15.0,92.2,88.5,5.0,18.731,5.0,5.0,41.516
6.41,4,29.695999999999998,5.632,20.503,50.693000000000005,207.326,94.797,80.5,35.3,78.796,50.1,15.0,92.0,88.6,812.6,15.0,92.2,88.5,5.0,18.834000000000003,5.0,5.0,41.507
6.43,4,29.909000000000002,5.515,20.228,46.766999999999996,206.97400000000002,95.316,80.5,35.3,78.798,50.1,15.0,92.0,88.6,812.6,15.0,92.2,88.5,5.0,18.96,5.0,5.0,41.510999999999996
6.45,4,30.283,5.542,20.447000000000003,45.231,206.56400000000002,95.345,80.5,35.3,78.799,50.1,15.0,92.0,88.6,812.6,15.0,92.2,88.5,5.0,18.985,5.0,5.0,41.629000000000005
6.47,4,30.31,5.479,20.482,44.863,206.143,94.797,80.5,35.3,78.799,50.1,15.0,92.0,88.6,812.6,15.0,92.2,88.5,5.0,18.879,5.0,5.0,41.792
6.49,4,31.465999999999998,5.55,20.521,41.618,205.793,95.516,80.5,35.3,78.8,50.1,15.0,92.0,88.6,812.6,15.0,92.2,88.5,5.0,18.811,5.0,5.0,41.916
6.51,4,32.39,5.593,20.617,44.222,205.454,94.942,80.5,35.3,78.887,50.1,15.0,92.0,88.6,812.6,15.0,92.2,88.5,5.0,18.892000000000003,5.0,5.0,42.063
6.53,4,33.71,5.634,20.558,41.983000000000004,205.03400000000002,95.058,80.5,35.3,78.937,50.1,15.0,92.0,88.6,812.6,15.0,92.2,88.5,5.0,18.964,5.0,5.0,42.059
6.55,4,34.432,5.455,20.816,43.001,204.59099999999998,95.28699999999999,80.5,35.3,78.964,50.1,15.0,92.0,88.6,812.6,15.0,92.2,88.5,5.0,18.98,5.0,5.0,42.080999999999996
6.57,4,35.174,5.439,20.685000000000002,42.995,204.172,95.173,80.5,35.3,78.97999999999999,50.1,15.0,92.0,88.6,812.6,15.0,92.2,88.5,5.0,18.945999999999998,5.0,5.0,42.028
6.59,4,35.607,5.464,20.898,39.478,203.78799999999998,95.173,80.5,35.3,78.989,50.1,15.0,92.0,88.6,812.6,15.0,92.2,88.5,5.0,18.932000000000002,5.0,5.0,42.0
6.61,4,36.056,5.498,21.235,39.424,203.28799999999998,95.373,80.5,35.3,78.994,50.1,15.0,92.0,88.6,812.6,15.0,92.2,88.5,5.0,18.866,5.0,5.0,42.073
6.63,4,35.989000000000004,5.485,21.252,37.861999999999995,202.858,95.373,80.5,35.3,78.99600000000001,50.1,15.0,92.0,88.6,812.6,15.0,92.2,88.5,5.0,18.933,5.0,5.0,42.256
6.65,4,36.364999999999995,5.481,21.311,39.574,202.417,95.28699999999999,80.5,35.3,78.998,50.05,15.0,92.0,88.6,812.6,15.0,92.2,88.5,5.0,18.761,5.0,5.0,42.385999999999996
6.67,4,36.445,5.526,21.314,34.484,201.919,95.259,80.5,35.3,78.999,49.984,15.0,92.0,88.6,812.6,15.0,92.2,88.5,5.0,18.845,5.0,5.0,42.42
6.69,4,36.911,5.475,21.445,34.138000000000005,201.548,95.373,80.5,35.3,78.999,49.946999999999996,15.0,92.0,88.6,812.6,15.0,92.2,88.5,5.0,18.844,5.0,5.0,42.549
6.71,4,36.921,5.503,21.323,33.833,201.062,95.402,80.5,35.3,79.0,49.927,15.0,92.0,88.6,812.6,15.0,92.2,88.5,5.0,18.723,5.0,5.0,42.703
6.73,4,37.368,5.481,21.203,32.412,200.657,95.20100000000001,80.5,35.3,79.0,49.915,15.0,92.0,88.6,812.6,15.0,92.2,88.5,5.0,18.779000000000003,5.0,5.0,42.878
6.75,4,36.735,5.478,21.169,34.312,200.27599999999998,95.316,80.5,35.3,79.044,49.908,15.0,92.0,88.6,812.6,15.0,92.2,88.5,5.0,18.769,5.0,5.0,43.036
6.77,4,36.94,5.583,21.172,29.326,199.825,95.544,80.5,35.3,79.068,49.905,15.0,92.0,88.6,812.6,15.0,92.2,88.5,5.0,18.674,5.0,5.0,43.062
6.79,4,36.441,5.521,21.09,28.84,199.387,95.373,80.5,35.3,79.082,49.903,15.0,92.0,88.6,812.6,15.0,92.2,88.5,5.0,18.531,5.0,5.0,43.244
6.81,4,36.785,5.584,20.895,32.711,198.983,95.086,80.5,35.3,79.09,49.902,15.0,92.0,88.6,812.6,15.0,92.2,88.5,5.0,18.651,5.0,5.0,43.336
6.83,4,36.175,5.6129999999999995,20.592,32.104,198.66099999999997,95.516,80.5,35.3,79.094,49.900999999999996,15.0,92.0,88.6,812.6,15.0,92.2,88.5,5.0,18.725,5.0,5.0,43.330999999999996
6.85,4,35.652,5.474,20.512,28.581,198.17700000000002,95.572,80.5,35.3,79.097,49.9,15.0,92.0,88.6,812.6,15.0,92.2,88.5,5.0,18.642000000000003,5.0,5.0,43.328
6.87,4,35.939,5.438,20.292,23.86,197.74,95.516,80.55,35.3,79.098,49.9,15.0,92.0,88.6,812.6,15.0,92.2,88.5,5.0,18.676,5.0,5.0,43.469
6.89,4,35.849000000000004,5.467,20.367,27.549,197.38400000000001,95.657,80.616,35.3,79.09899999999999,49.9,15.0,92.0,88.6,812.6,15.0,92.2,88.5,5.0,18.73,5.0,5.0,43.589
6.91,4,35.504999999999995,5.697,20.037,20.934,196.97,95.544,80.653,35.3,79.09899999999999,49.9,15.0,91.95,88.6,812.6,15.0,92.2,88.5,5.0,18.591,5.0,5.0,43.754
6.93,4,34.948,5.647,20.000999999999998,26.258000000000003,196.59099999999998,95.79899999999999,80.673,35.3,79.1,49.9,15.0,91.884,88.6,812.6,15.0,92.2,88.5,5.0,18.756999999999998,5.0,5.0,43.89
6.95,4,34.900999999999996,5.642,19.781,18.944000000000003,196.201,95.28699999999999,80.685,35.3,79.1,49.9,15.0,91.847,88.6,812.6,15.0,92.2,88.5,5.0,18.85,5.0,5.0,44.016999999999996
6.97,4,34.407,5.627,19.653,29.054000000000002,195.82299999999998,95.058,80.692,35.3,79.187,49.9,15.0,91.827,88.6,812.6,15.0,92.2,88.5,5.0,18.894,5.0,5.0,44.082
6.99,4,33.912,5.484,19.461,23.236,195.433,95.516,80.695,35.3,79.237,49.9,15.0,91.815,88.6,812.6,15.0,92.2,88.5,5.0,18.758,5.0,5.0,44.165
7.01,4,33.528000000000006,5.6,19.288,16.525,195.078,95.058,80.697,35.3,79.264,49.9,15.0,91.808,88.6,812.6,15.0,92.2,88.5,5.0,18.764000000000003,5.0,5.0,44.338
7.03,4,33.427,5.537,19.076999999999998,28.399,194.769,95.029,80.699,35.3,79.28,49.9,15.0,91.805,88.6,812.6,15.0,92.2,88.5,5.0,18.843,5.0,5.0,44.396
7.05,4,32.900999999999996,5.505,19.03,21.969,194.345,95.058,80.699,35.3,79.289,49.9,15.0,91.803,88.6,812.6,15.0,92.2,88.5,5.0,18.73,5.0,5.0,44.454
7.07,4,32.587,5.461,18.533,15.89,194.014,95.259,80.7,35.3,79.294,49.9,15.0,91.801,88.6,812.6,15.0,92.2,88.5,5.0,18.677,5.0,5.0,44.597
7.09,4,31.855,5.521,18.268,12.552,193.625,94.623,80.7,35.3,79.296,49.9,15.0,91.801,88.6,812.6,15.0,92.2,88.5,5.0,18.656,5.0,5.0,44.653
7.11,4,31.403000000000002,5.586,18.106,24.132,193.282,94.73899999999999,80.7,35.3,79.298,49.9,15.0,91.8,88.6,812.6,15.0,92.2,88.5,5.0,18.842,5.0,5.0,44.69
7.13,4,30.798000000000002,5.508,17.816,26.408,192.917,95.0,80.7,35.3,79.29899999999999,49.9,15.0,91.8,88.6,812.6,15.0,92.2,88.5,5.0,18.875999999999998,5.0,5.0,44.576
7.15,4,30.705,5.527,17.533,21.049,192.58599999999998,95.058,80.7,35.3,79.29899999999999,49.9,15.0,91.8,88.6,812.6,15.0,92.2,88.5,5.0,18.866,5.0,5.0,44.461
7.17,4,30.037,5.551,17.379,15.007,192.233,94.418,80.7,35.3,79.3,49.9,15.0,91.8,88.6,812.6,15.0,92.2,88.5,5.0,19.055,5.0,5.0,44.475
7.19,4,29.589000000000002,5.48,17.305999999999997,27.024,191.87900000000002,95.058,80.7,35.3,79.3,49.9,15.0,91.8,88.6,812.6,15.0,92.2,88.5,5.0,18.969,5.0,5.0,44.512
7.21,4,29.441999999999997,5.493,17.284,19.982,191.56,95.029,80.7,35.3,79.387,49.9,15.0,91.8,88.6,812.6,15.0,92.2,88.5,5.0,18.972,5.0,5.0,44.559
7.23,4,29.198,5.534,17.093,22.657,191.23,95.0,80.7,35.3,79.437,49.9,15.0,91.8,88.6,812.6,15.0,92.2,88.5,5.0,18.949,5.0,5.0,44.599000000000004
7.25,4,28.456999999999997,5.801,16.732999999999997,20.088,190.91099999999997,95.20100000000001,80.7,35.3,79.464,49.9,15.0,91.8,88.6,812.6,15.0,92.2,88.5,5.0,18.944000000000003,5.0,5.0,44.62
7.27,4,28.256,5.522,16.576,31.344,190.581,95.259,80.7,35.3,79.48,49.9,15.0,91.8,88.6,812.6,15.0,92.2,88.5,5.0,19.025,5.0,5.0,44.611999999999995
7.29,4,28.173000000000002,5.447,16.579,26.62,190.262,95.173,80.7,35.3,79.48899999999999,49.9,15.0,91.8,88.6,812.6,15.0,92.2,88.5,5.0,18.955,5.0,5.0,44.425
7.31,4,27.541,5.6579999999999995,16.477,19.133,189.93200000000002,94.564,80.7,35.3,79.494,49.9,15.0,91.8,88.6,812.6,15.0,92.2,88.5,5.0,18.775,5.0,5.0,44.283
7.33,4,27.629,5.466,16.255000000000003,28.544,189.625,94.623,80.7,35.3,79.49600000000001,49.9,15.0,91.8,88.6,812.6,15.0,92.2,88.5,5.0,18.714,5.0,5.0,44.277
7.35,4,27.232,5.567,16.197000000000003,22.215999999999998,189.33,94.768,80.7,35.3,79.498,49.9,15.0,91.8,88.6,812.6,15.0,92.2,88.5,5.0,18.663,5.0,5.0,44.279
7.37,4,26.764,5.556,16.275,28.245,189.012,94.652,80.7,35.3,79.499,49.9,15.0,91.8,88.6,812.6,15.0,92.2,88.5,5.0,18.761,5.0,5.0,44.281
7.39,4,26.62,5.513,16.055,21.87,188.71599999999998,94.593,80.7,35.3,79.499,49.9,15.0,91.8,88.6,812.6,15.0,92.2,88.5,5.0,18.832,5.0,5.0,44.288000000000004
7.41,4,26.905,5.447,15.824000000000002,27.701999999999998,188.41,94.913,80.7,35.3,79.5,49.9,15.0,91.8,88.6,812.6,15.0,92.2,88.5,5.0,18.767000000000003,5.0,5.0,44.317
7.43,4,26.704,5.439,15.855,22.266,188.12599999999998,94.797,80.7,35.3,79.5,49.9,15.0,91.8,88.6,812.6,15.0,92.2,88.5,5.0,18.779000000000003,5.0,5.0,44.321
7.45,4,25.853,5.439,15.705,21.304000000000002,187.808,94.211,80.7,35.3,79.5,49.9,15.0,91.8,88.6,812.6,15.0,92.2,88.5,5.0,18.917,5.0,5.0,44.417
7.47,4,26.05,5.499,15.693,23.117,187.524,94.681,80.7,35.3,79.587,49.9,15.0,91.8,88.6,812.6,15.0,92.2,88.5,5.0,19.027,5.0,5.0,44.409
7.49,4,25.618000000000002,5.451,15.395,16.597,187.218,94.971,80.7,35.3,79.637,49.9,15.0,91.8,88.6,812.6,15.0,92.08800000000001,88.5,5.0,18.994,5.0,5.0,44.478
7.51,4,25.387,5.638,15.342,29.225,186.946,95.23,80.7,35.3,79.664,49.9,15.0,91.8,88.6,812.6,15.0,92.005,88.5,5.0,19.124000000000002,5.0,5.0,44.491
7.53,4,25.405,5.455,15.534,23.541,186.65099999999998,94.768,80.7,35.3,79.68,49.9,15.0,91.8,88.6,812.6,15.0,91.959,88.5,5.0,19.155,5.0,5.0,44.33
7.55,4,25.355,5.498,15.221,28.825,186.37900000000002,95.20100000000001,80.7,35.3,79.689,49.9,15.0,91.8,88.6,812.6,15.0,91.933,88.5,5.0,19.104,5.0,5.0,44.159
7.57,4,24.934,5.439,15.28,29.205,186.107,95.086,80.7,35.3,79.694,49.9,15.0,91.8,88.6,812.6,15.0,91.919,88.5,5.0,19.058,5.0,5.0,43.954
7.59,4,24.737000000000002,5.457,15.279000000000002,32.218,185.835,95.058,80.7,35.3,79.696,49.9,15.0,91.8,88.6,812.6,15.0,91.911,88.5,5.0,18.956,5.0,5.0,43.771
7.61,4,24.788,5.62,15.277999999999999,34.525,185.56400000000002,95.516,80.7,35.3,79.69800000000001,49.9,15.0,91.8,88.6,812.6,15.0,91.906,88.5,5.0,18.958,5.0,5.0,43.563
7.63,4,24.680999999999997,5.449,15.357999999999999,35.434,185.292,95.402,80.7,35.3,79.699,49.9,15.0,91.8,88.6,812.6,15.0,91.903,88.5,5.0,18.902,5.0,5.0,43.376999999999995
7.65,4,24.672,5.438,15.227,35.919,185.00900000000001,95.058,80.7,35.3,79.699,49.9,15.0,91.8,88.6,812.6,15.0,91.902,88.5,5.0,18.779000000000003,5.0,5.0,43.156
7.67,4,24.71,5.438,15.360999999999999,32.486999999999995,184.748,95.173,80.7,35.3,79.7,49.9,15.0,91.8,88.6,812.6,15.0,91.90100000000001,88.5,5.0,18.756999999999998,5.0,5.0,42.998000000000005
7.69,4,24.6,5.468,15.640999999999998,33.463,184.511,94.884,80.7,35.3,79.7,49.9,15.0,91.8,88.6,812.6,15.0,91.90100000000001,88.5,5.0,18.750999999999998,5.0,5.0,42.949
7.71,4,24.836,5.469,15.748,33.650999999999996,184.239,94.768,80.7,35.3,79.7,49.9,15.0,91.8,88.6,812.6,15.0,91.9,88.5,5.0,18.85,5.0,5.0,42.935
7.73,4,24.997,5.516,15.917,37.674,183.99,94.971,80.7,35.3,79.7,49.9,15.0,91.8,88.6,812.6,15.0,91.9,88.5,5.0,18.987000000000002,5.0,5.0,42.971
7.75,4,25.197,5.477,15.969000000000001,35.435,183.753,95.259,80.7,35.3,79.7,49.9,15.0,91.8,88.6,812.6,15.0,91.9,88.5,5.0,18.936,5.0,5.0,42.903
7.77,4,25.379,5.562,16.268,31.283,183.493,94.623,80.7,35.3,79.7,49.9,15.0,91.8,88.6,812.6,15.0,91.9,88.5,5.0,19.048000000000002,5.0,5.0,42.824
7.79,4,25.475,5.589,16.336,33.986000000000004,183.278,95.029,80.7,35.3,79.744,49.9,15.0,91.8,88.6,812.6,15.0,91.9,88.5,5.0,19.122999999999998,5.0,5.0,42.87
7.81,4,26.179000000000002,5.818,16.512,27.975,183.018,95.029,80.7,35.3,79.768,49.9,15.0,91.8,88.6,812.6,15.0,91.9,88.5,5.0,19.129,5.0,5.0,42.926
7.83,4,26.386999999999997,5.505,16.586,31.835,182.791,94.82600000000001,80.7,35.3,79.782,49.9,15.0,91.8,88.6,812.6,15.0,91.9,88.5,5.0,19.095,5.0,5.0,42.989000000000004
7.85,4,26.877,5.524,16.573,35.742,182.554,95.029,80.7,35.3,79.79,49.9,15.0,91.8,88.6,812.6,15.0,91.9,88.5,5.0,19.034,5.0,5.0,43.022
7.87,4,26.679000000000002,5.568,16.631,35.674,182.351,94.971,80.7,35.3,79.794,49.9,15.0,91.8,88.6,812.6,15.0,91.9,88.5,5.0,19.02,5.0,5.0,42.991
7.89,4,26.404,5.562,16.762999999999998,35.974000000000004,182.079,95.029,80.7,35.3,79.797,49.9,15.0,91.8,88.6,812.6,15.0,91.9,88.5,5.0,19.066,5.0,5.0,42.813
7.91,4,26.894000000000002,5.559,16.732,37.132,181.842,94.971,80.7,35.3,79.798,49.9,15.0,91.8,88.6,812.6,15.0,91.9,88.5,5.0,19.21,5.0,5.0,42.685
7.93,4,26.906,5.523,16.828,38.316,181.61599999999999,94.855,80.7,35.3,79.79899999999999,49.9,15.0,91.8,88.6,812.6,15.0,91.9,88.5,5.0,19.286,5.0,5.0,42.503
7.95,4,27.269000000000002,5.451,16.944000000000003,37.338,181.37900000000002,94.768,80.7,35.3,79.79899999999999,49.9,15.0,91.8,88.6,812.6,15.0,91.9,88.5,5.0,19.317,5.0,5.0,42.334
7.97,4,27.148000000000003,5.438,17.125,43.635999999999996,181.16400000000002,94.768,80.7,35.3,79.8,49.9,15.0,91.8,88.6,812.6,15.0,91.9,88.5,5.0,19.369,5.0,5.0,42.265
7.99,4,27.604,5.5329999999999995,17.192,43.019,180.96,95.173,80.7,35.3,79.8,49.9,15.0,91.8,88.6,812.6,15.0,91.9,88.5,5.0,19.218,5.0,5.0,42.213
8.01,4,27.522,5.5600000000000005,17.461,36.453,180.72299999999998,94.71,80.7,35.3,79.8,49.9,15.0,91.8,88.6,812.6,15.0,91.9,88.5,5.0,19.289,5.0,5.0,42.023
8.03,4,28.263,5.542,17.447000000000003,40.597,180.486,95.029,80.7,35.3,79.8,49.9,15.0,91.8,88.6,812.6,15.0,91.9,88.5,5.0,19.365000000000002,5.0,5.0,41.843
8.05,4,28.643,5.453,17.749000000000002,43.749,180.215,95.173,80.7,35.3,79.8,49.9,15.0,91.8,88.6,812.6,15.0,91.9,88.5,5.0,19.459000000000003,5.0,5.0,41.67
8.07,4,28.723000000000003,5.473,18.092,46.705,180.09099999999998,94.913,80.7,35.3,79.8,49.9,15.0,91.8,88.6,812.6,15.0,91.9,88.5,5.0,19.549,5.0,5.0,41.509
8.09,4,29.956999999999997,5.437,18.316,45.985,179.94400000000002,94.797,80.7,35.3,79.8,49.9,15.0,91.8,88.6,812.6,15.0,91.9,88.5,5.0,19.615000000000002,5.0,5.0,41.299
8.11,4,29.804000000000002,5.466,18.562,47.498999999999995,179.706,94.797,80.7,35.3,79.8,49.9,15.0,91.8,88.6,812.6,15.0,91.9,88.5,5.0,19.628,5.0,5.0,41.17
8.13,4,30.438000000000002,5.507,18.732,47.651,179.548,94.768,80.7,35.3,79.887,49.9,15.0,91.8,88.6,812.6,15.0,91.9,88.5,5.0,19.698,5.0,5.0,40.949
8.15,4,30.905,5.567,19.326999999999998,49.843999999999994,179.31099999999998,94.82600000000001,80.7,35.3,79.937,49.9,15.0,91.8,88.6,812.6,15.0,91.9,88.5,5.0,19.692,5.0,5.0,40.809
8.17,4,31.662,5.476,19.610999999999997,50.16,179.19799999999998,95.14399999999999,80.7,35.3,79.964,49.9,15.0,91.8,88.6,812.6,15.0,91.9,88.5,5.0,19.728,5.0,5.0,40.638000000000005
8.19,4,32.303,5.485,20.177999999999997,52.15,179.02900000000002,94.913,80.7,35.3,79.98,49.9,15.0,91.8,88.6,812.6,15.0,91.9,88.5,5.0,19.478,5.0,5.0,40.516
8.21,4,32.618,5.648,20.687,53.103,178.92700000000002,94.884,80.7,35.3,79.98899999999999,49.9,15.0,91.8,88.6,812.6,15.0,91.9,88.5,5.0,19.320999999999998,5.0,5.0,40.394999999999996
8.23,4,33.763000000000005,5.477,21.124000000000002,53.207,178.679,94.681,80.7,35.3,79.994,49.9,15.0,91.8,88.6,812.6,15.0,91.9,88.5,5.0,19.399,5.0,5.0,40.245999999999995
8.25,4,34.4,5.61,21.485,53.2,178.611,94.82600000000001,80.7,35.3,79.99600000000001,49.9,15.0,91.8,88.575,812.6,15.0,91.9,88.5,5.0,19.212,5.0,5.0,40.114999999999995
8.27,4,35.230000000000004,5.566,21.95,54.293,178.407,94.797,80.7,35.3,79.998,49.9,15.0,91.8,88.498,812.6,15.0,91.9,88.5,5.0,18.798000000000002,5.0,5.0,39.995000000000005
8.29,4,35.553,5.504,22.512999999999998,54.101000000000006,178.283,95.0,80.7,35.3,79.999,49.9,15.0,91.8,88.455,812.6,15.0,91.9,88.5,5.0,18.473,5.0,5.0,39.869
8.31,4,36.632,5.538,22.814,55.071999999999996,178.148,94.388,80.7,35.3,79.999,49.9,15.0,91.8,88.431,812.6,15.0,91.9,88.5,5.0,18.21,5.0,5.0,39.745000000000005
8.33,4,37.644,5.534,23.245,55.071999999999996,178.091,94.82600000000001,80.7,35.3,80.0,49.9,15.0,91.8,88.418,812.6,15.0,91.9,88.5,5.0,18.092,5.0,5.0,39.668000000000006
8.35,4,37.919000000000004,5.511,23.674,55.306999999999995,177.944,94.82600000000001,80.78699999999999,35.3,80.0,49.9,15.0,91.8,88.41,812.6,15.0,91.9,88.5,5.0,17.932000000000002,5.0,5.0,39.547
8.37,4,38.786,5.687,24.083,54.501999999999995,177.797,94.73899999999999,80.837,35.3,80.0,49.9,15.0,91.8,88.406,812.6,15.0,91.9,88.5,5.0,17.688,5.0,5.0,39.465
8.39,4,39.457,5.531,24.485,55.315,177.662,94.623,80.86399999999999,35.3,80.0,49.9,15.0,91.8,88.403,812.6,15.0,91.9,88.5,5.0,17.567999999999998,5.0,5.0,39.379999999999995
8.41,4,40.117,5.651,24.854,54.336999999999996,177.594,94.797,80.88,35.3,80.0,49.9,15.0,91.8,88.402,812.6,15.0,91.9,88.5,5.0,17.652,5.0,5.0,39.31
8.43,4,40.579,5.595,25.122,54.833999999999996,177.436,94.971,80.889,35.3,80.0,49.9,15.0,91.8,88.40100000000001,812.6,15.0,91.9,88.5,5.0,17.624000000000002,5.0,5.0,39.253
8.45,4,41.031,5.699,25.467,51.21,177.391,95.14399999999999,80.89399999999999,35.3,80.0,49.9,15.0,91.8,88.40100000000001,812.6,15.0,91.9,88.5,5.0,17.465,5.0,5.0,39.218
8.47,4,41.859,5.48,25.714000000000002,52.15,177.221,94.71,80.896,35.3,80.0,49.9,15.0,91.8,88.4,812.6,15.0,91.9,88.5,5.0,17.359,5.0,5.0,39.262
8.49,4,42.354,5.5280000000000005,26.195999999999998,51.771,177.041,94.942,80.898,35.3,80.087,49.9,15.0,91.8,88.4,812.6,15.0,91.9,88.5,5.0,17.304000000000002,5.0,5.0,39.291
8.51,4,43.283,5.633,26.084,50.067,176.84799999999998,94.884,80.899,35.3,80.137,49.9,15.0,91.8,88.4,812.6,15.0,91.9,88.5,5.0,17.27,5.0,5.0,39.302
8.53,4,43.569,5.929,26.154,50.708999999999996,176.724,94.913,80.899,35.3,80.164,49.9,15.0,91.8,88.4,812.6,15.0,91.9,88.5,5.0,17.064,5.0,5.0,39.325
8.55,4,44.186,5.459,26.276999999999997,49.202,176.589,94.855,80.9,35.3,80.18,49.9,15.0,91.8,88.4,812.6,15.0,91.9,88.5,5.0,16.607999999999997,5.0,5.0,39.326
8.57,4,44.499,5.51,26.351,49.68600000000001,176.374,95.029,80.9,35.3,80.189,49.9,15.0,91.8,88.4,812.6,15.0,91.9,88.5,5.0,16.222,5.0,5.0,39.339
8.59,4,44.383,5.5489999999999995,26.414,49.192,176.238,95.115,80.9,35.3,80.194,49.9,15.0,91.8,88.4,812.6,15.0,91.9,88.5,5.0,16.006999999999998,5.0,5.0,39.342
8.61,4,44.48,5.577,26.592,48.55,176.069,95.572,80.9,35.3,80.196,49.9,15.0,91.8,88.4,812.6,15.0,91.9,88.5,5.0,15.882,5.0,5.0,39.335
8.63,4,45.123000000000005,5.485,26.604,49.261,175.899,95.20100000000001,80.9,35.3,80.19800000000001,49.9,15.0,91.8,88.4,812.6,15.0,91.9,88.5,5.0,15.628,5.0,5.0,39.338
8.65,4,45.275,5.54,26.63,48.858999999999995,175.73,95.086,80.9,35.3,80.199,49.9,15.0,91.8,88.4,812.6,15.0,91.9,88.5,5.0,15.407,5.0,5.0,39.333
8.67,4,45.126999999999995,5.568,26.679000000000002,48.651,175.526,95.259,80.9,35.3,80.199,49.9,15.0,91.8,88.4,812.6,15.0,91.9,88.5,5.0,15.593,5.0,5.0,39.327
8.69,4,45.398,5.436,26.897,48.313,175.40200000000002,95.173,80.9,35.3,80.2,49.9,15.0,91.8,88.4,812.6,15.0,91.9,88.5,5.0,15.605,5.0,5.0,39.335
8.71,4,45.545,5.67,26.929000000000002,44.157,175.131,95.115,80.9,35.3,80.2,49.9,15.0,91.8,88.4,812.6,15.0,91.9,88.5,5.0,15.605,5.0,5.0,39.373000000000005
8.73,4,45.883,5.647,26.808000000000003,47.657,174.995,94.82600000000001,80.9,35.3,80.2,49.9,15.0,91.8,88.4,812.6,15.0,91.9,88.5,5.0,15.597999999999999,5.0,5.0,39.541
8.75,4,46.00899999999999,5.509,26.938000000000002,43.553000000000004,174.803,94.971,80.9,35.3,80.2,49.9,15.0,91.8,88.4,812.6,15.0,91.9,88.5,5.0,15.672,5.0,5.0,39.562
8.77,4,45.887,5.85,27.009,47.28,174.611,94.971,80.9,35.3,80.2,49.9,15.0,91.8,88.4,812.6,15.0,91.9,88.5,5.0,15.588,5.0,5.0,39.590999999999994
8.79,4,46.025,5.468,26.866999999999997,45.711999999999996,174.43,95.115,80.9,35.3,80.2,49.9,15.0,91.8,88.4,812.6,15.0,91.9,88.5,5.0,15.363,5.0,5.0,39.596000000000004
8.81,4,45.760999999999996,5.554,26.921999999999997,44.298,174.26,94.942,80.9,35.3,80.2,49.9,15.0,91.8,88.4,812.6,15.0,91.9,88.5,5.0,15.352,5.0,5.0,39.584
8.83,4,45.942,5.493,27.017,40.742,174.079,95.115,80.9,35.3,80.2,49.988,15.0,91.8,88.4,812.6,15.0,91.9,88.5,5.0,15.610999999999999,5.0,5.0,39.717
8.85,4,46.207,5.618,27.019000000000002,43.648,173.898,95.058,80.9,35.3,80.2,50.037,15.0,91.8,88.4,812.6,15.0,91.9,88.5,5.0,15.57,5.0,5.0,39.928
8.87,4,46.398999999999994,5.91,26.996,40.946,173.683,94.768,80.9,35.3,80.2,50.064,15.0,91.8,88.4,812.6,15.0,91.9,88.5,5.0,15.535,5.0,5.0,40.034000000000006
8.89,4,46.156000000000006,5.746,27.057,41.939,173.547,94.913,80.9,35.3,80.2,50.08,15.0,91.8,88.4,812.6,15.0,91.9,88.5,5.0,15.627,5.0,5.0,40.03
8.91,4,46.427,5.609,26.996,40.181,173.343,95.259,80.9,35.3,80.28699999999999,50.089,15.0,91.8,88.4,812.6,15.0,91.9,88.5,5.0,15.594000000000001,5.0,5.0,40.041
8.93,4,45.943000000000005,5.492,27.033,37.516999999999996,173.14,95.316,80.9,35.3,80.337,50.094,15.0,91.8,88.4,812.6,15.0,91.9,88.5,5.0,15.568,5.0,5.0,40.118
8.95,4,46.165,5.536,26.941,42.402,172.97,95.0,80.9,35.3,80.36399999999999,50.096,15.0,91.8,88.4,812.6,15.0,91.9,88.5,5.0,15.376,5.0,5.0,40.278000000000006
8.97,4,46.233999999999995,5.51,26.758000000000003,39.156,172.766,95.259,80.9,35.3,80.38,50.098,15.0,91.8,88.4,812.6,15.0,91.9,88.5,5.0,15.367,5.0,5.0,40.296
8.99,4,46.193999999999996,5.724,26.753,41.064,172.562,95.23,80.9,35.3,80.389,50.099000000000004,15.0,91.8,88.4,812.6,15.0,91.9,88.5,5.0,15.515999999999998,5.0,5.0,40.29
9.01,4,46.159,5.514,26.628,39.718,172.336,95.086,80.9,35.3,80.39399999999999,50.099000000000004,15.0,91.8,88.4,812.6,15.0,91.95,88.5,5.0,15.850999999999999,5.0,5.0,40.260000000000005
9.03,4,46.173,5.49,26.570999999999998,42.145,172.189,95.316,80.9,35.3,80.396,50.1,15.0,91.8,88.4,812.6,15.0,92.016,88.5,5.0,15.827,5.0,5.0,40.248000000000005
9.05,4,46.034,5.586,26.551,42.133,172.019,95.402,80.9,35.3,80.398,50.1,15.0,91.8,88.4,812.6,15.0,92.053,88.5,5.0,15.72,5.0,5.0,40.177
9.07,4,45.875,5.61,26.488000000000003,43.14,171.747,95.058,80.9,35.3,80.399,50.1,15.0,91.8,88.4,812.6,15.0,92.07300000000001,88.5,5.0,15.880999999999998,5.0,5.0,40.14
9.09,4,45.99,5.591,26.549,43.543,171.611,95.259,80.9,35.3,80.399,50.1,15.0,91.8,88.4,812.6,15.0,92.085,88.5,5.0,16.08,5.0,5.0,40.069
9.11,4,45.719,5.625,26.296999999999997,41.185,171.384,95.23,80.9,35.3,80.4,50.1,15.0,91.8,88.4,812.6,15.0,92.092,88.5,5.0,16.177999999999997,5.0,5.0,40.035
9.13,4,45.408,5.672,26.25,39.385999999999996,171.191,95.0,80.9,35.3,80.4,50.1,15.0,91.8,88.4,812.6,15.0,92.095,88.5,5.0,16.255000000000003,5.0,5.0,40.128
9.15,4,45.613,5.526,26.313000000000002,42.617,171.04399999999998,94.942,80.9,35.3,80.4,50.1,15.0,91.8,88.4,812.6,15.0,92.097,88.5,5.0,16.461,5.0,5.0,40.208
9.17,4,45.423,5.462,26.264,44.688,170.84,95.20100000000001,80.9,35.3,80.4,50.1,15.0,91.8,88.4,812.6,15.0,92.098,88.5,5.0,16.492,5.0,5.0,40.218
9.19,4,45.45,5.742,26.135,35.745000000000005,170.64700000000002,95.20100000000001,80.9,35.3,80.4,50.1,15.0,91.8,88.4,812.6,15.0,92.09899999999999,88.5,5.0,18.603,5.0,5.0,40.159000000000006
9.21,4,45.15,5.61,26.048000000000002,41.919000000000004,170.52200000000002,95.43,80.9,35.3,80.4,50.1,15.0,91.8,88.4,812.6,15.0,92.1,88.5,5.0,18.11,5.0,5.0,40.228
9.23,4,45.176,5.535,25.989,43.644,170.306,95.173,80.9,35.3,80.4,50.1,15.0,91.8,88.4,812.6,15.0,92.1,88.5,5.0,17.637,5.0,5.0,40.173
9.25,4,45.539,5.763,26.000999999999998,47.873000000000005,170.091,95.544,80.9,35.3,80.4,50.1,15.0,91.8,88.4,812.6,15.0,92.1,88.5,5.0,17.474,5.0,5.0,40.177
9.27,4,45.366,5.929,25.761999999999997,38.884,169.898,95.43,80.9,35.3,80.4,50.1,15.0,91.8,88.4,812.6,15.0,92.1,88.5,5.0,17.271,5.0,5.0,40.073
9.29,4,45.266999999999996,5.624,25.943,43.788000000000004,169.784,95.43,80.9,35.3,80.4,50.1,15.0,91.8,88.4,812.6,15.0,92.1,88.5,5.0,17.348,5.0,5.0,40.066
9.31,4,45.313,5.594,25.934,46.718,169.56799999999998,94.971,80.9,35.3,80.4,50.1,15.0,91.8,88.4,812.6,15.0,92.1,88.5,5.0,17.364,5.0,5.0,39.976
9.33,4,45.247,5.75,25.697,36.318,169.409,95.029,80.9,35.3,80.4,50.1,15.0,91.8,88.4,812.6,15.0,92.1,88.5,5.0,17.334000000000003,5.0,5.0,39.975
9.35,4,44.525999999999996,5.5809999999999995,25.851999999999997,39.321,169.227,94.971,80.9,35.3,80.4,50.1,15.0,91.8,88.4,812.6,15.0,92.1,88.5,5.0,17.397,5.0,5.0,40.119
9.37,4,44.271,5.466,25.889,40.983000000000004,169.045,95.516,80.9,35.3,80.4,50.1,15.0,91.8,88.4,812.6,15.0,92.1,88.5,5.0,17.27,5.0,5.0,40.125
9.39,4,44.771,5.568,25.844,44.563,168.829,94.942,80.9,35.3,80.4,50.1,15.0,91.8,88.4,812.6,15.0,92.1,88.5,5.0,17.102,5.0,5.0,40.143
9.41,4,44.568000000000005,5.498,25.737,45.603,168.67,95.173,80.9,35.3,80.4,50.1,15.0,91.8,88.4,812.6,15.0,92.1,88.5,5.0,16.794,5.0,5.0,40.073
9.43,4,44.769,5.457,25.603,44.586999999999996,168.488,95.20100000000001,80.9,35.3,80.4,50.1,15.0,91.8,88.4,812.6,15.0,92.1,88.5,5.0,16.509,5.0,5.0,40.013000000000005
9.45,4,44.765,5.48,25.769000000000002,44.108000000000004,168.283,94.884,80.9,35.3,80.4,50.187,15.0,91.8,88.4,812.6,15.0,92.1,88.5,5.0,16.107999999999997,5.0,5.0,39.963
9.47,4,44.687,5.433,25.651,43.871,168.158,94.942,80.9,35.3,80.4,50.236999999999995,15.0,91.8,88.4,812.6,15.0,92.1,88.5,5.0,15.722999999999999,5.0,5.0,39.896
9.49,4,44.669000000000004,5.437,25.73,45.282,167.987,95.173,80.9,35.3,80.4,50.264,15.0,91.8,88.4,812.6,15.0,92.1,88.5,5.0,15.449000000000002,5.0,5.0,39.837
9.51,4,44.236999999999995,5.645,25.654,46.42,167.77100000000002,95.14399999999999,80.9,35.3,80.444,50.28,15.0,91.8,88.4,812.6,15.0,92.1,88.5,5.0,15.297,5.0,5.0,39.748000000000005
9.53,4,44.419000000000004,5.542,25.623,47.373000000000005,167.623,95.259,80.9,35.3,80.468,50.289,15.0,91.8,88.4,812.6,15.0,92.1,88.5,5.0,15.106,5.0,5.0,39.72
9.55,4,44.02,5.631,25.73,47.724,167.429,95.029,80.9,35.3,80.482,50.294000000000004,15.0,91.8,88.4,812.6,15.0,92.1,88.5,5.0,14.927999999999999,5.0,5.0,39.641
9.57,4,43.849000000000004,5.479,25.781,48.022,167.269,95.029,80.9,35.3,80.49,50.296,15.0,91.8,88.4,812.6,15.0,92.1,88.5,5.0,14.919,5.0,5.0,39.513000000000005
9.59,4,44.36,5.548,25.666999999999998,48.791000000000004,167.155,94.768,80.9,35.3,80.494,50.298,15.0,91.8,88.4,812.6,15.0,92.1,88.5,5.0,14.988,5.0,5.0,39.471000000000004
9.61,4,44.18,5.461,25.879,48.727,166.97299999999998,95.23,80.9,35.3,80.497,50.299,15.0,91.8,88.4,812.6,15.0,92.1,88.5,5.0,15.027000000000001,5.0,5.0,39.373000000000005
9.63,4,44.157,5.508,25.646,50.07,166.859,95.345,80.9,35.3,80.498,50.299,15.0,91.8,88.4,812.6,15.0,92.1,88.5,5.0,14.924,5.0,5.0,39.321
9.65,4,43.907,5.505,26.011999999999997,50.13,166.69899999999998,95.402,80.9,35.3,80.499,50.3,15.0,91.8,88.4,812.6,15.0,92.1,88.5,5.0,14.855,5.0,5.0,39.251
9.67,4,44.321999999999996,5.75,25.868000000000002,50.477,166.493,95.345,80.9,35.3,80.499,50.3,15.0,91.8,88.4,812.6,15.0,92.1,88.5,5.0,14.709,5.0,5.0,39.21
9.69,4,43.917,5.517,26.009,50.553000000000004,166.322,95.259,80.9,35.3,80.5,50.3,15.0,91.8,88.4,812.6,15.0,92.1,88.5,5.0,14.751,5.0,5.0,39.178
9.71,4,43.904,5.495,26.075,46.756,166.208,95.20100000000001,80.9,35.3,80.5,50.3,15.0,91.8,88.4,812.6,15.0,92.1,88.5,5.0,14.753,5.0,5.0,39.124
9.73,4,44.326,5.492,26.156,47.273,165.991,95.058,80.9,35.3,80.5,50.3,15.0,91.8,88.4,812.6,15.0,92.1,88.5,5.0,14.824,5.0,5.0,39.2
9.75,4,44.069,5.64,26.127,49.184,165.922,95.029,80.9,35.3,80.5,50.3,15.0,91.8,88.4,812.6,15.0,92.1,88.5,5.0,14.927,5.0,5.0,39.298
9.77,4,44.305,5.508,26.261999999999997,46.453,165.717,95.43,80.9,35.3,80.5,50.3,15.0,91.8,88.4,812.6,15.0,92.1,88.5,5.0,14.957,5.0,5.0,39.298
9.79,4,44.141999999999996,5.52,26.136,47.347,165.545,95.029,80.9,35.3,80.5,50.3,15.0,91.8,88.4,812.6,15.0,92.1,88.5,5.0,15.154,5.0,5.0,39.296
9.81,4,44.036,5.509,26.316,44.923,165.431,94.884,80.9,35.3,80.5,50.3,15.0,91.8,88.4,812.6,15.0,92.1,88.5,5.0,15.086,5.0,5.0,39.304
9.83,4,43.935,5.569,26.375,41.955999999999996,165.259,95.029,80.9,35.3,80.5,50.3,15.0,91.8,88.4,812.6,15.0,92.1,88.5,5.0,15.077,5.0,5.0,39.370000000000005
9.85,4,44.338,5.552,26.353,42.123000000000005,165.076,95.086,80.9,35.3,80.5,50.3,15.0,91.8,88.4,812.6,15.0,92.1,88.5,5.0,15.004,5.0,5.0,39.601
9.87,4,44.705999999999996,5.5649999999999995,26.248,39.489000000000004,164.92700000000002,95.28699999999999,80.9,35.3,80.5,50.3,15.0,91.8,88.4,812.6,15.0,92.1,88.5,5.0,14.925,5.0,5.0,39.748000000000005
9.89,4,44.228,5.456,26.494,39.016999999999996,164.744,95.459,80.9,35.3,80.5,50.3,15.0,91.8,88.4,812.6,15.0,92.1,88.5,5.0,14.812000000000001,5.0,5.0,39.936
9.91,4,44.348,5.594,26.296999999999997,40.974000000000004,164.66299999999998,94.913,80.9,35.3,80.5,50.3,15.0,91.8,88.4,812.6,15.0,92.1,88.5,5.0,14.745,5.0,5.0,40.059
9.93,4,44.476,5.536,26.281,39.034,164.457,95.20100000000001,80.9,35.3,80.5,50.3,15.0,91.8,88.4,812.6,15.0,92.1,88.5,5.0,14.597000000000001,5.0,5.0,40.07
9.95,4,44.44,5.695,26.17,40.792,164.32,95.373,80.9,35.3,80.5,50.369,15.0,91.8,88.4,812.6,15.0,92.1,88.5,5.0,14.556000000000001,5.0,5.0,40.062
9.97,4,44.303000000000004,5.482,26.191999999999997,39.726,164.159,95.20100000000001,80.9,35.3,80.5,50.426,15.0,91.8,88.4,812.6,15.0,92.1,88.5,5.0,14.749,5.0,5.0,40.05
9.99,4,44.518,5.517,26.076999999999998,40.887,163.941,95.572,80.9,35.3,80.5,50.458,15.0,91.8,88.4,812.6,15.0,92.1,88.5,5.0,15.003,5.0,5.0,40.037
10.01,4,44.961,5.486,26.006,40.989000000000004,163.872,95.459,80.9,35.3,80.5,50.477,15.0,91.8,88.4,812.6,15.0,92.1,88.5,5.0,15.086,5.0,5.0,40.036
10.03,4,44.473,5.5280000000000005,26.224,43.306999999999995,163.665,95.43,80.9,35.3,80.5,50.486999999999995,15.0,91.8,88.4,812.6,15.0,92.1,88.5,5.0,15.097000000000001,5.0,5.0,39.969
10.05,4,43.757,5.563,26.206999999999997,43.747,163.493,95.43,80.9,35.3,80.5,50.493,15.0,91.8,88.4,812.6,15.0,92.1,88.5,5.0,15.021,5.0,5.0,39.917
10.07,4,44.292,5.566,25.901999999999997,44.188,163.424,95.029,80.9,35.3,80.5,50.496,15.0,91.8,88.4,812.6,15.0,92.1,88.5,5.0,15.038,5.0,5.0,39.845
10.09,4,44.541,5.515,26.183000000000003,44.525999999999996,163.183,95.459,80.9,35.3,80.5,50.498000000000005,15.0,91.8,88.4,812.6,15.0,92.1,88.5,5.0,14.886000000000001,5.0,5.0,39.751999999999995
10.11,4,43.74,5.578,25.898000000000003,44.97,163.033,95.601,80.9,35.3,80.5,50.499,15.0,91.8,88.4,812.6,15.0,92.1,88.5,5.0,14.699,5.0,5.0,39.728
10.13,4,43.883,5.553,25.862,45.673,162.849,95.459,80.9,35.3,80.587,50.499,15.0,91.8,88.4,812.6,15.0,92.1,88.5,5.0,14.684,5.0,5.0,39.653000000000006
10.15,4,43.87,5.522,25.857,46.527,162.757,95.373,80.9,35.3,80.637,50.5,15.0,91.8,88.4,812.6,15.0,92.1,88.5,5.0,14.616,5.0,5.0,39.544
10.17,4,44.068000000000005,5.518,25.791,47.386,162.55,95.28699999999999,80.9,35.3,80.664,50.5,15.0,91.8,88.4,812.6,15.0,92.1,88.5,5.0,14.498,5.0,5.0,39.475
10.19,4,43.541,5.495,25.921,48.06100000000001,162.435,95.402,80.9,35.3,80.68,50.5,15.0,91.8,88.4,812.6,15.0,92.1,88.5,5.0,14.414,5.0,5.0,39.370000000000005
10.21,4,43.978,5.531,25.729,48.328,162.239,94.971,80.9,35.3,80.689,50.5,15.0,91.8,88.4,812.6,15.0,92.1,88.5,5.0,14.567,5.0,5.0,39.306
10.23,4,43.765,5.5649999999999995,25.791,48.865,162.089,95.259,80.9,35.3,80.694,50.5,15.0,91.8,88.4,812.6,15.0,92.1,88.5,5.0,14.89,5.0,5.0,39.239000000000004
10.25,4,43.872,5.441,25.695,49.388000000000005,161.92700000000002,95.058,80.9,35.3,80.696,50.5,15.0,91.8,88.4,812.6,15.0,92.1,88.5,5.0,15.081,5.0,5.0,39.185
10.27,4,43.906,5.661,25.92,50.448,161.835,95.20100000000001,80.9,35.3,80.69800000000001,50.5,15.0,91.8,88.4,812.6,15.0,92.1,88.5,5.0,15.217,5.0,5.0,39.126999999999995
10.29,4,43.900999999999996,5.5809999999999995,26.129,50.283,161.662,95.20100000000001,80.9,35.3,80.699,50.5,15.0,91.8,88.4,812.6,15.0,92.1,88.5,5.0,15.337,5.0,5.0,39.081999999999994
10.31,4,43.871,5.497,25.809,51.169,161.546,95.544,80.9,35.3,80.699,50.5,15.0,91.8,88.4,812.6,15.0,92.1,88.5,5.0,15.447000000000001,5.0,5.0,39.023
10.33,4,43.696,5.66,25.991999999999997,51.034,161.373,95.173,80.9,35.3,80.7,50.5,15.0,91.8,88.4,812.6,15.0,92.1,88.5,5.0,15.636,5.0,5.0,38.97
10.35,4,43.413000000000004,5.492,25.93,53.013999999999996,161.211,95.029,80.9,35.3,80.7,50.569,15.0,91.8,88.45,812.6,15.0,92.1,88.58800000000001,5.0,15.748,5.0,5.0,38.953
10.37,4,43.923,5.664,26.028000000000002,53.522,161.03799999999998,95.058,80.9,35.3,80.7,50.626,15.0,91.8,88.516,812.6,15.0,92.1,88.637,5.0,15.741,5.0,5.0,38.791
10.39,4,44.185,5.468,26.000999999999998,54.678999999999995,160.922,95.115,80.9,35.3,80.7,50.658,15.0,91.8,88.553,812.6,15.0,92.1,88.664,5.0,15.837,5.0,5.0,38.678
10.41,4,43.696999999999996,5.45,26.186,56.672,160.806,95.173,80.9,35.3,80.7,50.677,15.0,91.8,88.57300000000001,812.6,15.0,92.1,88.68,5.0,15.838,5.0,5.0,38.518
10.43,4,43.845,5.542,26.291,57.465,160.63299999999998,95.28699999999999,80.9,35.3,80.7,50.687,15.0,91.8,88.585,812.6,15.0,92.1,88.689,5.0,15.872,5.0,5.0,38.363
10.45,4,43.684,5.602,26.531,58.019,160.494,95.058,80.9,35.3,80.7,50.693000000000005,15.0,91.8,88.592,812.6,15.0,92.1,88.694,5.0,16.074,5.0,5.0,38.236000000000004
10.47,4,44.010999999999996,5.7490000000000006,26.508000000000003,58.797,160.378,94.855,80.9,35.3,80.7,50.696,15.0,91.8,88.595,812.6,15.0,92.1,88.696,5.0,16.256999999999998,5.0,5.0,38.049
10.49,4,43.898,5.55,26.694000000000003,58.851000000000006,160.239,95.058,80.9,35.3,80.7,50.698,15.0,91.8,88.597,812.6,15.0,92.1,88.69800000000001,5.0,16.169,5.0,5.0,37.923
10.51,4,44.176,5.496,26.906999999999996,60.248999999999995,160.14600000000002,95.029,80.9,35.3,80.7,50.699,15.0,91.8,88.598,812.6,15.0,92.1,88.699,5.0,15.825,5.0,5.0,37.743
10.53,4,44.398,5.823,27.143,61.332,160.007,94.73899999999999,80.9,35.3,80.7,50.699,15.0,91.8,88.59899999999999,812.6,15.0,92.1,88.699,5.0,15.427999999999999,5.0,5.0,37.605000000000004
10.55,4,44.209,5.651,27.291,62.188,159.856,95.28699999999999,80.9,35.3,80.7,50.7,15.0,91.8,88.6,812.6,15.0,92.1,88.7,5.0,15.117,5.0,5.0,37.448
10.57,4,44.418,5.477,27.642,62.623999999999995,159.72799999999998,95.28699999999999,80.9,35.3,80.7,50.7,15.0,91.8,88.6,812.6,15.0,92.1,88.7,5.0,14.755,5.0,5.0,37.33
10.59,4,44.846,5.579,27.894000000000002,63.785,159.624,95.23,80.9,35.3,80.7,50.7,15.0,91.8,88.6,812.6,15.0,92.1,88.7,5.0,14.513,5.0,5.0,37.19
10.61,4,45.122,5.626,28.179000000000002,63.568000000000005,159.507,95.20100000000001,80.9,35.3,80.7,50.7,15.0,91.8,88.6,812.6,15.0,92.1,88.7,5.0,14.198,5.0,5.0,37.095
10.63,4,45.402,5.548,28.685,64.445,159.368,95.086,80.9,35.3,80.7,50.7,15.0,91.8,88.6,812.6,15.0,92.1,88.7,5.0,14.002,5.0,5.0,36.980000000000004
10.65,4,45.269,5.5600000000000005,29.005,65.519,159.263,95.086,80.9,35.3,80.7,50.7,15.0,91.8,88.6,812.6,15.0,92.1,88.7,5.0,14.182,5.0,5.0,36.855999999999995
10.67,4,45.785,5.657,29.45,65.174,159.14700000000002,95.345,80.9,35.3,80.7,50.7,15.0,91.8,88.6,812.6,15.0,92.1,88.7,5.0,14.172,5.0,5.0,36.769000000000005
10.69,4,46.081,5.601,29.879,66.088,159.019,95.316,80.9,35.3,80.7,50.769,15.0,91.8,88.6,812.6,15.0,92.1,88.7,5.0,14.221,5.0,5.0,36.713
10.71,4,46.7,5.668,30.038,65.887,158.92600000000002,95.086,80.9,35.3,80.7,50.826,15.0,91.8,88.6,812.6,15.0,92.1,88.7,5.0,14.213,5.0,5.0,36.644999999999996
10.73,4,46.743,5.5760000000000005,30.386,66.497,158.809,95.28699999999999,80.9,35.3,80.7,50.858000000000004,15.0,91.8,88.6,812.6,15.0,92.1,88.7,5.0,14.238,5.0,5.0,36.569
10.75,4,46.986000000000004,5.6,30.769000000000002,66.31800000000001,158.704,95.259,80.9,35.3,80.7,50.876999999999995,15.0,91.8,88.6,812.6,15.0,92.1,88.7,5.0,14.361,5.0,5.0,36.518
10.77,4,47.207,5.476,30.995,66.018,158.588,95.173,80.9,35.3,80.7,50.887,15.0,91.8,88.6,812.6,15.0,92.1,88.7,5.0,14.465,5.0,5.0,36.451
10.79,4,48.059,5.455,31.331999999999997,66.457,158.471,95.28699999999999,80.95,35.3,80.7,50.893,15.0,91.8,88.6,812.6,15.0,92.1,88.7,5.0,14.566,5.0,5.0,36.417
10.81,4,47.667,5.517,31.964000000000002,66.67699999999999,158.366,95.345,81.016,35.3,80.7,50.896,15.0,91.8,88.6,812.6,15.0,92.1,88.7,5.0,14.573,5.0,5.0,36.397
10.83,4,48.748000000000005,5.532,31.974,66.451,158.273,95.572,81.053,35.3,80.7,50.898,15.0,91.8,88.6,812.6,15.0,92.1,88.7,5.0,14.362,5.0,5.0,36.363
10.85,4,48.78,5.578,32.28,66.007,158.13299999999998,95.402,81.07300000000001,35.3,80.7,50.899,15.0,91.8,88.6,812.6,15.0,92.188,88.7,5.0,14.646,5.0,5.0,36.328
10.87,4,48.867,5.474,32.787,65.668,158.016,95.14399999999999,81.085,35.3,80.7,50.899,15.0,91.8,88.6,812.6,15.0,92.237,88.7,5.0,14.532,5.0,5.0,36.325
10.89,4,49.812,5.446,32.81,65.97399999999999,157.899,94.623,81.092,35.3,80.7,50.9,15.0,91.8,88.6,812.6,15.0,92.264,88.7,5.0,14.683,5.0,5.0,36.325
10.91,4,50.118,5.482,33.265,65.513,157.817,95.259,81.095,35.3,80.7,50.9,15.0,91.8,88.6,812.6,15.0,92.28,88.7,5.0,14.568999999999999,5.0,5.0,36.318
10.93,4,50.658,5.505,33.227,65.628,157.689,95.173,81.097,35.3,80.7,50.9,15.0,91.8,88.6,812.6,15.0,92.289,88.7,5.0,14.61,5.0,5.0,36.303
10.95,4,51.038000000000004,5.625,33.518,65.22200000000001,157.619,94.971,81.098,35.3,80.7,50.9,15.0,91.8,88.6,812.6,15.0,92.294,88.7,5.0,14.413,5.0,5.0,36.293000000000006
10.97,4,51.722,5.456,33.513999999999996,64.502,157.467,95.20100000000001,81.09899999999999,35.3,80.7,50.969,15.0,91.8,88.6,812.6,15.0,92.296,88.7,5.0,14.47,5.0,5.0,36.295
10.99,4,51.713,5.483,33.762,64.434,157.349,95.459,81.1,35.3,80.7,51.025999999999996,15.0,91.8,88.6,812.6,15.0,92.298,88.7,5.0,14.299,5.0,5.0,36.29
11.01,4,51.648999999999994,5.564,33.872,64.16499999999999,157.244,95.0,81.1,35.3,80.7,51.058,15.0,91.8,88.6,812.6,15.0,92.29899999999999,88.7,5.0,14.401,5.0,5.0,36.29
11.03,4,52.172,5.481,34.113,63.623999999999995,157.15,95.173,81.1,35.3,80.7,51.077,15.0,91.8,88.6,812.6,15.0,92.29899999999999,88.7,5.0,14.42,5.0,5.0,36.284000000000006
11.05,4,52.978,5.437,34.117,63.114,157.033,95.28699999999999,81.1,35.3,80.7,51.086999999999996,15.0,91.8,88.6,812.6,15.0,92.3,88.7,5.0,14.488999999999999,5.0,5.0,36.291
11.07,4,52.966,5.467,34.337,62.715,156.881,95.402,81.1,35.3,80.7,51.093,15.0,91.8,88.6,812.6,15.0,92.3,88.7,5.0,14.352,5.0,5.0,36.294
11.09,4,52.633,5.469,34.516,62.202,156.751,95.345,81.1,35.3,80.7,51.096,15.0,91.8,88.6,812.6,15.0,92.3,88.7,5.0,14.434,5.0,5.0,36.298
11.11,4,53.401,5.44,34.619,61.806999999999995,156.599,95.459,81.1,35.3,80.744,51.098,15.0,91.8,88.6,812.6,15.0,92.3,88.7,5.0,14.359,5.0,5.0,36.302
11.13,4,53.687,5.445,34.729,61.93899999999999,156.481,95.23,81.1,35.3,80.768,51.099000000000004,15.0,91.8,88.6,812.6,15.0,92.3,88.7,5.0,14.338,5.0,5.0,36.301
11.15,4,54.111999999999995,5.435,34.69,61.885,156.387,95.086,81.1,35.3,80.782,51.099000000000004,15.0,91.8,88.6,812.6,15.0,92.3,88.7,5.0,14.399,5.0,5.0,36.303
11.17,4,53.923,5.436,34.884,61.155,156.27,95.316,81.1,35.3,80.79,51.1,15.0,91.8,88.6,812.6,15.0,92.3,88.7,5.0,14.375,5.0,5.0,36.294
11.19,4,54.646,5.437,34.855000000000004,61.11600000000001,156.17600000000002,95.345,81.1,35.3,80.794,51.1,15.0,91.8,88.6,812.6,15.0,92.3,88.7,5.0,14.476,5.0,5.0,36.301
11.21,4,54.657,5.446,34.939,60.816,156.011,95.373,81.1,35.3,80.797,51.1,15.0,91.8,88.6,812.6,15.0,92.3,88.7,5.0,14.427,5.0,5.0,36.301
11.23,4,55.075,5.557,35.089,60.751999999999995,155.87,95.43,81.1,35.3,80.798,51.1,15.0,91.8,88.6,812.6,15.0,92.3,88.7,5.0,14.577,5.0,5.0,36.298
11.25,4,55.363,5.449,35.18,60.801,155.764,95.373,81.1,35.3,80.79899999999999,51.1,15.0,91.8,88.6,812.6,15.0,92.3,88.7,5.0,14.439,5.0,5.0,36.306
11.27,4,55.178999999999995,5.596,35.191,60.479,155.64600000000002,95.173,81.1,35.3,80.79899999999999,51.169000000000004,15.0,91.8,88.6,812.6,15.0,92.3,88.7,5.0,14.515,5.0,5.0,36.309
11.29,4,55.31,5.458,35.296,60.093,155.54,95.487,81.1,35.3,80.8,51.226,15.0,91.8,88.6,812.6,15.0,92.3,88.7,5.0,14.349,5.0,5.0,36.304
11.31,4,55.718999999999994,5.7059999999999995,35.303,60.47,155.386,95.058,81.1,35.3,80.8,51.258,15.0,91.8,88.6,812.6,15.0,92.3,88.7,5.0,14.52,5.0,5.0,36.312
11.33,4,55.489,5.633,35.364000000000004,60.26,155.245,95.316,81.1,35.3,80.8,51.277,15.0,91.8,88.6,812.6,15.0,92.3,88.7,5.0,14.269,5.0,5.0,36.313
11.35,4,55.989,5.494,35.2,60.354,155.10299999999998,95.115,81.1,35.3,80.8,51.287,15.0,91.8,88.6,812.6,15.0,92.3,88.7,5.0,14.458,5.0,5.0,36.318
11.37,4,55.93600000000001,5.507,35.449,60.417,154.985,95.20100000000001,81.1,35.3,80.8,51.293,15.0,91.8,88.6,812.6,15.0,92.3,88.7,5.0,14.42,5.0,5.0,36.315
11.39,4,56.032,5.524,35.730999999999995,60.298,154.89,95.402,81.1,35.3,80.8,51.296,15.0,91.8,88.6,812.6,15.0,92.3,88.7,5.0,14.485,5.0,5.0,36.313
11.41,4,56.098,5.5,35.448,59.983000000000004,154.76,95.029,81.1,35.3,80.8,51.298,15.0,91.8,88.6,812.6,15.0,92.3,88.7,5.0,14.448,5.0,5.0,36.312
11.43,4,56.507,5.5809999999999995,35.44,59.922,154.641,95.259,81.1,35.3,80.8,51.299,15.0,91.8,88.6,812.6,15.0,92.3,88.7,5.0,14.517000000000001,5.0,5.0,36.315
11.45,4,56.324,5.459,35.548,59.972,154.511,95.115,81.1,35.3,80.8,51.299,15.0,91.8,88.6,812.6,15.0,92.3,88.7,5.0,14.415,5.0,5.0,36.329
11.47,4,56.468999999999994,5.441,35.463,60.181000000000004,154.381,95.373,81.1,35.3,80.8,51.3,15.0,91.8,88.6,812.6,15.0,92.3,88.7,5.0,14.331,5.0,5.0,36.328
11.49,4,56.306999999999995,5.634,35.698,60.424,154.274,95.259,81.1,35.3,80.8,51.3,15.0,91.8,88.6,812.6,15.0,92.3,88.7,5.0,14.283999999999999,5.0,5.0,36.323
11.51,4,56.846000000000004,5.519,35.516999999999996,60.526,154.132,95.28699999999999,81.1,35.3,80.8,51.3,15.0,91.8,88.6,812.6,15.0,92.3,88.7,5.0,14.261000000000001,5.0,5.0,36.315
11.53,4,56.843999999999994,5.583,35.527,60.218,153.989,95.058,81.1,35.3,80.8,51.369,15.0,91.8,88.6,812.6,15.0,92.3,88.7,5.0,14.261000000000001,5.0,5.0,36.319
11.55,4,57.071000000000005,5.465,35.507,60.262,153.847,95.487,81.1,35.3,80.8,51.426,15.0,91.8,88.6,812.6,15.0,92.3,88.7,5.0,14.232000000000001,5.0,5.0,36.30800000000001
11.57,4,56.843999999999994,5.567,35.681,61.162,153.704,95.459,81.1,35.3,80.8,51.458,15.0,91.8,88.6,812.6,15.0,92.3,88.7,5.0,14.446,5.0,5.0,36.307
11.59,4,56.818000000000005,5.643,35.564,62.211999999999996,153.597,95.487,81.1,35.3,80.8,51.477,15.0,91.8,88.6,812.6,15.0,92.3,88.7,5.0,14.45,5.0,5.0,36.305
11.61,4,57.106,5.547,35.784000000000006,62.843999999999994,153.47799999999998,95.115,81.1,35.3,80.8,51.486999999999995,15.0,91.8,88.6,812.6,15.0,92.3,88.7,5.0,14.392999999999999,5.0,5.0,36.301
11.63,4,57.063,5.699,35.859,62.77,153.335,95.28699999999999,81.1,35.3,80.8,51.493,15.0,91.8,88.6,812.6,15.0,92.3,88.7,5.0,14.23,5.0,5.0,36.301
11.65,4,57.403999999999996,5.554,35.876999999999995,62.426,153.192,95.14399999999999,81.1,35.3,80.8,51.496,15.0,91.8,88.6,812.6,15.0,92.3,88.7,5.0,14.33,5.0,5.0,36.298
11.67,4,57.663999999999994,5.57,35.626999999999995,61.941,153.12,95.20100000000001,81.1,35.3,80.8,51.498000000000005,15.0,91.8,88.6,812.6,15.0,92.3,88.7,5.0,14.266,5.0,5.0,36.297
11.69,4,57.602,5.475,35.757,62.293,152.989,95.43,81.1,35.3,80.8,51.499,15.0,91.8,88.6,812.6,15.0,92.3,88.7,5.0,14.282,5.0,5.0,36.296
11.71,4,57.251000000000005,5.509,35.851,62.608000000000004,152.822,95.23,81.1,35.3,80.8,51.499,15.0,91.8,88.6,812.6,15.0,92.3,88.7,5.0,14.152000000000001,5.0,5.0,36.298
11.73,4,57.55,5.552,35.78,62.199,152.667,95.173,81.1,35.3,80.8,51.5,15.0,91.8,88.6,812.6,15.0,92.3,88.7,5.0,14.219,5.0,5.0,36.285
11.75,4,57.323,5.667,35.822,62.597,152.607,95.086,81.1,35.3,80.8,51.5,15.0,91.8,88.6,812.6,15.0,92.3,88.7,5.0,14.227,5.0,5.0,36.28
11.77,4,57.736000000000004,5.443,35.586,62.38399999999999,152.475,95.0,81.1,35.3,80.8,51.5,15.0,91.8,88.6,812.6,15.0,92.3,88.7,5.0,14.374,5.0,5.0,36.277
11.79,4,57.886,5.494,35.718,62.326,152.308,95.23,81.1,35.3,80.8,51.55,15.0,91.8,88.6,812.6,15.0,92.3,88.7,5.0,14.273,5.0,5.0,36.275999999999996
11.81,4,57.938,5.525,35.736000000000004,62.18,152.15200000000002,95.115,81.1,35.3,80.8,51.616,15.0,91.8,88.6,812.6,15.0,92.3,88.7,5.0,14.225,5.0,5.0,36.269000000000005
11.83,4,57.978,5.452,35.833,62.101000000000006,152.06799999999998,95.173,81.1,35.3,80.8,51.653,15.0,91.8,88.669,812.6,15.0,92.3,88.725,5.0,14.382,5.0,5.0,36.273
11.85,4,57.8,5.586,35.921,62.056000000000004,151.936,95.345,81.1,35.3,80.8,51.673,15.0,91.8,88.726,812.6,15.0,92.3,88.80199999999999,5.0,14.42,5.0,5.0,36.265
11.87,4,57.505,5.506,35.931,62.162,151.828,95.20100000000001,81.1,35.3,80.8,51.685,15.0,91.8,88.758,812.6,15.0,92.3,88.845,5.0,14.407,5.0,5.0,36.247
11.89,4,57.453,5.467,35.855999999999995,62.067,151.648,95.373,81.1,35.3,80.8,51.692,15.0,91.8,88.777,812.6,15.0,92.3,88.869,5.0,14.453,5.0,5.0,36.230999999999995
11.91,4,57.791000000000004,5.504,35.873000000000005,61.663999999999994,151.576,95.115,81.1,35.3,80.8,51.695,15.0,91.8,88.78699999999999,812.6,15.0,92.3,88.882,5.0,14.671,5.0,5.0,36.225
11.93,4,57.71,5.487,35.905,61.426,151.43200000000002,94.855,81.1,35.3,80.8,51.696999999999996,15.0,91.8,88.793,812.6,15.0,92.3,88.89,5.0,14.633,5.0,5.0,36.226
11.95,4,58.166000000000004,5.492,35.861999999999995,61.793,151.299,95.0,81.1,35.3,80.8,51.698,15.0,91.8,88.796,812.6,15.0,92.3,88.89399999999999,5.0,14.514,5.0,5.0,36.228
11.97,4,57.792,5.447,35.956999999999994,61.887,151.191,95.173,81.1,35.3,80.8,51.699,15.0,91.8,88.798,812.6,15.0,92.3,88.89699999999999,5.0,14.435,5.0,5.0,36.234
11.99,4,57.75899999999999,5.5760000000000005,35.777,61.92,151.02200000000002,95.402,81.1,35.3,80.8,51.7,15.0,91.8,88.79899999999999,812.6,15.0,92.3,88.898,5.0,14.427999999999999,5.0,5.0,36.218
12.01,4,57.602,5.464,35.91,61.996,150.914,94.971,81.1,35.3,80.8,51.7,15.0,91.888,88.79899999999999,812.6,15.0,92.3,88.899,5.0,14.359,5.0,5.0,36.209
12.03,4,58.258,5.436,35.824,61.973,150.793,95.115,81.1,35.3,80.8,51.769,15.0,91.937,88.8,812.6,15.0,92.3,88.899,5.0,14.357999999999999,5.0,5.0,36.205
12.05,4,57.592,5.521,35.899,62.037,150.648,95.259,81.1,35.3,80.8,51.826,15.0,91.964,88.8,812.6,15.0,92.3,88.9,5.0,14.282,5.0,5.0,36.2
12.07,4,58.233000000000004,5.569,35.876999999999995,61.788999999999994,150.503,95.28699999999999,81.1,35.3,80.8,51.858000000000004,15.0,91.98,88.8,812.6,15.0,92.35,88.9,5.0,14.435,5.0,5.0,36.2
12.09,4,57.858000000000004,5.65,36.081999999999994,61.958,150.455,94.884,81.1,35.3,80.8,51.876999999999995,15.0,91.98899999999999,88.8,812.6,15.0,92.416,88.9,5.0,14.505,5.0,5.0,36.205
12.11,4,58.038999999999994,5.54,35.974000000000004,62.09,150.249,95.029,81.1,35.3,80.8,51.887,15.0,91.994,88.8,812.6,15.0,92.453,88.9,5.0,14.477,5.0,5.0,36.187
12.13,4,58.033,5.492,35.736999999999995,62.005,150.17600000000002,95.373,81.1,35.3,80.8,51.893,15.0,91.99600000000001,88.8,812.6,15.0,92.473,88.9,5.0,14.362,5.0,5.0,36.182
12.15,4,58.111000000000004,5.497,35.894000000000005,61.93600000000001,150.031,95.23,81.1,35.3,80.8,51.896,15.0,91.998,88.8,812.6,15.0,92.485,88.9,5.0,14.321,5.0,5.0,36.181
12.17,4,58.21,5.609,35.958,61.74,149.934,95.316,81.1,35.3,80.887,51.898,15.0,91.999,88.8,812.6,15.0,92.492,88.9,5.0,14.325,5.0,5.0,36.178
12.19,4,57.906000000000006,5.506,36.025999999999996,61.426,149.776,95.058,81.1,35.3,80.937,51.899,15.0,91.999,88.8,812.6,15.0,92.495,88.9,5.0,14.383,5.0,5.0,36.181
12.21,4,57.942,5.476,35.917,61.358999999999995,149.72799999999998,95.459,81.1,35.3,80.964,51.899,15.0,92.0,88.8,812.6,15.0,92.497,88.9,5.0,14.788,5.0,5.0,36.177
12.23,4,57.82899999999999,5.517,35.980000000000004,61.865,149.57,95.316,81.1,35.3,80.98,51.9,15.0,92.0,88.8,812.6,15.0,92.499,88.9,5.0,14.927,5.0,5.0,36.174
12.25,4,58.058,5.467,35.826,61.843999999999994,149.412,95.14399999999999,81.1,35.3,80.98899999999999,51.95,15.0,92.0,88.8,812.6,15.0,92.499,88.9,5.0,14.811,5.0,5.0,36.155
12.27,4,57.998999999999995,5.443,36.21,61.893,149.314,95.14399999999999,81.1,35.3,80.994,52.015,15.0,92.0,88.8,812.6,15.0,92.5,88.9,5.0,14.985,5.0,5.0,36.156
12.29,4,58.06,5.437,35.868,61.88399999999999,149.168,95.086,81.1,35.3,80.99600000000001,52.052,15.0,92.0,88.8,812.6,15.0,92.5,88.9,5.0,15.042,5.0,5.0,36.150999999999996
12.31,4,57.81399999999999,5.48,35.974000000000004,61.677,149.01,95.115,81.1,35.3,80.998,52.073,15.0,92.0,88.8,812.6,15.0,92.5,88.9,5.0,15.47,5.0,5.0,36.149
12.33,4,57.935,5.486,35.89,61.56100000000001,148.94899999999998,95.373,81.1,35.3,80.999,52.085,15.0,92.0,88.8,812.6,15.0,92.5,88.9,5.0,15.597999999999999,5.0,5.0,36.153000000000006
12.35,4,57.751999999999995,5.456,36.049,61.891999999999996,148.80200000000002,95.20100000000001,81.1,35.3,80.999,52.092,15.0,92.0,88.8,812.6,15.0,92.5,88.9,5.0,15.697000000000001,5.0,5.0,36.148
12.37,4,57.61,5.497,36.117,62.011,148.72899999999998,95.28699999999999,81.1,35.3,81.0,52.095,15.0,92.0,88.8,812.6,15.0,92.5,88.9,5.0,16.207,5.0,5.0,36.153000000000006
12.39,4,58.041000000000004,5.44,36.11,61.82899999999999,148.582,95.20100000000001,81.1,35.3,81.0,52.097,15.0,92.0,88.8,812.6,15.0,92.5,88.9,5.0,16.726,5.0,5.0,36.141
12.41,4,57.711999999999996,5.463,35.953,61.713,148.472,95.23,81.1,35.3,81.0,52.098,15.0,92.0,88.8,812.6,15.0,92.5,88.9,5.0,16.646,5.0,5.0,36.135000000000005
12.43,4,58.06,5.504,35.839,61.89,148.313,95.115,81.1,35.3,81.0,52.099000000000004,15.0,92.0,88.8,812.6,15.0,92.5,88.9,5.0,16.519,5.0,5.0,36.129999999999995
12.45,4,57.903,5.534,36.152,61.77,148.154,95.14399999999999,81.1,35.3,81.0,52.1,15.0,92.0,88.8,812.6,15.0,92.5,88.9,5.0,16.476,5.0,5.0,36.128
12.47,4,57.948,5.449,35.916,61.428999999999995,148.08,94.913,81.1,35.3,81.0,52.1,15.0,92.0,88.8,812.6,15.0,92.5,88.9,5.0,16.593,5.0,5.0,36.129000000000005
12.49,4,57.453,5.547,36.093,61.861000000000004,147.982,95.115,81.1,35.3,81.0,52.169000000000004,15.0,92.0,88.8,812.6,15.0,92.5,88.9,5.0,16.95,5.0,5.0,36.125
12.51,4,58.059,5.617,36.004999999999995,61.763999999999996,147.835,95.28699999999999,81.1,35.3,81.0,52.226,15.0,92.0,88.8,812.6,15.0,92.5,88.9,5.0,17.429000000000002,5.0,5.0,36.14
12.53,4,57.83,5.451,36.04,61.882,147.736,95.173,81.1,35.3,81.0,52.258,15.0,92.0,88.8,812.6,15.0,92.5,88.9,5.0,17.908,5.0,5.0,36.137
12.55,4,58.007,5.453,35.971999999999994,61.714,147.626,95.058,81.1,35.3,81.0,52.277,15.0,92.0,88.8,812.6,15.0,92.5,88.9,5.0,18.276,5.0,5.0,36.134
12.57,4,58.16,5.469,36.031,61.674,147.47799999999998,94.942,81.1,35.3,81.0,52.287,15.0,92.0,88.8,812.6,15.0,92.5,88.9,5.0,18.418,5.0,5.0,36.126
12.59,4,57.659,5.539,35.984,61.458999999999996,147.38,94.768,81.1,35.3,81.0,52.293,15.0,92.0,88.8,812.6,15.0,92.5,88.9,5.0,18.567999999999998,5.0,5.0,36.125
12.61,4,58.26,5.572,36.146,61.611999999999995,147.256,95.14399999999999,81.15,35.3,81.0,52.296,15.0,92.0,88.8,812.6,15.0,92.5,88.9,5.0,18.627000000000002,5.0,5.0,36.125
12.63,4,57.855,5.506,36.034000000000006,61.678999999999995,147.158,94.942,81.21600000000001,35.3,81.0,52.298,15.0,92.0,88.8,812.6,15.0,92.5,88.9,5.0,18.955,5.0,5.0,36.126999999999995
12.65,4,57.93,5.754,36.071,61.676,146.972,95.23,81.253,35.3,81.0,52.299,15.0,92.0,88.8,812.6,15.0,92.5,88.9,5.0,18.951999999999998,5.0,5.0,36.098
12.67,4,57.711999999999996,5.607,36.229,61.93600000000001,146.935,94.971,81.273,35.3,81.0,52.299,15.0,92.0,88.8,812.6,15.0,92.5,88.9,5.0,19.076999999999998,5.0,5.0,36.092
12.69,4,57.957,5.883,35.980999999999995,61.669,146.787,95.14399999999999,81.285,35.3,81.0,52.35,15.0,92.0,88.8,812.6,15.0,92.5,88.9,5.0,19.261,5.0,5.0,36.088
12.71,4,57.533,5.484,36.004999999999995,61.409,146.66299999999998,95.20100000000001,81.292,35.3,81.0,52.415,15.0,92.0,88.8,812.6,15.0,92.5,88.9,5.0,19.372999999999998,5.0,5.0,36.083
12.73,4,57.638000000000005,5.508,35.956,61.707,146.55200000000002,95.173,81.295,35.3,81.0,52.452,15.0,92.0,88.8,812.6,15.0,92.5,88.9,5.0,19.375,5.0,5.0,36.087
12.75,4,57.711999999999996,5.498,35.911,62.196999999999996,146.415,95.0,81.297,35.3,81.0,52.473,15.0,92.0,88.8,812.6,15.0,92.5,88.9,5.0,19.485,5.0,5.0,36.084
12.77,4,57.553000000000004,5.596,36.239000000000004,61.919,146.304,95.086,81.29899999999999,35.3,81.0,52.485,15.0,92.0,88.8,812.6,15.0,92.5,88.9,5.0,19.454,5.0,5.0,36.078
12.79,4,58.118,5.593,35.921,61.913000000000004,146.18,95.0,81.29899999999999,35.3,81.0,52.492,15.0,92.0,88.8,812.6,15.0,92.5,88.9,5.0,19.445,5.0,5.0,36.069
12.81,4,57.87,5.55,36.138999999999996,62.022,146.11700000000002,95.23,81.3,35.3,81.0,52.495,15.0,92.0,88.8,812.6,15.0,92.5,88.9,5.0,19.462,5.0,5.0,36.065
12.83,4,57.876000000000005,5.455,36.010000000000005,61.77,145.993,94.913,81.3,35.3,81.0,52.497,15.0,92.0,88.8,812.6,15.0,92.5,88.9,5.0,19.424,5.0,5.0,36.053
12.85,4,57.757,5.469,36.023,61.59,145.881,95.058,81.3,35.3,81.0,52.498000000000005,15.0,92.0,88.8,812.6,15.0,92.5,88.9,5.0,19.401,5.0,5.0,36.052
12.87,4,57.786,5.628,35.989000000000004,61.873000000000005,145.707,95.23,81.3,35.3,81.0,52.499,15.0,92.0,88.8,812.6,15.0,92.5,88.9,5.0,19.312,5.0,5.0,36.06
12.89,4,57.684,5.455,35.992,61.986999999999995,145.645,95.20100000000001,81.3,35.3,81.0,52.525,15.0,92.0,88.8,812.6,15.0,92.5,88.9,5.0,19.246,5.0,5.0,36.057
12.91,4,57.901,5.492,36.028000000000006,62.001000000000005,145.52,95.0,81.3,35.3,81.0,52.558,15.0,92.0,88.8,812.6,15.0,92.5,88.9,5.0,19.213,5.0,5.0,36.04
12.93,4,57.466,5.453,36.010000000000005,61.996,145.382,95.058,81.3,35.3,81.0,52.576,15.0,92.0,88.8,812.6,15.0,92.5,88.9,5.0,19.177,5.0,5.0,36.04
12.95,4,57.52,5.531,35.894000000000005,61.733000000000004,145.233,95.173,81.3,35.3,81.0,52.586999999999996,15.0,92.0,88.8,812.6,15.0,92.5,88.9,5.0,18.647,5.0,5.0,36.032
12.97,4,57.922,5.47,36.016999999999996,61.748999999999995,145.195,95.115,81.3,35.3,81.0,52.592,15.0,92.0,88.8,812.6,15.0,92.5,88.9,5.0,18.000999999999998,5.0,5.0,36.027
12.99,4,57.635,5.503,36.117,61.428000000000004,145.107,95.259,81.3,35.3,81.0,52.596,15.0,92.0,88.8,812.6,15.0,92.5,88.9,5.0,17.262999999999998,5.0,5.0,36.031
13.01,4,57.852,5.445,35.923,61.652,144.93200000000002,95.459,81.3,35.3,81.0,52.598,15.0,92.0,88.8,812.6,15.0,92.5,88.9,5.0,16.597,5.0,5.0,36.025999999999996
13.03,4,57.628,5.438,36.201,61.81399999999999,144.819,95.373,81.3,35.3,81.069,52.599000000000004,15.0,92.0,88.8,812.6,15.0,92.5,88.9,5.0,16.083,5.0,5.0,36.027
13.05,4,57.685,5.48,36.195,61.725,144.744,95.28699999999999,81.3,35.3,81.126,52.599000000000004,15.0,92.0,88.8,812.6,15.0,92.5,88.9,5.0,15.515,5.0,5.0,36.012
13.07,4,57.778,5.523,36.126999999999995,61.665,144.606,95.0,81.3,35.3,81.158,52.668,15.0,92.0,88.8,812.6,15.0,92.5,88.9,5.0,15.15,5.0,5.0,36.004000000000005
13.09,4,57.68,5.522,36.054,61.56399999999999,144.48,95.345,81.3,35.3,81.17699999999999,52.726,15.0,92.0,88.8,812.6,15.0,92.5,88.9,5.0,14.771,5.0,5.0,36.0
13.11,4,57.86600000000001,5.499,36.015,61.365,144.35399999999998,95.115,81.3,35.3,81.187,52.758,15.0,92.0,88.8,812.6,15.0,92.5,88.9,5.0,14.908999999999999,5.0,5.0,35.995999999999995
13.13,4,57.906000000000006,5.438,36.001999999999995,61.675,144.266,95.173,81.3,35.3,81.193,52.777,15.0,92.0,88.8,812.6,15.0,92.5,88.9,5.0,15.126,5.0,5.0,35.997
13.15,4,57.653,5.438,36.042,62.216,144.178,95.14399999999999,81.3,35.3,81.196,52.787,15.0,92.0,88.8,812.6,15.0,92.5,88.9,5.0,15.450999999999999,5.0,5.0,35.999
13.17,4,57.47,5.611,36.093,61.81399999999999,144.039,94.942,81.3,35.3,81.19800000000001,52.793,15.0,92.0,88.8,812.6,15.0,92.5,88.9,5.0,15.427999999999999,5.0,5.0,35.989000000000004
13.19,4,57.582,5.461,36.027,62.004,143.951,95.28699999999999,81.3,35.3,81.199,52.796,15.0,92.0,88.8,812.6,15.0,92.5,88.9,5.0,15.38,5.0,5.0,35.977
13.21,4,57.693000000000005,5.438,36.06,61.626999999999995,143.85,95.029,81.3,35.3,81.199,52.798,15.0,92.0,88.85,812.6,15.0,92.5,88.9,5.0,15.113,5.0,5.0,35.974000000000004
13.23,4,57.563,5.472,36.007,61.49,143.724,95.28699999999999,81.3,35.3,81.2,52.799,15.0,92.0,88.916,812.6,15.0,92.5,88.9,5.0,15.132,5.0,5.0,35.97
13.25,4,57.221000000000004,5.441,36.012,61.391999999999996,143.534,95.14399999999999,81.3,35.3,81.2,52.799,15.0,92.0,88.953,812.6,15.0,92.5,88.9,5.0,15.379000000000001,5.0,5.0,35.974000000000004
13.27,4,57.206,5.441,36.189,61.851000000000006,143.445,95.14399999999999,81.3,35.3,81.2,52.887,15.0,92.0,88.973,812.6,15.0,92.5,88.987,5.0,15.537,5.0,5.0,35.976
13.29,4,57.415,5.48,35.993,62.011,143.382,95.28699999999999,81.3,35.3,81.2,52.936,15.0,92.0,88.985,812.6,15.0,92.587,89.03699999999999,5.0,15.501,5.0,5.0,35.971999999999994
13.31,4,57.782,5.564,35.898,61.675,143.217,95.459,81.3,35.3,81.2,52.964,15.0,92.0,88.992,812.6,15.0,92.637,89.064,5.0,15.45,5.0,5.0,35.958
13.33,4,57.348,5.442,36.057,61.581,143.217,94.942,81.3,35.3,81.2,52.98,15.0,92.0,88.995,812.6,15.0,92.664,89.08,5.0,15.125,5.0,5.0,35.951
13.35,4,57.446000000000005,5.459,35.952,61.416000000000004,143.05200000000002,95.115,81.3,35.3,81.2,52.989000000000004,15.0,92.0,88.997,812.6,15.0,92.68,89.089,5.0,15.192,5.0,5.0,35.954
13.37,4,57.327,5.44,35.989000000000004,61.018,142.937,95.20100000000001,81.3,35.3,81.2,52.994,15.0,92.0,88.999,812.6,15.0,92.689,89.094,5.0,15.277000000000001,5.0,5.0,35.947
13.39,4,57.592,5.504,35.999,61.42100000000001,142.83499999999998,95.316,81.3,35.3,81.2,52.996,15.0,92.0,88.999,812.6,15.0,92.694,89.096,5.0,15.332,5.0,5.0,35.95
13.41,4,57.066,5.44,35.995000000000005,61.84,142.68200000000002,95.086,81.3,35.3,81.2,52.998000000000005,15.0,92.0,89.0,812.6,15.0,92.696,89.098,5.0,15.414000000000001,5.0,5.0,35.959
13.43,4,57.14,5.589,35.988,61.528,142.606,95.402,81.3,35.3,81.2,52.999,15.0,92.0,89.0,812.6,15.0,92.69800000000001,89.09899999999999,5.0,15.573,5.0,5.0,35.948
13.45,4,57.089,5.642,36.08,61.49,142.49099999999999,95.345,81.3,35.3,81.2,53.068000000000005,15.0,92.0,89.0,812.6,15.0,92.699,89.09899999999999,5.0,15.520999999999999,5.0,5.0,35.928
13.47,4,56.763000000000005,5.475,36.208,61.458,142.402,95.43,81.3,35.3,81.2,53.126,15.0,92.0,89.0,812.6,15.0,92.699,89.1,5.0,15.356,5.0,5.0,35.924
13.49,4,57.026,5.475,35.931,61.644,142.287,95.316,81.3,35.3,81.2,53.158,15.0,92.0,89.0,812.6,15.0,92.7,89.1,5.0,15.337,5.0,5.0,35.917
13.51,4,57.048,5.516,36.094,61.562,142.20999999999998,95.14399999999999,81.3,35.3,81.2,53.177,15.0,92.0,89.0,812.6,15.0,92.7,89.1,5.0,15.535,5.0,5.0,35.916
13.53,4,57.20399999999999,5.609,36.105000000000004,61.908,142.03,95.20100000000001,81.3,35.3,81.2,53.187,15.0,92.0,89.0,812.6,15.0,92.7,89.1,5.0,15.705,5.0,5.0,35.916
13.55,4,57.361999999999995,5.501,36.096999999999994,61.57,141.889,95.459,81.3,35.3,81.2,53.193000000000005,15.0,92.0,89.0,812.6,15.0,92.7,89.1,5.0,15.671,5.0,5.0,35.92
13.57,4,56.655,5.496,35.984,61.39,141.787,95.086,81.3,35.3,81.2,53.196,15.0,92.0,89.0,812.6,15.0,92.7,89.1,5.0,15.758,5.0,5.0,35.899
13.59,4,57.108000000000004,5.472,36.010000000000005,61.465,141.697,95.23,81.3,35.3,81.2,53.198,15.0,92.0,89.0,812.6,15.0,92.7,89.1,5.0,15.758,5.0,5.0,35.893
13.61,4,57.073,5.446,35.94199999999999,61.552,141.60700000000003,95.173,81.3,35.3,81.2,53.199,15.0,92.0,89.0,812.6,15.0,92.7,89.1,5.0,15.703,5.0,5.0,35.887
13.63,4,56.906000000000006,5.503,35.958,61.597,141.49099999999999,95.23,81.3,35.3,81.2,53.199,15.0,92.0,89.0,812.6,15.0,92.7,89.1,5.0,15.51,5.0,5.0,35.879999999999995
13.65,4,56.887,5.52,35.986000000000004,61.445,141.401,95.14399999999999,81.3,35.3,81.2,53.312,15.0,92.0,89.0,812.6,15.0,92.7,89.1,5.0,15.5,5.0,5.0,35.885000000000005
13.67,4,56.838,5.501,35.995999999999995,61.391999999999996,141.31,95.373,81.3,35.3,81.244,53.394,15.0,92.0,89.0,812.6,15.0,92.7,89.1,5.0,15.499,5.0,5.0,35.891
13.69,4,56.735,5.514,36.025999999999996,61.397,141.18099999999998,95.14399999999999,81.3,35.3,81.268,53.441,15.0,92.05,89.0,812.6,15.0,92.7,89.1,5.0,15.689,5.0,5.0,35.887
13.71,4,57.036,5.51,35.863,61.571999999999996,141.05200000000002,95.259,81.431,35.3,81.282,53.467,15.0,92.116,89.0,812.6,15.0,92.7,89.1,5.0,15.759,5.0,5.0,35.887
13.73,4,56.998999999999995,5.505,36.11,61.816,140.975,95.23,81.505,35.3,81.29,53.481,15.0,92.153,89.0,812.6,15.0,92.7,89.1,5.0,15.825,5.0,5.0,35.888999999999996
13.75,4,56.537,5.44,36.013000000000005,61.727,140.88400000000001,95.23,81.547,35.3,81.294,53.489000000000004,15.0,92.173,89.0,812.6,15.0,92.7,89.1,5.0,15.950999999999999,5.0,5.0,35.888999999999996
13.77,4,56.58,5.459,36.004999999999995,61.407,140.76799999999997,95.459,81.57,35.3,81.297,53.494,15.0,92.185,89.0,812.6,15.0,92.7,89.1,5.0,15.932,5.0,5.0,35.89
13.79,4,56.582,5.614,36.010000000000005,61.613,140.61200000000002,95.459,81.583,35.3,81.298,53.497,15.0,92.192,89.0,812.6,15.0,92.7,89.1,5.0,15.809000000000001,5.0,5.0,35.891999999999996
13.81,4,56.81100000000001,5.446,35.885000000000005,61.504,140.586,95.259,81.59,35.3,81.29899999999999,53.498000000000005,15.0,92.195,89.0,812.6,15.0,92.7,89.1,5.0,16.165,5.0,5.0,35.891
13.83,4,57.022,5.76,36.093,61.81399999999999,140.54700000000003,95.259,81.595,35.3,81.29899999999999,53.524,15.0,92.197,89.0,812.6,15.0,92.7,89.1,5.0,16.214,5.0,5.0,35.878
13.85,4,56.728,5.521,35.900999999999996,62.003,140.39100000000002,95.058,81.597,35.3,81.3,53.556999999999995,15.0,92.199,89.0,812.6,15.0,92.7,89.1,5.0,16.369999999999997,5.0,5.0,35.875
13.87,4,55.765,5.624,35.986000000000004,61.754,140.248,95.14399999999999,81.598,35.3,81.3,53.576,15.0,92.199,89.0,812.6,15.0,92.7,89.1,5.0,16.282,5.0,5.0,35.870999999999995
13.89,4,56.526,5.442,35.872,61.382,140.209,94.971,81.59899999999999,35.3,81.3,53.586,15.0,92.2,89.0,812.6,15.0,92.7,89.1,5.0,16.25,5.0,5.0,35.870000000000005
13.91,4,56.301,5.439,36.155,61.585,140.053,95.316,81.59899999999999,35.3,81.3,53.592,15.0,92.2,89.0,812.6,15.0,92.7,89.1,5.0,16.105,5.0,5.0,35.868
13.93,4,56.096000000000004,5.439,35.965,61.615,139.909,94.971,81.6,35.3,81.3,53.596,15.0,92.2,89.0,812.6,15.0,92.7,89.1,5.0,16.059,5.0,5.0,35.870999999999995
13.95,4,56.063,5.478,36.074,61.8,139.85700000000003,95.14399999999999,81.6,35.3,81.3,53.598,15.0,92.2,89.0,812.6,15.0,92.7,89.1,5.0,15.949000000000002,5.0,5.0,35.86
13.97,4,55.788999999999994,5.443,35.902,61.836000000000006,139.778,95.345,81.6,35.3,81.3,53.599000000000004,15.0,92.2,89.0,812.6,15.0,92.7,89.1,5.0,16.035,5.0,5.0,35.845
13.99,4,56.008,5.487,35.938,61.61,139.595,95.402,81.6,35.3,81.3,53.668,15.0,92.2,89.0,812.6,15.0,92.7,89.1,5.0,15.962,5.0,5.0,35.839
14.01,4,55.849,5.44,35.781,61.685,139.517,95.345,81.6,35.3,81.3,53.726,15.0,92.2,89.0,812.6,15.0,92.7,89.1,5.0,16.224,5.0,5.0,35.838
14.03,4,56.272,5.531,35.976,61.626000000000005,139.425,95.259,81.6,35.3,81.3,53.758,15.0,92.2,89.0,812.6,15.0,92.7,89.1,5.0,16.429000000000002,5.0,5.0,35.835
14.05,4,55.763999999999996,5.469,35.984,61.56100000000001,139.333,95.43,81.6,35.3,81.3,53.777,15.0,92.2,89.0,812.6,15.0,92.7,89.1,5.0,16.71,5.0,5.0,35.835
14.07,4,56.466,5.509,35.938,61.724,139.228,95.259,81.6,35.3,81.3,53.787,15.0,92.2,89.0,812.6,15.0,92.7,89.1,5.0,16.607999999999997,5.0,5.0,35.836
14.09,4,55.658,5.596,35.875,61.858000000000004,139.11,95.316,81.6,35.3,81.3,53.793,15.0,92.2,89.0,812.6,15.0,92.7,89.1,5.0,16.6,5.0,5.0,35.823
14.11,4,55.832,5.442,35.840999999999994,61.923,139.07,95.373,81.6,35.3,81.3,53.796,15.0,92.2,89.0,812.6,15.0,92.7,89.1,5.0,16.323,5.0,5.0,35.818
14.13,4,55.763000000000005,5.557,35.834,61.845,139.04399999999998,95.516,81.6,35.3,81.3,53.798,15.0,92.2,89.0,812.6,15.0,92.7,89.1,5.0,16.128,5.0,5.0,35.818
14.15,4,55.847,5.5120000000000005,35.939,61.527,138.82,95.402,81.6,35.3,81.3,53.799,15.0,92.2,89.0,812.6,15.0,92.7,89.1,5.0,16.0,5.0,5.0,35.821
14.17,4,55.74100000000001,5.569,35.894999999999996,61.558,138.714,95.316,81.6,35.3,81.3,53.868,15.0,92.2,89.0,812.6,15.0,92.7,89.1,5.0,16.139000000000003,5.0,5.0,35.821
14.19,4,55.798,5.505,35.903999999999996,61.75,138.60899999999998,95.43,81.6,35.3,81.3,53.926,15.0,92.2,89.0,812.6,15.0,92.7,89.1,5.0,16.239,5.0,5.0,35.82
14.21,4,55.961999999999996,5.542,35.870999999999995,62.13,138.503,95.62899999999999,81.6,35.3,81.387,53.958,15.0,92.2,89.0,812.6,15.0,92.7,89.1,5.0,16.177,5.0,5.0,35.825
14.23,4,55.928000000000004,5.515,35.798,62.021,138.41,95.487,81.6,35.3,81.437,53.977,15.0,92.2,89.0,812.6,15.0,92.7,89.1,5.0,16.25,5.0,5.0,35.809
14.25,4,55.385,5.481,35.954,61.931999999999995,138.304,95.402,81.6,35.3,81.464,53.986999999999995,15.0,92.2,89.0,812.6,15.0,92.7,89.1,5.0,16.252000000000002,5.0,5.0,35.815
14.27,4,55.386,5.484,35.858000000000004,61.458999999999996,138.278,95.544,81.6,35.3,81.48,53.993,15.0,92.2,89.0,812.6,15.0,92.7,89.1,5.0,16.175,5.0,5.0,35.81
14.29,4,55.586999999999996,5.509,35.787,61.438,138.132,95.20100000000001,81.6,35.3,81.48899999999999,53.996,15.0,92.2,89.0,812.6,15.0,92.7,89.1,5.0,16.124000000000002,5.0,5.0,35.813
14.31,4,55.576,5.461,35.876999999999995,61.574,137.972,95.345,81.6,35.3,81.494,53.998000000000005,15.0,92.2,89.0,812.6,15.0,92.7,89.1,5.0,16.165999999999997,5.0,5.0,35.809
14.33,4,55.386,5.454,35.763000000000005,61.716,137.892,95.544,81.6,35.3,81.49600000000001,53.999,15.0,92.2,89.0,812.6,15.0,92.7,89.1,5.0,16.137,5.0,5.0,35.801
14.35,4,55.216,5.531,35.760000000000005,61.747,137.812,95.516,81.6,35.3,81.498,54.049,15.0,92.2,89.0,812.6,15.0,92.7,89.1,5.0,16.335,5.0,5.0,35.788
14.37,4,55.67100000000001,5.5329999999999995,35.724000000000004,61.873000000000005,137.733,95.43,81.6,35.3,81.499,54.115,15.0,92.2,89.0,812.6,15.0,92.7,89.1,5.0,16.381999999999998,5.0,5.0,35.785
14.39,4,55.215,5.578,35.774,61.732,137.599,95.402,81.6,35.3,81.499,54.152,15.0,92.2,89.0,812.6,15.0,92.7,89.1,5.0,16.474,5.0,5.0,35.787
14.41,4,55.272,5.492,35.759,62.031000000000006,137.506,95.345,81.6,35.3,81.5,54.173,15.0,92.2,89.0,812.6,15.0,92.7,89.1,5.0,16.432000000000002,5.0,5.0,35.775999999999996
14.43,4,55.488,5.442,35.581,61.692,137.385,95.77,81.6,35.3,81.5,54.185,15.0,92.2,89.0,812.6,15.0,92.7,89.1,5.0,16.525,5.0,5.0,35.777
14.45,4,55.29600000000001,5.491,35.809,62.037,137.265,95.572,81.6,35.3,81.5,54.192,15.0,92.2,89.0,812.6,15.0,92.7,89.1,5.0,16.237000000000002,5.0,5.0,35.777
14.47,4,55.266999999999996,5.477,35.650999999999996,62.547,137.225,95.373,81.6,35.3,81.5,54.195,15.0,92.2,89.0,812.6,15.0,92.7,89.1,5.0,16.206,5.0,5.0,35.781
14.49,4,54.85,5.841,35.845,62.05,137.10399999999998,95.345,81.6,35.3,81.5,54.196999999999996,15.0,92.2,89.05,812.6,15.0,92.7,89.1,5.0,16.08,5.0,5.0,35.769999999999996
14.51,4,55.15,5.467,35.711,62.073,136.997,95.173,81.6,35.3,81.5,54.198,15.0,92.2,89.116,812.6,15.0,92.7,89.1,5.0,16.235999999999997,5.0,5.0,35.762
14.53,4,55.156000000000006,5.6129999999999995,35.673,62.218,136.93,95.316,81.6,35.3,81.5,54.268,15.0,92.2,89.153,812.6,15.0,92.7,89.1,5.0,16.169,5.0,5.0,35.759
14.55,4,55.281000000000006,5.478,35.634,62.498000000000005,136.79500000000002,95.20100000000001,81.6,35.3,81.5,54.326,15.0,92.2,89.173,812.6,15.0,92.7,89.1,5.0,16.519,5.0,5.0,35.757
14.57,4,54.635,5.8149999999999995,35.81,62.153999999999996,136.714,95.516,81.6,35.3,81.5,54.358000000000004,15.0,92.2,89.185,812.6,15.0,92.7,89.1,5.0,16.528,5.0,5.0,35.759
14.59,4,54.733000000000004,5.513,35.659000000000006,62.277,136.67399999999998,95.28699999999999,81.6,35.3,81.5,54.376,15.0,92.2,89.192,812.6,15.0,92.7,89.1,5.0,16.845,5.0,5.0,35.757
14.61,4,54.843999999999994,5.455,35.732,62.353,136.512,95.28699999999999,81.6,35.3,81.5,54.387,15.0,92.2,89.195,812.6,15.0,92.7,89.1,5.0,16.617,5.0,5.0,35.763999999999996
14.63,4,54.602,5.6579999999999995,35.647,62.407,136.499,95.23,81.6,35.3,81.5,54.393,15.0,92.2,89.197,812.6,15.0,92.7,89.1,5.0,16.559,5.0,5.0,35.763000000000005
14.65,4,54.795,5.481,35.596000000000004,62.395,136.282,95.459,81.6,35.3,81.5,54.396,15.0,92.2,89.199,812.6,15.0,92.7,89.1,5.0,16.517000000000003,5.0,5.0,35.748000000000005
14.67,4,54.492,5.594,35.56,62.147,136.24200000000002,95.77,81.6,35.3,81.5,54.398,15.0,92.28699999999999,89.199,812.6,15.0,92.7,89.1,5.0,16.637999999999998,5.0,5.0,35.751
14.69,4,54.674,5.454,35.695,62.111000000000004,136.147,95.345,81.6,35.3,81.5,54.399,15.0,92.337,89.2,812.6,15.0,92.7,89.1,5.0,16.731,5.0,5.0,35.749
14.71,4,54.638999999999996,5.59,35.545,62.269,136.01100000000002,95.28699999999999,81.6,35.3,81.5,54.468,15.0,92.36399999999999,89.2,812.6,15.0,92.7,89.1,5.0,16.444000000000003,5.0,5.0,35.743
14.73,4,54.61600000000001,5.445,35.518,62.248999999999995,135.889,94.884,81.6,35.3,81.5,54.525999999999996,15.0,92.38,89.2,812.6,15.0,92.7,89.1,5.0,16.482999999999997,5.0,5.0,35.745999999999995
14.75,4,54.333999999999996,5.511,35.577,61.84,135.83499999999998,95.14399999999999,81.6,35.3,81.5,54.558,15.0,92.389,89.2,812.6,15.0,92.7,89.1,5.0,16.151,5.0,5.0,35.744
14.77,4,54.246,5.445,35.805,61.918,135.712,95.345,81.6,35.3,81.587,54.577,15.0,92.39399999999999,89.2,812.6,15.0,92.7,89.1,5.0,15.652999999999999,5.0,5.0,35.730999999999995
14.79,4,54.508,5.467,35.881,62.086000000000006,135.67200000000003,95.516,81.6,35.3,81.637,54.586999999999996,15.0,92.396,89.2,812.6,15.0,92.7,89.1,5.0,15.327,5.0,5.0,35.721000000000004
14.81,4,54.695,5.444,35.594,61.792,135.535,95.742,81.6,35.3,81.664,54.593,15.0,92.398,89.2,812.6,15.0,92.7,89.1,5.0,15.13,5.0,5.0,35.718
14.83,4,54.299,5.754,35.828,61.608999999999995,135.467,95.62899999999999,81.6,35.3,81.68,54.596,15.0,92.399,89.2,812.6,15.0,92.7,89.1,5.0,15.106,5.0,5.0,35.721000000000004
14.85,4,54.235,5.51,35.676,61.493,135.399,95.459,81.6,35.3,81.689,54.598,15.0,92.399,89.2,812.6,15.0,92.7,89.1,5.0,15.495,5.0,5.0,35.718
14.87,4,54.608000000000004,5.462,35.598,61.733999999999995,135.276,95.402,81.6,35.3,81.694,54.667,15.0,92.4,89.2,812.6,15.0,92.7,89.1,5.0,15.562999999999999,5.0,5.0,35.713
14.89,4,54.216,5.461,35.643,62.005,135.276,95.23,81.6,35.3,81.696,54.725,15.0,92.4,89.2,812.6,15.0,92.725,89.1,5.0,15.615,5.0,5.0,35.72
14.91,4,54.326,5.444,35.539,61.93899999999999,135.166,95.459,81.6,35.3,81.69800000000001,54.758,15.0,92.4,89.2,812.6,15.0,92.80199999999999,89.1,5.0,15.470999999999998,5.0,5.0,35.71
14.93,4,54.215,5.527,35.723,61.988,135.029,94.971,81.6,35.3,81.699,54.775999999999996,15.0,92.4,89.2,812.6,15.0,92.845,89.188,5.0,15.402000000000001,5.0,5.0,35.709
14.95,4,54.446000000000005,5.451,35.7,61.818000000000005,134.906,95.373,81.6,35.3,81.699,54.787,15.0,92.4,89.2,812.6,15.0,92.869,89.237,5.0,15.549000000000001,5.0,5.0,35.706999999999994
14.97,4,53.923,5.475,35.569,61.479,134.782,95.115,81.6,35.3,81.7,54.793,15.0,92.4,89.2,812.6,15.0,92.882,89.264,5.0,15.548,5.0,5.0,35.71
14.99,4,54.121,5.506,35.554,61.49100000000001,134.755,95.115,81.6,35.3,81.7,54.796,15.0,92.4,89.2,812.6,15.0,92.89,89.28,5.0,15.731,5.0,5.0,35.703
15.01,4,54.028999999999996,5.451,35.548,61.799,134.7,95.544,81.6,35.3,81.7,54.798,15.0,92.4,89.2,812.6,15.0,92.89399999999999,89.289,5.0,15.81,5.0,5.0,35.71
15.03,4,53.824,5.531,35.593,61.75899999999999,134.534,95.259,81.6,35.3,81.7,54.799,15.0,92.4,89.2,812.6,15.0,92.89699999999999,89.294,5.0,15.87,5.0,5.0,35.7
15.05,4,53.792,5.517,35.584,61.795,134.47899999999998,95.086,81.6,35.3,81.7,54.893,15.0,92.4,89.2,812.6,15.0,92.898,89.296,5.0,15.935,5.0,5.0,35.693
15.07,4,53.775,5.478,35.595,61.568000000000005,134.369,95.259,81.6,35.3,81.7,54.984,15.0,92.4,89.2,812.6,15.0,92.899,89.298,5.0,16.095,5.0,5.0,35.684
15.09,4,53.492,5.72,35.577,61.614,134.35500000000002,95.62899999999999,81.6,35.3,81.7,55.035,15.0,92.4,89.2,812.6,15.0,92.899,89.29899999999999,5.0,16.081,5.0,5.0,35.687
15.11,4,53.917,5.536,35.58,61.358000000000004,134.217,95.487,81.6,35.3,81.7,55.063,15.0,92.4,89.2,812.6,15.0,92.9,89.29899999999999,5.0,16.099,5.0,5.0,35.684
15.13,4,53.782,5.49,35.531,61.471000000000004,134.13400000000001,95.601,81.6,35.3,81.7,55.079,15.0,92.4,89.2,812.6,15.0,92.9,89.3,5.0,15.875,5.0,5.0,35.677
15.15,4,53.416000000000004,5.555,35.653000000000006,61.736999999999995,134.05,95.259,81.64399999999999,35.3,81.7,55.088,15.0,92.4,89.2,812.6,15.0,92.9,89.3,5.0,15.698,5.0,5.0,35.684
15.17,4,53.464,5.455,35.56,61.516000000000005,133.981,95.459,81.668,35.3,81.7,55.093,15.0,92.4,89.2,812.6,15.0,92.9,89.3,5.0,15.594000000000001,5.0,5.0,35.678
15.19,4,53.485,5.928,35.641,61.867,133.856,95.345,81.682,35.3,81.7,55.096,15.0,92.4,89.2,812.6,15.0,92.9,89.3,5.0,15.565,5.0,5.0,35.677
15.21,4,53.306000000000004,5.659,35.498000000000005,61.615,133.773,95.459,81.69,35.3,81.7,55.098,15.0,92.4,89.2,812.6,15.0,92.9,89.3,5.0,15.515,5.0,5.0,35.669
15.23,4,53.283,5.4879999999999995,35.68300000000001,61.785,133.63400000000001,95.115,81.694,35.3,81.7,55.149,15.0,92.4,89.2,812.6,15.0,92.9,89.3,5.0,16.768,5.0,5.0,35.671
15.25,4,53.468999999999994,5.557,35.455,61.471000000000004,133.564,95.601,81.697,35.3,81.7,55.215,15.0,92.4,89.2,812.6,15.0,92.9,89.3,5.0,16.434,5.0,5.0,35.671
15.27,4,53.293,5.5329999999999995,35.459,61.794,133.50799999999998,95.459,81.69800000000001,35.3,81.7,55.251999999999995,15.0,92.4,89.2,812.6,15.0,92.9,89.3,5.0,16.142000000000003,5.0,5.0,35.668000000000006
15.29,4,53.39,5.612,35.451,61.748000000000005,133.48000000000002,95.43,81.699,35.3,81.7,55.273,15.0,92.4,89.2,812.6,15.0,92.9,89.3,5.0,15.825,5.0,5.0,35.677
15.31,4,53.263000000000005,5.474,35.525,61.809,133.341,95.43,81.699,35.3,81.7,55.285,15.0,92.4,89.2,812.6,15.0,92.9,89.3,5.0,15.492,5.0,5.0,35.666
15.33,4,52.951,5.588,35.521,62.096000000000004,133.215,95.572,81.7,35.3,81.7,55.291,15.0,92.4,89.2,812.6,15.0,92.9,89.3,5.0,15.335999999999999,5.0,5.0,35.663
15.35,4,53.343999999999994,5.644,35.355000000000004,62.015,133.103,95.373,81.7,35.3,81.7,55.295,15.0,92.4,89.2,812.6,15.0,92.9,89.3,5.0,15.319,5.0,5.0,35.663
15.37,4,52.885,5.524,35.531,61.82899999999999,133.061,95.259,81.7,35.3,81.7,55.297,15.0,92.4,89.2,812.6,15.0,92.9,89.3,5.0,15.342,5.0,5.0,35.665
15.39,4,53.172,5.665,35.459,61.707,132.92000000000002,95.345,81.7,35.3,81.7,55.323,15.0,92.4,89.2,812.6,15.0,92.9,89.3,5.0,15.48,5.0,5.0,35.657
15.41,4,52.488,5.475,35.553,62.097,132.892,95.459,81.7,35.3,81.76899999999999,55.357,15.0,92.4,89.2,812.6,15.0,92.9,89.3,5.0,15.448,5.0,5.0,35.666
15.43,4,52.792,5.616,35.463,62.321999999999996,132.79399999999998,95.28699999999999,81.7,35.3,81.82600000000001,55.376,15.0,92.4,89.2,812.6,15.0,92.9,89.3,5.0,15.487,5.0,5.0,35.666
15.45,4,52.555,5.464,35.463,62.247,132.73700000000002,95.487,81.7,35.3,81.858,55.385999999999996,15.0,92.4,89.2,812.6,15.0,92.9,89.3,5.0,15.582,5.0,5.0,35.658
15.47,4,52.876999999999995,5.757,35.326,62.228,132.611,95.373,81.7,35.3,81.877,55.391999999999996,15.0,92.4,89.2,812.6,15.0,92.9,89.3,5.0,15.937999999999999,5.0,5.0,35.653999999999996
15.49,4,52.247,5.608,35.413,61.89,132.512,95.316,81.7,35.3,81.887,55.396,15.0,92.4,89.2,812.6,15.0,92.9,89.3,5.0,16.539,5.0,5.0,35.652
15.51,4,52.132,5.553,35.268,61.66,132.498,95.23,81.7,35.3,81.893,55.398,15.0,92.4,89.2,812.6,15.0,92.9,89.3,5.0,16.394,5.0,5.0,35.653000000000006
15.53,4,52.198,5.52,35.325,61.845,132.3,95.115,81.7,35.3,81.896,55.399,15.0,92.4,89.2,812.6,15.0,92.9,89.3,5.0,16.239,5.0,5.0,35.65
15.55,4,51.957,5.6579999999999995,35.497,61.95399999999999,132.22899999999998,95.058,81.7,35.3,81.898,55.449,15.0,92.4,89.2,812.6,15.0,92.9,89.3,5.0,15.815,5.0,5.0,35.653000000000006
15.57,4,52.196999999999996,5.447,35.373000000000005,62.001000000000005,132.20100000000002,94.884,81.7,35.3,81.899,55.515,15.0,92.4,89.2,812.6,15.0,92.9,89.3,5.0,15.272,5.0,5.0,35.652
15.59,4,52.553000000000004,5.455,35.368,62.373000000000005,132.087,95.316,81.7,35.3,81.899,55.552,15.0,92.4,89.2,812.6,15.0,92.9,89.3,5.0,14.708,5.0,5.0,35.653000000000006
15.61,4,52.137,5.661,35.39,62.092,132.002,95.345,81.7,35.3,81.9,55.573,15.0,92.4,89.2,812.6,15.0,92.9,89.3,5.0,14.321,5.0,5.0,35.641999999999996
15.63,4,52.317,5.627,35.478,61.776,131.988,95.259,81.7,35.3,81.9,55.585,15.0,92.4,89.2,812.6,15.0,92.9,89.3,5.0,13.988999999999999,5.0,5.0,35.641999999999996
15.65,4,52.263000000000005,5.782,35.394000000000005,61.869,131.874,95.23,81.7,35.3,81.9,55.592,15.0,92.4,89.2,812.6,15.0,92.9,89.3,5.0,13.707,5.0,5.0,35.643
15.67,4,51.985,5.489,35.489000000000004,62.027,131.789,95.402,81.7,35.3,81.9,55.595,15.0,92.4,89.2,812.6,15.0,92.9,89.3,5.0,13.583,5.0,5.0,35.643
15.69,4,52.185,5.552,35.42,62.333999999999996,131.689,95.28699999999999,81.7,35.3,81.9,55.597,15.0,92.4,89.2,812.6,15.0,92.9,89.3,5.0,13.624,5.0,5.0,35.644999999999996
15.71,4,51.845,5.75,35.471999999999994,62.405,131.561,95.316,81.7,35.3,81.9,55.598,15.0,92.4,89.2,812.6,15.0,92.9,89.3,5.0,13.525,5.0,5.0,35.646
15.73,4,51.758,5.519,35.402,62.326,131.503,95.402,81.7,35.3,81.9,55.649,15.0,92.4,89.2,812.6,15.0,92.9,89.3,5.0,13.391,5.0,5.0,35.635000000000005
15.75,4,51.872,5.636,35.369,62.309,131.418,95.259,81.7,35.3,81.9,55.715,15.0,92.4,89.2,812.6,15.0,92.9,89.3,5.0,13.345,5.0,5.0,35.635000000000005
15.77,4,51.891000000000005,5.46,35.396,62.261,131.346,95.28699999999999,81.7,35.3,81.9,55.751999999999995,15.0,92.4,89.2,812.6,15.0,92.9,89.3,5.0,13.338,5.0,5.0,35.634
15.79,4,51.596000000000004,5.479,35.316,61.956,131.274,95.086,81.7,35.3,81.9,55.773,15.0,92.4,89.2,812.6,15.0,92.9,89.3,5.0,13.334,5.0,5.0,35.631
15.81,4,51.698,5.446,35.297,62.205,131.188,95.20100000000001,81.7,35.3,81.9,55.785,15.0,92.4,89.2,812.6,15.0,92.9,89.3,5.0,13.344,5.0,5.0,35.620999999999995
15.83,4,51.97,5.5120000000000005,35.197,62.48,131.04500000000002,95.516,81.7,35.3,81.9,55.792,15.0,92.4,89.2,812.6,15.0,92.9,89.3,5.0,13.379,5.0,5.0,35.628
15.85,4,51.553999999999995,5.483,35.338,62.221000000000004,131.01600000000002,95.20100000000001,81.7,35.3,81.9,55.795,15.0,92.4,89.2,812.6,15.0,92.9,89.3,5.0,13.288,5.0,5.0,35.634
15.87,4,51.36,5.575,35.312,62.176,130.901,94.797,81.7,35.3,81.9,55.797,15.0,92.4,89.2,812.6,15.0,92.9,89.3,5.0,13.318999999999999,5.0,5.0,35.625
15.89,4,51.141000000000005,5.537,35.338,61.931999999999995,130.8,95.0,81.7,35.3,81.9,55.848,15.0,92.4,89.2,812.6,15.0,92.9,89.3,5.0,13.37,5.0,5.0,35.626
15.91,4,51.368,5.746,35.333,62.302,130.77100000000002,95.316,81.7,35.3,81.9,55.915,15.0,92.4,89.2,812.6,15.0,92.9,89.3,5.0,13.277999999999999,5.0,5.0,35.623000000000005
15.93,4,51.288000000000004,5.591,35.322,62.281000000000006,130.713,95.402,81.7,35.3,81.9,55.952,15.0,92.4,89.2,812.6,15.0,92.9,89.3,5.0,13.26,5.0,5.0,35.628
15.95,4,51.232,5.523,35.282,62.396,130.555,95.316,81.7,35.3,81.9,55.973,15.0,92.4,89.2,812.6,15.0,92.9,89.3,5.0,13.312000000000001,5.0,5.0,35.622
15.97,4,51.31399999999999,5.525,35.294,62.496,130.526,95.259,81.78699999999999,35.3,81.9,55.985,15.0,92.4,89.2,812.6,15.0,92.9,89.3,5.0,13.274,5.0,5.0,35.620999999999995
15.99,4,51.285,5.495,35.342,62.522,130.42399999999998,95.459,81.837,35.3,81.969,55.99100000000001,15.0,92.4,89.25,812.6,15.0,92.9,89.3,5.0,13.392000000000001,5.0,5.0,35.625
16.01,4,51.231,5.574,35.232,62.713,130.308,95.459,81.86399999999999,35.3,82.02600000000001,55.995,15.0,92.4,89.316,812.6,15.0,92.9,89.3,5.0,13.378,5.0,5.0,35.620000000000005
16.03,4,51.037,5.495,35.306,62.538999999999994,130.25,95.544,81.88,35.3,82.058,55.997,15.0,92.4,89.35300000000001,812.6,15.0,92.9,89.3,5.0,13.367,5.0,5.0,35.611999999999995
16.05,4,50.92,5.5809999999999995,35.333,62.138999999999996,130.148,95.487,81.889,35.3,82.077,56.048,15.0,92.4,89.373,812.6,15.0,92.9,89.3,5.0,13.389,5.0,5.0,35.61
16.07,4,51.183,5.543,35.266,61.906000000000006,130.07600000000002,95.373,81.89399999999999,35.3,82.087,56.115,15.0,92.4,89.385,812.6,15.0,92.9,89.3,5.0,13.389,5.0,5.0,35.608000000000004
16.09,4,51.011,5.627,35.141999999999996,62.31100000000001,129.988,95.345,81.896,35.3,82.093,56.152,15.0,92.4,89.392,812.6,15.0,92.9,89.3,5.0,13.413,5.0,5.0,35.613
16.11,4,50.82,5.599,35.159000000000006,62.118,129.901,95.459,81.898,35.3,82.096,56.173,15.0,92.4,89.395,812.6,15.0,92.9,89.3,5.0,13.317,5.0,5.0,35.605000000000004
16.13,4,50.66,5.59,35.116,62.508,129.872,95.459,81.899,35.3,82.098,56.185,15.0,92.4,89.39699999999999,812.6,15.0,92.9,89.3,5.0,13.298,5.0,5.0,35.6
16.15,4,50.919,5.503,35.125,62.141000000000005,129.755,95.28699999999999,81.899,35.3,82.09899999999999,56.191,15.0,92.4,89.398,812.6,15.0,92.9,89.3,5.0,13.312999999999999,5.0,5.0,35.603
16.17,4,50.47,5.638,35.281,61.771,129.652,95.316,81.9,35.3,82.09899999999999,56.195,15.0,92.4,89.399,812.6,15.0,92.9,89.3,5.0,13.321,5.0,5.0,35.598
16.19,4,50.608000000000004,5.477,35.041,61.632,129.63799999999998,95.62899999999999,81.9,35.3,82.1,56.196999999999996,15.0,92.4,89.4,812.6,15.0,92.969,89.3,5.0,13.333,5.0,5.0,35.590999999999994
16.21,4,50.29,5.674,35.161,61.379,129.477,95.115,81.9,35.3,82.1,56.198,15.0,92.4,89.4,812.6,15.0,93.02600000000001,89.3,5.0,13.457,5.0,5.0,35.595
16.23,4,50.716,5.454,35.098,61.74,129.403,95.14399999999999,81.9,35.3,82.1,56.248999999999995,15.0,92.4,89.4,812.6,15.0,93.058,89.3,5.0,14.6,5.0,5.0,35.6
16.25,4,50.211999999999996,5.49,35.189,61.623999999999995,129.32999999999998,95.173,81.9,35.3,82.1,56.315,15.0,92.45,89.4,812.6,15.0,93.077,89.3,5.0,14.205,5.0,5.0,35.596000000000004
16.27,4,50.348,5.487,35.148,61.435,129.183,95.14399999999999,81.9,35.3,82.1,56.352,15.0,92.516,89.4,812.6,15.0,93.087,89.3,5.0,13.88,5.0,5.0,35.596999999999994
16.29,4,50.153999999999996,5.45,35.120999999999995,61.394,129.13799999999998,95.402,81.9,35.3,82.1,56.373000000000005,15.0,92.553,89.4,812.6,15.0,93.093,89.3,5.0,13.649,5.0,5.0,35.594
16.31,4,49.82899999999999,5.49,34.958,61.011,129.124,95.23,81.9,35.3,82.1,56.385,15.0,92.57300000000001,89.4,812.6,15.0,93.096,89.3,5.0,13.318,5.0,5.0,35.592
16.33,4,50.129,5.6129999999999995,35.071,60.805,129.006,95.373,81.9,35.3,82.1,56.391999999999996,15.0,92.585,89.4,812.6,15.0,93.098,89.3,5.0,13.115,5.0,5.0,35.588
16.35,4,49.854,5.648,35.062,60.925,128.902,95.686,81.9,35.3,82.1,56.395,15.0,92.592,89.4,812.6,15.0,93.09899999999999,89.3,5.0,13.11,5.0,5.0,35.586
16.37,4,50.071000000000005,5.481,35.07,61.027,128.902,95.345,81.9,35.3,82.1,56.397,15.0,92.595,89.4,812.6,15.0,93.09899999999999,89.3,5.0,13.17,5.0,5.0,35.594
16.39,4,49.722,5.6370000000000005,35.163,60.913000000000004,128.887,95.402,81.9,35.3,82.1,56.398,15.0,92.597,89.4,812.6,15.0,93.1,89.3,5.0,13.264,5.0,5.0,35.605000000000004
16.41,4,50.17100000000001,5.516,34.915,61.205,128.754,95.28699999999999,81.9,35.3,82.1,56.449,15.0,92.598,89.4,812.6,15.0,93.1,89.3,5.0,13.335,5.0,5.0,35.596000000000004
16.43,4,49.61600000000001,5.574,35.14,61.126000000000005,128.591,95.62899999999999,81.9,35.3,82.1,56.515,15.0,92.59899999999999,89.4,812.6,15.0,93.1,89.3,5.0,13.374,5.0,5.0,35.599000000000004
16.45,4,49.681000000000004,5.458,34.905,61.92,128.517,95.316,81.9,35.3,82.1,56.552,15.0,92.6,89.4,812.6,15.0,93.1,89.3,5.0,13.484,5.0,5.0,35.594
16.47,4,49.703,5.451,34.993,61.826,128.398,95.43,81.9,35.3,82.1,56.573,15.0,92.6,89.4,812.6,15.0,93.1,89.3,5.0,13.514,5.0,5.0,35.602
16.49,4,49.632,5.447,34.891999999999996,61.998999999999995,128.398,95.23,81.9,35.3,82.1,56.585,15.0,92.6,89.4,812.6,15.0,93.1,89.3,5.0,13.458,5.0,5.0,35.593
16.51,4,49.251999999999995,5.657,35.034000000000006,62.526,128.38299999999998,95.714,81.9,35.3,82.1,56.592,15.0,92.6,89.4,812.6,15.0,93.1,89.3,5.0,13.436,5.0,5.0,35.602
16.53,4,49.294,5.67,35.05800000000001,62.168,128.23399999999998,95.373,81.9,35.3,82.1,56.595,15.0,92.6,89.4,812.6,15.0,93.1,89.3,5.0,13.367,5.0,5.0,35.603
16.55,4,49.358999999999995,5.453,34.94199999999999,62.082,128.159,95.459,81.9,35.3,82.1,56.597,15.0,92.6,89.4,812.6,15.0,93.1,89.3,5.0,13.375,5.0,5.0,35.596000000000004
16.57,4,49.137,5.654,34.989999999999995,62.405,128.11399999999998,95.487,81.9,35.3,82.1,56.648,15.0,92.6,89.4,812.6,15.0,93.1,89.3,5.0,13.448,5.0,5.0,35.594
16.59,4,49.434,5.475,34.967,62.644,127.95,95.62899999999999,81.9,35.3,82.1,56.715,15.0,92.6,89.4,812.6,15.0,93.1,89.3,5.0,13.459,5.0,5.0,35.595
16.61,4,49.045,5.463,34.941,62.891000000000005,127.89,95.43,81.9,35.3,82.1,56.751999999999995,15.0,92.6,89.4,812.6,15.0,93.1,89.369,5.0,13.408999999999999,5.0,5.0,35.590999999999994
16.63,4,49.495,5.447,34.798,62.927,127.83,95.487,81.9,35.3,82.1,56.773,15.0,92.6,89.4,812.6,15.0,93.1,89.426,5.0,13.401,5.0,5.0,35.588
16.65,4,49.294,5.463,34.838,63.13399999999999,127.785,95.516,81.9,35.3,82.1,56.785,15.0,92.6,89.4,812.6,15.0,93.1,89.458,5.0,13.441,5.0,5.0,35.590999999999994
16.67,4,48.96,5.447,34.874,62.895,127.68,95.20100000000001,81.9,35.3,82.1,56.791000000000004,15.0,92.6,89.4,812.6,15.0,93.1,89.477,5.0,13.293,5.0,5.0,35.583
16.69,4,49.023999999999994,5.573,34.721999999999994,62.918,127.725,95.345,81.9,35.3,82.1,56.795,15.0,92.6,89.4,812.6,15.0,93.1,89.487,5.0,13.252,5.0,5.0,35.585
16.71,4,49.268,5.572,34.706,63.076,127.589,95.402,81.9,35.3,82.1,56.797,15.0,92.6,89.4,812.6,15.0,93.1,89.493,5.0,13.221,5.0,5.0,35.576
16.73,4,48.757,5.493,34.745000000000005,63.375,127.574,95.459,81.9,35.3,82.1,56.848,15.0,92.6,89.4,812.6,15.0,93.1,89.49600000000001,5.0,13.257,5.0,5.0,35.573
16.75,4,48.783,5.45,34.995000000000005,63.343,127.37799999999999,95.086,81.9,35.3,82.1,56.915,15.0,92.6,89.4,812.6,15.0,93.1,89.498,5.0,13.323,5.0,5.0,35.575
16.77,4,49.018,5.447,34.745999999999995,63.66,127.303,95.402,81.9,35.3,82.1,56.952,15.0,92.6,89.4,812.6,15.0,93.1,89.499,5.0,13.302999999999999,5.0,5.0,35.574
16.79,4,48.317,5.654,34.825,63.45399999999999,127.257,95.402,81.9,35.3,82.1,56.973,15.0,92.6,89.4,812.6,15.0,93.1,89.499,5.0,13.392000000000001,5.0,5.0,35.581
16.81,4,48.504,5.66,34.793000000000006,63.535,127.287,95.259,81.9,35.3,82.1,56.985,15.0,92.6,89.4,812.6,15.0,93.1,89.5,5.0,13.439,5.0,5.0,35.562
16.83,4,48.376000000000005,5.663,34.789,63.498000000000005,127.197,95.259,81.9,35.3,82.1,56.99100000000001,15.0,92.6,89.4,812.6,15.0,93.1,89.5,5.0,13.499,5.0,5.0,35.561
16.85,4,48.425,5.492,34.730000000000004,62.63399999999999,127.03,95.43,81.9,35.3,82.1,56.995,15.0,92.6,89.4,812.6,15.0,93.1,89.5,5.0,13.478,5.0,5.0,35.554
16.87,4,48.165,5.45,34.656,61.306999999999995,126.954,95.316,81.9,35.3,82.1,56.997,15.0,92.6,89.4,812.6,15.0,93.1,89.5,5.0,13.552,5.0,5.0,35.554
16.89,4,48.333999999999996,5.566,34.595,61.13,126.863,95.029,81.9,35.3,82.1,56.998000000000005,15.0,92.6,89.4,812.6,15.0,93.1,89.5,5.0,13.519,5.0,5.0,35.556
16.91,4,47.898,5.461,34.728,61.596000000000004,126.786,95.20100000000001,81.9,35.3,82.1,57.049,15.0,92.6,89.4,812.6,15.0,93.1,89.5,5.0,13.496,5.0,5.0,35.552
16.93,4,48.239,5.614,34.545,61.553000000000004,126.741,95.43,81.9,35.3,82.1,57.115,15.0,92.6,89.4,812.6,15.0,93.1,89.5,5.0,13.526,5.0,5.0,35.54
16.95,4,48.06,5.511,34.721000000000004,62.251999999999995,126.649,95.20100000000001,81.9,35.3,82.1,57.152,15.0,92.6,89.4,812.6,15.0,93.1,89.5,5.0,13.611,5.0,5.0,35.525
16.97,4,48.224,5.708,34.766999999999996,61.523999999999994,126.695,95.459,81.9,35.3,82.1,57.173,15.0,92.6,89.4,812.6,15.0,93.1,89.5,5.0,13.552,5.0,5.0,35.523
16.99,4,48.04,5.629,34.633,61.766999999999996,126.588,95.402,81.9,35.3,82.1,57.185,15.0,92.6,89.4,812.6,15.0,93.1,89.5,5.0,13.402000000000001,5.0,5.0,35.524
17.01,4,47.996,5.548,34.577,61.574,126.435,95.43,81.9,35.3,82.1,57.192,15.0,92.6,89.4,812.6,15.0,93.1,89.5,5.0,13.472999999999999,5.0,5.0,35.519999999999996
17.03,4,47.846000000000004,5.556,34.635999999999996,61.858999999999995,126.26700000000001,95.657,81.9,35.3,82.075,57.195,15.0,92.6,89.4,812.6,15.0,93.1,89.5,5.0,14.026,5.0,5.0,35.519000000000005
17.05,4,47.687,5.451,34.605999999999995,62.144,126.34299999999999,95.487,81.9,35.3,81.998,57.196999999999996,15.0,92.6,89.4,812.6,15.0,93.1,89.5,5.0,14.595,5.0,5.0,35.519999999999996
17.07,4,47.288999999999994,5.563,34.398,61.56100000000001,126.251,95.373,81.9,35.3,81.955,57.198,15.0,92.6,89.4,812.6,15.0,93.1,89.5,5.0,15.102,5.0,5.0,35.508
17.09,4,47.443999999999996,5.485,34.468,60.599,126.19,95.058,81.9,35.3,81.931,57.248999999999995,15.0,92.6,89.4,812.6,15.0,93.1,89.5,5.0,15.845999999999998,5.0,5.0,35.504000000000005
17.11,4,47.278,5.563,34.260999999999996,61.068999999999996,126.14399999999999,95.058,81.9,35.3,81.918,57.315,15.0,92.6,89.4,812.6,15.0,93.1,89.5,5.0,16.719,5.0,5.0,35.503
17.13,4,47.521,5.552,34.528000000000006,62.233000000000004,126.02,95.058,81.9,35.3,81.885,57.352,15.0,92.6,89.4,812.6,15.0,93.1,89.5,5.0,17.282,5.0,5.0,35.501999999999995
17.15,4,47.512,5.5440000000000005,34.189,62.11,125.882,94.82600000000001,81.9,35.3,81.804,57.373000000000005,15.0,92.6,89.4,812.6,15.0,93.1,89.5,5.0,18.107,5.0,5.0,35.501
17.17,4,47.103,5.45,34.46,61.49100000000001,125.851,95.115,81.9,35.3,81.758,57.385,15.0,92.6,89.4,812.6,15.0,93.1,89.5,5.0,18.537,5.0,5.0,35.501999999999995
17.19,4,47.092,5.596,34.396,61.735,125.743,95.058,81.9,35.3,81.733,57.391999999999996,15.0,92.6,89.4,812.6,15.0,93.1,89.5,5.0,18.981,5.0,5.0,35.5
17.21,4,47.176,5.452,34.486000000000004,62.096000000000004,125.696,95.086,81.9,35.3,81.719,57.395,15.0,92.6,89.4,812.6,15.0,93.1,89.5,5.0,19.218,5.0,5.0,35.488
17.23,4,47.077,5.615,34.260000000000005,62.391999999999996,125.495,94.942,81.812,35.3,81.66,57.397,15.0,92.6,89.4,812.6,15.0,93.1,89.5,5.0,19.334000000000003,5.0,5.0,35.486000000000004
17.25,4,46.955,5.502,34.195,62.303000000000004,125.52600000000001,94.942,81.763,35.3,81.59,57.398,15.0,92.6,89.4,812.6,15.0,93.1,89.5,5.0,19.392000000000003,5.0,5.0,35.486999999999995
17.27,4,47.176,5.797,34.322,61.887,125.52600000000001,95.14399999999999,81.736,35.3,81.551,57.398999999999994,15.0,92.6,89.4,812.6,15.0,93.1,89.5,5.0,19.463,5.0,5.0,35.480999999999995
17.29,4,47.033,5.569,34.30800000000001,61.68899999999999,125.448,95.0,81.72,35.3,81.529,57.45,15.0,92.6,89.4,812.6,15.0,93.1,89.5,5.0,19.461,5.0,5.0,35.483000000000004
17.31,4,46.73,5.492,34.251,61.986000000000004,125.355,95.173,81.711,35.3,81.46600000000001,57.515,15.0,92.6,89.4,812.6,15.0,93.1,89.5,5.0,19.401,5.0,5.0,35.484
17.33,6,47.181000000000004,5.596,34.225,5.0,125.24600000000001,94.913,81.706,35.3,81.35,57.552,15.0,92.6,89.4,812.6,15.0,93.1,89.5,5.0,19.479,5.0,5.0,35.489000000000004
17.35,6,46.443999999999996,5.481,33.926,5.0,125.16799999999999,95.058,81.704,35.3,81.28399999999999,57.573,15.0,92.6,89.4,812.6,15.0,93.1,89.5,5.0,19.85,5.0,5.0,35.473
17.37,6,46.077,5.53,34.096000000000004,5.0,125.18299999999999,95.0,81.702,35.3,81.247,57.585,15.0,92.6,89.4,812.6,15.0,93.1,89.5,5.0,19.832,5.0,5.0,35.641999999999996
17.39,6,45.944,5.456,34.025,5.0,125.027,95.23,81.70100000000001,35.3,81.17699999999999,57.592,15.0,92.6,89.4,812.6,15.0,93.1,89.5,5.0,19.879,5.0,5.0,36.534000000000006
17.41,6,46.361000000000004,5.449,34.193,5.0,124.93299999999999,95.173,81.70100000000001,35.3,81.056,57.595,15.0,92.6,89.4,812.6,15.0,93.1,89.5,5.0,20.012,5.0,5.0,38.03
17.43,6,45.833,5.473,33.992,5.0,124.99600000000001,94.971,81.7,35.3,80.988,57.597,15.0,92.6,89.4,812.6,15.0,93.1,89.5,5.0,20.224,5.0,5.0,39.492
17.45,6,45.998999999999995,5.46,33.927,5.0,124.917,94.884,81.7,35.3,80.92399999999999,57.648,15.0,92.6,89.4,812.6,15.0,93.1,89.5,5.0,20.540999999999997,5.0,5.0,40.727
17.47,6,46.028999999999996,5.456,33.656,5.0,124.88600000000001,94.768,81.7,35.3,80.82600000000001,57.715,15.0,92.6,89.4,812.6,15.0,93.1,89.5,5.0,20.869,5.0,5.0,41.535
17.49,6,46.151,5.448,33.312,5.0,124.713,94.884,81.7,35.3,80.771,57.751999999999995,15.0,92.6,89.4,812.6,15.0,93.1,89.5,5.0,21.179000000000002,5.0,5.0,42.126999999999995
17.51,6,46.43899999999999,5.448,32.686,5.0,124.619,94.884,81.65,35.3,80.69,57.773,15.0,92.6,89.4,812.6,15.0,93.1,89.5,5.0,21.42,5.0,5.0,42.556
17.53,6,46.198,5.45,32.533,5.0,124.524,94.82600000000001,81.584,35.3,80.607,57.785,15.0,92.6,89.4,812.6,15.0,93.1,89.5,5.0,21.604,5.0,5.0,42.905
17.55,6,45.942,5.448,31.945,5.0,124.524,95.0,81.547,35.3,80.56,57.791000000000004,15.0,92.6,89.4,812.6,15.0,93.1,89.5,5.0,21.584,5.0,5.0,43.204
17.57,6,46.173,5.451,31.706,5.0,124.461,94.71,81.527,35.3,80.484,57.795,15.0,92.6,89.4,812.6,15.0,93.1,89.5,5.0,21.674,5.0,5.0,43.389
17.59,6,45.883,5.548,31.166,5.0,124.382,95.373,81.515,35.3,80.36,57.797,15.0,92.6,89.4,812.6,15.0,93.1,89.5,5.0,21.656,5.0,5.0,43.571999999999996
17.61,6,46.284,5.5,30.844,5.0,124.288,94.71,81.508,35.3,80.29,57.798,15.0,92.6,89.4,812.6,15.0,93.1,89.5,5.0,21.774,5.0,5.0,43.733000000000004
17.63,6,45.806,5.538,30.609,5.0,124.193,94.942,81.505,35.3,80.20100000000001,57.849,15.0,92.6,89.4,812.6,15.0,93.1,89.5,5.0,21.767,5.0,5.0,43.914
17.65,6,45.797,5.635,30.428,5.0,124.066,95.20100000000001,81.503,35.3,80.069,57.915,15.0,92.6,89.45,812.6,15.0,93.1,89.5,5.0,21.947,5.0,5.0,44.045
17.67,6,45.963,5.474,30.169,5.0,124.145,95.259,81.501,35.3,79.995,57.952,15.0,92.6,89.516,812.6,15.0,93.1,89.5,5.0,22.015,5.0,5.0,44.208
17.69,6,45.922,5.452,29.975,5.0,124.12899999999999,94.71,81.501,35.3,79.866,57.973,15.0,92.6,89.553,812.6,15.0,93.1,89.5,5.0,22.208,5.0,5.0,44.354
17.71,6,45.251,5.51,29.543000000000003,5.0,124.05,94.797,81.5,35.3,79.793,57.985,15.0,92.6,89.57300000000001,812.6,15.0,93.1,89.5,5.0,22.28,5.0,5.0,44.513000000000005
17.73,6,45.501,5.668,29.462,5.0,123.986,95.086,81.45,35.3,79.665,57.992,15.0,92.6,89.585,812.6,15.0,93.1,89.5,5.0,22.359,5.0,5.0,44.643
17.75,6,45.705,5.574,29.441999999999997,5.0,123.891,95.058,81.385,35.3,79.593,57.995,15.0,92.6,89.592,812.6,15.0,93.1,89.5,5.0,22.344,5.0,5.0,44.796
17.77,6,45.423,5.507,29.305999999999997,5.0,123.74700000000001,95.28699999999999,81.348,35.3,79.465,57.997,15.0,92.6,89.595,812.6,15.0,93.1,89.5,5.0,22.381,5.0,5.0,44.954
17.79,6,45.632,5.8100000000000005,29.272,5.0,123.74700000000001,95.029,81.327,35.3,79.368,57.998000000000005,15.0,92.6,89.597,812.6,15.0,93.1,89.5,5.0,22.439,5.0,5.0,45.114000000000004
17.81,6,45.424,5.461,29.156,5.0,123.667,95.316,81.315,35.3,79.251,57.998999999999995,15.0,92.6,89.598,812.6,15.0,93.1,89.5,5.0,22.451,5.0,5.0,45.253
17.83,6,45.3,5.467,29.238000000000003,5.0,123.571,94.913,81.308,35.3,79.16,58.05,15.0,92.6,89.59899999999999,812.6,15.0,93.1,89.5,5.0,22.581,5.0,5.0,45.413000000000004
17.85,6,44.934,5.593,29.139,5.0,123.507,94.971,81.305,35.3,79.046,58.115,15.0,92.6,89.6,812.6,15.0,93.1,89.5,5.0,22.585,5.0,5.0,45.586999999999996
17.87,6,45.035,5.486,29.039,5.0,123.37899999999999,94.884,81.303,35.3,78.957,58.152,15.0,92.6,89.6,812.6,15.0,93.1,89.5,5.0,22.761,5.0,5.0,45.751999999999995
17.89,6,44.874,5.453,29.17,5.0,123.25,95.14399999999999,81.30199999999999,35.3,78.801,58.173,15.0,92.6,89.6,812.6,15.0,93.1,89.5,5.0,22.919,5.0,5.0,45.902
17.91,6,44.91,5.595,29.159000000000002,5.0,123.25,95.029,81.251,35.3,78.688,58.185,15.0,92.6,89.6,812.6,15.0,93.1,89.5,5.0,22.941,5.0,5.0,46.063
17.93,6,44.977,5.53,29.135,5.0,123.154,95.20100000000001,81.185,35.3,78.562,58.192,15.0,92.65,89.6,812.6,15.0,93.1,89.5,5.0,22.968,5.0,5.0,46.22
17.95,6,44.975,5.483,28.9,5.0,123.13799999999999,95.20100000000001,81.148,35.3,78.46600000000001,58.195,15.0,92.71600000000001,89.6,812.6,15.0,93.1,89.5,5.0,22.883,5.0,5.0,46.368
17.97,6,44.425,5.571,29.01,5.0,123.009,95.14399999999999,81.127,35.3,78.30600000000001,58.196999999999996,15.0,92.753,89.6,812.6,15.0,93.1,89.5,5.0,22.91,5.0,5.0,46.519
17.99,6,45.0,5.527,28.803,5.0,122.84700000000001,94.971,81.115,35.3,78.191,58.198,15.0,92.773,89.6,812.6,15.0,93.1,89.5,5.0,22.9,5.0,5.0,46.69
18.01,6,44.398,5.526,28.889,5.0,122.87899999999999,95.28699999999999,81.108,35.3,78.064,58.199,15.0,92.785,89.6,812.6,15.0,93.1,89.5,5.0,22.878,5.0,5.0,46.866
18.03,6,44.659,5.473,28.734,5.0,122.78200000000001,95.0,81.105,35.3,77.967,58.275,15.0,92.792,89.6,812.6,15.0,93.1,89.5,5.0,22.869,5.0,5.0,47.001
18.05,6,44.446999999999996,5.5809999999999995,28.721,5.0,122.79799999999999,95.20100000000001,81.10300000000001,35.3,77.80600000000001,58.373000000000005,15.0,92.795,89.6,812.6,15.0,93.1,89.5,5.0,22.618,5.0,5.0,47.123000000000005
18.07,6,44.263000000000005,5.515,28.717,5.0,122.766,95.402,81.102,35.3,77.691,58.428999999999995,15.0,92.797,89.6,812.6,15.0,93.1,89.5,5.0,22.505,5.0,5.0,47.304
18.09,6,44.181,5.514,28.639,5.0,122.652,95.115,81.051,35.3,77.564,58.46,15.0,92.79899999999999,89.6,812.6,15.0,93.1,89.5,5.0,22.482,5.0,5.0,47.443000000000005
18.11,6,44.39,5.617,28.65,5.0,122.555,95.23,80.985,35.3,77.467,58.477,15.0,92.79899999999999,89.6,812.6,15.0,93.1,89.5,5.0,22.347,5.0,5.0,47.579
18.13,6,44.72,5.607,28.514,5.0,122.506,95.0,80.94800000000001,35.3,77.30699999999999,58.486999999999995,15.0,92.8,89.6,812.6,15.0,93.169,89.5,5.0,22.283,5.0,5.0,47.732
18.15,6,43.664,5.604,28.730999999999998,5.0,122.375,95.23,80.92699999999999,35.3,77.191,58.493,15.0,92.8,89.6,812.6,15.0,93.226,89.5,5.0,22.465999999999998,5.0,5.0,47.87
18.17,6,43.93,5.454,28.633000000000003,5.0,122.34299999999999,95.115,80.915,35.3,77.064,58.496,15.0,92.8,89.6,812.6,15.0,93.258,89.5,5.0,22.459,5.0,5.0,48.016
18.19,6,43.929,5.577,28.476,5.0,122.294,95.20100000000001,80.908,35.3,76.967,58.498000000000005,15.0,92.8,89.6,812.6,15.0,93.277,89.5,5.0,22.434,5.0,5.0,48.167
18.21,6,44.014,5.555,28.267,5.0,122.212,94.82600000000001,80.905,35.3,76.85,58.549,15.0,92.8,89.6,812.6,15.0,93.28699999999999,89.5,5.0,22.329,5.0,5.0,48.265
18.23,6,43.589,5.548,28.54,5.0,122.163,95.23,80.903,35.3,76.75999999999999,58.615,15.0,92.8,89.6,812.6,15.0,93.293,89.5,5.0,22.32,5.0,5.0,48.422
18.25,6,43.723,5.497,28.522,5.0,122.015,95.402,80.902,35.3,76.602,58.652,15.0,92.8,89.6,812.6,15.0,93.296,89.5,5.0,22.38,5.0,5.0,48.546
18.27,6,43.575,5.459,28.241,5.0,122.081,95.14399999999999,80.851,35.3,76.489,58.673,15.0,92.8,89.6,812.6,15.0,93.298,89.5,5.0,22.343,5.0,5.0,48.695
18.29,6,43.683,5.764,28.309,5.0,121.98200000000001,95.0,80.785,35.3,76.31899999999999,58.685,15.0,92.8,89.6,812.6,15.0,93.29899999999999,89.5,5.0,22.468,5.0,5.0,48.803000000000004
18.31,6,43.503,5.524,28.404,5.0,121.818,94.942,80.748,35.3,76.19800000000001,58.691,15.0,92.8,89.6,812.6,15.0,93.29899999999999,89.5,5.0,22.486,5.0,5.0,48.946
18.33,6,43.546,5.6530000000000005,28.266,5.0,121.93299999999999,95.0,80.727,35.3,76.024,58.695,15.0,92.8,89.6,812.6,15.0,93.3,89.5,5.0,22.441,5.0,5.0,49.064
18.35,6,43.629,5.474,28.070999999999998,5.0,121.70200000000001,95.487,80.715,35.3,75.90100000000001,58.696999999999996,15.0,92.8,89.6,812.6,15.0,93.3,89.5,5.0,22.393,5.0,5.0,49.172
18.37,6,43.428000000000004,5.695,28.184,5.0,121.801,95.43,80.708,35.3,75.769,58.698,15.0,92.8,89.6,812.6,15.0,93.3,89.5,5.0,22.383,5.0,5.0,49.309
18.39,6,43.217,5.54,28.224,5.0,121.735,94.884,80.705,35.3,75.64500000000001,58.748999999999995,15.0,92.8,89.6,812.6,15.0,93.3,89.5,5.0,22.316,5.0,5.0,49.408
18.41,6,43.1,5.49,28.116999999999997,5.0,121.63600000000001,95.23,80.703,35.3,75.494,58.815,15.0,92.8,89.6,812.6,15.0,93.3,89.5,5.0,22.160999999999998,5.0,5.0,49.559
18.43,6,43.336,5.547,27.954,5.0,121.57,95.086,80.652,35.3,75.359,58.852,15.0,92.8,89.6,812.6,15.0,93.3,89.5,5.0,22.208,5.0,5.0,49.641999999999996
18.45,6,42.708,5.477,28.123,5.0,121.57,95.316,80.585,35.3,75.202,58.873000000000005,15.0,92.8,89.6,812.6,15.0,93.3,89.587,5.0,22.248,5.0,5.0,49.781
18.47,6,42.891,5.617,28.089000000000002,5.0,121.338,95.14399999999999,80.548,35.3,75.089,58.885,15.0,92.8,89.6,812.6,15.0,93.3,89.637,5.0,22.265,5.0,5.0,49.891999999999996
18.49,6,42.491,5.632,27.965,5.0,121.471,95.086,80.527,35.3,74.919,58.891999999999996,15.0,92.8,89.6,812.6,15.0,93.3,89.664,5.0,22.288,5.0,5.0,49.999
18.51,6,42.986999999999995,5.515,28.005,5.0,121.354,94.913,80.515,35.3,74.773,58.895,15.0,92.8,89.6,812.6,15.0,93.3,89.68,5.0,22.125,5.0,5.0,50.135
18.53,6,42.548,5.471,27.99,5.0,121.321,94.593,80.509,35.3,74.61,58.897,15.0,92.8,89.6,812.6,15.0,93.3,89.689,5.0,22.133,5.0,5.0,50.219
18.55,6,42.764,5.828,27.965999999999998,5.0,121.171,94.913,80.505,35.3,74.468,58.898,15.0,92.8,89.6,812.6,15.0,93.3,89.694,5.0,22.185,5.0,5.0,50.347
18.57,6,42.835,5.463,27.601999999999997,5.0,121.18799999999999,95.373,80.503,35.3,74.30699999999999,58.949,15.0,92.8,89.6,812.6,15.0,93.3,89.696,5.0,22.084,5.0,5.0,50.468
18.59,6,42.57,5.5489999999999995,27.752,5.0,121.071,95.173,80.452,35.3,74.191,59.015,15.0,92.8,89.6,812.6,15.0,93.3,89.69800000000001,5.0,22.065,5.0,5.0,50.598
18.61,6,42.306999999999995,5.491,28.031999999999996,5.0,121.021,94.82600000000001,80.385,35.3,74.064,59.052,15.0,92.8,89.6,812.6,15.0,93.3,89.699,5.0,22.077,5.0,5.0,50.724000000000004
18.63,6,42.431999999999995,5.453,27.869,5.0,120.971,94.623,80.348,35.3,73.967,59.073,15.0,92.8,89.6,812.6,15.0,93.3,89.699,5.0,22.125,5.0,5.0,50.809
18.65,6,42.692,5.515,27.816999999999997,5.0,120.988,94.971,80.327,35.3,73.80699999999999,59.085,15.0,92.8,89.6,812.6,15.0,93.3,89.7,5.0,22.117,5.0,5.0,50.896
18.67,6,42.374,5.497,27.985,5.0,120.837,95.0,80.315,35.3,73.691,59.092,15.0,92.8,89.6,812.6,15.0,93.3,89.7,5.0,22.143,5.0,5.0,51.019
18.69,6,42.41,5.741,27.689,5.0,120.887,94.855,80.309,35.3,73.52000000000001,59.095,15.0,92.8,89.6,812.6,15.0,93.3,89.7,5.0,22.273,5.0,5.0,51.107
18.71,6,42.109,5.496,27.694000000000003,5.0,120.585,95.345,80.305,35.3,73.399,59.097,15.0,92.8,89.6,812.6,15.0,93.3,89.7,5.0,22.279,5.0,5.0,51.243
18.73,6,41.616,5.453,27.665,5.0,120.551,95.23,80.303,35.3,73.22399999999999,59.098,15.0,92.8,89.6,812.6,15.0,93.3,89.7,5.0,22.155,5.0,5.0,51.348
18.75,6,42.367,5.453,27.5,5.0,120.46700000000001,94.971,80.252,35.3,73.101,59.148999999999994,15.0,92.8,89.6,812.6,15.0,93.3,89.7,5.0,22.168,5.0,5.0,51.43899999999999
18.77,6,42.14,5.515,27.73,5.0,120.366,95.086,80.185,35.3,72.926,59.215,15.0,92.8,89.6,812.6,15.0,93.3,89.7,5.0,22.234,5.0,5.0,51.545
18.79,6,42.205999999999996,5.469,27.748,5.0,120.4,94.797,80.148,35.3,72.80199999999999,59.251999999999995,15.0,92.8,89.6,812.6,15.0,93.3,89.7,5.0,22.277,5.0,5.0,51.665
18.81,6,41.677,5.566,27.673000000000002,5.0,120.383,95.058,80.127,35.3,72.626,59.273,15.0,92.8,89.6,812.6,15.0,93.3,89.7,5.0,22.25,5.0,5.0,51.754
18.83,6,41.865,5.5649999999999995,27.487,5.0,120.315,95.115,80.115,35.3,72.502,59.285,15.0,92.8,89.6,812.6,15.0,93.3,89.7,5.0,22.301,5.0,5.0,51.825
18.85,6,41.35,5.599,27.553,5.0,120.12899999999999,95.086,80.109,35.3,72.326,59.292,15.0,92.8,89.6,812.6,15.0,93.3,89.7,5.0,22.363,5.0,5.0,51.923
18.87,6,41.544000000000004,5.539,27.359,5.0,120.18,95.345,80.105,35.3,72.202,59.295,15.0,92.8,89.6,812.6,15.0,93.3,89.7,5.0,22.557000000000002,5.0,5.0,52.016999999999996
18.89,6,41.527,5.589,27.307,5.0,120.18,95.316,80.053,35.3,72.02600000000001,59.297,15.0,92.8,89.6,812.6,15.0,93.3,89.7,5.0,23.686,5.0,5.0,52.096000000000004
18.91,6,41.626,5.506,27.419,5.0,119.993,95.28699999999999,79.986,35.3,71.877,59.298,15.0,92.8,89.6,812.6,15.0,93.3,89.7,5.0,25.008,5.0,5.0,52.208999999999996
18.93,6,41.381,5.531,27.335,5.0,120.061,95.402,79.94800000000001,35.3,71.71199999999999,59.349,15.0,92.8,89.6,812.6,15.0,93.3,89.7,5.0,25.944000000000003,5.0,5.0,52.27
18.95,6,41.389,5.779,27.395,5.0,119.959,95.086,79.92699999999999,35.3,71.594,59.415,15.0,92.8,89.6,812.6,15.0,93.3,89.7,5.0,26.531,5.0,5.0,52.38399999999999
18.97,6,41.085,5.726,27.335,5.0,119.959,95.14399999999999,79.915,35.3,71.422,59.452,15.0,92.8,89.6,812.6,15.0,93.3,89.7,5.0,26.964000000000002,5.0,5.0,52.473
18.99,6,40.966,5.688,27.162,5.0,119.822,95.259,79.90899999999999,35.3,71.3,59.473,15.0,92.8,89.6,812.6,15.0,93.3,89.7,5.0,27.456,5.0,5.0,52.585
19.01,6,41.42,5.566,27.3,5.0,119.75399999999999,94.971,79.905,35.3,71.125,59.485,15.0,92.8,89.6,812.6,15.0,93.3,89.7,5.0,27.622,5.0,5.0,52.678000000000004
19.03,6,40.894,5.534,27.357,5.0,119.70299999999999,95.173,79.85300000000001,35.3,70.976,59.492,15.0,92.8,89.6,812.6,15.0,93.3,89.7,5.0,27.795,5.0,5.0,52.79
19.05,6,40.755,5.529,27.085,5.0,119.634,95.058,79.786,35.3,70.812,59.495,15.0,92.8,89.6,812.6,15.0,93.3,89.7,5.0,27.951999999999998,5.0,5.0,52.878
19.07,6,40.851,5.5440000000000005,27.171999999999997,5.0,119.53200000000001,95.23,79.748,35.3,70.669,59.497,15.0,92.8,89.6,812.6,15.0,93.3,89.7,5.0,27.948,5.0,5.0,52.986999999999995
19.09,6,40.702,5.651,27.164,5.0,119.566,95.173,79.727,35.3,70.50800000000001,59.498000000000005,15.0,92.8,89.6,812.6,15.0,93.3,89.7,5.0,27.906999999999996,5.0,5.0,53.078
19.11,6,40.539,5.53,27.105,5.0,119.463,95.14399999999999,79.715,35.3,70.392,59.549,15.0,92.8,89.6,812.6,15.0,93.3,89.7,5.0,27.906,5.0,5.0,53.226000000000006
19.13,6,40.783,5.511,27.183000000000003,5.0,119.39399999999999,95.43,79.709,35.3,70.22,59.615,15.0,92.8,89.6,812.6,15.0,93.3,89.7,5.0,27.994,5.0,5.0,53.294
19.15,6,40.586,5.519,27.064,5.0,119.274,95.086,79.705,35.3,70.074,59.652,15.0,92.8,89.6,812.6,15.0,93.3,89.7,5.0,27.903000000000002,5.0,5.0,53.431999999999995
19.17,6,40.855,5.453,26.954,5.0,119.34299999999999,95.20100000000001,79.653,35.3,69.91,59.673,15.0,92.8,89.6,812.6,15.0,93.3,89.7,5.0,28.009,5.0,5.0,53.562
19.19,6,40.904,5.5120000000000005,27.008000000000003,5.0,119.22200000000001,95.316,79.586,35.3,69.768,59.685,15.0,92.8,89.6,812.6,15.0,93.3,89.7,5.0,28.103,5.0,5.0,53.677
19.21,6,40.727,5.529,27.114,5.0,119.22200000000001,95.373,79.548,35.3,69.607,59.692,15.0,92.8,89.6,812.6,15.0,93.3,89.7,5.0,28.053,5.0,5.0,53.815
19.23,6,40.431999999999995,5.5120000000000005,27.055,5.0,119.17,95.487,79.527,35.3,69.467,59.695,15.0,92.8,89.6,812.6,15.0,93.3,89.7,5.0,28.064,5.0,5.0,53.966
19.25,6,40.218,5.572,27.018,5.0,119.205,95.173,79.515,35.3,69.30600000000001,59.696999999999996,15.0,92.8,89.6,812.6,15.0,93.3,89.7,5.0,27.965999999999998,5.0,5.0,54.08
19.27,6,40.571,5.521,26.989,5.0,119.03200000000001,95.173,79.509,35.3,69.166,59.698,15.0,92.8,89.6,812.6,15.0,93.3,89.7,5.0,27.991,5.0,5.0,54.243
19.29,6,40.114000000000004,5.545,26.949,5.0,118.945,95.173,79.505,35.3,69.006,59.748999999999995,15.0,92.8,89.6,812.6,15.0,93.3,89.7,5.0,27.941999999999997,5.0,5.0,54.386
19.31,6,40.318000000000005,5.5489999999999995,26.881999999999998,5.0,118.98,95.516,79.503,35.3,68.86600000000001,59.815,15.0,92.8,89.6,812.6,15.0,93.3,89.7,5.0,28.035,5.0,5.0,54.522
19.33,6,40.165,5.529,26.903000000000002,5.0,118.824,95.086,79.452,35.3,68.706,59.852,15.0,92.8,89.6,812.6,15.0,93.3,89.7,5.0,28.06,5.0,5.0,54.681000000000004
19.35,6,40.064,5.481,26.749000000000002,5.0,118.824,95.316,79.385,35.3,68.566,59.873000000000005,15.0,92.8,89.6,812.6,15.0,93.3,89.7,5.0,28.043000000000003,5.0,5.0,54.851000000000006
19.37,6,39.75,5.536,26.96,5.0,118.75399999999999,95.259,79.348,35.3,68.406,59.885,15.0,92.8,89.6,812.6,15.0,93.3,89.7,5.0,28.12,5.0,5.0,54.971000000000004
19.39,6,39.906,5.489,26.866,5.0,118.719,95.20100000000001,79.327,35.3,68.266,59.891999999999996,15.0,92.8,89.6,812.6,15.0,93.3,89.7,5.0,28.179000000000002,5.0,5.0,55.121
19.41,6,39.955,5.489,26.783,5.0,118.75399999999999,95.086,79.315,35.3,68.106,59.895,15.0,92.8,89.6,812.6,15.0,93.3,89.7,5.0,28.099,5.0,5.0,55.261
19.43,6,39.274,5.575,26.74,5.0,118.73700000000001,95.23,79.309,35.3,67.96600000000001,59.897,15.0,92.8,89.6,812.6,15.0,93.3,89.7,5.0,28.138,5.0,5.0,55.425
19.45,6,39.631,5.781,26.717,5.0,118.56200000000001,95.28699999999999,79.305,35.3,67.80600000000001,59.948,15.0,92.8,89.6,812.6,15.0,93.3,89.7,5.0,28.103,5.0,5.0,55.58
19.47,6,39.85,5.507,26.748,5.0,118.45700000000001,95.058,79.303,35.3,67.666,60.015,15.0,92.8,89.6,812.6,15.0,93.3,89.7,5.0,28.369,5.0,5.0,55.758
19.49,6,39.496,5.479,26.67,5.0,118.405,95.345,79.252,35.3,67.506,60.052,15.0,92.8,89.6,812.6,15.0,93.3,89.7,5.0,28.343000000000004,5.0,5.0,55.887
19.51,6,38.909,5.566,26.754,5.0,118.405,94.971,79.185,35.3,67.391,60.073,15.0,92.8,89.6,812.6,15.0,93.3,89.7,5.0,28.329,5.0,5.0,56.06100000000001
19.53,6,39.412,5.538,26.774,5.0,118.3,95.14399999999999,79.148,35.3,67.22,60.085,15.0,92.8,89.6,812.6,15.0,93.3,89.7,5.0,28.375,5.0,5.0,56.216
19.55,6,39.093,5.459,26.708000000000002,5.0,118.28200000000001,95.029,79.127,35.3,67.09899999999999,60.091,15.0,92.8,89.6,812.6,15.0,93.3,89.7,5.0,28.328000000000003,5.0,5.0,56.4
19.57,6,39.281,5.518,26.607,5.0,118.24700000000001,95.173,79.115,35.3,66.924,60.095,15.0,92.8,89.6,812.6,15.0,93.3,89.7,5.0,28.311999999999998,5.0,5.0,56.536
19.59,6,39.107,5.454,26.721999999999998,5.0,118.14200000000001,95.373,79.109,35.3,66.801,60.097,15.0,92.8,89.6,812.6,15.0,93.3,89.7,5.0,28.351,5.0,5.0,56.724
19.61,6,39.176,5.645,26.671,5.0,118.194,95.516,79.105,35.3,66.626,60.098,15.0,92.8,89.6,812.6,15.0,93.3,89.7,5.0,28.276,5.0,5.0,56.87
19.63,6,38.984,5.647,26.6,5.0,118.10600000000001,95.20100000000001,79.028,35.3,66.502,60.148999999999994,15.0,92.8,89.6,812.6,15.0,93.3,89.7,5.0,28.214000000000002,5.0,5.0,57.044
19.65,6,39.274,5.475,26.366,5.0,118.01799999999999,95.345,78.928,35.3,66.326,60.215,15.0,92.8,89.6,812.6,15.0,93.3,89.7,5.0,28.288,5.0,5.0,57.18899999999999
19.67,6,39.393,5.621,26.565,5.0,117.87700000000001,95.459,78.872,35.3,66.202,60.251999999999995,15.0,92.8,89.6,812.6,15.0,93.3,89.7,5.0,28.339000000000002,5.0,5.0,57.361999999999995
19.69,6,38.701,5.634,26.467,5.0,117.824,95.0,78.84100000000001,35.3,66.02600000000001,60.273,15.0,92.8,89.6,812.6,15.0,93.3,89.7,5.0,28.261999999999997,5.0,5.0,57.542
19.71,6,38.588,5.519,26.459,5.0,117.859,95.43,78.82300000000001,35.3,65.902,60.285,15.0,92.8,89.6,812.6,15.0,93.3,89.7,5.0,28.250999999999998,5.0,5.0,57.706
19.73,6,38.968,5.477,26.403000000000002,5.0,117.664,95.0,78.813,35.3,65.726,60.292,15.0,92.8,89.6,812.6,15.0,93.3,89.7,5.0,28.426,5.0,5.0,57.88
19.75,6,38.884,5.473,26.495,5.0,117.75299999999999,94.942,78.80699999999999,35.3,65.602,60.295,15.0,92.8,89.6,812.6,15.0,93.3,89.7,5.0,28.4,5.0,5.0,58.068999999999996
19.77,6,38.751,5.712,26.409000000000002,5.0,117.771,95.316,78.804,35.3,65.426,60.297,15.0,92.8,89.6,812.6,15.0,93.3,89.7,5.0,28.394000000000002,5.0,5.0,58.203
19.79,6,38.806999999999995,5.566,26.235,5.0,117.59299999999999,95.115,78.752,35.3,65.30199999999999,60.373000000000005,15.0,92.8,89.6,812.6,15.0,93.3,89.7,5.0,28.346,5.0,5.0,58.373000000000005
19.81,6,38.635,5.645,26.27,5.0,117.611,95.0,78.686,35.3,65.214,60.473,15.0,92.8,89.6,812.6,15.0,93.3,89.7,5.0,28.334,5.0,5.0,58.559
19.83,6,38.922,5.688,26.241,5.0,117.46799999999999,95.459,78.648,35.3,65.114,60.528,15.0,92.8,89.6,812.6,15.0,93.3,89.7,5.0,28.305999999999997,5.0,5.0,58.705
19.85,6,38.722,5.636,26.291999999999998,5.0,117.54,95.28699999999999,78.627,35.3,64.977,60.56,15.0,92.8,89.6,812.6,15.0,93.3,89.7,5.0,28.304000000000002,5.0,5.0,58.906000000000006
19.87,6,38.103,5.465,26.113000000000003,5.0,117.397,95.572,78.61500000000001,35.3,64.874,60.577,15.0,92.8,89.6,812.6,15.0,93.3,89.7,5.0,28.234,5.0,5.0,59.059
19.89,6,38.4,5.524,26.101999999999997,5.0,117.397,95.259,78.609,35.3,64.71100000000001,60.586999999999996,15.0,92.8,89.6,812.6,15.0,93.3,89.7,5.0,31.021,5.0,5.0,59.215
19.91,6,38.796,5.633,26.214000000000002,5.0,117.29,95.029,78.60499999999999,35.3,64.593,60.593,15.0,92.8,89.6,812.6,15.0,93.3,89.7,5.0,30.468000000000004,5.0,5.0,59.383
19.93,6,38.754,5.471,25.929000000000002,5.0,117.32600000000001,94.942,78.553,35.3,64.421,60.596000000000004,15.0,92.8,89.625,812.6,15.0,93.3,89.7,5.0,29.83,5.0,5.0,59.551
19.95,6,38.283,5.593,26.101,5.0,117.2,95.029,78.486,35.3,64.324,60.598,15.0,92.8,89.658,812.6,15.0,93.3,89.7,5.0,29.296999999999997,5.0,5.0,59.717
19.97,6,38.236999999999995,5.556,25.971,5.0,117.29,95.259,78.44800000000001,35.3,64.18299999999999,60.648999999999994,15.0,92.8,89.676,812.6,15.0,93.3,89.7,5.0,28.872,5.0,5.0,59.89
19.99,6,38.319,5.67,25.988000000000003,5.0,117.25399999999999,95.0,78.42699999999999,35.3,64.10300000000001,60.715,15.0,92.8,89.687,812.6,15.0,93.325,89.7,5.0,28.647,5.0,5.0,60.075
20.01,6,38.03,5.503,26.291999999999998,5.0,117.057,95.20100000000001,78.41499999999999,35.3,63.927,60.751999999999995,15.0,92.8,89.692,812.6,15.0,93.402,89.7,5.0,28.581,5.0,5.0,60.247
20.03,6,38.001,5.548,25.978,5.0,117.146,95.115,78.40899999999999,35.3,63.827,60.773,15.0,92.8,89.696,812.6,15.0,93.445,89.7,5.0,28.548000000000002,5.0,5.0,60.428000000000004
20.05,6,38.4,5.466,25.923000000000002,5.0,117.057,94.942,78.405,35.3,63.64,60.785,15.0,92.8,89.69800000000001,812.6,15.0,93.469,89.7,5.0,28.456999999999997,5.0,5.0,60.611000000000004
20.07,6,38.049,5.541,25.886999999999997,5.0,116.931,95.058,78.40299999999999,35.3,63.535,60.791000000000004,15.0,92.8,89.699,812.6,15.0,93.482,89.7,5.0,28.357,5.0,5.0,60.761
20.09,6,37.799,5.462,25.803,5.0,116.822,95.115,78.352,35.3,63.431999999999995,60.795,15.0,92.8,89.699,812.6,15.0,93.49,89.7,5.0,28.3,5.0,5.0,60.942
20.11,6,37.5,5.475,25.8,5.0,116.87700000000001,95.029,78.285,35.3,63.349,60.797,15.0,92.8,89.7,812.6,15.0,93.494,89.7,5.0,28.285999999999998,5.0,5.0,61.13
20.13,6,38.005,5.787,25.793000000000003,5.0,116.66,94.971,78.248,35.3,63.196999999999996,60.848,15.0,92.8,89.7,812.6,15.0,93.497,89.7,5.0,28.171,5.0,5.0,61.29600000000001
20.15,6,37.611999999999995,5.562,25.766,5.0,116.678,95.14399999999999,78.227,35.3,63.111000000000004,60.915,15.0,92.8,89.7,812.6,15.0,93.498,89.7,5.0,28.28,5.0,5.0,61.473
20.17,6,37.698,5.665,25.717,5.0,116.64200000000001,95.058,78.215,35.3,62.931000000000004,60.952,15.0,92.8,89.7,812.6,15.0,93.499,89.7,5.0,28.215999999999998,5.0,5.0,61.644
20.19,6,37.81,5.5969999999999995,25.77,5.0,116.73200000000001,95.173,78.209,35.3,62.83,60.973,15.0,92.8,89.7,812.6,15.0,93.499,89.7,5.0,28.184,5.0,5.0,61.82899999999999
20.21,6,37.79,5.529,25.857,5.0,116.551,95.115,78.205,35.3,62.641999999999996,60.985,15.0,92.8,89.7,812.6,15.0,93.5,89.7,5.0,28.236,5.0,5.0,61.983000000000004
20.23,6,37.534,5.486,25.805,5.0,116.53299999999999,94.884,78.203,35.3,62.536,60.99100000000001,15.0,92.8,89.7,812.6,15.0,93.5,89.7,5.0,28.275,5.0,5.0,62.152
20.25,6,37.064,5.57,25.676,5.0,116.369,95.316,78.202,35.3,62.433,60.995,15.0,92.8,89.7,812.6,15.0,93.5,89.7,5.0,28.313000000000002,5.0,5.0,62.333999999999996
20.27,6,37.376999999999995,5.655,25.539,5.0,116.551,95.459,78.15100000000001,35.3,62.375,60.997,15.0,92.8,89.7,812.6,15.0,93.5,89.7,5.0,28.302,5.0,5.0,62.537
20.29,6,37.292,5.568,25.636999999999997,5.0,116.333,95.28699999999999,78.08500000000001,35.3,62.211000000000006,61.048,15.0,92.8,89.7,812.6,15.0,93.5,89.7,5.0,28.285999999999998,5.0,5.0,62.681000000000004
20.31,6,37.274,5.529,25.502,5.0,116.46,95.259,78.048,35.3,62.119,61.115,15.0,92.8,89.7,812.6,15.0,93.5,89.7,5.0,28.15,5.0,5.0,62.872
20.33,6,37.185,5.766,25.599,5.0,116.26,95.20100000000001,78.027,35.3,61.95399999999999,61.152,15.0,92.8,89.7,812.6,15.0,93.5,89.7,5.0,28.168000000000003,5.0,5.0,63.019
20.35,6,37.271,5.854,25.749000000000002,5.0,116.223,95.086,78.015,35.3,61.843,61.173,15.0,92.8,89.7,812.6,15.0,93.5,89.7,5.0,28.263,5.0,5.0,63.198
20.37,6,37.041,5.472,25.496,5.0,116.07700000000001,95.373,78.00800000000001,35.3,61.693000000000005,61.185,15.0,92.8,89.7,812.6,15.0,93.5,89.7,5.0,28.281,5.0,5.0,63.379
20.39,6,36.468,5.5440000000000005,25.586,5.0,116.05799999999999,95.173,78.005,35.3,61.608999999999995,61.191,15.0,92.8,89.7,812.6,15.0,93.5,89.7,5.0,28.296,5.0,5.0,63.57
20.41,6,36.653000000000006,5.632,25.549,5.0,115.96700000000001,94.942,78.003,35.3,61.43,61.195,15.0,92.8,89.7,812.6,15.0,93.5,89.7,5.0,28.284000000000002,5.0,5.0,63.727
20.43,6,37.158,5.541,25.328,5.0,115.85600000000001,95.43,78.002,35.3,61.32899999999999,61.196999999999996,15.0,92.8,89.7,812.6,15.0,93.5,89.7,5.0,28.264,5.0,5.0,63.896
20.45,6,37.05,5.527,25.451,5.0,115.89299999999999,95.14399999999999,78.001,35.3,61.16,61.198,15.0,92.8,89.7,812.6,15.0,93.5,89.7,5.0,28.245,5.0,5.0,64.05799999999999
20.47,6,36.673,5.587,25.504,5.0,115.912,95.259,78.0,35.3,61.04600000000001,61.248999999999995,15.0,92.8,89.7,812.6,15.0,93.5,89.7,5.0,28.129,5.0,5.0,64.264
20.49,6,36.665,5.606,25.442,5.0,115.801,95.23,77.95,35.3,60.913999999999994,61.315,15.0,92.8,89.7,812.6,15.0,93.5,89.7,5.0,28.043000000000003,5.0,5.0,64.46100000000001
20.51,6,36.072,5.496,25.529,5.0,115.82,95.316,77.88499999999999,35.3,60.82,61.352,15.0,92.8,89.7,812.6,15.0,93.5,89.7,5.0,28.144000000000002,5.0,5.0,64.625
20.53,6,36.689,5.489,25.275,5.0,115.85600000000001,95.115,77.848,35.3,60.648999999999994,61.373000000000005,15.0,92.85,89.7,812.6,15.0,93.5,89.7,5.0,28.226,5.0,5.0,64.799
20.55,6,36.424,5.561,25.254,5.0,115.74600000000001,95.28699999999999,77.827,35.3,60.496,61.385,15.0,92.916,89.7,812.6,15.0,93.5,89.7,5.0,28.263,5.0,5.0,64.975
20.57,6,36.96,5.556,25.337,5.0,115.617,95.086,77.815,35.3,60.335,61.391999999999996,15.0,92.953,89.7,812.6,15.0,93.5,89.7,5.0,28.463,5.0,5.0,65.175
20.59,6,36.063,5.463,25.334,5.0,115.598,95.14399999999999,77.80799999999999,35.3,60.18899999999999,61.395,15.0,92.973,89.7,812.6,15.0,93.5,89.7,5.0,28.53,5.0,5.0,65.315
20.61,6,36.355000000000004,5.454,25.328,5.0,115.48700000000001,95.173,77.805,35.3,60.081,61.397,15.0,92.985,89.7,812.6,15.0,93.5,89.7,5.0,28.732,5.0,5.0,65.484
20.63,6,36.212,5.539,25.169,5.0,115.617,95.402,77.803,35.3,59.913999999999994,61.423,15.0,92.992,89.7,812.6,15.0,93.5,89.7,5.0,28.609,5.0,5.0,65.658
20.65,6,36.361000000000004,5.618,25.264,5.0,115.505,95.115,77.80199999999999,35.3,59.821000000000005,61.501000000000005,15.0,92.995,89.7,812.6,15.0,93.5,89.7,5.0,28.526999999999997,5.0,5.0,65.832
20.67,6,36.013000000000005,5.486,25.238,5.0,115.39399999999999,95.173,77.801,35.3,59.655,61.544,15.0,92.997,89.7,812.6,15.0,93.5,89.7,5.0,28.354,5.0,5.0,66.014
20.69,6,36.184,5.625,25.118,5.0,115.39399999999999,95.14399999999999,77.8,35.3,59.544,61.568999999999996,15.0,92.999,89.7,812.6,15.0,93.5,89.7,5.0,28.388,5.0,5.0,66.174
20.71,6,35.664,5.519,25.183,5.0,115.39399999999999,95.115,77.8,35.3,59.412,61.582,15.0,92.999,89.7,812.6,15.0,93.5,89.7,5.0,28.491,5.0,5.0,66.34700000000001
20.73,6,36.348,5.619,25.125999999999998,5.0,115.35700000000001,95.23,77.75,35.3,59.318999999999996,61.59,15.0,93.0,89.7,812.6,15.0,93.5,89.7,5.0,28.614,5.0,5.0,66.516
20.75,6,35.581999999999994,5.484,25.218,5.0,115.245,95.402,77.684,35.3,59.192,61.593999999999994,15.0,93.0,89.7,812.6,15.0,93.5,89.7,5.0,28.486,5.0,5.0,66.691
20.77,6,35.656,5.455,25.173,5.0,115.171,95.173,77.648,35.3,59.06399999999999,61.597,15.0,93.0,89.7,812.6,15.0,93.5,89.7,5.0,28.451999999999998,5.0,5.0,66.882
20.79,6,35.935,5.456,25.043,5.0,115.301,95.316,77.627,35.3,58.992,61.648,15.0,93.0,89.7,812.6,15.0,93.5,89.7,5.0,28.585,5.0,5.0,67.051
20.81,6,35.757,5.649,24.976,5.0,115.096,94.942,77.61500000000001,35.3,58.821000000000005,61.715,15.0,93.0,89.7,812.6,15.0,93.5,89.7,5.0,28.622,5.0,5.0,67.24100000000001
20.83,6,35.598,5.6129999999999995,24.897000000000002,5.0,115.115,95.115,77.608,35.3,58.724,61.751999999999995,15.0,93.0,89.7,812.6,15.0,93.5,89.7,5.0,28.549,5.0,5.0,67.404
20.85,6,35.689,5.584,24.862000000000002,5.0,115.152,95.14399999999999,77.60499999999999,35.3,58.551,61.773,15.0,93.0,89.7,812.6,15.0,93.5,89.7,5.0,28.539,5.0,5.0,67.579
20.87,6,35.706,5.531,24.992,5.0,114.965,94.681,77.60300000000001,35.3,58.397,61.785,15.0,93.0,89.7,812.6,15.0,93.5,89.7,5.0,28.586,5.0,5.0,67.766
20.89,6,35.164,5.524,24.942,5.0,114.852,95.0,77.602,35.3,58.286,61.791000000000004,15.0,93.0,89.7,812.6,15.0,93.5,89.7,5.0,28.607,5.0,5.0,67.94300000000001
20.91,6,35.012,5.5329999999999995,24.908,5.0,114.796,95.14399999999999,77.601,35.3,58.117,61.795,15.0,93.0,89.7,812.6,15.0,93.5,89.7,5.0,28.595,5.0,5.0,68.11600000000001
20.93,6,35.299,5.723,24.932000000000002,5.0,114.815,95.14399999999999,77.6,35.3,58.022,61.797,15.0,93.0,89.7,812.6,15.0,93.5,89.7,5.0,28.522,5.0,5.0,68.3
20.95,6,35.105000000000004,5.657,24.915,5.0,114.62700000000001,95.402,77.6,35.3,57.9,61.798,15.0,93.0,89.7,812.6,15.0,93.5,89.7,5.0,28.555,5.0,5.0,68.465
20.97,6,35.271,5.478,24.769000000000002,5.0,114.70200000000001,94.942,77.6,35.3,57.812,61.849,15.0,93.0,89.7,812.6,15.0,93.5,89.7,5.0,28.78,5.0,5.0,68.64500000000001
20.99,6,34.843,5.5440000000000005,25.037,5.0,114.57,94.681,77.55,35.3,57.651,61.915,15.0,93.0,89.7,812.6,15.0,93.5,89.7,5.0,28.639,5.0,5.0,68.821
21.01,6,35.233000000000004,5.723,24.674,5.0,114.589,94.768,77.484,35.3,57.541000000000004,61.952,15.0,93.0,89.7,812.6,15.0,93.5,89.7,5.0,28.552,5.0,5.0,69.007
21.03,6,34.956999999999994,5.623,24.773,5.0,114.51299999999999,95.058,77.447,35.3,57.428999999999995,61.973,15.0,93.0,89.7,812.6,15.0,93.5,89.7,5.0,28.524,5.0,5.0,69.155
21.05,6,35.125,5.571,24.541,5.0,114.419,95.28699999999999,77.42699999999999,35.3,57.285,61.985,15.0,93.0,89.7,812.6,15.0,93.5,89.7,5.0,28.484,5.0,5.0,69.332
21.07,6,34.971999999999994,5.689,24.641,5.0,114.36200000000001,94.855,77.41499999999999,35.3,57.20399999999999,61.992,15.0,93.0,89.7,812.6,15.0,93.5,89.7,5.0,28.516,5.0,5.0,69.511
21.09,6,34.702,5.546,24.667,5.0,114.34299999999999,94.681,77.408,35.3,57.04600000000001,61.995,15.0,93.0,89.7,812.6,15.0,93.5,89.7,5.0,28.475,5.0,5.0,69.688
21.11,6,35.077,5.466,24.758,5.0,114.34299999999999,94.913,77.405,35.3,56.938,61.997,15.0,93.0,89.7,812.6,15.0,93.5,89.7,5.0,28.476999999999997,5.0,5.0,69.87100000000001
21.13,6,34.913,5.467,24.655,5.0,114.34299999999999,94.82600000000001,77.40299999999999,35.3,56.853,62.023,15.0,93.0,89.7,812.6,15.0,93.5,89.7,5.0,28.469,5.0,5.0,70.043
21.15,6,34.230999999999995,5.538,24.611,5.0,114.381,95.173,77.402,35.3,56.698,62.101000000000006,15.0,93.0,89.7,812.6,15.0,93.5,89.7,5.0,28.498,5.0,5.0,70.217
21.17,6,34.620999999999995,5.477,24.683,5.0,114.324,94.913,77.40100000000001,35.3,56.611999999999995,62.144,15.0,93.0,89.7,812.6,15.0,93.5,89.7,5.0,28.456,5.0,5.0,70.38
21.19,6,34.572,5.47,24.651,5.0,114.24799999999999,94.971,77.4,35.3,56.494,62.169,15.0,93.0,89.7,812.6,15.0,93.5,89.7,5.0,28.555999999999997,5.0,5.0,70.594
21.21,6,34.413,5.507,24.499000000000002,5.0,114.191,94.681,77.4,35.3,56.409,62.181999999999995,15.0,93.0,89.7,812.6,15.0,93.5,89.7,5.0,28.736,5.0,5.0,70.764
21.23,6,34.122,5.588,24.623,5.0,114.152,95.029,77.4,35.3,56.286,62.19,15.0,93.0,89.7,812.6,15.0,93.5,89.7,5.0,28.83,5.0,5.0,70.93199999999999
21.25,6,34.714,5.5,24.167,5.0,114.21,94.913,77.4,35.3,56.161,62.193999999999996,15.0,93.0,89.7,812.6,15.0,93.5,89.7,5.0,28.921999999999997,5.0,5.0,71.095
21.27,6,33.929,5.535,24.438,5.0,114.07600000000001,94.971,77.35,35.3,56.091,62.196999999999996,15.0,93.0,89.7,812.6,15.0,93.5,89.7,5.0,29.078000000000003,5.0,5.0,71.295
21.29,6,34.387,5.48,24.246,5.0,114.0,94.913,77.28399999999999,35.3,55.938,62.223,15.0,93.0,89.7,812.6,15.0,93.5,89.7,5.0,29.064,5.0,5.0,71.451
21.31,6,33.848,5.572,24.544,5.0,114.01899999999999,94.884,77.247,35.3,55.834,62.301,15.0,93.0,89.7,812.6,15.0,93.5,89.7,5.0,29.131999999999998,5.0,5.0,71.631
21.33,6,33.976,5.7490000000000006,24.295,5.0,113.904,94.913,77.227,35.3,55.75,62.343999999999994,15.0,93.0,89.7,812.6,15.0,93.5,89.7,5.0,29.095,5.0,5.0,71.81700000000001
21.35,6,33.925,5.635,24.165,5.0,113.82700000000001,94.971,77.215,35.3,55.597,62.369,15.0,93.0,89.7,812.6,15.0,93.5,89.7,5.0,29.264,5.0,5.0,71.998
21.37,6,33.998000000000005,5.5120000000000005,24.305,5.0,113.84700000000001,95.0,77.208,35.3,55.510999999999996,62.382,15.0,93.0,89.7,812.6,15.0,93.5,89.7,5.0,29.11,5.0,5.0,72.158
21.39,6,34.437,5.455,24.23,5.0,113.789,95.23,77.205,35.3,55.419000000000004,62.39,15.0,93.0,89.7,812.6,15.0,93.5,89.725,5.0,29.101999999999997,5.0,5.0,72.352
21.41,6,33.741,5.5,24.211,5.0,113.712,95.316,77.203,35.3,55.367,62.394,15.0,93.0,89.7,812.6,15.0,93.5,89.758,5.0,29.445999999999998,5.0,5.0,72.53800000000001
21.43,6,33.944,5.453,24.125999999999998,5.0,113.616,95.115,77.201,35.3,55.313,62.397,15.0,93.0,89.7,812.6,15.0,93.5,89.77600000000001,5.0,29.397,5.0,5.0,72.719
21.45,6,33.512,5.507,24.305,5.0,113.693,94.797,77.201,35.3,55.176,62.398,15.0,93.0,89.7,812.6,15.0,93.5,89.78699999999999,5.0,29.293000000000003,5.0,5.0,72.899
21.47,6,33.823,5.459,24.192,5.0,113.693,95.058,77.2,35.3,55.099000000000004,62.424,15.0,93.0,89.7,812.6,15.0,93.5,89.792,5.0,29.108,5.0,5.0,73.046
21.49,6,33.68300000000001,5.453,24.134,5.0,113.539,94.884,77.2,35.3,54.986999999999995,62.457,15.0,93.0,89.7,812.6,15.0,93.5,89.796,5.0,29.026999999999997,5.0,5.0,73.255
21.51,6,33.637,5.48,24.185,5.0,113.539,94.971,77.2,35.3,54.905,62.476000000000006,15.0,93.0,89.7,812.6,15.0,93.5,89.798,5.0,29.039,5.0,5.0,73.424
21.53,6,33.437,5.522,24.135,5.0,113.44200000000001,95.43,77.2,35.3,54.834,62.486000000000004,15.0,93.0,89.7,812.6,15.0,93.5,89.79899999999999,5.0,28.846999999999998,5.0,5.0,73.59100000000001
21.55,6,33.221000000000004,5.492,24.271,5.0,113.461,95.086,77.2,35.3,54.688,62.492,15.0,93.0,89.7,812.6,15.0,93.5,89.79899999999999,5.0,29.08,5.0,5.0,73.779
21.57,6,33.144999999999996,5.455,24.137999999999998,5.0,113.365,95.14399999999999,77.2,35.3,54.606,62.496,15.0,93.0,89.7,812.6,15.0,93.5,89.8,5.0,28.881,5.0,5.0,73.96100000000001
21.59,6,33.756,5.46,23.977999999999998,5.0,113.365,95.0,77.2,35.3,54.509,62.498000000000005,15.0,93.0,89.7,812.6,15.0,93.5,89.8,5.0,28.842,5.0,5.0,74.133
21.61,6,33.196,5.514,24.000999999999998,5.0,113.345,94.942,77.113,35.3,54.374,62.498999999999995,15.0,93.0,89.7,812.6,15.0,93.5,89.8,5.0,28.815,5.0,5.0,74.332
21.63,6,33.575,5.574,23.936,5.0,113.306,95.115,77.063,35.3,54.298,62.498999999999995,15.0,93.0,89.7,812.6,15.0,93.5,89.8,5.0,28.683000000000003,5.0,5.0,74.49
21.65,6,33.684,5.479,23.837,5.0,113.287,95.0,77.036,35.3,54.23,62.575,15.0,93.0,89.7,812.6,15.0,93.5,89.8,5.0,28.805999999999997,5.0,5.0,74.668
21.67,6,33.498000000000005,5.663,23.768,5.0,113.19,95.058,77.02000000000001,35.3,54.086,62.673,15.0,93.0,89.7,812.6,15.0,93.5,89.8,5.0,28.693,5.0,5.0,74.842
21.69,6,33.144999999999996,5.768,23.776,5.0,113.19,95.402,77.011,35.3,54.004,62.729,15.0,93.0,89.7,812.6,15.0,93.5,89.8,5.0,28.8,5.0,5.0,75.027
21.71,6,33.219,5.482,23.791,5.0,113.19,95.23,77.006,35.3,53.934,62.76,15.0,93.0,89.7,812.6,15.0,93.5,89.8,5.0,28.79,5.0,5.0,75.232
21.73,6,33.129000000000005,5.585,23.675,5.0,113.014,95.316,77.00399999999999,35.3,53.788000000000004,62.777,15.0,93.0,89.7,812.6,15.0,93.5,89.8,5.0,28.785,5.0,5.0,75.374
21.75,6,33.234,5.458,23.807000000000002,5.0,113.131,95.316,77.002,35.3,53.705999999999996,62.787,15.0,93.0,89.7,812.6,15.0,93.5,89.8,5.0,28.758000000000003,5.0,5.0,75.572
21.77,6,33.141999999999996,5.755,23.599,5.0,113.11200000000001,95.345,77.001,35.3,53.634,62.793,15.0,93.0,89.7,812.6,15.0,93.5,89.8,5.0,28.651999999999997,5.0,5.0,75.749
21.79,6,32.925,5.485,23.704,5.0,112.87799999999999,95.28699999999999,77.001,35.3,53.488,62.79600000000001,15.0,93.0,89.7,812.6,15.0,93.5,89.8,5.0,28.525,5.0,5.0,75.923
21.81,6,32.620000000000005,5.49,23.724,5.0,112.975,95.20100000000001,77.0,35.3,53.406,62.798,15.0,93.0,89.7,812.6,15.0,93.5,89.8,5.0,28.511,5.0,5.0,76.079
21.83,6,33.171,5.464,23.647000000000002,5.0,112.917,95.373,77.0,35.3,53.31,62.824,15.0,93.0,89.7,812.6,15.0,93.5,89.8,5.0,28.406999999999996,5.0,5.0,76.312
21.85,6,32.745000000000005,5.6,23.625,5.0,112.85799999999999,95.28699999999999,77.0,35.3,53.174,62.901,15.0,93.0,89.7,812.6,15.0,93.5,89.8,5.0,28.338,5.0,5.0,76.45100000000001
21.87,6,32.342,5.463,23.685,5.0,112.681,95.43,77.0,35.3,53.098,62.943999999999996,15.0,93.0,89.7,812.6,15.0,93.5,89.8,5.0,28.474,5.0,5.0,76.63600000000001
21.89,6,32.296,5.49,23.748,5.0,112.819,95.345,77.0,35.3,53.005,62.968999999999994,15.0,93.0,89.7,812.6,15.0,93.5,89.8,5.0,28.54,5.0,5.0,76.796
21.91,6,32.370000000000005,5.531,23.381,5.0,112.721,95.14399999999999,77.0,35.3,52.915,62.982,15.0,93.0,89.7,812.6,15.0,93.5,89.8,5.0,28.551,5.0,5.0,76.973
21.93,6,32.340999999999994,5.609,23.413,5.0,112.76,95.459,77.0,35.3,52.865,62.99,15.0,93.0,89.7,812.6,15.0,93.5,89.8,5.0,28.534000000000002,5.0,5.0,77.156
21.95,6,32.506,5.513,23.627,5.0,112.79899999999999,95.345,77.0,35.3,52.743,62.994,15.0,93.0,89.7,812.6,15.0,93.5,89.8,5.0,28.371,5.0,5.0,77.316
21.97,6,32.539,5.537,23.467,5.0,112.54299999999999,95.373,77.0,35.3,52.637,62.997,15.0,93.0,89.7,812.6,15.0,93.5,89.8,5.0,28.355,5.0,5.0,77.512
21.99,6,32.16,5.787,23.363,5.0,112.64200000000001,95.28699999999999,77.0,35.3,52.577,63.023,15.0,93.0,89.7,812.6,15.0,93.5,89.8,5.0,28.314,5.0,5.0,77.668
22.01,6,32.21,5.529,23.487000000000002,5.0,112.56299999999999,95.23,77.0,35.3,52.455999999999996,63.101000000000006,15.0,93.0,89.7,812.6,15.0,93.5,89.8,5.0,28.256,5.0,5.0,77.869
22.03,6,32.298,5.49,23.427,5.0,112.50399999999999,94.73899999999999,77.0,35.3,52.388000000000005,63.144,15.0,93.0,89.7,812.6,15.0,93.5,89.8,5.0,28.162,5.0,5.0,78.023
22.05,6,32.004999999999995,5.453,23.256,5.0,112.64200000000001,95.14399999999999,76.975,35.3,52.324,63.169,15.0,93.0,89.7,812.6,15.0,93.5,89.8,5.0,28.299,5.0,5.0,78.22
22.07,6,31.896,5.466,23.316,5.0,112.405,94.855,76.94200000000001,35.3,52.181999999999995,63.181999999999995,15.0,93.0,89.7,812.6,15.0,93.5,89.8,5.0,28.304000000000002,5.0,5.0,78.39699999999999
22.09,6,32.153999999999996,5.461,23.224,5.0,112.425,95.316,76.924,35.3,52.103,63.19,15.0,93.0,89.7,812.6,15.0,93.5,89.8,5.0,28.311999999999998,5.0,5.0,78.583
22.11,6,31.471999999999998,5.501,23.593,5.0,112.346,95.345,76.91300000000001,35.3,52.058,63.193999999999996,15.0,93.0,89.7,812.6,15.0,93.5,89.8,5.0,28.419,5.0,5.0,78.759
22.13,6,31.758000000000003,5.482,23.386,5.0,112.445,95.601,76.908,35.3,51.900999999999996,63.196999999999996,15.0,93.0,89.7,812.6,15.0,93.5,89.8,5.0,28.338,5.0,5.0,78.953
22.15,6,31.239,5.58,23.362000000000002,5.0,112.227,95.459,76.904,35.3,51.813,63.223,15.0,93.0,89.7,812.6,15.0,93.5,89.8,5.0,28.438000000000002,5.0,5.0,79.13600000000001
22.17,6,31.495,5.589,23.29,5.0,112.18700000000001,95.086,76.902,35.3,51.764,63.257,15.0,93.0,89.7,812.6,15.0,93.5,89.8,5.0,29.348000000000003,5.0,5.0,79.311
22.19,6,31.805,5.48,23.234,5.0,112.306,95.173,76.90100000000001,35.3,51.648,63.276,15.0,93.0,89.7,812.6,15.0,93.5,89.8,5.0,29.346,5.0,5.0,79.477
22.21,6,31.123,5.461,23.285999999999998,5.0,112.306,95.173,76.90100000000001,35.3,51.583,63.286,15.0,93.0,89.7,812.6,15.0,93.5,89.8,5.0,29.239,5.0,5.0,79.641
22.23,6,31.616,5.531,23.311,5.0,112.147,95.77,76.9,35.3,51.522,63.292,15.0,93.0,89.7,812.6,15.0,93.5,89.8,5.0,29.034000000000002,5.0,5.0,79.83800000000001
22.25,6,31.985,5.497,23.247,5.0,112.04799999999999,95.601,76.9,35.3,51.381,63.29600000000001,15.0,93.0,89.7,812.6,15.0,93.5,89.8,5.0,28.901,5.0,5.0,80.015
22.27,6,31.49,5.518,23.124000000000002,5.0,112.10700000000001,95.402,76.9,35.3,51.302,63.298,15.0,93.0,89.7,812.6,15.0,93.5,89.8,5.0,28.843000000000004,5.0,5.0,80.203
22.29,6,31.39,5.518,23.284000000000002,5.0,112.147,95.029,76.9,35.3,51.257,63.299,15.0,93.0,89.7,812.6,15.0,93.569,89.8,5.0,28.75,5.0,5.0,80.37
22.31,6,31.496,5.545,23.041,5.0,111.988,95.23,76.9,35.3,51.145,63.324,15.0,93.0,89.7,812.6,15.0,93.626,89.8,5.0,28.671,5.0,5.0,80.557
22.33,6,31.747,5.5760000000000005,23.175,5.0,112.087,95.115,76.9,35.3,51.080999999999996,63.401,15.0,93.0,89.7,812.6,15.0,93.658,89.8,5.0,28.75,5.0,5.0,80.741
22.35,6,31.273000000000003,5.629,22.930999999999997,5.0,112.068,95.14399999999999,76.9,35.3,51.021,63.443999999999996,15.0,93.0,89.7,812.6,15.0,93.67699999999999,89.8,5.0,28.583000000000002,5.0,5.0,80.916
22.37,6,31.348000000000003,5.526,23.02,5.0,111.96799999999999,95.373,76.9,35.3,50.88,63.468999999999994,15.0,93.0,89.7,812.6,15.0,93.687,89.8,5.0,28.662,5.0,5.0,81.107
22.39,6,31.340999999999998,5.5280000000000005,22.955,5.0,111.988,95.20100000000001,76.9,35.3,50.802,63.482,15.0,93.0,89.7,812.6,15.0,93.693,89.8,5.0,28.774,5.0,5.0,81.291
22.41,6,31.303,5.748,22.822,5.0,111.948,95.058,76.9,35.3,50.757,63.49,15.0,93.0,89.7,812.6,15.0,93.696,89.8,5.0,28.685,5.0,5.0,81.47
22.43,6,31.559,5.483,22.667,5.0,111.70700000000001,95.086,76.9,35.3,50.645,63.494,15.0,93.0,89.7,812.6,15.0,93.69800000000001,89.8,5.0,28.639,5.0,5.0,81.649
22.45,6,31.365,5.481,23.015,5.0,111.667,95.402,76.9,35.3,50.580999999999996,63.497,15.0,93.0,89.7,812.6,15.0,93.699,89.8,5.0,28.504,5.0,5.0,81.84100000000001
22.47,6,31.249000000000002,5.591,22.868,5.0,111.727,95.23,76.9,35.3,50.521,63.498000000000005,15.0,93.0,89.7,812.6,15.0,93.699,89.8,5.0,28.585,5.0,5.0,82.017
22.49,6,30.958000000000002,5.537,22.929000000000002,5.0,111.74799999999999,95.345,76.9,35.3,50.38,63.523999999999994,15.0,93.0,89.7,812.6,15.0,93.7,89.8,5.0,28.546999999999997,5.0,5.0,82.187
22.51,6,31.031999999999996,5.678,22.949,5.0,111.70700000000001,95.316,76.9,35.3,50.301,63.601000000000006,15.0,93.0,89.7,812.6,15.0,93.7,89.8,5.0,28.473000000000003,5.0,5.0,82.376
22.53,6,31.046999999999997,5.524,23.12,5.0,111.68700000000001,95.058,76.9,35.3,50.257,63.644,15.0,93.0,89.7,812.6,15.0,93.7,89.8,5.0,28.436999999999998,5.0,5.0,82.535
22.55,6,30.993000000000002,5.642,22.671,5.0,111.506,95.058,76.9,35.3,50.145,63.669,15.0,93.0,89.7,812.6,15.0,93.7,89.8,5.0,28.518,5.0,5.0,82.71300000000001
22.57,6,30.795,5.596,22.659000000000002,5.0,111.62700000000001,95.28699999999999,76.9,35.3,50.080999999999996,63.681999999999995,15.0,93.0,89.7,812.6,15.0,93.7,89.8,5.0,28.305,5.0,5.0,82.92
22.59,6,30.908,5.538,22.511,5.0,111.566,95.459,76.9,35.3,50.046,63.69,15.0,93.0,89.7,812.6,15.0,93.7,89.8,5.0,28.267,5.0,5.0,83.072
22.61,6,31.434,5.465,22.757,5.0,111.566,95.601,76.9,35.3,49.938,63.693999999999996,15.0,93.0,89.7,812.6,15.0,93.7,89.8,5.0,28.256999999999998,5.0,5.0,83.259
22.63,6,30.398000000000003,5.536,22.837,5.0,111.304,95.43,76.9,35.3,49.878,63.696999999999996,15.0,93.0,89.7,812.6,15.0,93.7,89.8,5.0,28.301,5.0,5.0,83.467
22.65,6,30.541999999999998,5.788,22.75,5.0,111.425,95.516,76.9,35.3,49.819,63.698,15.0,93.0,89.7,812.6,15.0,93.7,89.8,5.0,28.224,5.0,5.0,83.619
22.67,6,30.704,5.5809999999999995,22.756,5.0,111.304,95.14399999999999,76.85,35.3,49.679,63.724,15.0,93.0,89.7,812.6,15.0,93.7,89.8,5.0,28.201999999999998,5.0,5.0,83.805
22.69,6,30.561,5.622,22.669,5.0,111.506,95.402,76.78399999999999,35.3,49.601,63.801,15.0,93.0,89.7,812.6,15.0,93.7,89.8,5.0,28.178,5.0,5.0,83.995
22.71,6,30.651,5.643,22.577,5.0,111.405,95.173,76.747,35.3,49.556999999999995,63.843999999999994,15.0,93.0,89.7,812.6,15.0,93.7,89.8,5.0,27.965999999999998,5.0,5.0,84.155
22.73,6,30.79,5.813,22.612000000000002,5.0,111.182,95.43,76.727,35.3,49.444,63.869,15.0,93.0,89.7,812.6,15.0,93.7,89.8,5.0,27.515,5.0,5.0,84.346
22.75,6,30.805,5.506,22.495,5.0,111.36399999999999,95.572,76.715,35.3,49.381,63.882,15.0,93.0,89.7,812.6,15.0,93.7,89.8,5.0,27.057,5.0,5.0,84.539
22.77,6,30.502,5.569,22.31,5.0,111.20200000000001,95.43,76.708,35.3,49.346,63.89,15.0,93.0,89.7,812.6,15.0,93.7,89.8,5.0,26.646,5.0,5.0,84.714
22.79,6,30.607,5.546,22.544,5.0,111.182,95.316,76.705,35.3,49.238,63.894,15.0,93.0,89.7,812.6,15.0,93.7,89.8,5.0,26.519000000000002,5.0,5.0,84.9
22.81,6,30.642,6.029,22.399,5.0,111.06,95.487,76.703,35.3,49.178000000000004,63.897,15.0,93.0,89.7,812.6,15.0,93.7,89.8,5.0,26.386999999999997,5.0,5.0,85.093
22.83,6,29.969,5.676,22.442999999999998,5.0,111.1,95.316,76.701,35.3,49.144,63.898,15.0,93.0,89.7,812.6,15.0,93.7,89.8,5.0,26.439,5.0,5.0,85.273
22.85,6,30.026,5.872,22.42,5.0,110.999,95.20100000000001,76.701,35.3,48.993,63.924,15.0,93.0,89.7,812.6,15.0,93.7,89.8,5.0,26.443,5.0,5.0,85.462
22.87,6,30.435,5.668,22.246,5.0,111.039,95.459,76.7,35.3,48.909,64.045,15.0,93.0,89.7,812.6,15.0,93.7,89.8,5.0,26.309,5.0,5.0,85.663
22.89,6,30.537,5.508,22.396,5.0,110.978,95.373,76.7,35.3,48.861,64.113,15.0,93.0,89.7,812.6,15.0,93.7,89.8,5.0,26.244,5.0,5.0,85.835
22.91,6,29.921,5.611,22.43,5.0,110.73200000000001,95.173,76.7,35.3,48.747,64.15100000000001,15.0,93.0,89.7,812.6,15.0,93.7,89.8,5.0,26.189,5.0,5.0,86.042
22.93,6,29.939,5.55,22.301,5.0,110.896,95.686,76.7,35.3,48.683,64.172,15.0,93.0,89.7,812.6,15.0,93.7,89.8,5.0,26.164,5.0,5.0,86.22800000000001
22.95,6,30.244,5.5489999999999995,22.277,5.0,110.794,95.459,76.7,35.3,48.646,64.184,15.0,93.0,89.7,812.6,15.0,93.7,89.8,5.0,26.141,5.0,5.0,86.428
22.97,6,30.116999999999997,5.524,22.379,5.0,110.896,95.373,76.7,35.3,48.539,64.191,15.0,93.0,89.7,812.6,15.0,93.7,89.8,5.0,26.114,5.0,5.0,86.62100000000001
22.99,6,29.889,5.754,22.309,5.0,110.794,95.43,76.7,35.3,48.478,64.195,15.0,93.0,89.7,812.6,15.0,93.7,89.8,5.0,25.989,5.0,5.0,86.822
23.01,6,29.81,5.522,22.288,5.0,110.712,95.601,76.7,35.3,48.444,64.197,15.0,93.0,89.7,812.6,15.0,93.7,89.8,5.0,26.108,5.0,5.0,87.013
23.03,6,29.314,5.773,22.105999999999998,5.0,110.691,95.572,76.7,35.3,48.336999999999996,64.19800000000001,15.0,93.0,89.7,812.6,15.0,93.7,89.8,5.0,26.096,5.0,5.0,87.242
23.05,6,29.565,5.624,22.03,5.0,110.568,95.43,76.7,35.3,48.277,64.199,15.0,93.0,89.7,812.6,15.0,93.7,89.8,5.0,26.09,5.0,5.0,87.425
23.07,6,29.784000000000002,5.646,21.93,5.0,110.63,95.487,76.7,35.3,48.243,64.243,15.0,93.0,89.7,812.6,15.0,93.7,89.8,5.0,26.189,5.0,5.0,87.665
23.09,6,29.899,5.506,22.14,5.0,110.691,95.402,76.7,35.3,48.137,64.268,15.0,93.0,89.7,812.6,15.0,93.7,89.8,5.0,26.261,5.0,5.0,87.884
23.11,6,29.436,5.525,22.041,5.0,110.63,95.544,76.7,35.3,48.077,64.282,15.0,93.0,89.7,812.6,15.0,93.7,89.8,5.0,26.288,5.0,5.0,88.112
23.13,6,29.717,5.493,21.974,5.0,110.588,95.544,76.7,35.3,48.043,64.28999999999999,15.0,93.0,89.7,812.6,15.0,93.7,89.8,5.0,26.166999999999998,5.0,5.0,88.318
23.15,6,29.419,5.587,22.088,5.0,110.402,95.14399999999999,76.7,35.3,47.937,64.294,15.0,93.0,89.7,812.6,15.0,93.7,89.8,5.0,26.09,5.0,5.0,88.517
23.17,6,29.491999999999997,5.636,22.037,5.0,110.444,95.459,76.7,35.3,47.876999999999995,64.297,15.0,93.0,89.7,812.6,15.0,93.7,89.8,5.0,26.049,5.0,5.0,88.741
23.19,6,28.951999999999998,5.526,21.962,5.0,110.42299999999999,95.345,76.7,35.3,47.843,64.298,15.0,93.0,89.7,812.6,15.0,93.7,89.8,5.0,26.013,5.0,5.0,88.952
23.21,6,29.068,5.5489999999999995,22.119,5.0,110.361,95.402,76.7,35.3,47.736999999999995,64.324,15.0,93.0,89.7,812.6,15.0,93.7,89.8,5.0,26.0,5.0,5.0,89.16199999999999
23.23,6,28.916,5.695,21.94,5.0,110.21600000000001,95.487,76.7,35.3,47.677,64.40100000000001,15.0,93.0,89.7,812.6,15.0,93.7,89.8,5.0,26.016,5.0,5.0,89.396
23.25,6,29.561999999999998,5.524,21.752,5.0,110.29899999999999,95.43,76.7,35.3,47.643,64.44399999999999,15.0,93.0,89.7,812.6,15.0,93.7,89.8,5.0,26.09,5.0,5.0,89.623
23.27,6,28.886,5.497,21.910999999999998,5.0,110.195,95.43,76.7,35.3,47.537,64.469,15.0,93.0,89.7,812.6,15.0,93.7,89.8,5.0,26.186,5.0,5.0,89.827
23.29,6,29.014,5.564,21.729,5.0,110.008,95.173,76.7,35.3,47.477,64.482,15.0,93.0,89.7,812.6,15.0,93.7,89.8,5.0,26.17,5.0,5.0,90.039
23.31,6,28.658,5.494,21.659000000000002,5.0,110.17399999999999,95.173,76.7,35.3,47.443000000000005,64.49000000000001,15.0,93.0,89.7,812.6,15.0,93.7,89.8,5.0,26.12,5.0,5.0,90.26
23.33,6,28.913,5.943,21.725,5.0,110.133,95.058,76.7,35.3,47.336999999999996,64.494,15.0,93.0,89.7,812.6,15.0,93.7,89.8,5.0,26.128,5.0,5.0,90.455
23.35,6,29.078000000000003,5.642,21.697,5.0,110.07,95.259,76.7,35.3,47.277,64.497,15.0,93.0,89.7,812.6,15.0,93.7,89.8,5.0,26.154,5.0,5.0,90.638
23.37,6,29.055,5.54,21.82,5.0,110.133,95.345,76.7,35.3,47.243,64.523,15.0,93.0,89.7,812.6,15.0,93.7,89.8,5.0,26.23,5.0,5.0,90.872
23.39,6,28.511999999999997,5.509,21.487000000000002,5.0,110.11200000000001,95.23,76.7,35.3,47.137,64.601,15.0,93.0,89.7,812.6,15.0,93.7,89.8,5.0,26.225,5.0,5.0,91.065
23.41,6,28.656999999999996,5.548,21.66,5.0,110.008,95.487,76.7,35.3,47.077,64.644,15.0,93.0,89.7,812.6,15.0,93.7,89.8,5.0,26.176,5.0,5.0,91.241
23.43,6,28.433000000000003,5.573,21.538,5.0,110.02799999999999,95.345,76.7,35.3,47.043,64.669,15.0,93.0,89.7,812.6,15.0,93.7,89.8,5.0,26.098000000000003,5.0,5.0,91.423
23.45,6,28.886,5.491,21.642,5.0,109.79799999999999,95.516,76.7,35.3,46.956,64.68199999999999,15.0,93.0,89.7,812.6,15.0,93.7,89.8,5.0,26.053,5.0,5.0,91.62100000000001
23.47,6,28.628,5.451,21.621,5.0,109.945,95.316,76.7,35.3,46.888000000000005,64.69,15.0,93.0,89.7,812.6,15.0,93.7,89.8,5.0,26.134,5.0,5.0,91.811
23.49,6,28.531999999999996,5.539,21.785,5.0,109.819,95.345,76.7,35.3,46.849000000000004,64.69399999999999,15.0,93.0,89.7,812.6,15.0,93.7,89.8,5.0,26.193,5.0,5.0,91.979
23.51,6,28.141,5.465,21.439,5.0,109.84,95.516,76.7,35.3,46.739999999999995,64.697,15.0,93.0,89.7,812.6,15.0,93.7,89.8,5.0,26.189,5.0,5.0,92.171
23.53,6,28.24,5.524,21.557000000000002,5.0,109.819,95.345,76.613,35.3,46.679,64.69800000000001,15.0,93.0,89.7,812.6,15.0,93.7,89.8,5.0,26.295,5.0,5.0,92.338
23.55,7,28.701999999999998,5.5809999999999995,21.281,5.0,109.90299999999999,95.14399999999999,76.563,35.3,46.644000000000005,64.72399999999999,15.0,93.0,89.7,812.6,15.0,93.7,89.8,5.0,26.369,5.0,5.0,92.557
23.57,7,28.593000000000004,5.584,21.533,5.0,109.67200000000001,95.601,76.536,35.3,46.556,64.801,15.0,93.0,89.7,812.6,15.0,93.7,89.8,5.0,26.284000000000002,5.0,5.0,92.79799999999999
23.59,7,28.184,5.53,21.545,5.0,109.882,95.373,76.52000000000001,35.3,46.488,64.844,15.0,93.0,89.7,812.6,15.0,93.7,89.8,5.0,26.230999999999998,5.0,5.0,93.36200000000001
23.61,7,28.409000000000002,5.567,21.516,5.0,109.735,95.402,76.511,35.3,46.449,64.869,15.0,93.0,89.7,812.6,15.0,93.7,89.8,5.0,26.201,5.0,5.0,94.05
23.63,7,28.199,5.733,21.413,5.0,109.693,95.402,76.506,35.3,46.359,64.882,15.0,93.0,89.7,812.6,15.0,93.7,89.8,5.0,26.215,5.0,5.0,94.66
23.65,7,28.386,5.6899999999999995,21.555,5.0,109.609,95.572,76.50399999999999,35.3,46.289,64.89,15.0,93.0,89.7,812.6,15.0,93.7,89.8,5.0,26.273000000000003,5.0,5.0,95.042
23.67,7,28.134,5.79,21.297,5.0,109.461,95.316,76.502,35.3,46.25,64.894,15.0,93.0,89.7,812.6,15.0,93.7,89.8,5.0,26.169,5.0,5.0,95.262
23.69,7,27.849,5.555,21.475,5.0,109.546,95.14399999999999,76.501,35.3,46.228,64.89699999999999,15.0,93.0,89.7,812.6,15.0,93.7,89.8,5.0,26.044,5.0,5.0,95.402
23.71,7,27.906999999999996,5.532,21.368,5.0,109.355,95.086,76.501,35.3,46.128,64.898,15.0,93.0,89.7,812.6,15.0,93.7,89.8,5.0,25.834,5.0,5.0,95.59100000000001
23.73,7,28.066999999999997,5.484,21.409000000000002,5.0,109.355,94.884,76.5,35.3,46.072,64.899,15.0,93.0,89.7,812.6,15.0,93.7,89.8,5.0,25.729,5.0,5.0,95.804
23.75,7,27.744,5.496,21.337,5.0,109.398,95.23,76.5,35.3,46.041,64.924,15.0,93.0,89.7,812.6,15.0,93.7,89.8,5.0,25.78,5.0,5.0,96.03399999999999
23.77,7,28.088,5.644,21.284000000000002,5.0,109.355,95.173,76.5,35.3,46.023,65.001,15.0,93.0,89.7,812.6,15.0,93.7,89.8,5.0,25.698,5.0,5.0,96.259
23.79,7,28.038,5.582,21.227,5.0,109.31299999999999,95.173,76.5,35.3,45.925,65.044,15.0,93.0,89.7,812.6,15.0,93.7,89.8,5.0,25.69,5.0,5.0,96.431
23.81,7,27.930999999999997,5.453,21.325,5.0,109.334,95.20100000000001,76.5,35.3,45.870999999999995,65.06899999999999,15.0,93.0,89.7,812.6,15.0,93.7,89.8,5.0,25.576999999999998,5.0,5.0,96.568
23.83,7,27.748,5.695,21.003,5.0,109.376,94.913,76.5,35.3,45.84,65.082,15.0,93.0,89.7,812.6,15.0,93.7,89.8,5.0,25.572,5.0,5.0,96.71799999999999
23.85,7,27.638,5.582,21.127,5.0,109.185,94.971,76.5,35.3,45.754000000000005,65.09,15.0,93.0,89.7,812.6,15.0,93.7,89.8,5.0,25.564,5.0,5.0,96.81200000000001
23.87,7,27.578000000000003,5.714,21.038,5.0,109.249,95.20100000000001,76.5,35.3,45.686,65.094,15.0,93.0,89.7,812.6,15.0,93.7,89.8,5.0,25.581,5.0,5.0,96.916
23.89,7,27.679000000000002,5.463,21.276,5.0,109.036,95.086,76.5,35.3,45.649,65.09700000000001,15.0,93.0,89.7,812.6,15.0,93.7,89.8,5.0,25.531,5.0,5.0,96.99799999999999
23.91,7,27.609,5.468,21.037,5.0,109.185,94.971,76.5,35.3,45.626999999999995,65.098,15.0,93.0,89.7,812.6,15.0,93.7,89.8,5.0,25.546,5.0,5.0,97.1
23.93,7,27.578000000000003,5.517,21.227999999999998,5.0,109.1,94.971,76.5,35.3,45.528000000000006,65.09899999999999,15.0,93.0,89.7,812.6,15.0,93.7,89.8,5.0,25.496,5.0,5.0,97.162
23.95,7,27.647,5.561,21.112000000000002,5.0,109.249,95.058,76.5,35.3,45.471999999999994,65.09899999999999,15.0,93.0,89.7,812.6,15.0,93.7,89.8,5.0,25.381,5.0,5.0,97.27
23.97,7,27.638,5.648,21.064,5.0,108.993,95.115,76.5,35.3,45.44,65.143,15.0,93.0,89.7,812.6,15.0,93.7,89.8,5.0,25.424,5.0,5.0,97.41799999999999
23.99,7,27.406999999999996,5.46,21.137999999999998,5.0,109.185,95.23,76.5,35.3,45.423,65.168,15.0,93.0,89.7,812.6,15.0,93.7,89.8,5.0,25.56,5.0,5.0,97.654
24.01,7,27.631999999999998,5.61,21.102,5.0,109.079,95.173,76.5,35.3,45.257,65.18199999999999,15.0,93.0,89.7,812.6,15.0,93.7,89.8,5.0,25.535999999999998,5.0,5.0,97.988
24.03,7,27.635,5.538,20.951999999999998,5.0,108.95,95.316,76.5,35.3,45.144000000000005,65.19,15.0,93.0,89.7,812.6,15.0,93.7,89.8,5.0,25.472,5.0,5.0,98.365
24.05,7,27.299,5.916,21.063,5.0,108.993,95.058,76.5,35.3,45.081,65.19399999999999,15.0,93.0,89.7,812.6,15.0,93.7,89.8,5.0,25.474,5.0,5.0,98.82600000000001
24.07,7,26.88,5.568,20.849,5.0,108.84299999999999,95.20100000000001,76.5,35.3,45.046,65.197,15.0,93.0,89.7,812.6,15.0,93.7,89.8,5.0,25.439,5.0,5.0,99.31700000000001
24.09,7,27.178,5.5969999999999995,20.875999999999998,5.0,109.12100000000001,95.20100000000001,76.5,35.3,44.956999999999994,65.19800000000001,15.0,93.0,89.7,812.6,15.0,93.7,89.8,5.0,25.4,5.0,5.0,99.825
24.11,7,27.291999999999998,5.663,20.892000000000003,5.0,108.993,95.459,76.5,35.3,44.888000000000005,65.199,15.0,93.0,89.7,812.6,15.0,93.7,89.8,5.0,25.387,5.0,5.0,100.36399999999999
24.13,7,26.956,5.499,21.046,5.0,108.865,95.029,76.5,35.3,44.85,65.199,15.0,93.0,89.7,812.6,15.0,93.7,89.8,5.0,25.386,5.0,5.0,100.89399999999999
24.15,7,27.235,5.548,20.762,5.0,108.84299999999999,95.345,76.5,35.3,44.828,65.225,15.0,93.0,89.7,812.6,15.0,93.7,89.8,5.0,25.267,5.0,5.0,101.461
24.17,7,26.874000000000002,5.7,20.994,5.0,108.736,95.402,76.5,35.3,44.728,65.301,15.0,93.0,89.7,812.6,15.0,93.7,89.8,5.0,25.191,5.0,5.0,101.976
24.19,7,27.046,5.66,20.619999999999997,5.0,108.929,95.0,76.5,35.3,44.672,65.345,15.0,93.0,89.7,812.6,15.0,93.7,89.8,5.0,25.198,5.0,5.0,102.524
24.21,7,27.155,5.5280000000000005,20.607,5.0,108.736,95.43,76.5,35.3,44.641,65.369,15.0,93.0,89.7,812.6,15.0,93.7,89.8,5.0,25.287,5.0,5.0,103.057
24.23,7,26.789,5.535,20.562,5.0,108.8,95.259,76.5,35.3,44.623000000000005,65.382,15.0,93.0,89.7,812.6,15.0,93.7,89.8,5.0,25.41,5.0,5.0,103.512
24.25,7,27.491999999999997,5.641,20.762999999999998,5.0,108.65,94.913,76.5,35.3,44.613,65.39,15.0,93.0,89.7,812.6,15.0,93.7,89.8,5.0,25.459,5.0,5.0,103.88600000000001
24.27,7,27.083000000000002,5.522,20.677,5.0,108.52,95.0,76.5,35.3,44.519999999999996,65.394,15.0,93.0,89.7,812.6,15.0,93.7,89.8,5.0,25.519000000000002,5.0,5.0,104.12100000000001
24.29,7,26.898000000000003,5.621,20.651,5.0,108.455,95.173,76.5,35.3,44.467,65.39699999999999,15.0,93.0,89.7,812.6,15.0,93.7,89.8,5.0,25.389,5.0,5.0,104.258
24.31,7,26.756,5.466,20.479,5.0,108.585,94.855,76.5,35.3,44.438,65.398,15.0,93.0,89.75,812.6,15.0,93.7,89.8,5.0,24.441,5.0,5.0,104.309
24.33,8,27.061,5.541,20.644,5.0,108.368,95.058,76.5,35.3,44.421,65.399,15.0,93.0,89.816,812.6,15.0,93.7,89.8,5.0,23.535,5.0,5.0,104.35799999999999
24.35,8,26.736,5.633,20.644,5.0,108.434,95.086,76.5,35.3,44.324,65.424,15.0,93.0,89.85300000000001,812.6,15.0,93.7,89.8,5.0,22.794,5.0,5.0,104.37299999999999
24.37,8,26.869,5.58,20.619999999999997,5.0,108.368,95.28699999999999,76.5,35.3,44.269999999999996,65.501,15.0,93.0,89.873,812.6,15.0,93.7,89.8,5.0,22.182000000000002,5.0,5.0,104.381
24.39,8,26.662,5.7780000000000005,20.461,5.0,108.455,95.316,76.5,35.3,44.239000000000004,65.544,15.0,93.0,89.885,812.6,15.0,93.7,89.8,5.0,21.803,5.0,5.0,104.40100000000001
24.41,8,26.743000000000002,5.464,20.412,5.0,108.477,95.173,76.5,35.3,44.221999999999994,65.56899999999999,15.0,93.0,89.892,812.6,15.0,93.7,89.8,5.0,21.484,5.0,5.0,104.404
24.43,8,26.738000000000003,5.478,20.5,5.0,108.21600000000001,95.173,76.5,35.3,44.212,65.582,15.0,93.0,89.895,812.6,15.0,93.7,89.8,5.0,21.344,5.0,5.0,104.40799999999999
24.45,8,26.79,5.45,20.278,5.0,108.325,95.23,76.5,35.3,44.076,65.59,15.0,93.0,89.89699999999999,812.6,15.0,93.7,89.8,5.0,21.27,5.0,5.0,104.411
24.47,8,26.124000000000002,5.46,20.356,5.0,108.434,95.115,76.41300000000001,35.3,43.999,65.594,15.0,93.0,89.898,812.6,15.0,93.7,89.8,5.0,21.12,5.0,5.0,104.413
24.49,8,26.462,5.589,20.542,5.0,108.194,95.086,76.363,35.3,43.956,65.59700000000001,15.0,93.0,89.899,812.6,15.0,93.7,89.8,5.0,21.070999999999998,5.0,5.0,104.413
24.51,8,26.453000000000003,5.515,20.463,5.0,108.303,94.942,76.33600000000001,35.3,43.931,65.598,15.0,93.0,89.9,812.6,15.0,93.7,89.8,5.0,20.981,5.0,5.0,104.421
24.53,8,26.421999999999997,5.54,20.421,5.0,108.194,95.23,76.32,35.3,43.918000000000006,65.59899999999999,15.0,93.0,89.9,812.6,15.0,93.7,89.8,5.0,20.964,5.0,5.0,104.417
24.55,8,26.331,5.47,20.497999999999998,5.0,108.238,95.259,76.311,35.3,43.822,65.59899999999999,15.0,93.0,89.9,812.6,15.0,93.7,89.8,5.0,21.012,5.0,5.0,104.41799999999999
24.57,8,26.735,5.552,20.387,5.0,108.12899999999999,95.029,76.30600000000001,35.3,43.769000000000005,65.625,15.0,93.0,89.9,812.6,15.0,93.7,89.8,5.0,21.086,5.0,5.0,104.417
24.59,8,26.209,5.457,20.094,5.0,108.085,95.20100000000001,76.304,35.3,43.739000000000004,65.701,15.0,93.0,89.9,812.6,15.0,93.7,89.8,5.0,21.004,5.0,5.0,104.416
24.61,8,26.421999999999997,5.5280000000000005,20.03,5.0,108.10700000000001,95.259,76.30199999999999,35.3,43.721999999999994,65.745,15.0,93.0,89.9,812.6,15.0,93.7,89.8,5.0,21.057000000000002,5.0,5.0,104.412
24.63,8,26.398000000000003,5.452,20.364,5.0,108.085,95.23,76.301,35.3,43.625,65.769,15.0,93.0,89.9,812.6,15.0,93.7,89.8,5.0,21.038,5.0,5.0,104.42
24.65,8,26.108,5.502,20.363,5.0,107.932,95.086,76.301,35.3,43.57,65.782,15.0,93.0,89.9,812.6,15.0,93.7,89.8,5.0,20.964,5.0,5.0,104.42
24.67,8,25.943,5.5329999999999995,20.137,5.0,108.06299999999999,95.14399999999999,76.3,35.3,43.539,65.78999999999999,15.0,93.0,89.9,812.6,15.0,93.7,89.8,5.0,20.949,5.0,5.0,104.416
24.69,8,25.771,5.451,20.278,5.0,107.91,95.402,76.3,35.3,43.522,65.794,15.0,93.0,89.9,812.6,15.0,93.7,89.8,5.0,20.958,5.0,5.0,104.421
24.71,8,25.737,5.505,20.180999999999997,5.0,107.844,95.259,76.3,35.3,43.512,65.797,15.0,93.0,89.9,812.6,15.0,93.7,89.8,5.0,20.947000000000003,5.0,5.0,104.416
24.73,8,26.124000000000002,5.468,20.046,5.0,107.602,95.259,76.3,35.3,43.42,65.798,15.0,93.0,89.9,812.6,15.0,93.7,89.8,5.0,20.945999999999998,5.0,5.0,104.41799999999999
24.75,8,26.07,5.482,19.880000000000003,5.0,107.954,95.259,76.3,35.3,43.367,65.799,15.0,93.0,89.9,812.6,15.0,93.7,89.8,5.0,20.914,5.0,5.0,104.416
24.77,8,25.825,5.447,20.205,5.0,107.58,95.23,76.3,35.3,43.338,65.799,15.0,93.0,89.9,812.6,15.0,93.7,89.8,5.0,20.925,5.0,5.0,104.416
24.79,8,25.383,5.496,20.154000000000003,5.0,107.69,95.28699999999999,76.3,35.3,43.321,65.825,15.0,93.0,89.9,812.6,15.0,93.7,89.8,5.0,21.039,5.0,5.0,104.42
24.81,8,25.761999999999997,5.495,20.179000000000002,5.0,107.624,95.086,76.3,35.3,43.312,65.90100000000001,15.0,93.0,89.9,812.6,15.0,93.7,89.8,5.0,21.066,5.0,5.0,104.416
24.83,8,25.721999999999998,5.505,19.908,5.0,107.734,95.572,76.3,35.3,43.219,65.945,15.0,93.0,89.9,812.6,15.0,93.7,89.8,5.0,21.023,5.0,5.0,104.413
24.85,8,25.34,5.499,20.014000000000003,5.0,107.602,95.029,76.3,35.3,43.167,65.969,15.0,93.0,89.9,812.6,15.0,93.7,89.8,5.0,21.0,5.0,5.0,104.419
24.87,8,26.008000000000003,5.505,19.768,5.0,107.58,95.23,76.3,35.3,43.138000000000005,65.982,15.0,93.0,89.9,812.6,15.0,93.7,89.8,5.0,20.923000000000002,5.0,5.0,104.419
24.89,8,25.316,5.522,20.076999999999998,5.0,107.602,95.173,76.3,35.3,43.120999999999995,65.99000000000001,15.0,93.0,89.9,812.6,15.0,93.7,89.8,5.0,20.963,5.0,5.0,104.42200000000001
24.91,8,25.436,5.511,19.835,5.0,107.602,95.572,76.3,35.3,43.111999999999995,65.994,15.0,93.0,89.9,812.6,15.0,93.7,89.8,5.0,21.003,5.0,5.0,104.414
24.93,8,25.46,5.5,20.025,5.0,107.58,95.316,76.3,35.3,42.975,65.997,15.0,93.0,89.9,812.6,15.0,93.7,89.8,5.0,21.023,5.0,5.0,104.421
24.95,8,25.436,5.5280000000000005,19.645,5.0,107.66799999999999,95.686,76.3,35.3,42.899,65.998,15.0,93.0,89.9,812.6,15.0,93.7,89.8,5.0,21.012,5.0,5.0,104.419
24.97,8,25.142,5.515,19.758,5.0,107.491,95.459,76.3,35.3,42.855999999999995,65.999,15.0,93.0,89.9,812.6,15.0,93.7,89.8,5.0,21.102,5.0,5.0,104.414
24.99,8,25.253,5.468,19.841,5.0,107.557,95.373,76.3,35.3,42.831,65.999,15.0,93.0,89.9,812.6,15.0,93.7,89.8,5.0,21.115,5.0,5.0,104.414
25.01,8,25.635,5.615,19.792,5.0,107.35799999999999,95.402,76.3,35.3,42.818,66.0,15.0,93.0,89.9,812.6,15.0,93.7,89.8,5.0,21.160999999999998,5.0,5.0,104.417
25.03,8,25.278,5.58,19.740000000000002,5.0,107.447,95.62899999999999,76.3,35.3,42.741,66.025,15.0,93.0,89.9,812.6,15.0,93.7,89.8,5.0,21.06,5.0,5.0,104.415
25.05,8,24.824,5.472,19.789,5.0,107.646,95.23,76.3,35.3,42.679,66.101,15.0,93.0,89.9,812.6,15.0,93.7,89.8,5.0,21.067999999999998,5.0,5.0,104.42
25.07,8,24.812,5.507,19.887,5.0,107.447,95.28699999999999,76.3,35.3,42.644999999999996,66.14500000000001,15.0,93.0,89.9,812.6,15.0,93.7,89.8,5.0,21.114,5.0,5.0,104.416
25.09,8,25.132,5.589,19.671,5.0,107.42399999999999,95.316,76.3,35.3,42.625,66.169,15.0,93.0,89.9,812.6,15.0,93.7,89.8,5.0,21.084,5.0,5.0,104.414
25.11,8,25.023,5.451,19.694000000000003,5.0,107.35799999999999,95.259,76.3,35.3,42.614000000000004,66.18199999999999,15.0,93.0,89.9,812.6,15.0,93.7,89.8,5.0,21.017,5.0,5.0,104.414
25.13,8,24.799,5.462,19.754,5.0,107.42399999999999,95.173,76.3,35.3,42.539,66.19,15.0,93.0,89.9,812.6,15.0,93.7,89.8,5.0,20.942,5.0,5.0,104.416
25.15,8,25.17,5.573,19.82,5.0,107.35799999999999,95.459,76.3,35.3,42.478,66.19399999999999,15.0,93.0,89.9,812.6,15.0,93.7,89.8,5.0,20.915,5.0,5.0,104.421
25.17,8,25.38,5.573,19.578,5.0,107.22399999999999,95.173,76.3,35.3,42.444,66.197,15.0,93.0,89.9,812.6,15.0,93.7,89.8,5.0,20.955,5.0,5.0,104.413
25.19,8,24.94,5.481,19.536,5.0,107.179,94.82600000000001,76.3,35.3,42.425,66.19800000000001,15.0,93.0,89.9,812.6,15.0,93.7,89.8,5.0,20.991,5.0,5.0,104.416
25.21,8,24.726,5.446,19.581,5.0,107.35799999999999,95.086,76.3,35.3,42.414,66.199,15.0,93.0,89.9,812.6,15.0,93.7,89.8,5.0,21.04,5.0,5.0,104.42200000000001
25.23,8,24.843,5.446,19.545,5.0,107.31299999999999,95.029,76.3,35.3,42.339,66.199,15.0,93.0,89.9,812.6,15.0,93.7,89.8,5.0,20.982,5.0,5.0,104.415
25.25,8,24.711,5.66,19.560000000000002,5.0,107.26899999999999,95.029,76.3,35.3,42.278000000000006,66.2,15.0,93.0,89.9,812.6,15.0,93.7,89.8,5.0,20.997,5.0,5.0,104.416
25.27,8,25.101,5.453,19.517000000000003,5.0,107.335,95.28699999999999,76.3,35.3,42.244,66.2,15.0,93.0,89.9,812.6,15.0,93.7,89.8,5.0,21.053,5.0,5.0,104.416
25.29,8,24.561,5.449,19.54,5.0,107.179,94.971,76.3,35.3,42.225,66.225,15.0,93.0,89.9,812.6,15.0,93.7,89.8,5.0,20.997,5.0,5.0,104.41799999999999
25.31,8,24.417,5.5120000000000005,19.436,5.0,107.045,95.601,76.3,35.3,42.214,66.345,15.0,93.0,89.9,812.6,15.0,93.7,89.8,5.0,21.107,5.0,5.0,104.42
25.33,8,24.436,5.461,19.42,5.0,107.045,94.71,76.3,35.3,42.138999999999996,66.41300000000001,15.0,93.0,89.9,812.6,15.0,93.7,89.8,5.0,21.267,5.0,5.0,104.41
25.35,8,24.623,5.561,19.397,5.0,107.06700000000001,95.28699999999999,76.3,35.3,42.078,66.451,15.0,93.0,89.9,812.6,15.0,93.7,89.8,5.0,21.237000000000002,5.0,5.0,104.41799999999999
25.37,8,24.624000000000002,5.561,19.442999999999998,5.0,106.93299999999999,95.173,76.3,35.3,42.044,66.47200000000001,15.0,93.0,89.9,812.6,15.0,93.7,89.8,5.0,21.278,5.0,5.0,104.41
25.39,8,24.377,5.51,19.404000000000003,5.0,106.978,95.28699999999999,76.3,35.3,42.025,66.485,15.0,93.0,89.9,812.6,15.0,93.7,89.8,5.0,21.304000000000002,5.0,5.0,104.415
25.41,8,24.338,5.615,19.444000000000003,5.0,107.023,95.43,76.3,35.3,42.013999999999996,66.49100000000001,15.0,93.0,89.9,812.6,15.0,93.7,89.8,5.0,21.320999999999998,5.0,5.0,104.414
25.43,8,24.338,5.452,19.377000000000002,5.0,106.70700000000001,94.913,76.3,35.3,42.008,66.495,15.0,93.0,89.9,812.6,15.0,93.7,89.8,5.0,21.604,5.0,5.0,104.415
25.45,8,23.831,5.447,19.558,5.0,107.0,95.058,76.3,35.3,41.917,66.497,15.0,93.0,89.9,812.6,15.0,93.7,89.8,5.0,22.308,5.0,5.0,104.414
25.47,8,24.692999999999998,5.448,19.295,5.0,106.775,95.402,76.3,35.3,41.866,66.498,15.0,93.0,89.9,812.6,15.0,93.7,89.8,5.0,22.711,5.0,5.0,104.41799999999999
25.49,8,24.399,5.688,19.319000000000003,5.0,106.93299999999999,95.20100000000001,76.3,35.3,41.837,66.499,15.0,93.0,89.9,812.6,15.0,93.7,89.8,5.0,22.945,5.0,5.0,104.412
25.51,8,24.267,5.593,19.341,5.0,106.75200000000001,95.115,76.3,35.3,41.821,66.5,15.0,93.0,89.9,812.6,15.0,93.7,89.8,5.0,23.222,5.0,5.0,104.40899999999999
25.53,8,24.182000000000002,5.48,19.314,5.0,106.84299999999999,94.913,76.3,35.3,41.812,66.5,15.0,93.0,89.9,812.6,15.0,93.7,89.8,5.0,23.289,5.0,5.0,104.415
25.55,8,24.256,5.478,19.149,5.0,106.639,94.942,76.3,35.3,41.807,66.5,15.0,93.0,89.9,812.6,15.0,93.7,89.8,5.0,23.425,5.0,5.0,104.411
25.57,8,24.4,5.573,19.154000000000003,5.0,106.617,94.797,76.3,35.3,41.715999999999994,66.5,15.0,93.0,89.9,812.6,15.0,93.7,89.8,5.0,23.494,5.0,5.0,104.414
25.59,8,24.336,5.456,19.264000000000003,5.0,106.54899999999999,94.942,76.3,35.3,41.665,66.5,15.0,93.0,89.9,812.6,15.0,93.7,89.8,5.0,23.775,5.0,5.0,104.417
25.61,8,24.316,5.5120000000000005,19.218,5.0,106.52600000000001,95.058,76.3,35.3,41.637,66.5,15.0,93.0,89.9,812.6,15.0,93.7,89.8,5.0,23.778,5.0,5.0,104.416
25.63,8,24.038,5.527,19.188,5.0,106.52600000000001,95.20100000000001,76.3,35.3,41.620999999999995,66.58699999999999,15.0,93.0,89.9,812.6,15.0,93.7,89.8,5.0,23.718,5.0,5.0,104.415
25.65,8,23.955,5.46,19.226,5.0,106.82,95.058,76.3,35.3,41.611999999999995,66.637,15.0,93.0,89.9,812.6,15.0,93.7,89.8,5.0,23.845,5.0,5.0,104.414
25.67,8,24.167,5.51,19.154000000000003,5.0,106.50299999999999,95.173,76.3,35.3,41.538,66.66399999999999,15.0,93.0,89.9,812.6,15.0,93.7,89.8,5.0,24.004,5.0,5.0,104.41799999999999
25.69,8,23.706,5.498,19.188,5.0,106.54899999999999,94.913,76.3,35.3,41.478,66.68,15.0,93.0,89.9,812.6,15.0,93.7,89.8,5.0,23.993,5.0,5.0,104.412
25.71,8,24.035,5.617,18.881,5.0,106.571,94.913,76.3,35.3,41.444,66.689,15.0,93.0,89.9,812.6,15.0,93.7,89.8,5.0,23.968,5.0,5.0,104.416
25.73,8,23.772000000000002,5.46,19.009999999999998,5.0,106.54899999999999,94.971,76.3,35.3,41.425,66.69399999999999,15.0,93.0,89.9,812.6,15.0,93.7,89.8,5.0,23.891,5.0,5.0,104.412
25.75,8,23.96,5.474,19.083,5.0,106.458,95.115,76.3,35.3,41.414,66.696,15.0,93.0,89.9,812.6,15.0,93.7,89.8,5.0,23.976,5.0,5.0,104.414
25.77,8,24.089000000000002,5.58,18.93,5.0,106.594,95.086,76.3,35.3,41.339,66.69800000000001,15.0,93.0,89.9,812.6,15.0,93.7,89.8,5.0,23.94,5.0,5.0,104.417
25.79,8,23.936,5.513,19.039,5.0,106.458,94.971,76.3,35.3,41.278000000000006,66.699,15.0,93.0,89.9,812.6,15.0,93.7,89.8,5.0,23.91,5.0,5.0,104.421
25.81,8,23.941,5.639,18.985,5.0,106.29799999999999,95.20100000000001,76.3,35.3,41.244,66.699,15.0,93.0,89.9,812.6,15.0,93.7,89.8,5.0,23.913,5.0,5.0,104.421
25.83,8,23.684,5.472,19.037,5.0,106.344,95.28699999999999,76.213,35.3,41.225,66.7,15.0,93.0,89.9,812.6,15.0,93.7,89.8,5.0,23.778,5.0,5.0,104.419
25.85,8,24.06,5.546,18.814,5.0,106.29799999999999,95.14399999999999,76.16300000000001,35.3,41.214,66.7,15.0,93.0,89.9,812.6,15.0,93.7,89.8,5.0,23.765,5.0,5.0,104.42200000000001
25.87,8,23.660999999999998,5.589,18.729,5.0,106.25299999999999,95.20100000000001,76.136,35.3,41.208,66.7,15.0,93.0,89.9,812.6,15.0,93.7,89.8,5.0,23.714000000000002,5.0,5.0,104.425
25.89,8,23.348,5.567,18.802999999999997,5.0,106.571,95.115,76.12,35.3,41.179,66.7,15.0,93.05,89.9,812.6,15.0,93.7,89.8,5.0,23.679000000000002,5.0,5.0,104.42
25.91,8,23.724,5.469,18.75,5.0,106.29799999999999,95.259,76.111,35.3,41.144999999999996,66.7,15.0,93.116,89.9,812.6,15.0,93.7,89.8,5.0,23.671,5.0,5.0,104.41799999999999
25.93,8,23.782,5.67,18.814,5.0,106.25299999999999,95.14399999999999,76.106,35.3,41.125,66.7,15.0,93.153,89.9,812.6,15.0,93.7,89.8,5.0,23.683,5.0,5.0,104.415
25.95,8,23.586,5.516,18.740000000000002,5.0,106.09200000000001,95.086,76.104,35.3,41.114000000000004,66.7,15.0,93.173,89.9,812.6,15.0,93.7,89.8,5.0,23.581,5.0,5.0,104.421
25.97,8,23.688,5.46,18.738,5.0,106.275,95.402,76.102,35.3,41.108000000000004,66.7,15.0,93.185,89.9,812.6,15.0,93.7,89.8,5.0,23.516,5.0,5.0,104.416
25.99,8,23.500999999999998,5.486,18.669,5.0,106.29799999999999,95.20100000000001,76.101,35.3,41.104,66.7,15.0,93.192,89.9,812.6,15.0,93.7,89.8,5.0,23.355999999999998,5.0,5.0,104.421
26.01,8,23.125999999999998,5.518,18.78,5.0,106.275,95.259,76.101,35.3,40.989999999999995,66.7,15.0,93.195,89.9,812.6,15.0,93.7,89.8,5.0,23.336,5.0,5.0,104.42
26.03,8,23.39,5.467,18.753,5.0,106.25299999999999,95.345,76.1,35.3,40.907,66.787,15.0,93.197,89.9,812.6,15.0,93.7,89.8,5.0,23.449,5.0,5.0,104.421
26.05,8,23.402,5.493,18.82,5.0,106.29799999999999,94.942,76.1,35.3,40.86,66.83699999999999,15.0,93.199,89.9,812.6,15.0,93.7,89.8,5.0,23.35,5.0,5.0,104.425
26.07,8,23.452,5.469,18.564,5.0,106.161,95.173,76.1,35.3,40.834,66.864,15.0,93.199,89.9,812.6,15.0,93.7,89.8,5.0,23.448,5.0,5.0,104.416
26.09,8,23.066,5.5280000000000005,18.53,5.0,106.09200000000001,95.115,76.1,35.3,40.819,66.88,15.0,93.2,89.9,812.6,15.0,93.7,89.8,5.0,23.342,5.0,5.0,104.42200000000001
26.11,8,23.275,5.552,18.644,5.0,105.931,95.23,76.1,35.3,40.811,66.889,15.0,93.2,89.9,812.6,15.0,93.7,89.8,5.0,23.226,5.0,5.0,104.42200000000001
26.13,8,23.156,5.536,18.42,5.0,106.046,95.0,76.1,35.3,40.806,66.894,15.0,93.2,89.9,812.6,15.0,93.7,89.8,5.0,23.409000000000002,5.0,5.0,104.421
26.15,8,23.500999999999998,5.502,18.505000000000003,5.0,106.046,95.14399999999999,76.1,35.3,40.735,66.896,15.0,93.2,89.9,812.6,15.0,93.7,89.8,5.0,23.319000000000003,5.0,5.0,104.41799999999999
26.17,8,23.367,5.458,18.374000000000002,5.0,105.977,95.259,76.1,35.3,40.676,66.898,15.0,93.2,89.9,812.6,15.0,93.7,89.8,5.0,23.354,5.0,5.0,104.42
26.19,8,23.048,5.507,18.293,5.0,105.885,95.23,76.1,35.3,40.643,66.899,15.0,93.2,89.9,812.6,15.0,93.7,89.8,5.0,23.344,5.0,5.0,104.419
26.21,8,22.871,5.466,18.6,5.0,106.023,95.487,76.1,35.3,40.624,66.899,15.0,93.2,89.9,812.6,15.0,93.7,89.8,5.0,23.427,5.0,5.0,104.414
26.23,8,23.149,5.473,18.342,5.0,105.885,95.28699999999999,76.1,35.3,40.613,66.9,15.0,93.2,89.9,812.6,15.0,93.7,89.8,5.0,23.487000000000002,5.0,5.0,104.41
26.25,8,23.055999999999997,5.471,18.349,5.0,105.839,95.316,76.1,35.3,40.608000000000004,66.9,15.0,93.2,89.9,812.6,15.0,93.7,89.8,5.0,23.516,5.0,5.0,104.414
26.27,8,22.845,5.6579999999999995,18.499000000000002,5.0,105.839,95.516,76.1,35.3,40.579,66.9,15.0,93.2,89.9,812.6,15.0,93.7,89.8,5.0,23.456,5.0,5.0,104.40899999999999
26.29,8,22.617,5.498,18.5,5.0,105.79299999999999,95.259,76.1,35.3,40.545,66.9,15.0,93.2,89.9,812.6,15.0,93.7,89.8,5.0,23.483,5.0,5.0,104.40799999999999
26.31,8,22.804000000000002,5.516,18.432000000000002,5.0,105.537,95.345,76.1,35.3,40.525,66.9,15.0,93.2,89.9,812.6,15.0,93.7,89.8,5.0,23.561,5.0,5.0,104.412
26.33,8,22.595,5.471,18.292,5.0,105.839,95.402,76.1,35.3,40.513999999999996,66.9,15.0,93.2,89.9,812.6,15.0,93.7,89.8,5.0,23.53,5.0,5.0,104.414
26.35,8,22.808,5.782,18.357999999999997,5.0,105.60700000000001,95.0,76.1,35.3,40.508,66.9,15.0,93.2,89.9,812.6,15.0,93.7,89.8,5.0,23.609,5.0,5.0,104.411
26.37,8,22.986,5.453,18.326999999999998,5.0,105.74600000000001,95.14399999999999,76.1,35.3,40.504000000000005,66.9,15.0,93.2,89.9,812.6,15.0,93.7,89.8,5.0,23.581,5.0,5.0,104.406
26.39,8,22.641,5.517,18.23,5.0,105.7,95.316,76.1,35.3,40.434,66.9,15.0,93.2,89.9,812.6,15.0,93.7,89.8,5.0,23.613,5.0,5.0,104.406
26.41,8,22.97,5.445,18.070999999999998,5.0,105.584,95.14399999999999,76.1,35.3,40.375,66.9,15.0,93.2,89.9,812.6,15.0,93.7,89.8,5.0,23.604,5.0,5.0,104.41799999999999
26.43,8,22.594,5.5,18.34,5.0,105.491,95.23,76.1,35.3,40.342,66.9,15.0,93.2,89.9,812.6,15.0,93.7,89.8,5.0,23.576,5.0,5.0,104.40700000000001
26.45,8,22.459,5.493,18.066,5.0,105.63,95.345,76.1,35.3,40.324,66.9,15.0,93.2,89.9,812.6,15.0,93.7,89.8,5.0,23.611,5.0,5.0,104.40899999999999
26.47,8,22.832,5.582,18.341,5.0,105.677,95.459,76.1,35.3,40.313,66.9,15.0,93.2,89.9,812.6,15.0,93.7,89.8,5.0,23.609,5.0,5.0,104.41
26.49,8,22.738,5.517,18.261,5.0,105.584,95.402,76.1,35.3,40.30800000000001,66.9,15.0,93.2,89.9,812.6,15.0,93.7,89.8,5.0,23.449,5.0,5.0,104.40799999999999
26.51,8,22.415,5.494,18.325,5.0,105.60700000000001,95.373,76.1,35.3,40.304,66.9,15.0,93.2,89.9,812.6,15.0,93.7,89.8,5.0,23.394000000000002,5.0,5.0,104.40700000000001
26.53,8,22.608,5.6,18.134999999999998,5.0,105.60700000000001,95.259,76.1,35.3,40.215,66.9,15.0,93.2,89.9,812.6,15.0,93.7,89.8,5.0,23.355,5.0,5.0,104.411
26.55,8,22.489,5.446,18.043,5.0,105.561,95.115,76.1,35.3,40.165,66.9,15.0,93.2,89.9,812.6,15.0,93.7,89.8,5.0,23.377,5.0,5.0,104.411
26.57,8,22.476,5.461,18.008,5.0,105.65299999999999,95.20100000000001,76.1,35.3,40.135999999999996,66.9,15.0,93.2,89.9,812.6,15.0,93.7,89.8,5.0,23.338,5.0,5.0,104.405
26.59,8,22.303,5.617,18.4,5.0,105.397,95.259,76.1,35.3,40.120000000000005,66.9,15.0,93.2,89.9,812.6,15.0,93.7,89.8,5.0,23.35,5.0,5.0,104.406
26.61,8,22.267,5.659,18.174,5.0,105.561,95.086,76.1,35.3,40.111999999999995,66.9,15.0,93.2,89.9,812.6,15.0,93.7,89.8,5.0,23.308,5.0,5.0,104.40700000000001
26.63,8,22.313,5.501,18.060000000000002,5.0,105.397,95.115,76.1,35.3,40.105999999999995,66.9,15.0,93.2,89.9,812.6,15.0,93.7,89.8,5.0,23.215,5.0,5.0,104.41
26.65,8,22.477,5.467,17.856,5.0,105.32700000000001,95.14399999999999,76.1,35.3,40.104,66.9,15.0,93.2,89.9,812.6,15.0,93.7,89.8,5.0,23.192999999999998,5.0,5.0,104.411
26.67,8,22.047,5.48,18.116,5.0,105.257,95.0,76.1,35.3,40.102,66.9,15.0,93.2,89.9,812.6,15.0,93.7,89.8,5.0,23.121,5.0,5.0,104.414
26.69,8,22.697,5.5280000000000005,18.060000000000002,5.0,105.186,95.23,76.1,35.3,40.013999999999996,66.9,15.0,93.2,89.9,812.6,15.0,93.7,89.8,5.0,23.049,5.0,5.0,104.40799999999999
26.71,8,22.012,5.634,18.055999999999997,5.0,105.397,95.173,76.1,35.3,39.964,66.9,15.0,93.2,89.9,812.6,15.0,93.7,89.8,5.0,23.062,5.0,5.0,104.40799999999999
26.73,8,22.354,5.703,18.024,5.0,105.421,95.316,76.1,35.3,39.936,66.9,15.0,93.2,89.9,812.6,15.0,93.7,89.8,5.0,23.195999999999998,5.0,5.0,104.414
26.75,8,22.144000000000002,5.52,18.098,5.0,105.374,95.086,76.1,35.3,39.92,66.9,15.0,93.2,89.9,812.6,15.0,93.7,89.8,5.0,23.102,5.0,5.0,104.413
26.77,8,22.192,5.58,17.864,5.0,105.35,95.14399999999999,76.1,35.3,39.911,66.9,15.0,93.2,89.9,812.6,15.0,93.7,89.8,5.0,23.092,5.0,5.0,104.413
26.79,8,22.365,5.503,17.991,5.0,105.23299999999999,95.173,76.1,35.3,39.906,66.9,15.0,93.2,89.9,812.6,15.0,93.7,89.8,5.0,23.112000000000002,5.0,5.0,104.40899999999999
26.81,8,21.793,5.483,17.966,5.0,105.28,95.23,76.1,35.3,39.903999999999996,66.9,15.0,93.2,89.9,812.6,15.0,93.7,89.8,5.0,23.152,5.0,5.0,104.413
26.83,8,22.613,5.605,17.712,5.0,105.32700000000001,95.086,76.1,35.3,39.815,66.9,15.0,93.2,89.9,812.6,15.0,93.7,89.8,5.0,23.157,5.0,5.0,104.41799999999999
26.85,8,22.156,5.639,17.855,5.0,105.139,95.316,76.1,35.3,39.763999999999996,66.9,15.0,93.2,89.9,812.6,15.0,93.7,89.8,5.0,23.177,5.0,5.0,104.417
26.87,8,21.774,5.48,17.999000000000002,5.0,105.21,95.0,76.1,35.3,39.736000000000004,66.9,15.0,93.2,89.9,812.6,15.0,93.7,89.8,5.0,23.202,5.0,5.0,104.414
26.89,8,21.945,5.449,17.732,5.0,105.139,95.28699999999999,76.1,35.3,39.72,66.9,15.0,93.2,89.9,812.6,15.0,93.7,89.8,5.0,23.227,5.0,5.0,104.42
26.91,8,22.025,5.469,17.706,5.0,105.116,95.0,76.1,35.3,39.711,66.9,15.0,93.2,89.9,812.6,15.0,93.7,89.8,5.0,23.43,5.0,5.0,104.417
26.93,8,21.434,5.647,18.036,5.0,105.257,95.14399999999999,76.1,35.3,39.706,66.9,15.0,93.2,89.9,812.6,15.0,93.7,89.8,5.0,23.430999999999997,5.0,5.0,104.419
26.95,8,21.795,5.498,17.832,5.0,105.28,95.23,76.1,35.3,39.704,66.9,15.0,93.2,89.9,812.6,15.0,93.7,89.8,5.0,23.43,5.0,5.0,104.421
26.97,8,21.916,5.568,17.811,5.0,105.022,94.855,76.1,35.3,39.702,66.9,15.0,93.2,89.9,812.6,15.0,93.7,89.8,5.0,23.394000000000002,5.0,5.0,104.42200000000001
26.99,8,22.076,5.477,17.636,5.0,105.257,94.855,76.1,35.3,39.614000000000004,66.9,15.0,93.2,89.9,812.6,15.0,93.7,89.8,5.0,23.457,5.0,5.0,104.42
27.01,8,22.175,5.514,17.614,5.0,104.97399999999999,95.14399999999999,76.1,35.3,39.564,66.9,15.0,93.2,89.9,812.6,15.0,93.7,89.8,5.0,23.547,5.0,5.0,104.419
27.03,8,21.727999999999998,5.446,17.454,5.0,104.927,94.942,76.1,35.3,39.536,66.9,15.0,93.2,89.9,812.6,15.0,93.7,89.8,5.0,23.518,5.0,5.0,104.42399999999999
27.05,8,21.467,5.508,17.482999999999997,5.0,104.88,95.029,76.1,35.3,39.519999999999996,66.94399999999999,15.0,93.2,89.9,812.6,15.0,93.7,89.8,5.0,23.527,5.0,5.0,104.42299999999999
27.07,8,21.425,5.493,17.631999999999998,5.0,104.99799999999999,95.029,76.1,35.3,39.510999999999996,66.968,15.0,93.2,89.9,812.6,15.0,93.7,89.8,5.0,23.595,5.0,5.0,104.421
27.09,8,21.745,5.475,17.424,5.0,104.83200000000001,94.971,76.1,35.3,39.506,66.982,15.0,93.2,89.9,812.6,15.0,93.7,89.8,5.0,23.672,5.0,5.0,104.419
27.11,8,21.493,5.659,17.624000000000002,5.0,104.99799999999999,94.855,76.1,35.3,39.504000000000005,66.99000000000001,15.0,93.2,89.9,812.6,15.0,93.7,89.8,5.0,23.707,5.0,5.0,104.426
27.13,8,21.234,5.5,17.576,5.0,104.97399999999999,95.402,76.1,35.3,39.501999999999995,66.994,15.0,93.2,89.9,812.6,15.0,93.7,89.8,5.0,23.750999999999998,5.0,5.0,104.42399999999999
27.15,8,20.878,5.515,17.529000000000003,5.0,104.88,94.942,76.1,35.3,39.432,66.997,15.0,93.2,89.9,812.6,15.0,93.7,89.8,5.0,23.795,5.0,5.0,104.426
27.17,8,20.914,5.526,17.582,5.0,104.95100000000001,95.115,76.1,35.3,39.374,66.998,15.0,93.2,89.9,812.6,15.0,93.7,89.8,5.0,23.893,5.0,5.0,104.425
27.19,8,21.61,5.511,17.534,5.0,104.927,95.115,76.1,35.3,39.342,66.999,15.0,93.2,89.9,812.6,15.0,93.7,89.8,5.0,23.891,5.0,5.0,104.42399999999999
27.21,8,21.472,5.482,17.555999999999997,5.0,104.785,95.086,76.1,35.3,39.324,66.999,15.0,93.2,89.9,812.6,15.0,93.7,89.8,5.0,23.987000000000002,5.0,5.0,104.42
27.23,8,21.192,5.687,17.536,5.0,104.73700000000001,94.971,76.1,35.3,39.313,67.0,15.0,93.2,89.9,812.6,15.0,93.7,89.8,5.0,24.046,5.0,5.0,104.419
27.25,8,20.865000000000002,5.453,17.432000000000002,5.0,104.85600000000001,94.971,76.1,35.3,39.307,67.0,15.0,93.2,89.9,812.6,15.0,93.7,89.8,5.0,24.075,5.0,5.0,104.41799999999999
27.27,8,21.522000000000002,5.491,17.342,5.0,104.785,94.73899999999999,76.1,35.3,39.304,67.0,15.0,93.2,89.9,812.6,15.0,93.7,89.8,5.0,24.064,5.0,5.0,104.41799999999999
27.29,8,21.154,5.608,17.365000000000002,5.0,104.69,94.564,76.1,35.3,39.302,67.0,15.0,93.2,89.9,812.6,15.0,93.7,89.8,5.0,24.230999999999998,5.0,5.0,104.415
27.31,8,21.075,5.452,17.497,5.0,104.618,94.913,76.1,35.3,39.233000000000004,67.0,15.0,93.2,89.9,812.6,15.0,93.7,89.8,5.0,24.175,5.0,5.0,104.413
27.33,8,21.09,5.453,17.252000000000002,5.0,104.69,94.593,76.1,35.3,39.175,67.0,15.0,93.2,89.9,812.6,15.0,93.7,89.8,5.0,24.201,5.0,5.0,104.41
27.35,8,21.129,5.568,17.348,5.0,104.64200000000001,95.058,76.1,35.3,39.141999999999996,67.0,15.0,93.2,89.9,812.6,15.0,93.7,89.8,5.0,24.137999999999998,5.0,5.0,104.40700000000001
27.37,8,21.238,5.47,17.244,5.0,104.571,94.942,76.1,35.3,39.124,67.0,15.0,93.2,89.9,812.6,15.0,93.7,89.8,5.0,24.087,5.0,5.0,104.41
27.39,8,20.761,5.897,17.305999999999997,5.0,104.69,95.20100000000001,76.1,35.3,39.113,67.0,15.0,93.2,89.9,812.6,15.0,93.7,89.8,5.0,24.012999999999998,5.0,5.0,104.40700000000001
27.41,8,21.042,5.486,17.292,5.0,104.523,94.73899999999999,76.1,35.3,39.107,67.0,15.0,93.2,89.9,812.6,15.0,93.7,89.8,5.0,24.147000000000002,5.0,5.0,104.412
27.43,8,21.04,5.618,17.331,5.0,104.69,94.768,76.1,35.3,39.104,66.975,15.0,93.2,89.9,812.6,15.0,93.7,89.8,5.0,24.079,5.0,5.0,104.40299999999999
27.45,8,21.017,5.655,17.242,5.0,104.571,95.23,76.1,35.3,39.102,66.94200000000001,15.0,93.2,89.9,812.6,15.0,93.7,89.8,5.0,24.1,5.0,5.0,104.404
27.47,8,20.723,5.7509999999999994,17.302999999999997,5.0,104.28299999999999,95.086,76.1,35.3,39.101,66.924,15.0,93.2,89.9,812.6,15.0,93.7,89.8,5.0,24.26,5.0,5.0,104.40700000000001
27.49,8,21.153,5.7829999999999995,17.107999999999997,5.0,104.45100000000001,94.942,76.1,35.3,39.013000000000005,66.91300000000001,15.0,93.2,89.9,812.6,15.0,93.7,89.8,5.0,24.215999999999998,5.0,5.0,104.406
27.51,8,20.675,5.714,17.328,5.0,104.427,95.029,76.1,35.3,38.964,66.908,15.0,93.2,89.9,812.6,15.0,93.7,89.8,5.0,24.215999999999998,5.0,5.0,104.405
27.53,8,20.797,5.724,17.117,5.0,104.594,95.115,76.1,35.3,38.936,66.904,15.0,93.2,89.9,812.6,15.0,93.7,89.8,5.0,24.294,5.0,5.0,104.41
27.55,8,20.975,5.703,17.128,5.0,104.64200000000001,95.373,76.1,35.3,38.92,66.902,15.0,93.2,89.9,812.6,15.0,93.7,89.8,5.0,24.303,5.0,5.0,104.404
27.57,8,20.694000000000003,5.664,17.189999999999998,5.0,104.523,95.14399999999999,76.1,35.3,38.911,66.90100000000001,15.0,93.2,89.9,812.6,15.0,93.7,89.8,5.0,24.242,5.0,5.0,104.405
27.59,8,20.619999999999997,5.503,17.037,5.0,104.40299999999999,95.029,76.1,35.3,38.906,66.90100000000001,15.0,93.2,89.9,812.6,15.0,93.7,89.8,5.0,24.222,5.0,5.0,104.40299999999999
27.61,8,20.674,5.541,17.073,5.0,104.259,95.086,76.1,35.3,38.903999999999996,66.9,15.0,93.2,89.9,812.6,15.0,93.7,89.8,5.0,24.195999999999998,5.0,5.0,104.406
27.63,8,20.277,5.493,16.994999999999997,5.0,104.40299999999999,95.23,76.1,35.3,38.902,66.9,15.0,93.2,89.9,812.6,15.0,93.7,89.8,5.0,24.157,5.0,5.0,104.40799999999999
27.65,8,20.367,5.561,17.256999999999998,5.0,104.235,95.23,76.1,35.3,38.900999999999996,66.9,15.0,93.2,89.9,812.6,15.0,93.7,89.8,5.0,24.158,5.0,5.0,104.404
27.67,8,20.165999999999997,5.514,17.261,5.0,104.45100000000001,95.0,76.1,35.3,38.900999999999996,66.9,15.0,93.2,89.9,812.6,15.0,93.7,89.8,5.0,24.192,5.0,5.0,104.413
27.69,8,20.148,5.53,17.085,5.0,104.45100000000001,95.173,76.1,35.3,38.831999999999994,66.9,15.0,93.2,89.9,812.6,15.0,93.7,89.8,5.0,24.027,5.0,5.0,104.414
27.71,8,20.506999999999998,5.554,17.125999999999998,5.0,104.54700000000001,95.086,76.1,35.3,38.774,66.9,15.0,93.2,89.9,812.6,15.0,93.7,89.8,5.0,24.191,5.0,5.0,104.415
27.73,8,20.064999999999998,5.459,16.935000000000002,5.0,104.28299999999999,95.259,76.1,35.3,38.742,66.9,15.0,93.2,89.9,812.6,15.0,93.7,89.8,5.0,24.118,5.0,5.0,104.421
27.75,8,20.293,5.482,16.820999999999998,5.0,104.475,94.884,76.1,35.3,38.723,66.9,15.0,93.2,89.9,812.6,15.0,93.7,89.8,5.0,24.261,5.0,5.0,104.414
27.77,8,20.079,5.605,16.992,5.0,104.40299999999999,95.14399999999999,76.1,35.3,38.713,66.9,15.0,93.2,89.9,812.6,15.0,93.7,89.8,5.0,24.118,5.0,5.0,104.414
27.79,8,20.487000000000002,5.447,16.98,5.0,104.331,95.20100000000001,76.1,35.3,38.706999999999994,66.9,15.0,93.2,89.9,812.6,15.0,93.7,89.8,5.0,24.171,5.0,5.0,104.413
27.81,8,20.198,5.498,16.927999999999997,5.0,104.37899999999999,94.942,76.1,35.3,38.704,66.9,15.0,93.2,89.9,812.6,15.0,93.7,89.8,5.0,24.212,5.0,5.0,104.419
27.83,8,20.235,5.445,16.852,5.0,104.307,95.28699999999999,76.1,35.3,38.702,66.9,15.0,93.2,89.9,812.6,15.0,93.7,89.8,5.0,24.213,5.0,5.0,104.42399999999999
27.85,8,20.319000000000003,5.625,17.055,5.0,104.13799999999999,95.086,76.1,35.3,38.633,66.9,15.0,93.2,89.9,812.6,15.0,93.7,89.8,5.0,24.062,5.0,5.0,104.42299999999999
27.87,8,20.293,5.62,16.814999999999998,5.0,104.331,95.459,76.1,35.3,38.575,66.85,15.0,93.2,89.9,812.6,15.0,93.7,89.8,5.0,24.043,5.0,5.0,104.425
27.89,8,20.313,5.457,16.750999999999998,5.0,104.307,95.373,76.1,35.3,38.542,66.78399999999999,15.0,93.2,89.9,812.6,15.0,93.7,89.8,5.0,24.05,5.0,5.0,104.434
27.91,8,20.070999999999998,5.614,16.836,5.0,104.259,95.316,76.1,35.3,38.524,66.747,15.0,93.2,89.9,812.6,15.0,93.7,89.8,5.0,23.968,5.0,5.0,104.431
27.93,8,19.832,5.444,16.85,5.0,104.042,94.971,76.1,35.3,38.513000000000005,66.727,15.0,93.2,89.9,812.6,15.0,93.7,89.8,5.0,24.099,5.0,5.0,104.428
27.95,8,19.775,5.5280000000000005,16.801,5.0,104.09,94.942,76.1,35.3,38.507,66.715,15.0,93.2,89.9,812.6,15.0,93.7,89.8,5.0,24.294,5.0,5.0,104.44
27.97,8,19.937,5.474,16.587,5.0,103.945,94.971,76.1,35.3,38.504000000000005,66.708,15.0,93.2,89.9,812.6,15.0,93.7,89.8,5.0,24.362000000000002,5.0,5.0,104.426
27.99,8,19.901,5.442,16.512,5.0,104.09,95.14399999999999,76.1,35.3,38.501999999999995,66.705,15.0,93.2,89.9,812.6,15.0,93.7,89.8,5.0,24.3,5.0,5.0,104.417
28.01,8,20.211,5.487,16.675,5.0,103.896,94.942,76.1,35.3,38.501,66.703,15.0,93.2,89.9,812.6,15.0,93.7,89.8,5.0,24.257,5.0,5.0,104.413
28.03,8,19.802,5.784,16.782,5.0,104.09,95.373,76.1,35.3,38.451,66.702,15.0,93.2,89.9,812.6,15.0,93.7,89.8,5.0,24.239,5.0,5.0,104.402
28.05,8,19.691,5.7170000000000005,16.455,5.0,103.79899999999999,95.28699999999999,76.1,35.3,38.385000000000005,66.701,15.0,93.2,89.9,812.6,15.0,93.7,89.8,5.0,24.148,5.0,5.0,104.412
28.07,8,19.975,5.601,16.622,5.0,103.92,95.373,76.1,35.3,38.348,66.7,15.0,93.2,89.9,812.6,15.0,93.7,89.8,5.0,24.237000000000002,5.0,5.0,104.40899999999999
28.09,8,19.61,5.475,16.451999999999998,5.0,103.823,95.345,76.15,35.3,38.327,66.7,15.0,93.2,89.9,812.6,15.0,93.7,89.8,5.0,24.225,5.0,5.0,104.40100000000001
28.11,8,19.482,5.618,16.762999999999998,5.0,103.79899999999999,95.259,76.21600000000001,35.3,38.315,66.7,15.0,93.2,89.9,812.6,15.0,93.7,89.8,5.0,24.143,5.0,5.0,104.41
28.13,8,20.168,5.501,16.514000000000003,5.0,103.774,95.029,76.253,35.3,38.30800000000001,66.7,15.0,93.2,89.9,812.6,15.0,93.7,89.8,5.0,24.147000000000002,5.0,5.0,104.40799999999999
28.15,8,19.917,5.541,16.593,5.0,103.726,95.345,76.273,35.3,38.305,66.7,15.0,93.2,89.9,812.6,15.0,93.7,89.8,5.0,24.159000000000002,5.0,5.0,104.405
28.17,8,19.776,5.467,16.308,5.0,103.70100000000001,95.0,76.285,35.3,38.303,66.7,15.0,93.2,89.9,812.6,15.0,93.7,89.8,5.0,24.035,5.0,5.0,104.425
28.19,8,19.406,5.733,16.595,5.0,103.92,95.14399999999999,76.292,35.3,38.302,66.631,15.0,93.2,89.9,812.6,15.0,93.7,89.8,5.0,23.901,5.0,5.0,104.40799999999999
28.21,8,19.641,5.447,16.543,5.0,103.726,95.115,76.295,35.3,38.301,66.574,15.0,93.2,89.9,812.6,15.0,93.7,89.8,5.0,23.956,5.0,5.0,104.40799999999999
28.23,8,19.970999999999997,5.553,16.601,5.0,103.75,95.086,76.297,35.3,38.232,66.542,15.0,93.2,89.9,812.6,15.0,93.7,89.8,5.0,24.01,5.0,5.0,104.416
28.25,8,19.506999999999998,5.578,16.305999999999997,5.0,103.677,95.0,76.298,35.3,38.174,66.523,15.0,93.2,89.9,812.6,15.0,93.7,89.8,5.0,23.877,5.0,5.0,104.40899999999999
28.27,8,19.509,5.47,16.563,5.0,103.79899999999999,95.115,76.299,35.3,38.141999999999996,66.513,15.0,93.2,89.9,812.6,15.0,93.7,89.8,5.0,23.808,5.0,5.0,104.414
28.29,8,19.296,5.791,16.473,5.0,103.677,94.884,76.3,35.3,38.123000000000005,66.507,15.0,93.2,89.9,812.6,15.0,93.7,89.8,5.0,23.651,5.0,5.0,104.411
28.31,8,19.474,5.518,16.493000000000002,5.0,103.62799999999999,95.28699999999999,76.3,35.3,38.113,66.50399999999999,15.0,93.2,89.9,812.6,15.0,93.7,89.8,5.0,23.726,5.0,5.0,104.416
28.33,8,19.302999999999997,5.63,16.476,5.0,103.456,95.029,76.3,35.3,38.107,66.502,15.0,93.2,89.9,812.6,15.0,93.7,89.8,5.0,23.648,5.0,5.0,104.415
28.35,8,19.445,5.496,16.497,5.0,103.652,95.23,76.3,35.3,38.104,66.501,15.0,93.2,89.9,812.6,15.0,93.7,89.8,5.0,23.718,5.0,5.0,104.416
28.37,8,19.2,5.768,16.335,5.0,103.432,94.913,76.3,35.3,38.102,66.501,15.0,93.2,89.9,812.6,15.0,93.7,89.8,5.0,23.653,5.0,5.0,104.419
28.39,8,19.523,5.5600000000000005,16.255000000000003,5.0,103.456,94.913,76.3,35.3,38.101,66.5,15.0,93.2,89.9,812.6,15.0,93.7,89.8,5.0,23.551,5.0,5.0,104.412
28.41,8,19.134999999999998,5.586,16.381,5.0,103.53,94.913,76.3,35.3,38.101,66.5,15.0,93.2,89.9,812.6,15.0,93.7,89.8,5.0,23.525,5.0,5.0,104.413
28.43,8,19.455,5.9079999999999995,16.244999999999997,5.0,103.652,94.855,76.3,35.3,38.1,66.45,15.0,93.2,89.9,812.6,15.0,93.7,89.8,5.0,23.487000000000002,5.0,5.0,104.416
28.45,8,18.809,5.6530000000000005,16.21,5.0,103.382,94.913,76.3,35.3,38.075,66.38399999999999,15.0,93.2,89.9,812.6,15.0,93.7,89.8,5.0,23.427,5.0,5.0,104.413
28.47,8,19.359,5.475,16.223,5.0,103.62799999999999,94.942,76.3,35.3,38.042,66.34700000000001,15.0,93.2,89.9,812.6,15.0,93.7,89.8,5.0,23.305,5.0,5.0,104.414
28.49,8,18.796,5.568,16.079,5.0,103.48100000000001,95.115,76.3,35.3,38.024,66.327,15.0,93.2,89.9,812.6,15.0,93.7,89.8,5.0,23.22,5.0,5.0,104.411
28.51,8,18.384,5.542,16.379,5.0,103.53,95.086,76.3,35.3,38.013000000000005,66.315,15.0,93.2,89.9,812.6,15.0,93.7,89.8,5.0,23.279,5.0,5.0,104.412
28.53,8,18.73,5.555,15.962,5.0,103.48100000000001,95.14399999999999,76.3,35.3,38.008,66.30799999999999,15.0,93.2,89.9,812.6,15.0,93.7,89.8,5.0,23.39,5.0,5.0,104.419
28.55,8,19.019,5.51,16.109,5.0,103.30799999999999,94.855,76.3,35.3,38.004000000000005,66.305,15.0,93.2,89.9,812.6,15.0,93.7,89.8,5.0,23.2,5.0,5.0,104.414
28.57,8,18.837,5.638,16.07,5.0,103.456,94.652,76.3,35.3,38.001999999999995,66.303,15.0,93.2,89.9,812.6,15.0,93.7,89.8,5.0,23.024,5.0,5.0,104.417
28.59,8,19.009,5.617,16.269,5.0,103.382,94.623,76.3,35.3,38.001,66.30199999999999,15.0,93.2,89.9,812.6,15.0,93.7,89.8,5.0,23.026,5.0,5.0,104.413
28.61,8,18.832,5.506,16.134999999999998,5.0,103.382,95.029,76.3,35.3,38.001,66.301,15.0,93.2,89.9,812.6,15.0,93.7,89.8,5.0,23.053,5.0,5.0,104.419
28.63,8,19.391,5.532,16.034,5.0,103.259,95.058,76.3,35.3,38.0,66.3,15.0,93.2,89.9,812.6,15.0,93.7,89.8,5.0,22.91,5.0,5.0,104.419
28.65,8,18.22,5.468,16.022,5.0,103.28399999999999,94.768,76.3,35.3,38.0,66.3,15.0,93.2,89.9,812.6,15.0,93.7,89.8,5.0,22.919,5.0,5.0,104.421
28.67,8,18.917,5.481,16.085,5.0,103.382,94.797,76.3,35.3,37.931,66.25,15.0,93.2,89.9,812.6,15.0,93.7,89.8,5.0,22.840999999999998,5.0,5.0,104.421
28.69,8,18.824,5.541,15.904000000000002,5.0,103.432,94.593,76.3,35.3,37.874,66.184,15.0,93.2,89.9,812.6,15.0,93.7,89.8,5.0,22.927,5.0,5.0,104.416
28.71,8,18.855,5.516,16.107999999999997,5.0,103.135,94.652,76.3,35.3,37.842,66.148,15.0,93.2,89.9,812.6,15.0,93.7,89.8,5.0,22.881,5.0,5.0,104.42
28.73,8,18.631,5.546,15.902999999999999,5.0,103.30799999999999,94.768,76.3,35.3,37.823,66.127,15.0,93.2,89.9,812.6,15.0,93.7,89.8,5.0,22.842,5.0,5.0,104.42200000000001
28.75,8,18.555,5.633,15.923,5.0,103.209,94.797,76.3,35.3,37.813,66.11500000000001,15.0,93.2,89.9,812.6,15.0,93.7,89.8,5.0,22.848,5.0,5.0,104.419
28.77,8,18.609,5.478,15.828,5.0,103.16,94.797,76.3,35.3,37.807,66.108,15.0,93.2,89.9,812.6,15.0,93.7,89.8,5.0,22.796,5.0,5.0,104.417
28.79,8,18.607,5.781,15.972000000000001,5.0,103.16,95.115,76.3,35.3,37.804,66.10499999999999,15.0,93.2,89.9,812.6,15.0,93.7,89.8,5.0,22.762999999999998,5.0,5.0,104.416
28.81,8,18.677,5.819,15.759,5.0,103.185,95.316,76.3,35.3,37.802,66.10300000000001,15.0,93.2,89.9,812.6,15.0,93.7,89.8,5.0,22.84,5.0,5.0,104.417
28.83,8,18.701999999999998,5.529,16.054000000000002,5.0,103.185,95.086,76.3,35.3,37.801,66.102,15.0,93.2,89.9,812.6,15.0,93.7,89.8,5.0,22.81,5.0,5.0,104.42
28.85,8,18.21,5.571,15.71,5.0,103.28399999999999,94.855,76.3,35.3,37.801,66.051,15.0,93.2,89.9,812.6,15.0,93.7,89.8,5.0,22.72,5.0,5.0,104.417
28.87,8,18.845999999999997,5.64,15.937999999999999,5.0,103.01100000000001,94.971,76.3,35.3,37.8,65.985,15.0,93.2,89.9,812.6,15.0,93.7,89.8,5.0,22.785999999999998,5.0,5.0,104.419
28.89,8,18.238,5.574,15.81,5.0,103.28399999999999,95.0,76.3,35.3,37.8,65.94800000000001,15.0,93.2,89.9,812.6,15.0,93.7,89.8,5.0,22.753,5.0,5.0,104.415
28.91,8,18.206,5.851,15.779000000000002,5.0,102.961,95.058,76.3,35.3,37.75,65.92699999999999,15.0,93.2,89.9,812.6,15.0,93.7,89.8,5.0,22.698,5.0,5.0,104.421
28.93,8,18.519,5.668,15.63,5.0,103.036,94.971,76.3,35.3,37.684,65.91499999999999,15.0,93.2,89.9,812.6,15.0,93.7,89.8,5.0,22.757,5.0,5.0,104.419
28.95,8,18.521,5.631,15.824000000000002,5.0,103.036,95.029,76.3,35.3,37.648,65.908,15.0,93.2,89.9,812.6,15.0,93.7,89.8,5.0,22.895,5.0,5.0,104.414
28.97,8,18.576,5.76,15.732999999999999,5.0,103.135,95.0,76.3,35.3,37.626999999999995,65.905,15.0,93.2,89.9,812.6,15.0,93.7,89.8,5.0,22.967,5.0,5.0,104.414
28.99,8,18.328,5.769,15.854000000000001,5.0,103.16,95.14399999999999,76.3,35.3,37.614999999999995,65.90299999999999,15.0,93.2,89.9,812.6,15.0,93.7,89.8,5.0,23.023,5.0,5.0,104.414
29.01,8,18.124000000000002,5.558,15.652000000000001,5.0,103.382,95.20100000000001,76.3,35.3,37.608000000000004,65.902,15.0,93.2,89.9,812.6,15.0,93.7,89.8,5.0,23.070999999999998,5.0,5.0,104.41799999999999
29.03,8,18.033,5.583,15.703,5.0,103.085,95.14399999999999,76.3,35.3,37.605000000000004,65.851,15.0,93.2,89.9,812.6,15.0,93.7,89.8,5.0,23.13,5.0,5.0,104.417
29.05,8,17.915999999999997,5.632,15.593,5.0,102.936,95.23,76.3,35.3,37.603,65.785,15.0,93.2,89.9,812.6,15.0,93.7,89.8,5.0,23.143,5.0,5.0,104.41799999999999
29.07,8,18.046,5.743,15.847999999999999,5.0,103.11,95.0,76.3,35.3,37.602,65.748,15.0,93.2,89.9,812.6,15.0,93.7,89.8,5.0,23.156,5.0,5.0,104.42
29.09,8,18.025,5.608,15.625,5.0,103.01100000000001,94.797,76.3,35.3,37.601,65.727,15.0,93.2,89.9,812.6,15.0,93.7,89.8,5.0,23.242,5.0,5.0,104.417
29.11,8,17.982999999999997,5.628,15.533,5.0,102.76100000000001,95.0,76.3,35.3,37.6,65.715,15.0,93.2,89.9,812.6,15.0,93.7,89.8,5.0,23.296,5.0,5.0,104.415
29.13,8,18.220999999999997,5.732,15.520999999999999,5.0,102.936,95.259,76.3,35.3,37.55,65.708,15.0,93.2,89.9,812.6,15.0,93.7,89.8,5.0,23.408,5.0,5.0,104.414
29.15,8,18.032,5.493,15.689,5.0,102.986,95.14399999999999,76.3,35.3,37.485,65.705,15.0,93.2,89.9,812.6,15.0,93.7,89.8,5.0,23.404,5.0,5.0,104.417
29.17,8,17.912,5.692,15.517000000000001,5.0,103.234,94.913,76.3,35.3,37.448,65.703,15.0,93.2,89.9,812.6,15.0,93.7,89.8,5.0,23.445999999999998,5.0,5.0,104.42299999999999
29.19,8,17.985,5.615,15.515999999999998,5.0,102.986,95.259,76.3,35.3,37.427,65.702,15.0,93.2,89.9,812.6,15.0,93.7,89.8,5.0,23.447,5.0,5.0,104.411
29.21,8,17.622,5.705,15.569,5.0,102.961,95.23,76.3,35.3,37.415,65.65100000000001,15.0,93.2,89.9,812.6,15.0,93.7,89.8,5.0,23.430999999999997,5.0,5.0,104.41
29.23,8,17.673000000000002,5.496,15.61,5.0,102.88600000000001,95.029,76.3,35.3,37.408,65.58500000000001,15.0,93.2,89.9,812.6,15.0,93.7,89.8,5.0,23.352,5.0,5.0,104.40899999999999
29.25,8,17.674,5.516,15.392999999999999,5.0,102.861,94.768,76.35,35.3,37.405,65.548,15.0,93.2,89.9,812.6,15.0,93.7,89.8,5.0,23.319000000000003,5.0,5.0,104.41
29.27,8,17.934,5.442,15.448,5.0,103.085,95.086,76.416,35.3,37.403000000000006,65.527,15.0,93.2,89.9,812.6,15.0,93.7,89.8,5.0,23.256,5.0,5.0,104.40899999999999
29.29,8,17.619,5.44,15.515,5.0,103.061,95.316,76.453,35.3,37.402,65.515,15.0,93.2,89.9,812.6,15.0,93.7,89.8,5.0,23.279,5.0,5.0,104.415
29.31,8,17.304000000000002,5.52,15.655,5.0,102.786,95.0,76.473,35.3,37.400999999999996,65.50800000000001,15.0,93.2,89.9,812.6,15.0,93.7,89.8,5.0,23.155,5.0,5.0,104.419
29.33,8,17.508,5.686,15.251,5.0,102.936,95.115,76.485,35.3,37.4,65.505,15.0,93.2,89.9,812.6,15.0,93.7,89.8,5.0,23.214000000000002,5.0,5.0,104.413
29.35,8,18.005000000000003,5.483,15.244000000000002,5.0,102.76100000000001,95.345,76.49199999999999,35.3,37.4,65.503,15.0,93.2,89.9,812.6,15.0,93.7,89.8,5.0,23.287,5.0,5.0,104.41
29.37,8,17.537,5.538,15.32,5.0,102.76100000000001,95.402,76.495,35.3,37.375,65.452,15.0,93.2,89.9,812.6,15.0,93.7,89.8,5.0,23.307000000000002,5.0,5.0,104.404
29.39,8,17.598,5.573,15.450999999999999,5.0,102.76100000000001,95.316,76.497,35.3,37.342,65.38499999999999,15.0,93.2,89.9,812.6,15.0,93.7,89.8,5.0,23.137999999999998,5.0,5.0,104.406
29.41,8,17.337,5.671,15.232000000000001,5.0,102.736,95.0,76.498,35.3,37.324,65.348,15.0,93.2,89.9,812.6,15.0,93.7,89.8,5.0,23.157,5.0,5.0,104.417
29.43,8,17.302999999999997,5.526,15.247,5.0,102.736,94.768,76.499,35.3,37.313,65.327,15.0,93.2,89.9,812.6,15.0,93.7,89.8,5.0,23.271,5.0,5.0,104.412
29.45,8,17.463,5.459,15.318,5.0,102.51,94.797,76.5,35.3,37.30800000000001,65.315,15.0,93.2,89.9,812.6,15.0,93.7,89.8,5.0,23.191,5.0,5.0,104.40899999999999
29.47,8,17.585,5.438,15.38,5.0,102.686,94.884,76.5,35.3,37.304,65.309,15.0,93.2,89.9,812.6,15.0,93.7,89.8,5.0,23.148,5.0,5.0,104.413
29.49,8,17.334000000000003,5.493,15.495999999999999,5.0,102.786,95.14399999999999,76.5,35.3,37.302,65.305,15.0,93.2,89.9,812.6,15.0,93.7,89.8,5.0,23.069000000000003,5.0,5.0,104.40799999999999
29.51,8,17.402,5.525,15.402999999999999,5.0,102.76100000000001,95.115,76.5,35.3,37.301,65.303,15.0,93.2,89.9,812.6,15.0,93.7,89.8,5.0,23.083,5.0,5.0,104.413
29.53,8,16.987000000000002,5.5489999999999995,15.222999999999999,5.0,102.611,95.43,76.5,35.3,37.301,65.252,15.0,93.2,89.9,812.6,15.0,93.7,89.8,5.0,22.973,5.0,5.0,104.406
29.55,8,17.67,5.54,15.126,5.0,102.611,95.28699999999999,76.5,35.3,37.3,65.185,15.0,93.2,89.9,812.6,15.0,93.7,89.8,5.0,22.916,5.0,5.0,104.412
29.57,8,17.466,5.542,15.193,5.0,102.811,95.173,76.5,35.3,37.3,65.148,15.0,93.2,89.9,812.6,15.0,93.7,89.8,5.0,23.023,5.0,5.0,104.415
29.59,8,17.201,5.441,15.339,5.0,102.786,95.0,76.5,35.3,37.3,65.127,15.0,93.2,89.9,812.6,15.0,93.7,89.8,5.0,23.006,5.0,5.0,104.415
29.61,8,17.235,5.461,15.152999999999999,5.0,102.76100000000001,95.23,76.5,35.3,37.3,65.11500000000001,15.0,93.2,89.9,812.6,15.0,93.7,89.8,5.0,22.864,5.0,5.0,104.413
29.63,8,17.21,5.51,15.247,5.0,102.811,95.173,76.5,35.3,37.25,65.109,15.0,93.2,89.9,812.6,15.0,93.7,89.8,5.0,22.688,5.0,5.0,104.414
29.65,8,16.699,5.515,15.395999999999999,5.0,102.686,95.373,76.5,35.3,37.184,65.10499999999999,15.0,93.2,89.9,812.6,15.0,93.7,89.8,5.0,22.625999999999998,5.0,5.0,104.416
29.67,8,17.2,5.626,15.321,5.0,102.585,94.913,76.5,35.3,37.147,65.078,15.0,93.2,89.9,812.6,15.0,93.7,89.8,5.0,22.625999999999998,5.0,5.0,104.40899999999999
29.69,8,17.129,5.458,15.277000000000001,5.0,102.686,94.855,76.5,35.3,37.126999999999995,65.044,15.0,93.2,89.9,812.6,15.0,93.7,89.8,5.0,22.616,5.0,5.0,104.413
29.71,8,17.532,5.709,15.14,5.0,102.661,94.82600000000001,76.5,35.3,37.114999999999995,65.025,15.0,93.2,89.9,812.6,15.0,93.7,89.8,5.0,22.577,5.0,5.0,104.413
29.73,8,16.909,5.578,15.102,5.0,102.384,94.652,76.5,35.3,37.108000000000004,65.014,15.0,93.2,89.9,812.6,15.0,93.7,89.8,5.0,22.570999999999998,5.0,5.0,104.413
29.75,8,16.966,5.487,15.339,5.0,102.56,94.82600000000001,76.5,35.3,37.105000000000004,65.00800000000001,15.0,93.2,89.9,812.6,15.0,93.7,89.8,5.0,22.516,5.0,5.0,104.40799999999999
29.77,8,17.287,5.463,15.094,5.0,102.434,94.971,76.5,35.3,37.103,65.00399999999999,15.0,93.2,89.9,812.6,15.0,93.7,89.8,5.0,22.427,5.0,5.0,104.416
29.79,8,17.163,5.505,15.041,5.0,102.56,95.115,76.5,35.3,37.102,65.002,15.0,93.2,89.9,812.6,15.0,93.7,89.8,5.0,22.425,5.0,5.0,104.419
29.81,8,17.115000000000002,5.445,15.086,5.0,102.384,94.82600000000001,76.5,35.3,37.101,65.001,15.0,93.2,89.9,812.6,15.0,93.7,89.8,5.0,22.423,5.0,5.0,104.412
29.83,8,16.785,5.532,14.988,5.0,102.28200000000001,95.115,76.5,35.3,37.1,64.951,15.0,93.2,89.9,812.6,15.0,93.7,89.8,5.0,22.386,5.0,5.0,104.411
29.85,8,16.767000000000003,5.5760000000000005,14.995,5.0,102.63600000000001,95.259,76.5,35.3,37.1,64.88499999999999,15.0,93.2,89.9,812.6,15.0,93.7,89.8,5.0,22.39,5.0,5.0,104.41
29.87,8,17.165999999999997,5.682,15.138,5.0,102.434,95.058,76.5,35.3,37.1,64.848,15.0,93.2,89.9,812.6,15.0,93.7,89.8,5.0,22.410999999999998,5.0,5.0,104.412
29.89,8,16.987000000000002,5.617,15.025,5.0,102.333,94.797,76.5,35.3,37.1,64.827,15.0,93.2,89.9,812.6,15.0,93.7,89.8,5.0,22.453,5.0,5.0,104.414
29.91,8,16.732,5.48,15.057,5.0,102.30799999999999,94.855,76.5,35.3,37.1,64.815,15.0,93.2,89.9,812.6,15.0,93.7,89.8,5.0,22.469,5.0,5.0,104.414
29.93,8,16.969,5.525,14.976,5.0,102.51,95.14399999999999,76.5,35.3,37.05,64.80799999999999,15.0,93.2,89.9,812.6,15.0,93.7,89.8,5.0,22.504,5.0,5.0,104.416
29.95,8,16.847,5.456,15.17,5.0,102.40899999999999,95.086,76.5,35.3,36.984,64.805,15.0,93.2,89.9,812.6,15.0,93.7,89.8,5.0,22.445999999999998,5.0,5.0,104.411
29.97,8,17.075,5.643,14.984,5.0,102.155,94.768,76.5,35.3,36.947,64.753,15.0,93.2,89.9,812.6,15.0,93.7,89.8,5.0,22.392,5.0,5.0,104.414
29.99,8,16.738,5.5120000000000005,15.101,5.0,102.30799999999999,94.447,76.5,35.3,36.927,64.686,15.0,93.2,89.9,812.6,15.0,93.7,89.8,5.0,22.348,5.0,5.0,104.415
30.01,8,16.82,5.455,14.792,5.0,102.333,94.82600000000001,76.5,35.3,36.915,64.648,15.0,93.2,89.9,812.6,15.0,93.7,89.8,5.0,22.430999999999997,5.0,5.0,104.416
30.03,8,16.295,5.627,14.98,5.0,102.56,94.71,76.5,35.3,36.908,64.627,15.0,93.2,89.9,812.6,15.0,93.7,89.8,5.0,22.393,5.0,5.0,104.417
30.05,8,16.959000000000003,5.889,14.982999999999999,5.0,102.30799999999999,94.71,76.5,35.3,36.905,64.61500000000001,15.0,93.2,89.9,812.6,15.0,93.7,89.8,5.0,22.365,5.0,5.0,104.415
30.07,8,16.341,5.618,15.104,5.0,102.28200000000001,94.71,76.55,35.3,36.903000000000006,64.609,15.0,93.2,89.9,812.6,15.0,93.7,89.8,5.0,22.4,5.0,5.0,104.414
30.09,8,16.512999999999998,5.448,14.95,5.0,102.18,94.942,76.61600000000001,35.3,36.902,64.60499999999999,15.0,93.2,89.9,812.6,15.0,93.7,89.8,5.0,22.453,5.0,5.0,104.41799999999999
30.11,8,16.430999999999997,5.507,14.929,5.0,101.976,94.884,76.65299999999999,35.3,36.900999999999996,64.553,15.0,93.2,89.9,812.6,15.0,93.7,89.8,5.0,22.432000000000002,5.0,5.0,104.419
30.13,8,16.552,5.546,14.85,5.0,102.13,95.086,76.673,35.3,36.9,64.486,15.0,93.2,89.9,812.6,15.0,93.7,89.8,5.0,22.472,5.0,5.0,104.42
30.15,8,16.48,5.51,14.839,5.0,102.18,95.14399999999999,76.685,35.3,36.9,64.44800000000001,15.0,93.2,89.9,812.6,15.0,93.7,89.8,5.0,22.541,5.0,5.0,104.425
30.17,8,15.984000000000002,5.469,14.852,5.0,102.23100000000001,94.971,76.69200000000001,35.3,36.9,64.42699999999999,15.0,93.2,89.9,812.6,15.0,93.7,89.8,5.0,22.547,5.0,5.0,104.42200000000001
30.19,8,16.162,5.44,14.815,5.0,102.00200000000001,94.71,76.695,35.3,36.875,64.41499999999999,15.0,93.2,89.9,812.6,15.0,93.7,89.8,5.0,22.539,5.0,5.0,104.42299999999999
30.21,8,16.555,5.466,14.957,5.0,102.027,95.115,76.697,35.3,36.842,64.40899999999999,15.0,93.2,89.9,812.6,15.0,93.7,89.8,5.0,22.605999999999998,5.0,5.0,104.425
30.23,8,16.64,5.514,14.763,5.0,102.104,95.115,76.69800000000001,35.3,36.824,64.405,15.0,93.2,89.9,812.6,15.0,93.7,89.8,5.0,22.53,5.0,5.0,104.421
30.25,8,16.387,5.555,14.79,5.0,102.18,94.73899999999999,76.699,35.3,36.813,64.35300000000001,15.0,93.2,89.9,812.6,15.0,93.7,89.8,5.0,22.528,5.0,5.0,104.421
30.27,8,16.594,5.463,14.722000000000001,5.0,102.104,94.884,76.7,35.3,36.80800000000001,64.286,15.0,93.2,89.9,812.6,15.0,93.7,89.8,5.0,22.534000000000002,5.0,5.0,104.427
30.29,8,16.3,5.447,14.645,5.0,102.104,94.768,76.7,35.3,36.804,64.248,15.0,93.2,89.9,812.6,15.0,93.7,89.8,5.0,22.574,5.0,5.0,104.426
30.31,8,16.734,5.569,14.628,5.0,102.206,94.971,76.7,35.3,36.802,64.227,15.0,93.2,89.9,812.6,15.0,93.7,89.8,5.0,22.675,5.0,5.0,104.428
30.33,8,16.2,5.494,14.822000000000001,5.0,102.23100000000001,94.82600000000001,76.7,35.3,36.801,64.215,15.0,93.2,89.9,812.6,15.0,93.7,89.8,5.0,22.585,5.0,5.0,104.42399999999999
30.35,8,16.392000000000003,5.616,14.683,5.0,101.899,94.82600000000001,76.7,35.3,36.801,64.209,15.0,93.2,89.9,812.6,15.0,93.7,89.8,5.0,22.627,5.0,5.0,104.417
30.37,8,16.274,5.472,14.613,5.0,102.104,94.942,76.7,35.3,36.8,64.205,15.0,93.2,89.9,812.6,15.0,93.7,89.8,5.0,22.68,5.0,5.0,104.42
30.39,8,16.484,5.481,14.673,5.0,102.00200000000001,94.971,76.7,35.3,36.8,64.203,15.0,93.2,89.9,812.6,15.0,93.7,89.8,5.0,22.692999999999998,5.0,5.0,104.419
30.41,8,16.039,5.562,14.704,5.0,102.104,95.029,76.7,35.3,36.8,64.152,15.0,93.2,89.9,812.6,15.0,93.7,89.8,5.0,22.809,5.0,5.0,104.41799999999999
30.43,8,16.226,5.497,14.566,5.0,102.13,94.971,76.7,35.3,36.8,64.08500000000001,15.0,93.2,89.9,812.6,15.0,93.7,89.8,5.0,22.767,5.0,5.0,104.415
30.45,8,15.957,5.5649999999999995,14.617,5.0,101.95100000000001,94.855,76.7,35.3,36.8,64.048,15.0,93.2,89.9,812.6,15.0,93.7,89.8,5.0,22.756,5.0,5.0,104.42
30.47,8,15.792,5.737,14.546,5.0,102.104,95.086,76.7,35.3,36.8,64.027,15.0,93.2,89.9,812.6,15.0,93.7,89.8,5.0,22.758,5.0,5.0,104.412
30.49,8,15.482000000000001,5.495,14.548,5.0,102.13,94.913,76.7,35.3,36.75,64.015,15.0,93.2,89.9,812.6,15.0,93.7,89.8,5.0,22.726,5.0,5.0,104.41799999999999
30.51,8,15.843,5.461,14.491,5.0,102.13,95.14399999999999,76.7,35.3,36.684,64.00899999999999,15.0,93.2,89.9,812.6,15.0,93.7,89.8,5.0,22.721,5.0,5.0,104.42
30.53,8,15.824000000000002,5.481,14.455,5.0,101.976,95.115,76.7,35.3,36.647,64.005,15.0,93.2,89.9,812.6,15.0,93.7,89.8,5.0,22.711,5.0,5.0,104.41799999999999
30.55,8,15.759,5.616,14.513,5.0,101.976,95.345,76.7,35.3,36.626999999999995,64.003,15.0,93.2,89.9,812.6,15.0,93.7,89.8,5.0,22.793,5.0,5.0,104.415
30.57,8,15.765999999999998,5.541,14.367,5.0,101.874,95.20100000000001,76.7,35.3,36.614999999999995,63.952,15.0,93.2,89.9,812.6,15.0,93.7,89.8,5.0,22.750999999999998,5.0,5.0,104.416
30.59,8,15.495,5.511,14.48,5.0,101.874,94.942,76.7,35.3,36.608000000000004,63.885,15.0,93.2,89.9,812.6,15.0,93.7,89.8,5.0,22.692999999999998,5.0,5.0,104.414
30.61,8,15.762,5.442,14.487,5.0,101.874,95.029,76.7,35.3,36.605000000000004,63.848,15.0,93.2,89.9,812.6,15.0,93.7,89.8,5.0,22.737000000000002,5.0,5.0,104.41
30.63,8,15.238999999999999,5.462,14.46,5.0,101.976,95.259,76.7,35.3,36.603,63.827,15.0,93.2,89.9,812.6,15.0,93.7,89.8,5.0,22.614,5.0,5.0,104.41
30.65,8,15.71,5.573,14.439,5.0,101.899,94.797,76.7,35.3,36.602,63.815,15.0,93.2,89.9,812.6,15.0,93.7,89.8,5.0,22.595,5.0,5.0,104.411
30.67,8,15.698,5.553,14.292,5.0,102.00200000000001,95.029,76.7,35.3,36.601,63.809,15.0,93.15,89.9,812.6,15.0,93.7,89.8,5.0,22.654,5.0,5.0,104.412
30.69,8,15.339,5.5760000000000005,14.369,5.0,101.976,94.681,76.7,35.3,36.6,63.805,15.0,93.084,89.9,812.6,15.0,93.7,89.8,5.0,22.555999999999997,5.0,5.0,104.40899999999999
30.71,8,15.657,5.708,14.247,5.0,101.64200000000001,95.259,76.7,35.3,36.6,63.803000000000004,15.0,93.047,89.9,812.6,15.0,93.7,89.8,5.0,22.569000000000003,5.0,5.0,104.413
30.73,8,15.720999999999998,5.604,14.298,5.0,101.745,95.086,76.7,35.3,36.6,63.751999999999995,15.0,93.027,89.9,812.6,15.0,93.7,89.8,5.0,22.581,5.0,5.0,104.414
30.75,8,15.213,5.86,14.329,5.0,101.848,95.0,76.7,35.3,36.6,63.685,15.0,93.015,89.9,812.6,15.0,93.7,89.8,5.0,22.586,5.0,5.0,104.411
30.77,8,15.280999999999999,5.455,14.505,5.0,101.694,95.029,76.75,35.3,36.6,63.648,15.0,93.008,89.9,812.6,15.0,93.7,89.8,5.0,22.6,5.0,5.0,104.40899999999999
30.79,8,15.556,5.469,14.315,5.0,101.694,94.971,76.816,35.3,36.6,63.626999999999995,15.0,93.005,89.9,812.6,15.0,93.7,89.8,5.0,22.614,5.0,5.0,104.411
30.81,8,15.257,5.446,14.15,5.0,101.64200000000001,95.0,76.85300000000001,35.3,36.6,63.615,15.0,93.003,89.9,812.6,15.0,93.7,89.8,5.0,22.589000000000002,5.0,5.0,104.40899999999999
30.83,8,15.499,5.584,14.28,5.0,101.848,94.942,76.873,35.3,36.6,63.608999999999995,15.0,93.001,89.9,812.6,15.0,93.7,89.8,5.0,22.602,5.0,5.0,104.412
30.85,8,15.302999999999999,5.62,14.354,5.0,101.616,94.913,76.88499999999999,35.3,36.55,63.605,15.0,93.001,89.9,812.6,15.0,93.7,89.8,5.0,22.694000000000003,5.0,5.0,104.412
30.87,8,15.607000000000001,5.696,14.254,5.0,101.719,95.23,76.892,35.3,36.484,63.553000000000004,15.0,93.0,89.9,812.6,15.0,93.7,89.8,5.0,22.703,5.0,5.0,104.41
30.89,8,15.704,5.48,14.269,5.0,101.48700000000001,94.942,76.89500000000001,35.3,36.447,63.486000000000004,15.0,93.0,89.9,812.6,15.0,93.7,89.8,5.0,22.706,5.0,5.0,104.40700000000001
30.91,8,14.635,5.445,14.306000000000001,5.0,101.66799999999999,95.086,76.89699999999999,35.3,36.427,63.448,15.0,93.0,89.9,812.6,15.0,93.7,89.8,5.0,22.743,5.0,5.0,104.40899999999999
30.93,8,15.450999999999999,5.515,14.196,5.0,101.59,95.0,76.898,35.3,36.415,63.427,15.0,93.0,89.9,812.6,15.0,93.7,89.8,5.0,22.757,5.0,5.0,104.405
30.95,8,15.101,5.529,13.995,5.0,101.59,94.913,76.899,35.3,36.408,63.415,15.0,93.0,89.9,812.6,15.0,93.7,89.8,5.0,22.745,5.0,5.0,104.406
30.97,8,15.65,5.501,14.175,5.0,101.59,94.884,76.9,35.3,36.405,63.409,15.0,93.0,89.9,812.6,15.0,93.7,89.8,5.0,22.752,5.0,5.0,104.41
30.99,8,15.655,5.588,14.113,5.0,101.616,95.28699999999999,76.9,35.3,36.403000000000006,63.405,15.0,93.0,89.9,812.6,15.0,93.7,89.8,5.0,22.654,5.0,5.0,104.41
31.01,8,15.581,5.561,14.209,5.0,101.48700000000001,95.23,76.9,35.3,36.402,63.333999999999996,15.0,93.0,89.9,812.6,15.0,93.7,89.8,5.0,22.666,5.0,5.0,104.414
31.03,8,15.43,5.547,14.225,5.0,101.539,95.115,76.9,35.3,36.400999999999996,63.275,15.0,93.0,89.9,812.6,15.0,93.7,89.8,5.0,22.685,5.0,5.0,104.413
31.05,8,15.317,5.684,14.185,5.0,101.48700000000001,95.0,76.9,35.3,36.4,63.242,15.0,93.0,89.9,812.6,15.0,93.7,89.8,5.0,22.683,5.0,5.0,104.415
31.07,8,15.43,5.505,14.135,5.0,101.539,95.20100000000001,76.9,35.3,36.4,63.224,15.0,93.0,89.9,812.6,15.0,93.7,89.8,5.0,22.695999999999998,5.0,5.0,104.416
31.09,8,15.325999999999999,5.7,14.167,5.0,101.461,95.115,76.9,35.3,36.4,63.213,15.0,93.0,89.9,812.6,15.0,93.7,89.8,5.0,22.7,5.0,5.0,104.41799999999999
31.11,8,14.806000000000001,5.715,14.173,5.0,101.616,95.402,76.9,35.3,36.4,63.208,15.0,93.0,89.9,812.6,15.0,93.7,89.8,5.0,22.801,5.0,5.0,104.419
31.13,8,15.504000000000001,5.664,14.149,5.0,101.48700000000001,95.259,76.9,35.3,36.4,63.20399999999999,15.0,93.0,89.9,812.6,15.0,93.7,89.8,5.0,22.761,5.0,5.0,104.42200000000001
31.15,8,14.943,5.693,14.248,5.0,101.539,94.884,76.9,35.3,36.4,63.152,15.0,93.0,89.9,812.6,15.0,93.7,89.8,5.0,22.668,5.0,5.0,104.42399999999999
31.17,8,15.102,5.601,14.158,5.0,101.331,95.20100000000001,76.9,35.3,36.4,63.086000000000006,15.0,93.0,89.9,812.6,15.0,93.7,89.8,5.0,22.654,5.0,5.0,104.42399999999999
31.19,8,15.485999999999999,5.5809999999999995,13.969,5.0,101.48700000000001,95.686,76.9,35.3,36.4,63.048,15.0,93.0,89.9,812.6,15.0,93.7,89.8,5.0,22.641,5.0,5.0,104.42200000000001
31.21,8,15.445,5.683,13.878,5.0,101.539,95.487,76.9,35.3,36.4,63.027,15.0,93.0,89.9,812.6,15.0,93.7,89.8,5.0,22.671,5.0,5.0,104.42399999999999
31.23,8,15.324000000000002,5.585,14.215,5.0,101.35700000000001,95.62899999999999,76.9,35.3,36.4,63.015,15.0,93.0,89.9,812.6,15.0,93.7,89.8,5.0,22.703,5.0,5.0,104.42299999999999
31.25,8,15.249,5.558,14.077,5.0,101.383,95.23,76.9,35.3,36.4,63.00899999999999,15.0,93.0,89.9,812.6,15.0,93.7,89.8,5.0,22.632,5.0,5.0,104.42299999999999
31.27,8,15.394,5.446,13.747,5.0,101.40899999999999,95.487,76.9,35.3,36.4,63.005,15.0,93.0,89.9,812.6,15.0,93.7,89.8,5.0,22.462,5.0,5.0,104.42399999999999
31.29,8,15.227,5.709,14.049,5.0,101.461,95.173,76.9,35.3,36.4,62.953,15.0,93.0,89.9,812.6,15.0,93.7,89.8,5.0,22.221,5.0,5.0,104.426
31.31,8,15.158,5.555,13.924,5.0,101.461,95.487,76.9,35.3,36.4,62.886,15.0,93.0,89.9,812.6,15.0,93.7,89.8,5.0,22.198,5.0,5.0,104.42
31.33,8,15.414000000000001,5.6370000000000005,13.812000000000001,5.0,101.461,95.345,76.9,35.3,36.375,62.848,15.0,93.0,89.9,812.6,15.0,93.7,89.8,5.0,22.163,5.0,5.0,104.42299999999999
31.35,8,14.867,5.569,13.963,5.0,101.564,95.373,76.9,35.3,36.342,62.827,15.0,93.0,89.9,812.6,15.0,93.7,89.8,5.0,22.268,5.0,5.0,104.417
31.37,8,14.75,5.55,13.932,5.0,101.383,95.28699999999999,76.9,35.3,36.324,62.815,15.0,93.0,89.9,812.6,15.0,93.7,89.8,5.0,22.504,5.0,5.0,104.42299999999999
31.39,8,14.615,5.679,13.879,5.0,101.226,95.572,76.9,35.3,36.313,62.809,15.0,93.0,89.9,812.6,15.0,93.7,89.8,5.0,22.512,5.0,5.0,104.427
31.41,8,15.142000000000001,5.704,13.835,5.0,101.305,95.43,76.9,35.3,36.30800000000001,62.805,15.0,93.0,89.9,812.6,15.0,93.7,89.8,5.0,22.605999999999998,5.0,5.0,104.42
31.43,8,14.927,5.6129999999999995,13.906,5.0,101.279,95.516,76.9,35.3,36.304,62.753,15.0,93.0,89.9,812.6,15.0,93.7,89.8,5.0,22.624000000000002,5.0,5.0,104.42299999999999
31.45,8,14.874,5.588,13.892000000000001,5.0,101.095,95.516,76.9,35.3,36.302,62.68600000000001,15.0,93.0,89.9,812.6,15.0,93.7,89.8,5.0,22.547,5.0,5.0,104.42200000000001
31.47,8,14.898,5.465,13.879,5.0,101.148,95.345,76.9,35.3,36.301,62.648,15.0,93.0,89.9,812.6,15.0,93.7,89.8,5.0,22.535,5.0,5.0,104.421
31.49,8,14.8,5.813,13.96,5.0,101.17399999999999,95.058,76.9,35.3,36.301,62.626999999999995,15.0,93.0,89.9,812.6,15.0,93.7,89.8,5.0,22.660999999999998,5.0,5.0,104.42
31.51,8,15.039,5.807,13.745,5.0,101.305,95.572,76.9,35.3,36.3,62.615,15.0,93.0,89.9,812.6,15.0,93.7,89.8,5.0,22.653,5.0,5.0,104.42
31.53,8,14.8,5.768,13.707,5.0,101.226,95.402,76.925,35.3,36.3,62.608999999999995,15.0,93.0,89.9,812.6,15.0,93.7,89.8,5.0,22.645,5.0,5.0,104.419
31.55,8,14.942,5.52,13.762,5.0,101.148,95.402,76.958,35.3,36.3,62.605,15.0,93.0,89.9,812.6,15.0,93.7,89.8,5.0,22.671,5.0,5.0,104.416
31.57,8,14.988,5.806,13.749,5.0,101.12200000000001,94.797,76.976,35.3,36.3,62.534,15.0,93.0,89.9,812.6,15.0,93.7,89.8,5.0,22.622,5.0,5.0,104.416
31.59,8,14.945,5.801,13.539,5.0,101.17399999999999,95.345,76.987,35.3,36.3,62.475,15.0,93.0,89.9,812.6,15.0,93.7,89.8,5.0,22.572,5.0,5.0,104.414
31.61,8,14.692,5.609,13.704,5.0,101.383,95.058,76.99199999999999,35.3,36.3,62.442,15.0,93.0,89.9,812.6,15.0,93.7,89.8,5.0,22.617,5.0,5.0,104.40899999999999
31.63,8,14.883,5.491,13.506,5.0,101.2,95.029,76.99600000000001,35.3,36.3,62.424,15.0,93.0,89.9,812.6,15.0,93.7,89.8,5.0,22.712,5.0,5.0,104.40899999999999
31.65,8,14.743,5.577,13.568999999999999,5.0,101.095,95.345,76.998,35.3,36.3,62.413000000000004,15.0,93.0,89.9,812.6,15.0,93.7,89.8,5.0,22.707,5.0,5.0,104.412
31.67,8,14.522,5.718,13.642000000000001,5.0,100.93799999999999,95.28699999999999,76.999,35.3,36.3,62.408,15.0,93.0,89.9,812.6,15.0,93.7,89.8,5.0,22.759,5.0,5.0,104.40799999999999
31.69,8,14.532,5.495,13.69,5.0,101.04299999999999,95.20100000000001,76.999,35.3,36.3,62.403999999999996,15.0,93.0,89.9,812.6,15.0,93.7,89.8,5.0,22.795,5.0,5.0,104.414
31.71,8,14.414,5.466,13.698,5.0,100.99,95.058,77.0,35.3,36.25,62.352,15.0,93.0,89.9,812.6,15.0,93.65,89.8,5.0,22.896,5.0,5.0,104.412
31.73,8,14.481,5.603,13.777000000000001,5.0,101.01700000000001,95.058,77.0,35.3,36.184,62.286,15.0,93.0,89.9,812.6,15.0,93.584,89.8,5.0,22.919,5.0,5.0,104.411
31.75,8,14.318,5.567,13.715,5.0,101.17399999999999,95.173,77.0,35.3,36.147,62.248000000000005,15.0,93.0,89.9,812.6,15.0,93.547,89.8,5.0,22.99,5.0,5.0,104.411
31.77,8,14.466000000000001,5.579,13.677999999999999,5.0,100.964,95.259,77.0,35.3,36.126999999999995,62.227,15.0,93.0,89.9,812.6,15.0,93.527,89.8,5.0,23.06,5.0,5.0,104.413
31.79,8,14.515,5.536,13.475,5.0,101.069,95.115,77.0,35.3,36.114999999999995,62.215,15.0,93.0,89.9,812.6,15.0,93.515,89.8,5.0,23.047,5.0,5.0,104.412
31.81,8,14.457,5.504,13.645,5.0,101.2,95.28699999999999,77.0,35.3,36.108000000000004,62.208999999999996,15.0,93.0,89.9,812.6,15.0,93.508,89.8,5.0,22.894000000000002,5.0,5.0,104.41
31.83,8,14.133,5.924,13.65,5.0,101.148,95.14399999999999,77.0,35.3,36.105000000000004,62.155,15.0,93.0,89.9,812.6,15.0,93.505,89.8,5.0,22.734,5.0,5.0,104.40700000000001
31.85,8,14.504,5.721,13.604,5.0,100.99,95.058,77.0,35.3,36.103,62.086999999999996,15.0,93.0,89.9,812.6,15.0,93.503,89.8,5.0,22.758,5.0,5.0,104.405
31.87,8,14.009,5.5489999999999995,13.68,5.0,101.069,95.086,77.0,35.3,36.102,62.049,15.0,93.0,89.9,812.6,15.0,93.501,89.8,5.0,22.83,5.0,5.0,104.411
31.89,8,14.245,5.594,13.532,5.0,100.885,94.942,77.0,35.3,36.101,62.028,15.0,93.0,89.9,812.6,15.0,93.501,89.8,5.0,22.796,5.0,5.0,104.40899999999999
31.91,8,14.353,5.687,13.455,5.0,101.069,95.0,77.0,35.3,36.1,62.016000000000005,15.0,93.0,89.9,812.6,15.0,93.5,89.8,5.0,22.834,5.0,5.0,104.41
31.93,8,14.696,5.48,13.436,5.0,101.069,95.20100000000001,77.0,35.3,36.1,62.00899999999999,15.0,93.0,89.9,812.6,15.0,93.5,89.8,5.0,22.742,5.0,5.0,104.411
31.95,8,13.927,5.496,13.6,5.0,101.148,94.942,77.0,35.3,36.1,61.98,15.0,93.0,89.9,812.6,15.0,93.5,89.8,5.0,22.809,5.0,5.0,104.419
31.97,8,14.038,5.506,13.34,5.0,101.12200000000001,95.316,77.0,35.3,36.1,61.901,15.0,93.0,89.9,812.6,15.0,93.5,89.8,5.0,22.796,5.0,5.0,104.427
31.99,8,13.886000000000001,5.63,13.521,5.0,100.859,95.20100000000001,77.0,35.3,36.1,61.857,15.0,93.0,89.9,812.6,15.0,93.5,89.8,5.0,22.863,5.0,5.0,104.417
32.01,8,14.277999999999999,5.496,13.246,5.0,101.04299999999999,94.971,77.0,35.3,36.1,61.832,15.0,93.0,89.9,812.6,15.0,93.5,89.8,5.0,22.924,5.0,5.0,104.411
32.03,8,14.033999999999999,5.638,13.235,5.0,101.069,95.029,77.0,35.3,36.1,61.818000000000005,15.0,93.0,89.9,812.6,15.0,93.5,89.8,5.0,22.968,5.0,5.0,104.42
32.05,8,14.146,5.51,13.399,5.0,101.12200000000001,95.20100000000001,77.0,35.3,36.1,61.81,15.0,93.0,89.9,812.6,15.0,93.5,89.8,5.0,23.034000000000002,5.0,5.0,104.419
32.07,8,13.871,5.44,13.386000000000001,5.0,101.095,95.058,77.0,35.3,36.1,61.781000000000006,15.0,93.0,89.9,812.6,15.0,93.5,89.775,5.0,22.988,5.0,5.0,104.417
32.09,8,14.107999999999999,5.662,13.306000000000001,5.0,101.095,95.402,77.0,35.3,36.1,61.702,15.0,93.0,89.9,812.6,15.0,93.5,89.742,5.0,22.998,5.0,5.0,104.419
32.11,8,13.997,5.657,13.448,5.0,101.095,95.316,77.0,35.3,36.1,61.657,15.0,93.0,89.9,812.6,15.0,93.5,89.72399999999999,5.0,22.969,5.0,5.0,104.426
32.13,8,14.092,5.452,13.357999999999999,5.0,100.911,95.23,77.0,35.3,36.1,61.632,15.0,93.0,89.9,812.6,15.0,93.5,89.71300000000001,5.0,23.077,5.0,5.0,104.43
32.15,8,14.088,5.689,13.213,5.0,100.93799999999999,95.115,77.0,35.3,36.1,61.618,15.0,93.0,89.9,812.6,15.0,93.5,89.708,5.0,22.982,5.0,5.0,104.43
32.17,8,14.007,5.534,13.193999999999999,5.0,100.99,95.43,77.05,35.3,36.05,61.61,15.0,93.0,89.9,812.6,15.0,93.5,89.704,5.0,23.059,5.0,5.0,104.425
32.19,8,13.888,5.535,13.315,5.0,100.859,95.14399999999999,77.11600000000001,35.3,35.984,61.581,15.0,93.0,89.9,812.6,15.0,93.5,89.702,5.0,23.003,5.0,5.0,104.432
32.21,8,13.511000000000001,5.5280000000000005,13.345,5.0,100.885,95.173,77.15299999999999,35.3,35.947,61.501999999999995,15.0,93.0,89.9,812.6,15.0,93.5,89.70100000000001,5.0,23.147000000000002,5.0,5.0,104.421
32.23,8,14.039,5.529,13.537,5.0,100.93799999999999,95.173,77.173,35.3,35.927,61.457,15.0,93.0,89.9,812.6,15.0,93.5,89.70100000000001,5.0,23.123,5.0,5.0,104.41799999999999
32.25,8,13.554,5.453,13.301,5.0,100.859,95.058,77.185,35.3,35.915,61.431999999999995,15.0,93.0,89.9,812.6,15.0,93.5,89.7,5.0,23.121,5.0,5.0,104.40899999999999
32.27,8,13.799,5.616,13.299,5.0,100.83200000000001,95.402,77.19200000000001,35.3,35.908,61.418,15.0,93.0,89.9,812.6,15.0,93.5,89.7,5.0,23.026,5.0,5.0,104.398
32.29,8,13.962,5.885,13.226,5.0,100.93799999999999,95.173,77.195,35.3,35.905,61.41,15.0,93.0,89.9,812.6,15.0,93.5,89.7,5.0,22.881,5.0,5.0,104.417
32.31,8,13.786,5.537,13.302999999999999,5.0,100.99,95.086,77.197,35.3,35.903000000000006,61.381,15.0,93.0,89.9,812.6,15.0,93.5,89.7,5.0,22.797,5.0,5.0,104.412
32.33,8,13.752,5.439,13.097000000000001,5.0,100.911,95.28699999999999,77.19800000000001,35.3,35.902,61.302,15.0,93.0,89.9,812.6,15.0,93.5,89.7,5.0,22.852,5.0,5.0,104.398
32.35,8,13.096,5.438,13.454,5.0,100.594,95.173,77.199,35.3,35.900999999999996,61.257,15.0,93.0,89.9,812.6,15.0,93.5,89.7,5.0,22.848,5.0,5.0,104.413
32.37,8,13.807,5.535,13.269,5.0,100.806,95.345,77.2,35.3,35.9,61.232,15.0,93.0,89.9,812.6,15.0,93.5,89.7,5.0,22.848,5.0,5.0,104.405
32.39,8,13.812999999999999,5.459,13.312999999999999,5.0,100.859,94.942,77.2,35.3,35.9,61.218,15.0,93.0,89.9,812.6,15.0,93.5,89.7,5.0,22.857,5.0,5.0,104.40299999999999
32.41,8,13.408,5.517,13.281,5.0,100.62,95.029,77.2,35.3,35.9,61.21,15.0,93.0,89.9,812.6,15.0,93.5,89.7,5.0,22.86,5.0,5.0,104.42
32.43,8,13.696,5.582,13.307,5.0,100.647,95.058,77.2,35.3,35.9,61.181000000000004,15.0,93.0,89.9,812.6,15.0,93.5,89.7,5.0,22.762999999999998,5.0,5.0,104.419
32.45,8,13.816,5.516,13.164,5.0,100.7,95.029,77.2,35.3,35.9,61.102,15.0,93.0,89.9,812.6,15.0,93.5,89.7,5.0,22.837,5.0,5.0,104.414
32.47,8,13.67,5.578,13.14,5.0,100.48700000000001,95.345,77.2,35.3,35.9,61.056999999999995,15.0,93.0,89.9,812.6,15.0,93.5,89.7,5.0,22.762999999999998,5.0,5.0,104.414
32.49,8,13.817,5.492,13.295,5.0,100.83200000000001,95.487,77.2,35.3,35.9,61.032,15.0,93.0,89.9,812.6,15.0,93.5,89.7,5.0,22.899,5.0,5.0,104.41
32.51,8,13.367,5.458,13.274,5.0,100.514,94.913,77.2,35.3,35.9,61.018,15.0,93.0,89.9,812.6,15.0,93.5,89.7,5.0,22.805999999999997,5.0,5.0,104.414
32.53,8,13.818999999999999,5.615,13.151,5.0,100.647,95.28699999999999,77.2,35.3,35.9,61.01,15.0,93.0,89.9,812.6,15.0,93.5,89.7,5.0,22.863,5.0,5.0,104.412
32.55,8,13.049,5.489,13.219,5.0,100.62,95.259,77.2,35.3,35.9,60.956,15.0,93.0,89.9,812.6,15.0,93.5,89.7,5.0,22.83,5.0,5.0,104.412
32.57,8,13.351,5.447,13.187000000000001,5.0,100.726,94.797,77.2,35.3,35.9,60.888000000000005,15.0,93.0,89.9,812.6,15.0,93.5,89.7,5.0,22.752,5.0,5.0,104.411
32.59,8,13.302,5.441,13.292,5.0,100.779,95.459,77.2,35.3,35.9,60.849,15.0,93.0,89.9,812.6,15.0,93.5,89.7,5.0,22.741,5.0,5.0,104.414
32.61,8,13.273,5.514,13.234,5.0,100.83200000000001,95.487,77.2,35.3,35.9,60.828,15.0,93.0,89.9,812.6,15.0,93.5,89.7,5.0,22.78,5.0,5.0,104.41
32.63,8,13.084,5.461,13.343,5.0,100.647,95.086,77.2,35.3,35.9,60.816,15.0,93.0,89.9,812.6,15.0,93.5,89.7,5.0,22.819000000000003,5.0,5.0,104.41799999999999
32.65,8,13.613,5.5,13.193,5.0,100.434,95.14399999999999,77.2,35.3,35.9,60.809,15.0,93.0,89.9,812.6,15.0,93.5,89.7,5.0,22.894000000000002,5.0,5.0,104.42
32.67,8,13.56,5.439,13.231,5.0,100.54,95.029,77.2,35.3,35.9,60.805,15.0,93.0,89.9,812.6,15.0,93.5,89.7,5.0,22.875,5.0,5.0,104.41799999999999
32.69,8,13.482999999999999,5.606,12.98,5.0,100.62,94.884,77.2,35.3,35.9,60.778,15.0,93.0,89.9,812.6,15.0,93.5,89.7,5.0,22.902,5.0,5.0,104.42
32.71,8,13.554,5.469,12.988,5.0,100.514,95.28699999999999,77.2,35.3,35.9,60.7,15.0,93.0,89.9,812.6,15.0,93.5,89.7,5.0,22.838,5.0,5.0,104.417
32.73,8,12.897,5.515,13.091000000000001,5.0,100.594,95.14399999999999,77.2,35.3,35.875,60.656000000000006,15.0,93.0,89.9,812.6,15.0,93.5,89.7,5.0,22.844,5.0,5.0,104.417
32.75,8,13.097999999999999,5.44,13.174,5.0,100.273,95.20100000000001,77.287,35.3,35.842,60.632,15.0,93.0,89.9,812.6,15.0,93.5,89.7,5.0,22.756,5.0,5.0,104.417
32.77,8,13.623,5.562,13.222000000000001,5.0,100.514,95.115,77.33699999999999,35.3,35.824,60.618,15.0,93.0,89.9,812.6,15.0,93.5,89.7,5.0,22.788,5.0,5.0,104.419
32.79,8,13.253,5.452,12.934000000000001,5.0,100.48700000000001,95.14399999999999,77.364,35.3,35.813,60.61,15.0,93.0,89.9,812.6,15.0,93.5,89.7,5.0,22.755,5.0,5.0,104.42
32.81,8,13.386000000000001,5.437,12.908999999999999,5.0,100.46,95.086,77.38,35.3,35.80800000000001,60.606,15.0,93.0,89.9,812.6,15.0,93.5,89.7,5.0,22.618,5.0,5.0,104.41799999999999
32.83,8,13.86,5.438,12.934999999999999,5.0,100.434,95.173,77.389,35.3,35.804,60.528,15.0,93.0,89.9,812.6,15.0,93.5,89.7,5.0,22.799,5.0,5.0,104.413
32.85,8,13.121,5.46,13.145,5.0,100.514,95.14399999999999,77.394,35.3,35.802,60.428000000000004,15.0,93.0,89.9,812.6,15.0,93.5,89.7,5.0,22.766,5.0,5.0,104.41799999999999
32.87,8,12.934000000000001,5.507,13.055,5.0,100.3,95.28699999999999,77.396,35.3,35.801,60.372,15.0,93.0,89.9,812.6,15.0,93.5,89.7,5.0,22.863,5.0,5.0,104.417
32.89,8,13.219,5.559,13.002,5.0,100.3,95.029,77.398,35.3,35.801,60.341,15.0,93.0,89.9,812.6,15.0,93.5,89.7,5.0,22.913,5.0,5.0,104.419
32.91,8,13.767000000000001,5.446,12.998999999999999,5.0,100.24600000000001,95.0,77.399,35.3,35.8,60.323,15.0,93.0,89.9,812.6,15.0,93.5,89.7,5.0,22.862000000000002,5.0,5.0,104.417
32.93,8,12.855,5.78,12.928,5.0,100.434,95.345,77.399,35.3,35.8,60.313,15.0,93.0,89.9,812.6,15.0,93.5,89.7,5.0,22.896,5.0,5.0,104.42200000000001
32.95,8,13.137,5.463,12.975999999999999,5.0,100.434,95.487,77.4,35.3,35.8,60.306999999999995,15.0,93.0,89.9,812.6,15.0,93.5,89.7,5.0,22.875999999999998,5.0,5.0,104.421
32.97,8,13.092,5.599,13.122,5.0,100.165,95.086,77.4,35.3,35.8,60.254,15.0,93.0,89.9,812.6,15.0,93.5,89.7,5.0,22.795,5.0,5.0,104.419
32.99,8,12.974,5.542,12.913,5.0,100.273,94.971,77.4,35.3,35.8,60.187,15.0,93.0,89.9,812.6,15.0,93.5,89.7,5.0,22.817,5.0,5.0,104.42
33.01,8,13.439,5.475,12.809000000000001,5.0,100.273,95.029,77.4,35.3,35.8,60.148999999999994,15.0,93.0,89.9,812.6,15.0,93.5,89.7,5.0,22.898,5.0,5.0,104.416
33.03,8,13.356,5.674,12.838999999999999,5.0,100.219,94.971,77.4,35.3,35.8,60.126999999999995,15.0,93.0,89.9,812.6,15.0,93.5,89.7,5.0,22.875999999999998,5.0,5.0,104.41799999999999
33.05,8,12.809999999999999,5.49,13.137,5.0,100.139,95.316,77.4,35.3,35.8,60.115,15.0,93.0,89.9,812.6,15.0,93.5,89.7,5.0,22.739,5.0,5.0,104.413
33.07,8,13.163,5.505,12.863,5.0,100.05799999999999,95.14399999999999,77.4,35.3,35.8,60.108999999999995,15.0,93.0,89.9,812.6,15.0,93.5,89.7,5.0,22.865,5.0,5.0,104.416
33.09,8,13.385,5.552,12.866,5.0,100.139,95.029,77.4,35.3,35.8,60.105,15.0,93.0,89.9,812.6,15.0,93.5,89.7,5.0,22.979,5.0,5.0,104.40899999999999
33.11,8,13.112,5.698,12.873999999999999,5.0,100.085,95.23,77.4,35.3,35.8,60.053000000000004,15.0,93.0,89.9,812.6,15.0,93.5,89.7,5.0,22.909000000000002,5.0,5.0,104.414
33.13,8,12.729,5.532,12.878,5.0,100.32700000000001,95.029,77.4,35.3,35.8,59.986000000000004,15.0,93.0,89.9,812.6,15.0,93.5,89.7,5.0,22.793,5.0,5.0,104.417
33.15,8,13.041,5.579,12.785,5.0,100.139,94.942,77.4,35.3,35.8,59.948,15.0,93.0,89.9,812.6,15.0,93.5,89.7,5.0,22.803,5.0,5.0,104.414
33.17,8,12.728,5.514,12.732,5.0,100.219,95.115,77.4,35.3,35.8,59.927,15.0,93.0,89.9,812.6,15.0,93.5,89.7,5.0,22.76,5.0,5.0,104.415
33.19,8,12.876000000000001,5.503,12.817,5.0,100.05799999999999,95.23,77.4,35.3,35.8,59.915,15.0,93.0,89.9,812.6,15.0,93.5,89.7,5.0,22.848,5.0,5.0,104.414
33.21,8,13.212,5.463,12.695,5.0,100.139,95.058,77.4,35.3,35.8,59.909,15.0,93.0,89.812,812.6,15.0,93.5,89.7,5.0,22.883,5.0,5.0,104.421
33.23,8,12.421,5.516,12.722999999999999,5.0,100.085,94.855,77.4,35.3,35.8,59.855,15.0,93.0,89.763,812.6,15.0,93.5,89.7,5.0,22.904,5.0,5.0,104.419
33.25,8,12.864,5.602,12.782,5.0,100.19200000000001,95.115,77.4,35.3,35.8,59.787,15.0,93.0,89.736,812.6,15.0,93.5,89.7,5.0,22.999000000000002,5.0,5.0,104.40899999999999
33.27,8,12.913,5.532,12.791,5.0,100.11200000000001,95.345,77.4,35.3,35.8,59.748999999999995,15.0,93.0,89.72,812.6,15.0,93.5,89.7,5.0,23.059,5.0,5.0,104.412
33.29,8,12.838,5.474,12.855,5.0,99.92200000000001,95.029,77.4,35.3,35.8,59.728,15.0,93.0,89.711,812.6,15.0,93.5,89.7,5.0,22.944000000000003,5.0,5.0,104.412
33.31,8,12.933,5.493,12.516,5.0,100.3,94.82600000000001,77.487,35.3,35.8,59.715,15.0,93.0,89.706,812.6,15.0,93.5,89.7,5.0,22.799,5.0,5.0,104.416
33.36,18,12.919,5.57,12.818,5.0,99.949,94.855,77.537,35.3,35.8,59.708999999999996,15.0,93.0,89.704,812.6,15.0,93.5,89.7,5.0,22.902,5.0,5.0,104.417
33.41,18,12.936,5.6899999999999995,12.682,5.0,99.976,95.173,77.58500000000001,35.3,35.8,59.59,15.0,93.0,89.70100000000001,812.6,15.0,93.5,89.7,5.0,23.002,5.0,5.0,104.41799999999999
33.46,18,12.812000000000001,5.686,12.645,5.0,100.11200000000001,95.23,77.596,35.3,35.8,59.445,15.0,93.0,89.7,812.6,15.0,93.5,89.7,5.0,22.89,5.0,5.0,104.417
33.51,18,12.454,5.578,12.666,5.0,100.3,95.0,77.59899999999999,35.3,35.663,59.411,15.0,93.0,89.7,812.6,15.0,93.5,89.7,5.0,24.884,5.0,5.0,104.42200000000001
33.56,18,12.803999999999998,5.484,12.705,5.0,100.085,94.942,77.6,35.3,35.614999999999995,59.353,15.0,93.0,89.7,812.6,15.0,93.5,89.7,5.0,23.594,5.0,5.0,104.414
33.61,18,12.503,5.612,12.717,5.0,100.00399999999999,95.402,77.6,35.3,35.604,59.236000000000004,15.0,93.0,89.7,812.6,15.0,93.5,89.7,5.0,22.997,5.0,5.0,104.43
33.66,18,12.394,5.516,12.67,5.0,99.868,95.20100000000001,77.6,35.3,35.601,59.208999999999996,15.0,93.0,89.7,812.6,15.0,93.5,89.7,5.0,22.701,5.0,5.0,104.412
33.71,18,12.683,5.626,12.633,5.0,99.949,95.058,77.6,35.3,35.6,59.202,15.0,93.0,89.7,812.6,15.0,93.5,89.7,5.0,22.512999999999998,5.0,5.0,104.42200000000001
33.76,18,12.51,5.507,12.516,5.0,99.868,95.058,77.6,35.3,35.6,59.048,15.0,93.0,89.7,812.6,15.0,93.5,89.7,5.0,22.439,5.0,5.0,104.417
33.81,18,12.399000000000001,5.844,12.553,5.0,99.895,95.14399999999999,77.65,35.3,35.6,59.011,15.0,93.0,89.7,812.6,15.0,93.5,89.7,5.0,22.485,5.0,5.0,104.42
33.86,18,11.853,5.494,12.661000000000001,5.0,99.868,95.259,77.764,35.3,35.6,59.003,15.0,93.0,89.7,812.6,15.0,93.5,89.7,5.0,22.451,5.0,5.0,104.415
33.91,18,12.419,5.743,12.415,5.0,100.05799999999999,94.971,77.792,35.3,35.6,58.864,15.0,93.0,89.7,812.6,15.0,93.5,89.7,5.0,22.226,5.0,5.0,104.417
33.96,18,12.163,5.8309999999999995,12.527999999999999,5.0,99.814,95.058,77.798,35.3,35.6,58.815,15.0,93.0,89.7,812.6,15.0,93.5,89.7,5.0,19.532,5.0,5.0,104.413
34.01,18,12.068,5.516,12.557,5.0,99.868,95.173,77.8,35.3,35.6,58.803999999999995,15.0,93.0,89.7,812.6,15.0,93.5,89.7,5.0,16.906,5.0,5.0,104.412
34.06,18,11.852,5.509,12.498999999999999,5.0,99.84100000000001,95.20100000000001,77.8,35.3,35.6,58.685,15.0,93.0,89.7,812.6,15.0,93.5,89.7,5.0,14.426,5.0,5.0,104.41
34.11,18,12.165,5.583,12.367999999999999,5.0,99.786,95.173,77.8,35.3,35.6,58.62,15.0,93.0,89.7,812.6,15.0,93.5,89.7,5.0,12.141,5.0,5.0,104.414
34.16,18,11.939,5.534,12.411000000000001,5.0,99.949,95.14399999999999,77.8,35.3,35.6,58.605,15.0,93.0,89.7,812.6,15.0,93.5,89.7,5.0,10.187000000000001,5.0,5.0,104.40700000000001
34.21,18,11.672,5.482,12.532,5.0,99.705,94.942,77.8,35.3,35.6,58.601000000000006,15.0,93.0,89.7,812.6,15.0,93.5,89.7,5.0,8.623999999999999,5.0,5.0,104.413
34.26,18,12.146,5.605,12.353,5.0,99.786,95.402,77.8,35.3,35.6,58.31100000000001,15.0,93.0,89.7,812.6,15.0,93.5,89.7,5.0,7.547,5.0,5.0,104.405
34.31,18,11.844999999999999,5.618,12.257000000000001,5.0,99.677,94.971,77.85,35.3,35.474000000000004,58.226000000000006,15.0,93.0,89.7,812.6,15.0,93.5,89.7,5.0,7.011,5.0,5.0,104.406
34.36,18,11.664,5.601,12.366,5.0,99.51299999999999,95.20100000000001,77.964,35.3,35.418,58.206,15.0,93.0,89.7,812.6,15.0,93.5,89.7,5.0,6.641,5.0,5.0,104.415
34.41,18,11.674,5.55,12.419,5.0,99.568,94.82600000000001,77.99199999999999,35.3,35.403999999999996,58.075,15.0,93.0,89.7,812.6,15.0,93.5,89.7,5.0,6.506,5.0,5.0,104.416
34.46,18,11.719999999999999,5.513,12.024000000000001,5.0,99.40299999999999,94.942,77.998,35.3,35.400999999999996,58.018,15.0,93.0,89.7,812.6,15.0,93.5,89.7,5.0,6.495,5.0,5.0,104.413
34.51,10,11.802,5.744,12.18,5.0,99.40299999999999,95.373,78.0,35.3,35.4,58.004,15.0,93.0,89.7,812.6,15.0,93.5,89.7,5.0,6.317,5.0,5.0,104.416
34.56,10,11.905000000000001,5.61,12.198,5.0,99.486,95.23,78.0,35.3,35.4,57.913999999999994,15.0,93.0,89.7,812.6,15.0,93.5,89.7,5.0,6.242,5.0,5.0,104.40799999999999
34.61,10,11.629,5.476,12.205,5.0,99.431,95.115,78.0,35.3,35.4,57.827,15.0,93.0,89.7,812.6,15.0,93.5,89.7,5.0,6.466,5.0,5.0,104.42200000000001
34.66,10,11.483,5.626,12.27,5.0,99.155,95.20100000000001,78.0,35.3,35.4,57.806000000000004,15.0,93.0,89.7,812.6,15.0,93.5,89.7,5.0,5.712,5.0,5.0,104.42299999999999
34.71,10,11.424,5.694,12.092,5.0,99.21,95.058,78.0,35.3,35.4,57.802,15.0,93.0,89.7,812.6,15.0,93.5,89.7,5.0,5.726,5.0,5.0,104.427
34.76,10,11.484,5.486,12.25,5.0,99.431,94.913,78.0,35.3,35.4,57.656000000000006,15.0,93.0,89.7,812.6,15.0,93.5,89.7,5.0,5.354,5.0,5.0,104.425
34.81,10,11.491,5.467,12.134,5.0,99.40299999999999,95.28699999999999,78.0,35.3,35.4,57.613,15.0,93.0,89.7,812.6,15.0,93.5,89.7,5.0,5.913,5.0,5.0,104.42299999999999
34.86,10,11.457999999999998,5.547,12.198,5.0,99.376,95.28699999999999,78.137,35.3,35.4,57.603,15.0,93.0,89.7,812.6,15.0,93.5,89.7,5.0,6.082,5.0,5.0,104.416
34.91,10,11.705,5.62,12.318,5.0,99.29299999999999,95.115,78.185,35.3,35.4,57.475,15.0,92.863,89.7,812.6,15.0,93.5,89.7,5.0,6.469,5.0,5.0,104.425
34.96,10,12.155000000000001,5.466,12.292000000000002,5.0,99.21,95.259,78.196,35.3,35.4,57.418,15.0,92.815,89.7,812.6,15.0,93.5,89.7,5.0,6.412,5.0,5.0,104.426
35.01,10,12.031,5.439,12.119,5.0,99.238,94.71,78.199,35.3,35.4,57.403999999999996,15.0,92.804,89.7,812.6,15.0,93.5,89.7,5.0,6.375,5.0,5.0,104.42200000000001
35.06,10,11.163,5.557,12.323,5.0,99.265,95.259,78.2,35.3,35.4,57.401,15.0,92.801,89.7,812.6,15.0,93.5,89.7,5.0,6.285,5.0,5.0,104.42200000000001
35.11,10,9.754,5.49,12.091000000000001,5.0,99.09899999999999,95.115,78.2,35.3,35.4,57.273999999999994,15.0,92.8,89.7,812.6,15.0,93.5,89.7,5.0,6.2219999999999995,5.0,5.0,104.428
35.16,10,9.283999999999999,5.457,10.846,5.0,98.988,94.971,78.2,35.3,35.4,57.218,15.0,92.8,89.7,812.6,15.0,93.5,89.7,5.0,6.08,5.0,5.0,104.426
35.21,10,9.026,5.541,9.105,5.0,99.016,94.855,78.2,35.3,35.4,57.20399999999999,15.0,92.8,89.7,812.6,15.0,93.5,89.7,5.0,6.098,5.0,5.0,104.444
35.26,10,8.961,5.532,6.084,5.0,98.848,94.942,78.2,35.3,35.4,57.201,15.0,92.8,89.7,812.6,15.0,93.5,89.7,5.0,5.792,5.0,5.0,104.449
35.31,10,9.373000000000001,5.438,5.382,5.0,98.904,95.259,78.25,35.3,35.4,57.074,15.0,92.8,89.7,812.6,15.0,93.5,89.7,5.0,5.564,5.0,5.0,104.44
35.36,10,8.983,5.586,5.2,5.0,98.876,95.373,78.364,35.3,35.4,57.018,15.0,92.8,89.7,812.6,15.0,93.5,89.7,5.0,5.437,5.0,5.0,104.444
35.41,10,9.215,5.494,5.186,5.0,98.596,95.086,78.392,35.3,35.4,57.004,15.0,92.8,89.7,812.6,15.0,93.5,89.7,5.0,5.55,5.0,5.0,104.434
35.46,10,9.407,5.457,5.437,5.0,98.82,95.345,78.398,35.3,35.4,57.001000000000005,15.0,92.8,89.7,812.6,15.0,93.45,89.7,5.0,5.606,5.0,5.0,104.435
35.51,10,9.548,5.795,5.286,5.0,98.708,94.913,78.4,35.3,35.4,56.873999999999995,15.0,92.8,89.7,812.6,15.0,93.336,89.7,5.0,5.697,5.0,5.0,104.446
35.56,10,9.077,5.5440000000000005,5.425,5.0,98.876,95.487,78.4,35.3,35.4,56.818000000000005,15.0,92.8,89.7,812.6,15.0,93.308,89.598,5.0,5.726,5.0,5.0,104.45200000000001
35.61,10,9.896,5.504,5.4,5.0,98.848,94.913,78.4,35.3,35.516,56.803999999999995,15.0,92.8,89.7,812.6,15.0,93.30199999999999,89.523,5.0,5.827,5.0,5.0,104.458
35.66,10,9.371,5.518,5.301,5.0,98.652,95.0,78.4,35.3,35.58,56.801,15.0,92.8,89.7,812.6,15.0,93.3,89.506,5.0,5.878,5.0,5.0,104.45100000000001
35.71,10,9.728,5.452,5.143,5.0,98.736,95.058,78.4,35.3,35.595,56.731,15.0,92.8,89.642,812.6,15.0,93.3,89.501,5.0,5.922,5.0,5.0,104.45100000000001
35.76,10,9.359,5.651,5.338,5.0,98.764,95.058,78.4,35.3,35.804,56.631,15.0,92.8,89.61,812.6,15.0,93.3,89.5,5.0,17.143,5.0,5.0,104.458
35.81,10,9.384,5.513,5.301,5.0,98.652,94.797,78.4,35.3,35.876999999999995,56.607,15.0,92.8,89.602,812.6,15.0,93.3,89.5,5.0,20.535,5.0,5.0,104.45100000000001
35.86,10,9.355,5.609,5.345,5.0,98.736,95.173,78.4,35.3,36.010000000000005,56.602,15.0,92.8,89.601,812.6,15.0,93.3,89.5,5.0,21.266,5.0,5.0,104.447
35.91,10,9.683,5.603,5.322,5.0,98.904,95.173,78.516,35.3,36.079,56.55,15.0,92.8,89.6,812.6,15.0,93.3,89.5,5.0,21.624000000000002,5.0,5.0,104.45200000000001
35.96,10,9.389,5.559,5.269,5.0,98.596,95.316,78.58,35.3,36.289,56.43600000000001,15.0,92.8,89.6,812.6,15.0,93.3,89.5,5.0,21.682000000000002,5.0,5.0,104.45100000000001
36.01,10,9.597,5.493,5.31,5.0,98.764,95.345,78.595,35.3,36.424,56.408,15.0,92.8,89.6,812.6,15.0,93.3,89.5,5.0,21.834,5.0,5.0,104.45700000000001
36.06,10,9.764,5.46,5.238,5.0,98.848,95.058,78.59899999999999,35.3,36.55800000000001,56.402,15.0,92.8,89.6,812.6,15.0,93.3,89.5,5.0,21.671,5.0,5.0,104.445
36.11,10,9.106,5.845,5.283,5.0,99.044,95.572,78.6,35.3,36.735,56.4,15.0,92.8,89.6,812.6,15.0,93.3,89.5,5.0,21.865,5.0,5.0,104.459
36.16,10,9.298,5.63,5.356,5.0,98.792,95.43,78.6,35.3,36.968,56.299,15.0,92.8,89.6,812.6,15.0,93.3,89.5,5.0,22.021,5.0,5.0,104.455
36.21,10,9.64,5.546,5.2620000000000005,5.0,98.848,95.173,78.6,35.3,37.156,56.223,15.0,92.8,89.6,812.6,15.0,93.3,89.5,5.0,21.98,5.0,5.0,104.45100000000001
36.26,10,9.71,5.483,5.504,5.0,98.736,95.058,78.6,35.3,37.36,56.206,15.0,92.8,89.6,812.6,15.0,93.3,89.5,5.0,21.758,5.0,5.0,104.456
36.31,10,9.888,5.5920000000000005,5.556,5.0,98.736,95.086,78.6,35.3,37.593,56.201,15.0,92.8,89.6,812.6,15.0,93.3,89.5,5.0,21.432000000000002,5.0,5.0,104.456
36.36,10,9.04,5.636,5.425,5.0,98.68,95.316,78.6,35.3,37.751,56.2,15.0,92.8,89.6,812.6,15.0,93.3,89.5,5.0,21.533,5.0,5.0,104.464
36.41,10,9.497,5.449,5.582,5.0,98.539,95.23,78.6,35.3,38.016999999999996,56.083999999999996,15.0,92.8,89.6,812.6,15.0,93.3,89.5,5.0,21.625999999999998,5.0,5.0,104.464
36.46,10,9.769,5.661,5.359,5.0,98.792,95.23,78.6,35.3,38.293000000000006,56.02,15.0,92.8,89.6,812.6,15.0,93.3,89.5,5.0,21.817,5.0,5.0,104.461
36.51,10,9.506,5.474,5.302,5.0,98.568,94.913,78.71600000000001,35.3,38.569,56.005,15.0,92.8,89.6,812.6,15.0,93.3,89.5,5.0,21.762999999999998,5.0,5.0,104.46600000000001
36.56,11,9.676,5.455,5.352,5.0,98.596,95.20100000000001,78.78,35.3,38.853,56.001000000000005,15.0,92.8,89.6,812.6,15.0,93.3,89.5,5.0,21.514,5.0,5.0,104.459
36.61,11,9.206,5.829,5.437,5.0,98.82,95.173,78.795,35.3,39.149,56.0,15.0,92.8,89.6,812.6,15.0,93.3,89.5,5.0,21.44,5.0,5.0,104.455
36.66,11,9.370000000000001,5.456,5.545,5.0,98.82,95.115,78.799,35.3,39.39,55.863,15.0,92.8,89.6,812.6,15.0,93.3,89.5,5.0,21.622,5.0,5.0,104.464
36.71,11,9.564,5.587,5.553,5.0,98.708,95.28699999999999,78.8,35.3,39.687,55.815,15.0,92.8,89.6,812.6,15.0,93.3,89.5,5.0,21.653,5.0,5.0,104.463
36.76,11,9.269,5.531,5.482,5.0,98.708,94.884,78.8,35.3,40.019000000000005,55.804,15.0,92.8,89.6,812.6,15.0,93.3,89.5,5.0,22.183,5.0,5.0,104.459
36.81,11,9.426,5.7170000000000005,5.445,5.0,98.68,95.345,78.8,35.3,40.321,55.801,15.0,92.8,89.6,812.6,15.0,93.3,89.5,5.0,22.551,5.0,5.0,104.462
36.86,11,9.7,5.495,5.402,5.0,98.708,95.23,78.8,35.3,40.641,55.756,15.0,92.8,89.6,812.6,15.0,93.3,89.5,5.0,22.660999999999998,5.0,5.0,104.464
36.91,11,9.533000000000001,5.64,5.441,5.0,98.68,94.681,78.8,35.3,40.975,55.713,15.0,92.8,89.6,812.6,15.0,93.3,89.5,5.0,22.375,5.0,5.0,104.46
36.96,11,9.652000000000001,5.456,5.554,5.0,98.82,95.115,78.8,35.3,41.31699999999999,55.703,15.0,92.8,89.6,812.6,15.0,93.3,89.5,5.0,20.337,5.0,5.0,104.462
37.01,11,9.847999999999999,5.649,5.47,5.0,98.736,94.884,78.8,35.3,41.664,55.701,15.0,92.8,89.6,812.6,15.0,93.3,89.5,5.0,18.299,5.0,5.0,104.458
37.06,11,9.559999999999999,5.462,5.473,5.0,98.736,95.058,78.8,35.3,41.96,55.675,15.0,92.8,89.6,812.6,15.0,93.3,89.5,5.0,17.124000000000002,5.0,5.0,104.458
37.11,11,9.272,5.4879999999999995,5.612,5.0,98.848,95.487,78.8,35.3,42.305,55.542,15.0,92.8,89.6,812.6,15.0,93.3,89.5,5.0,16.472,5.0,5.0,104.45700000000001
37.16,11,10.225,5.468,5.5809999999999995,5.0,98.539,95.029,78.8,35.3,42.656,55.51,15.0,92.8,89.6,812.6,15.0,93.3,89.5,5.0,16.192999999999998,5.0,5.0,104.456
37.21,11,9.778,5.634,5.645,5.0,98.764,95.572,78.85,35.3,43.001999999999995,55.501999999999995,15.0,92.75,89.6,812.6,15.0,93.3,89.5,5.0,16.059,5.0,5.0,104.462
37.26,11,9.651,5.536,5.672,5.0,98.652,95.516,78.964,35.3,43.346999999999994,55.501,15.0,92.63600000000001,89.6,812.6,15.0,93.3,89.5,5.0,15.995,5.0,5.0,104.463
37.31,11,9.775,5.57,5.608,5.0,98.455,95.316,78.99199999999999,35.3,43.702,55.45,15.0,92.608,89.6,812.6,15.0,93.3,89.5,5.0,15.947000000000001,5.0,5.0,104.463
37.36,11,9.687999999999999,5.496,5.5120000000000005,5.0,98.652,95.23,78.998,35.3,44.099000000000004,55.336,15.0,92.602,89.6,812.6,15.0,93.3,89.5,5.0,16.137,5.0,5.0,104.456
37.41,11,9.781,5.45,5.493,5.0,98.51100000000001,95.029,79.0,35.3,44.43,55.308,15.0,92.6,89.6,812.6,15.0,93.3,89.5,5.0,16.164,5.0,5.0,104.459
37.46,11,9.629999999999999,5.897,5.39,5.0,98.48299999999999,94.971,79.0,35.3,44.754000000000005,55.302,15.0,92.6,89.6,812.6,15.0,93.3,89.5,5.0,16.226,5.0,5.0,104.45700000000001
37.51,11,9.312999999999999,5.593,5.298,5.0,98.568,95.086,79.0,35.3,45.128,55.3,15.0,92.6,89.6,812.6,15.0,93.3,89.5,5.0,16.357999999999997,5.0,5.0,104.456
37.56,11,9.425,5.46,5.545,5.0,98.568,95.23,79.0,35.3,45.601,55.3,15.0,92.6,89.6,812.6,15.0,93.155,89.5,5.0,16.39,5.0,5.0,104.46
37.61,11,9.122,5.481,5.4879999999999995,5.0,98.652,94.82600000000001,79.0,35.3,45.988,55.224000000000004,15.0,92.6,89.6,812.6,15.0,93.113,89.5,5.0,16.485999999999997,5.0,5.0,104.456
37.66,11,9.466999999999999,5.495,5.483,5.0,98.398,95.373,79.0,35.3,46.334,55.205999999999996,15.0,92.6,89.6,812.6,15.0,93.10300000000001,89.5,5.0,16.615000000000002,5.0,5.0,104.456
37.71,11,9.705,5.523,5.32,5.0,98.285,95.402,79.0,35.3,46.699,55.201,15.0,92.6,89.6,812.6,15.0,93.101,89.5,5.0,16.421,5.0,5.0,104.45700000000001
37.76,11,9.484,5.509,5.575,5.0,98.398,95.373,79.0,35.3,47.073,55.2,15.0,92.6,89.6,812.6,15.0,93.1,89.5,5.0,14.856,5.0,5.0,104.456
37.81,11,9.66,5.6530000000000005,5.454,5.0,98.68,95.601,79.0,35.3,47.406,55.2,15.0,92.6,89.6,812.6,15.0,93.1,89.5,5.0,13.777000000000001,5.0,5.0,104.456
37.86,11,9.667,5.5280000000000005,5.49,5.0,98.624,95.373,79.0,35.3,47.748000000000005,55.063,15.0,92.6,89.6,812.6,15.0,93.1,89.5,5.0,13.269,5.0,5.0,104.458
37.91,11,10.494,5.444,5.383,5.0,98.455,95.686,79.0,35.3,48.11,55.015,15.0,92.6,89.6,812.6,15.0,93.1,89.5,5.0,13.129,5.0,5.0,104.463
37.96,11,9.623000000000001,5.492,5.534,5.0,98.596,95.316,79.0,35.3,48.501,55.004,15.0,92.6,89.6,812.6,15.0,93.1,89.5,5.0,13.235,5.0,5.0,104.461
38.01,11,10.1,5.556,5.216,5.0,98.37,95.373,79.05,35.3,48.86,55.001,15.0,92.6,89.6,812.6,15.0,93.1,89.5,5.0,13.365,5.0,5.0,104.46
38.06,11,9.597,5.457,5.477,5.0,98.199,95.572,79.164,35.3,49.202,55.0,15.0,92.6,89.6,812.6,15.0,93.1,89.5,5.0,13.372,5.0,5.0,104.456
38.11,11,9.671,5.46,5.595,5.0,98.37,95.601,79.192,35.3,49.548,54.848,15.0,92.6,89.6,812.6,15.0,93.1,89.431,5.0,13.504,5.0,5.0,104.45700000000001
38.16,11,9.773,5.486,5.491,5.0,98.624,95.402,79.19800000000001,35.3,49.869,54.811,15.0,92.6,89.6,812.6,15.0,93.1,89.331,5.0,13.663,5.0,5.0,104.461
38.21,11,9.782,5.521,5.333,5.0,98.14200000000001,95.259,79.2,35.3,50.215,54.803000000000004,15.0,92.6,89.6,812.6,15.0,93.1,89.307,5.0,13.854,5.0,5.0,104.459
38.26,11,9.870000000000001,5.651,5.379,5.0,98.34100000000001,95.43,79.2,35.3,50.602,54.801,15.0,92.6,89.46300000000001,812.6,15.0,93.1,89.30199999999999,5.0,14.433,5.0,5.0,104.458
38.31,11,10.793,5.497,5.771,5.0,98.37,95.345,79.2,35.3,50.961,54.8,15.0,92.6,89.415,812.6,15.0,93.1,89.3,5.0,14.92,5.0,5.0,104.46
38.36,11,9.453,5.72,5.57,5.0,99.016,95.43,79.2,35.3,51.303000000000004,54.713,15.0,92.6,89.404,812.6,15.0,93.1,89.3,5.0,14.926,5.0,5.0,104.45100000000001
38.41,11,9.809000000000001,5.644,5.52,5.0,98.37,95.686,79.2,35.3,51.637,54.626999999999995,15.0,92.6,89.40100000000001,812.6,15.0,93.1,89.3,5.0,15.013,5.0,5.0,104.45299999999999
38.46,11,9.798,5.459,5.36,5.0,98.34100000000001,95.28699999999999,79.2,35.3,51.955999999999996,54.606,15.0,92.6,89.4,812.6,15.0,93.1,89.3,5.0,15.398,5.0,5.0,104.45100000000001
38.51,11,9.621,5.518,5.316,5.0,98.11399999999999,95.173,79.2,35.3,52.304,54.602,15.0,92.6,89.4,812.6,15.0,93.1,89.3,5.0,15.435,5.0,5.0,104.456
38.56,11,9.398,5.49,5.541,5.0,97.566,95.029,79.2,35.3,52.656,54.6,15.0,92.6,89.4,812.6,15.0,93.1,89.3,5.0,15.535,5.0,5.0,104.45100000000001
38.61,11,9.511,5.519,5.551,5.0,97.36200000000001,95.20100000000001,79.2,35.3,52.973,54.55,15.0,92.6,89.4,812.6,15.0,93.1,89.3,5.0,15.498,5.0,5.0,104.45700000000001
38.66,12,9.707,5.583,5.343,5.0,96.921,95.20100000000001,79.2,35.3,53.306,54.436,15.0,92.6,89.4,812.6,15.0,93.1,89.3,5.0,15.435,5.0,5.0,104.45299999999999
38.71,12,9.665,5.48,5.343,5.0,97.15700000000001,95.28699999999999,79.2,35.3,53.638000000000005,54.408,15.0,92.6,89.4,812.6,15.0,93.1,89.3,5.0,15.269,5.0,5.0,104.446
38.76,12,9.975999999999999,5.538,5.494,5.0,97.098,95.173,79.2,35.3,53.955999999999996,54.402,15.0,92.6,89.4,812.6,15.0,93.1,89.3,5.0,15.280999999999999,5.0,5.0,104.44
38.81,12,9.604,5.633,5.502,5.0,96.921,95.14399999999999,79.25,35.3,54.271,54.4,15.0,92.6,89.4,812.6,15.0,93.1,89.3,5.0,15.585999999999999,5.0,5.0,104.443
38.86,12,9.515,5.838,5.555,5.0,97.039,95.43,79.36399999999999,35.3,54.582,54.4,15.0,92.6,89.4,812.6,15.0,93.1,89.3,5.0,15.131,5.0,5.0,104.455
38.91,12,9.654,5.467,5.503,5.0,97.36200000000001,95.657,79.392,35.3,54.893,54.274,15.0,92.6,89.4,812.6,15.0,93.1,89.3,5.0,14.689,5.0,5.0,104.45
38.96,12,10.001000000000001,5.515,5.451,5.0,97.21600000000001,95.62899999999999,79.398,35.3,55.177,54.218,15.0,92.6,89.4,812.6,15.0,93.1,89.3,5.0,14.176,5.0,5.0,104.449
39.01,12,9.808,5.494,5.5649999999999995,5.0,97.069,95.742,79.4,35.3,55.435,54.204,15.0,92.6,89.4,812.6,15.0,93.1,89.3,5.0,14.158,5.0,5.0,104.45299999999999
39.06,12,9.699,5.502,5.542,5.0,96.35300000000001,95.883,79.4,35.3,55.72,54.201,15.0,92.6,89.4,812.6,15.0,93.1,89.3,5.0,14.036,5.0,5.0,104.455
39.11,12,9.422,5.498,5.569,5.0,95.929,95.883,79.4,35.3,56.016999999999996,54.2,15.0,92.6,89.4,812.6,15.0,93.1,89.3,5.0,14.249,5.0,5.0,104.46
39.16,12,10.061,5.474,5.3870000000000005,5.0,95.653,95.827,79.4,35.3,56.33,54.2,15.0,92.6,89.4,812.6,15.0,93.1,89.3,5.0,14.248,5.0,5.0,104.456
39.21,12,9.41,5.586,5.615,5.0,95.837,95.316,79.4,35.3,56.596000000000004,54.084,15.0,92.6,89.4,812.6,15.0,93.1,89.3,5.0,14.302999999999999,5.0,5.0,104.458
39.26,12,9.687999999999999,5.483,5.594,5.0,95.622,95.742,79.4,35.3,56.888000000000005,54.02,15.0,92.6,89.4,812.6,15.0,93.1,89.3,5.0,14.582,5.0,5.0,104.455
39.31,12,9.684000000000001,5.522,5.427,5.0,95.561,95.259,79.4,35.3,57.187,54.005,15.0,92.6,89.4,812.6,15.0,93.1,89.3,5.0,14.488999999999999,5.0,5.0,104.454
39.36,12,9.811,5.645,5.499,5.0,95.77600000000001,95.115,79.4,35.3,57.501000000000005,54.001,15.0,92.6,89.4,812.6,15.0,93.1,89.3,5.0,13.279,5.0,5.0,104.45299999999999
39.41,12,9.461,5.5600000000000005,5.691,5.0,94.779,95.402,79.4,35.3,57.778999999999996,54.0,15.0,92.6,89.4,812.6,15.0,93.1,89.3,5.0,12.39,5.0,5.0,104.45700000000001
39.46,12,9.895,5.539,5.527,5.0,93.19,95.316,79.4,35.3,58.099,54.0,15.0,92.6,89.4,812.6,15.0,93.1,89.3,5.0,11.989,5.0,5.0,104.458
39.51,12,9.727,5.506,5.684,5.0,92.755,95.827,79.4,35.3,58.379,53.847,15.0,92.6,89.4,812.6,15.0,93.1,89.3,5.0,11.863,5.0,5.0,104.46
39.56,12,9.716999999999999,5.486,5.567,5.0,92.923,95.657,79.487,35.3,58.674,53.811,15.0,92.6,89.4,812.6,15.0,93.1,89.3,5.0,11.707999999999998,5.0,5.0,104.455
39.61,12,9.687999999999999,5.752,5.727,5.0,92.755,95.855,79.57300000000001,35.3,58.973,53.803000000000004,15.0,92.6,89.4,812.6,15.0,93.1,89.3,5.0,11.677,5.0,5.0,104.455
39.66,12,9.815999999999999,5.854,5.593,5.0,92.956,95.714,79.594,35.3,59.247,53.801,15.0,92.6,89.4,812.6,15.0,93.1,89.3,5.0,11.742,5.0,5.0,104.45100000000001
39.71,12,9.828,5.517,5.789,5.0,92.889,95.77,79.598,35.3,59.516000000000005,53.8,15.0,92.6,89.4,812.6,15.0,93.1,89.3,5.0,12.192,5.0,5.0,104.458
39.76,12,9.67,5.569,5.54,5.0,92.788,95.572,79.6,35.3,59.733000000000004,53.8,15.0,92.6,89.4,812.6,15.0,93.1,89.3,5.0,12.365,5.0,5.0,104.46
39.81,12,9.966999999999999,5.604,5.51,5.0,92.721,95.516,79.6,35.3,60.013000000000005,53.647,15.0,92.6,89.4,812.6,15.0,93.1,89.3,5.0,12.79,5.0,5.0,104.456
39.86,12,9.536000000000001,5.48,5.746,5.0,92.653,95.316,79.6,35.3,60.369,53.611,15.0,92.6,89.4,812.6,15.0,93.1,89.3,5.0,13.816,5.0,5.0,104.45299999999999
39.91,12,9.528,5.55,5.52,5.0,92.687,95.173,79.6,35.3,60.681999999999995,53.603,15.0,92.6,89.4,812.6,15.0,93.013,89.3,5.0,14.31,5.0,5.0,104.454
39.96,12,9.981,5.4879999999999995,5.532,5.0,92.687,95.686,79.6,35.3,60.966,53.601,15.0,92.6,89.4,812.6,15.0,92.92699999999999,89.3,5.0,14.335,5.0,5.0,104.456
40.01,12,9.889,5.564,5.479,5.0,92.653,95.402,79.6,35.3,61.228,53.6,15.0,92.6,89.4,812.6,15.0,92.906,89.3,5.0,14.135,5.0,5.0,104.45200000000001
40.06,12,9.989,5.849,5.532,5.0,92.586,95.487,79.6,35.3,61.472,53.513000000000005,15.0,92.6,89.4,812.6,15.0,92.902,89.3,5.0,14.124,5.0,5.0,104.45100000000001
40.11,12,9.544,5.588,5.474,5.0,92.687,95.402,79.6,35.3,61.696000000000005,53.427,15.0,92.6,89.4,812.6,15.0,92.9,89.3,5.0,14.26,5.0,5.0,104.447
40.16,12,9.321000000000002,5.67,5.753,5.0,92.586,95.601,79.6,35.3,61.928000000000004,53.406,15.0,92.6,89.4,812.6,15.0,92.9,89.3,5.0,14.203,5.0,5.0,104.459
40.21,12,9.541,5.771,5.598,5.0,92.788,95.316,79.6,35.3,62.20399999999999,53.402,15.0,92.6,89.4,812.6,15.0,92.9,89.3,5.0,14.232000000000001,5.0,5.0,104.455
40.26,12,9.529,5.489,5.619,5.0,92.99,95.43,79.6,35.3,62.346000000000004,53.4,15.0,92.6,89.4,812.6,15.0,92.9,89.3,5.0,14.192,5.0,5.0,104.459
40.31,12,9.666,5.445,5.563,5.0,92.889,95.883,79.6,35.3,62.54600000000001,53.35,15.0,92.6,89.4,812.6,15.0,92.9,89.3,5.0,14.061,5.0,5.0,104.45200000000001
40.36,12,9.875,5.723,5.5649999999999995,5.0,92.484,95.20100000000001,79.6,35.3,62.776,53.236,15.0,92.6,89.4,812.6,15.0,92.9,89.3,5.0,13.896,5.0,5.0,104.45299999999999
40.41,12,9.428999999999998,5.61,5.534,5.0,92.85600000000001,95.43,79.6,35.3,62.972,53.208,15.0,92.6,89.4,812.6,15.0,92.9,89.3,5.0,14.044,5.0,5.0,104.454
40.46,12,9.74,5.626,5.621,5.0,92.619,95.23,79.737,35.3,63.222,53.202,15.0,92.6,89.4,812.6,15.0,92.9,89.3,5.0,14.06,5.0,5.0,104.454
40.51,12,9.846,5.5809999999999995,5.434,5.0,92.586,95.14399999999999,79.785,35.3,63.35,53.2,15.0,92.6,89.4,812.6,15.0,92.9,89.3,5.0,14.281,5.0,5.0,104.464
40.56,12,9.58,5.469,5.732,5.0,92.653,95.402,79.796,35.3,63.583,53.2,15.0,92.6,89.4,812.6,15.0,92.9,89.3,5.0,13.968,5.0,5.0,104.45700000000001
40.61,12,9.703,5.701,5.586,5.0,92.619,95.086,79.79899999999999,35.3,63.817,53.15,15.0,92.6,89.4,812.6,15.0,92.9,89.3,5.0,13.839,5.0,5.0,104.45700000000001
40.66,12,10.012,5.559,5.338,5.0,92.889,95.373,79.8,35.3,64.025,53.036,15.0,92.513,89.4,812.6,15.0,92.9,89.3,5.0,14.019,5.0,5.0,104.46
40.71,12,9.898,5.566,5.493,5.0,92.788,95.029,79.8,35.3,64.184,53.008,15.0,92.42699999999999,89.4,812.6,15.0,92.9,89.3,5.0,14.221,5.0,5.0,104.45700000000001
40.76,12,9.985,5.599,5.46,5.0,92.415,95.173,79.8,35.3,64.34899999999999,53.001999999999995,15.0,92.406,89.4,812.6,15.0,92.9,89.19800000000001,5.0,14.557,5.0,5.0,104.455
40.81,12,9.39,5.487,5.546,5.0,92.107,94.855,79.8,35.3,64.601,53.0,15.0,92.402,89.4,812.6,15.0,92.9,89.123,5.0,14.465,5.0,5.0,104.456
40.86,12,9.653,5.554,5.5329999999999995,5.0,92.653,95.20100000000001,79.8,35.3,64.803,53.0,15.0,92.4,89.312,812.6,15.0,92.9,89.10600000000001,5.0,13.341000000000001,5.0,5.0,104.463
40.91,12,9.739,5.516,5.595,5.0,92.956,95.373,79.8,35.3,64.964,53.0,15.0,92.4,89.227,812.6,15.0,92.9,89.101,5.0,12.232,5.0,5.0,104.456
40.96,12,9.911999999999999,5.468,5.466,5.0,92.755,95.43,79.8,35.3,65.118,52.913000000000004,15.0,92.4,89.206,812.6,15.0,92.9,89.1,5.0,11.709,5.0,5.0,104.456
41.01,12,9.709,5.587,5.558,5.0,92.518,95.459,79.8,35.3,65.257,52.827,15.0,92.4,89.20100000000001,812.6,15.0,92.9,89.1,5.0,11.593,5.0,5.0,104.454
41.06,12,9.684999999999999,5.569,5.668,5.0,92.55199999999999,95.345,79.8,35.3,65.519,52.806,15.0,92.4,89.2,812.6,15.0,92.9,89.1,5.0,11.643,5.0,5.0,104.454
41.11,12,10.074,5.553,5.63,5.0,92.484,95.459,79.8,35.3,65.717,52.802,15.0,92.4,89.2,812.6,15.0,92.9,89.1,5.0,11.728,5.0,5.0,104.45299999999999
41.16,12,10.07,5.484,5.617,5.0,92.653,95.714,79.8,35.3,65.896,52.8,15.0,92.4,89.2,812.6,15.0,92.9,89.1,5.0,11.95,5.0,5.0,104.45200000000001
