SampleTime,Phase,Sensor1,Sensor2,Sensor3,IJ,Sensor5,Sensor6,MouldTemp1,MouldTemp2,MouldTemp3,MouldTemp4,MouldTemp5,MouldTemp9,MouldTemp10,MouldTemp11,MouldTemp12,MouldTemp13,MouldTemp14,Sensor8,MouldFlow1,MouldFlow2,MouldFlow3,SP
0.0,1,5.618,6.1259999999999994,5.0,99.287,92.238,92.218,65.1,55.1,30.1,100.8,67.7,88.0,95.1,87.475,94.0,90.6,93.8,18.926,5,5,5,104.57799999999999
0.05,1,5.659,6.164,5.002,68.78399999999999,91.923,91.476,65.1,55.1,30.1,100.8,67.7,88.0,95.1,87.342,94.0,90.6,93.8,20.115000000000002,5,5,5,104.583
0.1,1,5.618,6.13,5.005,56.54,91.498,90.992,65.1,55.1,30.1,100.8,67.7,88.0,95.1,87.31,94.0,90.6,93.8,19.195999999999998,5,5,5,104.584
0.15,1,5.5440000000000005,5.994,5.001,47.943999999999996,92.063,91.804,65.1,55.1,30.1,100.8,67.7,88.0,95.1,87.30199999999999,94.0,90.6,93.8,19.961,5,5,5,104.574
0.2,1,5.441,6.022,5.016,28.7,91.817,91.745,65.1,55.1,30.1,100.8,67.7,88.0,95.1,87.301,94.0,90.6,93.8,19.235999999999997,5,5,5,104.585
0.25,1,5.609,5.757,5.003,27.959,92.098,92.071,65.1,55.1,30.1,100.8,67.7,88.0,95.1,87.3,94.0,90.6,93.8,20.027,5,5,5,104.57799999999999
0.3,1,5.535,5.739,5.016,31.748,92.098,92.218,65.1,55.1,30.1,100.8,67.7,88.0,95.1,87.3,94.0,90.6,93.8,19.445,5,5,5,104.581
0.35,1,5.464,5.974,5.061,37.8,92.168,92.51,65.1,55.1,30.1,100.8,67.7,88.0,95.1,87.3,94.0,90.6,93.8,20.232,5,5,5,104.57700000000001
0.4,1,5.438,5.625,5.0,33.532,92.411,92.218,65.1,55.1,30.1,100.8,67.7,88.0,95.1,87.3,94.0,90.6,93.71300000000001,19.389000000000003,5,5,5,104.574
0.45,1,5.668,5.727,5.003,59.865,92.377,92.71300000000001,65.1,55.1,30.1,100.8,67.7,88.0,95.1,87.3,94.0,90.6,93.627,20.295,5,5,5,104.57600000000001
0.5,1,5.591,5.753,5.043,66.749,92.618,92.45100000000001,65.1,55.1,30.1,100.8,67.7,88.0,95.1,87.3,94.0,90.6,93.60600000000001,19.488,5,5,5,104.58
0.55,1,5.478,6.289,5.404,59.996,92.926,93.257,65.1,55.1,30.1,100.8,67.7,88.0,95.1,87.3,94.0,90.6,93.602,20.099,5,5,5,104.57700000000001
0.6,1,5.537,6.155,5.064,56.787,92.892,93.115,65.1,55.1,30.1,100.8,67.7,88.0,95.1,87.3,94.0,90.6,93.6,19.521,5,5,5,104.57600000000001
0.65,1,5.396,6.054,5.38,46.163000000000004,93.265,93.0,65.0,55.0,30.0,101.0,67.8,88.0,95.1,87.3,94.0,90.6,93.6,19.537,5,5,5,104.57700000000001
0.7,1,5.497,5.741,5.065,27.263,93.433,93.764,65.0,55.0,30.0,101.0,67.8,87.847,95.1,87.3,94.0,90.6,93.6,20.52,5,5,5,104.57600000000001
0.75,1,5.6530000000000005,6.176,5.398,13.423,93.566,93.876,65.0,55.0,30.0,101.0,67.8,87.811,95.1,87.3,94.0,90.6,93.6,19.309,5,5,5,104.57799999999999
0.8,1,5.623,5.714,5.067,17.115000000000002,93.533,93.792,65.0,55.0,30.0,101.0,67.8,87.803,95.1,87.3,94.0,90.6,93.6,20.379,5,5,5,104.583
0.85,1,5.464,6.196,5.396,19.754,93.766,94.098,65.0,55.0,30.0,101.0,67.8,87.801,95.1,87.3,94.0,90.6,93.6,19.122,5,5,5,104.587
0.9,1,5.313,6.104,5.004,31.307,93.666,93.96,65.0,55.0,30.0,101.0,67.8,87.8,95.1,87.3,94.0,90.6,93.6,20.194000000000003,5,5,5,104.57700000000001
0.95,1,5.369,5.662,5.0,21.554000000000002,93.964,93.68,65.0,55.0,30.0,101.0,67.8,87.8,95.1,87.3,94.0,90.6,93.6,19.043,5,5,5,104.586
1.0,1,5.385,5.676,5.0,24.085,93.865,94.264,65.0,55.0,30.0,101.0,67.8,87.8,95.1,87.3,94.0,90.6,93.6,20.119999999999997,5,5,5,104.584
1.05,1,5.329,5.812,5.003,27.745,93.931,94.126,65.0,55.0,30.0,101.0,67.8,87.8,95.1,87.3,94.0,90.6,93.6,19.044,5,5,5,104.574
1.1,1,5.307,5.9079999999999995,5.0,26.968000000000004,94.259,94.402,65.0,55.0,30.0,101.0,67.8,87.8,95.1,87.3,94.0,90.6,93.6,20.224,5,5,5,104.571
1.15,1,5.337,6.188,5.0,26.969,94.193,94.484,65.0,55.0,30.0,101.0,67.8,87.8,95.1,87.3,94.0,90.6,93.6,19.164,5,5,5,104.575
1.2,1,5.32,6.228,5.0,27.089000000000002,93.964,94.292,65.0,55.0,30.0,101.0,67.8,87.8,94.984,87.3,94.0,90.6,93.6,20.27,5,5,5,104.571
1.25,1,5.324,5.885,5.0,27.146,93.865,94.429,65.0,55.0,30.0,101.0,67.8,87.8,94.92,87.3,93.847,90.6,93.6,19.267000000000003,5,5,5,104.568
1.3,1,5.345,5.772,5.0,26.709,93.997,94.539,65.0,55.0,30.0,101.0,67.8,87.8,94.905,87.3,93.811,90.6,93.6,20.554000000000002,5,5,5,104.571
1.35,1,5.34,5.61,5.047,26.678,94.193,94.946,65.0,55.0,30.0,101.0,67.8,87.8,94.90100000000001,87.3,93.803,90.447,93.6,19.293,5,5,5,104.57
1.4,1,5.425,5.724,5.0,26.52,94.324,94.865,65.0,55.0,30.0,101.0,67.8,87.8,94.9,87.3,93.801,90.411,93.6,20.547,5,5,5,104.57600000000001
1.45,1,5.362,6.627,5.003,26.636,94.35600000000001,94.811,65.0,55.0,30.0,101.0,67.8,87.8,94.9,87.3,93.8,90.403,93.6,19.368000000000002,5,5,5,104.57799999999999
1.5,1,5.368,5.67,5.0,26.679000000000002,94.615,95.135,65.0,55.0,30.0,101.0,67.8,87.8,94.9,87.3,93.8,90.40100000000001,93.6,20.598,5,5,5,104.579
1.55,1,5.44,6.141,5.01,26.585,94.51899999999999,95.26899999999999,65.0,55.0,30.0,101.0,67.8,87.8,94.9,87.184,93.8,90.4,93.6,19.459000000000003,5,5,5,104.56700000000001
1.6,1,5.375,5.708,5.006,26.613000000000003,94.35600000000001,95.135,65.0,55.0,30.0,101.0,67.8,87.8,94.9,87.12,93.8,90.4,93.6,20.746,5,5,5,104.568
1.65,1,5.439,5.82,5.002,26.725,94.454,95.054,65.0,55.0,30.0,101.0,67.8,87.8,94.9,87.105,93.8,90.4,93.6,20.612000000000002,5,5,5,104.565
1.7,1,5.776,5.83,5.0,26.648000000000003,94.421,94.648,65.0,55.0,30.0,101.0,67.8,87.8,94.9,87.101,93.8,90.4,93.6,19.686,5,5,5,104.56200000000001
1.75,1,5.463,5.735,5.0,26.84,94.324,95.081,65.0,55.0,30.0,101.0,67.8,87.8,94.9,87.1,93.8,90.4,93.6,20.58,5,5,5,104.564
1.8,1,5.611,5.85,5.0,26.36,94.648,95.081,65.0,55.0,30.0,101.0,67.8,87.8,94.9,87.1,93.8,90.4,93.6,19.614,5,5,5,104.561
1.85,1,5.764,5.926,5.0,26.013,94.615,95.26899999999999,65.0,55.0,30.0,101.0,67.8,87.8,94.9,87.1,93.8,90.4,93.6,20.344,5,5,5,104.564
1.9,1,5.458,5.924,5.006,24.618,95.0,95.535,65.0,55.0,30.0,101.0,67.8,87.8,94.9,87.1,93.8,90.4,93.6,19.704,5,5,5,104.569
1.95,1,5.645,5.808,5.002,24.53,94.808,95.26899999999999,65.0,55.0,30.0,101.0,67.8,87.8,94.9,87.1,93.8,90.4,93.6,20.177999999999997,5,5,5,104.584
2.0,1,5.731,5.632,5.0,24.641,95.25399999999999,95.61399999999999,65.0,55.0,30.0,101.0,67.8,87.8,94.9,87.1,93.8,90.4,93.6,19.607999999999997,5,5,5,104.581
2.05,1,5.547,5.951,5.315,24.669,94.904,95.322,65.0,55.0,30.0,101.0,67.8,87.8,94.9,87.1,93.8,90.4,93.6,20.284,5,5,5,104.565
2.1,1,5.615,5.692,5.087,24.090999999999998,95.0,95.983,65.0,55.0,30.0,101.0,67.8,87.8,94.9,87.1,93.8,90.4,93.6,19.414,5,5,5,104.572
2.15,1,5.355,6.287,5.306,23.822,95.222,95.58800000000001,65.0,55.0,30.0,101.0,67.8,87.8,94.9,87.1,93.8,90.4,93.6,20.326,5,5,5,104.569
2.2,1,5.404,6.184,5.089,23.631,95.222,95.983,65.0,55.0,30.0,101.0,67.8,87.8,94.9,87.1,93.8,90.4,93.6,19.451,5,5,5,104.571
2.25,1,5.563,5.672,5.299,24.867,95.285,95.878,65.0,55.0,30.0,101.0,67.8,87.8,94.9,87.1,93.8,90.4,93.6,20.130000000000003,5,5,5,104.571
2.3,1,5.641,6.003,5.09,24.396,95.0,95.747,65.0,55.0,30.0,101.0,67.8,87.8,94.9,87.1,93.8,90.4,93.6,19.392000000000003,5,5,5,104.57
2.35,1,5.615,6.006,5.071,24.095,95.095,95.641,65.0,55.0,30.0,101.0,67.8,87.8,94.9,87.1,93.8,90.4,93.6,20.113,5,5,5,104.572
2.4,1,5.444,6.225,5.091,24.09,94.904,95.61399999999999,65.0,55.0,30.0,101.0,67.8,87.8,94.9,87.1,93.8,90.4,93.6,19.406,5,5,5,104.57700000000001
2.45,1,5.515,6.061,5.288,48.06399999999999,94.936,95.561,65.0,55.0,30.0,101.0,67.8,87.8,94.9,87.1,93.8,90.4,93.6,20.189999999999998,5,5,5,104.56700000000001
2.5,1,5.46,5.941,5.095,78.41,94.744,95.402,65.0,55.0,30.0,101.0,67.8,87.8,94.9,87.1,93.8,90.4,93.6,19.811,5,5,5,104.573
2.55,1,5.604,5.959,5.287,114.5,94.872,95.957,65.0,55.0,30.0,101.0,67.8,87.8,94.9,87.1,93.8,90.4,93.498,20.220999999999997,5,5,5,104.569
2.6,1,5.76,5.97,5.096,144.007,94.872,95.694,65.0,55.0,30.0,101.0,67.8,87.8,94.9,87.1,93.8,90.4,93.423,19.665999999999997,5,5,5,104.568
2.65,1,5.523,5.857,5.276,168.33100000000002,94.808,95.161,65.0,55.0,30.0,101.0,67.9,87.8,94.9,87.1,93.8,90.4,93.406,20.341,5,5,5,104.566
2.7,1,5.453,5.807,5.1,178.946,94.68,95.215,65.0,55.0,30.0,101.0,67.9,87.8,94.9,87.1,93.8,90.4,93.40100000000001,19.454,5,5,5,104.559
2.75,1,5.35,5.736,5.266,180.56099999999998,94.77600000000001,95.455,65.0,55.0,30.0,101.0,67.9,87.8,94.9,87.1,93.8,90.4,93.4,20.256,5,5,5,104.56
2.8,1,5.38,5.598,5.103,172.69,94.615,95.215,65.0,55.0,30.0,101.0,67.9,87.8,94.9,87.1,93.8,90.4,93.4,19.489,5,5,5,104.56200000000001
2.85,1,5.391,6.229,5.257,149.425,94.551,95.34899999999999,65.0,55.0,30.0,101.0,67.9,87.8,94.9,87.1,93.8,90.4,93.4,20.371,5,5,5,104.566
2.9,1,5.368,5.88,5.105,121.03399999999999,94.744,95.402,65.0,55.0,30.0,101.0,67.9,87.8,94.9,87.1,93.8,90.4,93.4,19.451,5,5,5,104.56299999999999
2.95,1,5.396,5.8420000000000005,5.249,89.494,94.712,95.188,65.0,55.0,30.0,101.0,67.9,87.8,94.9,87.1,93.8,90.4,93.4,20.272,5,5,5,104.56
3.0,1,5.376,5.703,5.108,66.715,95.032,95.108,65.0,55.0,30.0,101.0,67.9,87.8,94.9,87.1,93.8,90.4,93.4,19.523,5,5,5,104.56200000000001
3.05,1,5.509,5.884,5.243,53.003,95.0,95.295,65.0,55.0,30.0,101.0,67.9,87.8,94.9,87.1,93.8,90.4,93.4,20.125,5,5,5,104.564
3.1,14,5.42,5.6850000000000005,5.109,118.948,95.064,95.482,65.0,55.0,30.0,101.0,67.9,87.8,94.9,87.1,93.8,90.4,93.4,19.197000000000003,5,5,5,104.56200000000001
3.15,14,5.558,5.635,5.234,96.915,94.84,94.892,65.0,55.0,30.0,101.0,67.9,87.8,94.9,87.1,93.8,90.4,93.4,20.02,5,5,5,104.553
3.2,14,5.452,5.71,5.112,77.406,94.712,95.027,65.0,55.0,30.0,101.0,67.9,87.8,94.9,87.1,93.8,90.4,93.4,19.277,5,5,5,104.559
3.25,14,5.535,5.884,5.229,52.33,94.454,94.593,65.0,55.0,30.0,101.0,67.9,87.8,94.9,87.1,93.8,90.4,93.4,20.294,5,5,5,104.56200000000001
3.3,14,5.543,5.85,5.114,49.626999999999995,94.259,94.865,65.0,55.0,30.0,101.0,67.9,87.8,94.671,87.1,93.8,90.4,93.4,19.164,5,5,5,104.55799999999999
3.35,14,5.462,6.282,5.22,53.716,94.551,94.78399999999999,65.0,55.0,30.0,101.0,67.9,87.8,94.617,87.1,93.775,90.4,93.4,20.019,5,5,5,104.56200000000001
3.4,14,5.538,6.1240000000000006,5.115,57.224,94.648,94.892,65.0,55.0,30.0,101.0,67.9,87.8,94.604,87.1,93.642,90.4,93.4,19.335,5,5,5,104.566
3.45,14,5.342,5.657,5.212,61.852,94.486,95.161,65.0,55.0,30.0,101.0,67.9,87.8,94.601,87.1,93.61,90.4,93.4,20.137,5,5,5,104.566
3.5,14,5.358,6.088,5.119,90.829,94.51899999999999,94.946,65.0,55.0,30.0,101.0,67.9,87.8,94.6,87.1,93.602,90.4,93.4,19.266,5,5,5,104.574
3.55,14,5.558,5.7509999999999994,5.205,115.339,94.454,95.108,65.0,55.0,30.0,101.0,67.9,87.8,94.6,87.1,93.601,90.4,93.4,20.067,5,5,5,104.572
3.6,14,5.508,5.947,5.121,135.806,94.744,95.402,65.0,55.0,30.0,101.0,67.9,87.64699999999999,94.6,87.1,93.6,90.4,93.4,19.09,5,5,5,104.571
3.65,14,5.406,5.814,5.201,151.909,94.615,95.322,65.0,55.0,30.0,101.0,67.9,87.611,94.6,87.013,93.6,90.4,93.4,18.967,5,5,5,104.56700000000001
3.7,14,5.511,5.562,5.122,164.018,94.615,95.215,65.0,55.0,30.0,101.0,67.9,87.60300000000001,94.6,86.92699999999999,93.6,90.4,93.4,20.313,5,5,5,104.56700000000001
3.75,14,5.369,5.8629999999999995,5.189,173.113,94.583,95.027,65.0,55.0,30.0,101.0,67.9,87.601,94.6,86.906,93.6,90.4,93.4,18.98,5,5,5,104.566
3.8,14,5.411,5.728,5.123,179.16,94.68,95.027,65.0,55.0,30.0,101.0,67.9,87.6,94.6,86.902,93.6,90.35,93.4,20.104,5,5,5,104.56299999999999
3.85,14,5.466,6.006,5.186,177.66099999999997,95.0,95.375,65.0,55.0,30.0,101.0,67.9,87.6,94.6,86.9,93.6,90.236,93.4,19.209000000000003,5,5,5,104.561
3.9,14,5.478,6.227,5.126,174.926,94.583,94.919,65.0,55.0,30.0,101.0,67.9,87.6,94.6,86.9,93.6,90.208,93.4,20.326,5,5,5,104.561
3.95,14,5.417,5.83,5.177,177.141,94.551,95.027,65.0,55.0,30.0,101.0,67.9,87.6,94.6,86.9,93.6,90.202,93.4,19.0,5,5,5,104.56200000000001
4.0,14,5.501,5.865,5.129,174.572,94.486,95.0,65.0,55.0,30.0,101.0,67.9,87.6,94.6,86.9,93.6,90.2,93.4,20.182000000000002,5,5,5,104.559
4.05,14,5.682,5.763,5.171,173.37599999999998,94.68,95.375,65.0,55.0,30.0,101.0,67.9,87.6,94.6,86.9,93.6,90.2,93.4,19.295,5,5,5,104.56299999999999
4.1,14,5.352,6.024,5.132,174.93099999999998,94.486,95.161,65.0,55.0,30.0,101.0,67.9,87.6,94.6,86.9,93.6,90.2,93.4,20.411,5,5,5,104.561
4.15,14,5.543,5.745,5.162,175.301,94.744,94.892,65.0,55.0,30.0,101.0,67.9,87.6,94.6,86.9,93.6,90.2,93.4,19.274,5,5,5,104.559
4.17,3,5.401,6.059,5.101,175.62099999999998,94.648,94.892,65.0,55.0,30.0,101.0,67.9,87.6,94.6,86.9,93.6,90.2,93.4,20.302,5,5,5,104.56
4.19,3,5.46,6.385,5.101,170.584,94.294,94.21,65.0,55.0,30.0,101.0,67.9,87.6,94.6,86.9,93.6,90.2,93.4,20.16,5,5,5,104.559
4.21,3,5.5489999999999995,5.829,5.102,153.45,94.649,94.757,65.0,55.0,30.0,101.0,67.9,87.6,94.6,86.9,93.6,90.2,93.4,20.235,5,5,5,104.557
4.23,3,5.481,5.943,5.101,136.345,94.71300000000001,94.811,65.0,55.0,30.0,101.0,67.9,87.6,94.6,86.9,93.6,90.2,93.4,20.249000000000002,5,5,5,104.56200000000001
4.25,3,5.629,6.0649999999999995,5.103,119.792,94.52,94.73,65.0,55.0,30.0,101.0,67.9,87.6,94.6,86.9,93.6,90.2,93.4,20.383,5,5,5,104.553
4.27,3,5.493,5.548,5.103,99.88600000000001,94.777,94.946,65.0,55.0,30.0,101.0,67.9,87.6,94.6,86.9,93.6,90.2,93.4,20.365000000000002,5,5,5,104.55799999999999
4.29,3,5.558,5.97,5.104,85.009,94.745,94.946,65.0,55.0,30.0,101.0,67.9,87.6,94.6,86.9,93.6,90.2,93.4,20.534,5,5,5,104.561
4.31,3,5.614,5.479,5.105,88.117,94.649,95.134,65.0,55.0,30.0,101.0,67.9,87.6,94.6,86.9,93.6,90.2,93.4,20.278,5,5,5,104.564
4.33,3,5.732,5.453,5.105,79.336,94.745,95.081,65.0,55.0,30.0,101.0,67.9,87.6,94.6,86.9,93.6,90.2,93.4,20.453,5,5,5,104.28399999999999
4.35,3,5.447,5.445,5.105,75.268,95.0,94.973,65.0,55.0,30.0,101.0,67.9,87.6,94.6,86.9,93.6,90.2,93.4,20.458,5,5,5,103.506
4.37,3,5.542,5.635,5.106,59.403999999999996,94.84100000000001,95.134,65.0,55.0,30.0,101.0,67.9,87.6,94.6,86.9,93.6,90.2,93.4,20.512999999999998,5,5,5,102.12899999999999
4.39,3,5.574,5.582,5.105,52.653,94.777,95.161,65.0,55.0,30.0,101.0,67.9,87.6,94.6,86.9,93.6,90.2,93.4,20.418,5,5,5,100.986
4.41,3,5.433,5.542,5.105,49.285,94.777,94.919,65.0,55.0,30.0,101.0,67.9,87.6,94.6,86.9,93.6,90.2,93.4,20.484,5,5,5,99.536
4.43,3,5.827,5.458,5.108,38.501,94.617,95.054,65.0,55.0,30.0,101.0,67.9,87.6,94.6,86.9,93.6,90.2,93.4,20.398,5,5,5,98.37899999999999
4.45,3,5.459,5.633,5.108,42.219,94.55199999999999,94.946,65.0,55.0,30.0,101.0,67.9,87.6,94.6,86.9,93.6,90.2,93.4,20.518,5,5,5,97.26799999999999
4.47,3,5.681,5.437,5.109,46.995,94.52,94.892,65.0,55.0,30.0,101.0,67.9,87.6,94.6,86.9,93.6,90.2,93.4,20.328,5,5,5,96.323
4.49,3,5.433,5.521,5.104,47.044,94.84100000000001,94.865,65.0,55.0,30.0,101.0,67.9,87.6,94.6,86.9,93.6,90.2,93.4,20.36,5,5,5,95.40799999999999
4.51,3,5.437,5.759,5.133,52.707,94.649,94.78399999999999,65.0,55.0,30.0,101.0,67.9,87.6,94.6,86.9,93.6,90.2,93.4,20.490000000000002,5,5,5,94.521
4.53,3,5.352,5.492,5.111,55.924,94.809,94.73,65.0,55.0,30.0,101.0,67.9,87.6,94.6,86.9,93.6,90.2,93.4,20.567999999999998,5,5,5,93.65799999999999
4.55,3,5.381,5.553,5.11,60.206,94.681,95.134,65.0,55.0,30.0,101.0,67.9,87.6,94.6,86.9,93.6,90.2,93.4,20.331,5,5,5,92.765
4.57,3,5.33,5.462,5.111,64.844,94.71300000000001,95.215,65.0,55.0,30.0,101.0,67.9,87.6,94.6,86.9,93.6,90.2,93.4,20.589,5,5,5,91.892
4.59,3,5.307,5.7170000000000005,5.111,69.075,95.095,95.241,65.0,55.0,30.0,101.0,67.9,87.6,94.6,86.9,93.6,90.2,93.4,20.505000000000003,5,5,5,91.066
4.61,3,5.391,5.51,5.112,73.517,95.063,95.081,65.0,55.0,30.0,101.0,67.9,87.6,94.6,86.9,93.6,90.2,93.4,20.334000000000003,5,5,5,90.222
4.63,3,5.545,5.634,5.113,78.079,94.681,95.054,64.8,55.0,29.9,100.9,67.7,87.6,94.6,86.9,93.6,90.2,93.4,19.91,5,5,5,89.378
4.65,3,5.605,5.622,5.113,79.454,94.84100000000001,94.865,64.8,55.0,29.9,100.9,67.7,87.6,94.6,86.9,93.6,90.2,93.4,19.637999999999998,5,5,5,88.619
4.67,3,5.383,5.441,5.113,84.115,95.032,95.054,64.8,55.0,29.9,100.9,67.7,87.6,94.6,86.9,93.6,90.2,93.4,19.473,5,5,5,87.91
4.69,3,5.523,5.522,5.113,83.077,94.936,95.081,64.8,55.0,29.9,100.9,67.7,87.6,94.6,86.9,93.6,90.2,93.4,19.552,5,5,5,87.075
4.71,3,5.478,5.446,5.114,83.241,94.777,95.61399999999999,64.8,55.0,29.9,100.9,67.7,87.6,94.6,86.9,93.6,90.2,93.4,19.559,5,5,5,86.208
4.73,3,5.42,5.438,5.114,81.87,94.873,96.191,64.8,55.0,29.9,100.9,67.7,87.6,94.6,86.9,93.6,90.2,93.4,19.46,5,5,5,85.33
4.75,3,5.455,5.538,5.115,81.689,94.873,96.475,64.8,55.0,29.9,100.9,67.7,87.6,94.556,86.9,93.6,90.2,93.4,19.613,5,5,5,84.44
4.77,3,5.408,5.612,5.115,80.485,94.681,97.19,64.8,55.0,29.9,100.9,67.7,87.6,94.532,86.9,93.6,90.2,93.4,19.454,5,5,5,83.564
4.79,3,5.339,5.46,5.115,79.433,95.032,98.162,64.8,55.0,29.9,100.9,67.7,87.6,94.518,86.9,93.6,90.2,93.4,19.493000000000002,5,5,5,82.653
4.81,3,5.303,5.455,5.116,78.921,94.745,99.324,64.8,55.0,29.9,100.9,67.7,87.6,94.51,86.9,93.6,90.2,93.4,19.379,5,5,5,81.806
4.83,3,5.545,5.556,5.116,77.968,94.936,100.977,64.8,55.0,29.9,100.9,67.7,87.6,94.506,86.9,93.6,90.2,93.4,19.482999999999997,5,5,5,80.911
4.85,3,5.427,5.511,5.116,77.781,95.032,103.449,64.8,55.0,29.9,100.9,67.7,87.6,94.503,86.9,93.6,90.2,93.4,19.497999999999998,5,5,5,80.018
4.87,3,5.793,5.507,5.117,77.954,94.809,106.836,64.8,55.0,29.9,100.9,67.7,87.6,94.502,86.9,93.6,90.2,93.4,19.525,5,5,5,79.181
4.89,3,5.413,5.752,5.118,78.148,94.777,112.87200000000001,64.8,55.0,29.9,100.9,67.7,87.6,94.501,86.9,93.6,90.2,93.312,19.367,5,5,5,78.296
4.91,3,5.445,5.52,5.117,78.40100000000001,95.063,122.99,64.8,55.0,29.9,100.9,67.7,87.6,94.501,86.9,93.6,90.2,93.263,19.375,5,5,5,77.439
4.93,3,5.413,5.526,5.118,78.863,95.221,136.459,64.8,55.0,29.9,100.9,67.7,87.6,94.5,86.9,93.6,90.2,93.236,19.449,5,5,5,76.601
4.95,3,5.483,5.733,5.118,79.143,95.221,159.071,64.8,55.0,29.9,100.9,67.7,87.6,94.5,86.9,93.6,90.2,93.22,19.42,5,5,5,75.771
4.97,3,5.631,5.924,5.119,79.667,95.347,233.544,64.8,55.0,29.9,100.9,67.7,87.6,94.5,86.9,93.6,90.2,93.211,19.451,5,5,5,74.936
4.99,3,5.566,6.468,5.118,79.543,96.70100000000001,243.516,64.8,55.0,29.9,100.9,67.7,87.6,94.5,86.9,93.6,90.2,93.206,19.478,5,5,5,74.068
5.01,3,5.5489999999999995,6.261,5.119,80.082,98.71700000000001,238.61700000000002,64.8,55.0,29.9,100.9,67.7,87.6,94.5,86.9,93.6,90.2,93.204,19.494999999999997,5,5,5,73.223
5.03,3,5.516,6.6080000000000005,5.119,80.695,101.23299999999999,236.05200000000002,64.8,55.0,29.9,100.9,67.7,87.6,94.5,86.9,93.6,90.2,93.202,19.564999999999998,5,5,5,72.375
5.05,3,5.759,7.606999999999999,5.12,80.66,104.221,234.97099999999998,64.8,55.0,29.9,100.9,67.7,87.6,94.5,86.9,93.6,90.2,93.20100000000001,19.506999999999998,5,5,5,71.561
5.07,3,5.377,7.618,5.12,81.197,107.75299999999999,234.382,64.8,55.0,29.9,100.9,67.7,87.6,94.5,86.9,93.6,90.2,93.20100000000001,19.564,5,5,5,70.705
5.09,3,5.66,7.968,5.12,81.126,111.92,234.482,64.8,55.0,29.9,100.9,67.7,87.6,94.5,86.9,93.531,90.2,93.2,19.543,5,5,5,69.854
5.11,3,5.465,8.036999999999999,5.12,81.484,117.163,234.657,64.8,55.0,29.9,100.9,67.7,87.6,94.5,86.9,93.47399999999999,90.2,93.2,19.617,5,5,5,69.027
5.13,3,5.5489999999999995,8.236,5.121,81.607,123.374,234.595,64.8,55.0,29.9,100.9,67.7,87.6,94.5,86.9,93.442,90.2,93.2,19.703,5,5,5,68.176
5.15,3,5.699,8.979,5.121,81.945,132.222,234.30700000000002,64.8,55.0,29.9,100.9,67.7,87.6,94.5,86.9,93.423,90.2,93.2,19.667,5,5,5,67.321
5.17,3,5.434,9.411999999999999,5.122,81.865,141.906,233.794,64.8,55.0,29.9,100.9,67.7,87.6,94.5,86.9,93.413,90.2,93.2,19.739,5,5,5,66.467
5.19,3,5.38,9.578,5.122,79.758,150.98,232.93200000000002,64.8,55.0,29.9,100.9,67.7,87.6,94.5,86.9,93.407,90.2,93.2,19.729,5,5,5,65.536
5.21,3,5.906,10.672,5.123,77.377,161.517,231.949,64.8,55.0,29.9,100.9,67.7,87.6,94.5,86.9,93.404,90.2,93.2,19.859,5,5,5,64.612
5.23,3,5.467,11.009,5.123,75.08,181.825,230.86900000000003,64.8,55.0,29.9,100.9,67.7,87.6,94.5,86.9,93.402,90.2,93.2,19.64,5,5,5,63.636
5.25,3,5.446,11.946000000000002,5.124,73.051,242.78599999999997,229.83,64.8,55.0,29.9,100.9,67.7,87.6,94.5,86.9,93.40100000000001,90.2,93.2,19.592,5,5,5,62.714
5.27,3,5.5600000000000005,12.426,5.124,71.726,244.34099999999998,228.80700000000002,64.8,55.0,29.9,100.9,67.7,87.6,94.5,86.9,93.40100000000001,90.2,93.2,19.754,5,5,5,61.8
5.29,3,6.341,12.427,5.124,70.751,240.275,227.75,64.8,55.0,29.9,100.9,67.7,87.6,94.5,86.9,93.4,90.2,93.2,19.744999999999997,5,5,5,60.891999999999996
5.31,3,5.73,13.084,5.126,70.74600000000001,237.453,226.709,64.8,55.0,29.9,100.9,67.7,87.6,94.5,86.9,93.4,90.2,93.2,19.559,5,5,5,59.995
5.33,3,6.087,13.616,5.127,70.668,235.222,226.06099999999998,64.8,55.0,29.9,100.9,67.7,87.6,94.5,86.9,93.4,90.2,93.2,19.588,5,5,5,59.147
5.35,3,6.295,14.189,5.128,70.959,233.32,224.94,64.8,55.0,29.9,100.9,67.7,87.6,94.5,86.9,93.4,90.2,93.2,19.445,5,5,5,58.284
5.37,3,6.48,14.241,5.128,71.084,231.60299999999998,223.859,64.8,55.0,29.9,100.9,67.7,87.6,94.5,86.9,93.4,90.2,93.2,19.39,5,5,5,57.412
5.39,3,5.969,14.361,5.129,71.70100000000001,230.06900000000002,224.296,64.8,55.0,29.9,100.9,67.7,87.6,94.5,86.9,93.4,90.2,93.2,19.469,5,5,5,56.567
5.41,3,6.405,15.11,5.13,71.79,228.80200000000002,224.575,64.8,55.0,29.9,100.9,67.7,87.6,94.5,86.9,93.4,90.2,93.2,19.423000000000002,5,5,5,55.692
5.43,3,6.125,15.623,5.13,72.12,227.701,224.417,64.8,55.0,29.9,100.9,67.7,87.6,94.5,86.9,93.4,90.2,93.2,19.317999999999998,5,5,5,54.851000000000006
5.45,3,6.743,15.677999999999999,5.132,72.64,226.578,224.19799999999998,64.8,55.0,29.9,100.9,67.7,87.6,94.5,86.9,93.4,90.2,93.2,19.244999999999997,5,5,5,53.997
5.47,3,6.293,16.619999999999997,5.131,72.637,225.446,224.08900000000003,64.8,55.0,29.9,100.9,67.7,87.6,94.5,86.9,93.4,90.2,93.2,19.527,5,5,5,53.168
5.49,3,6.707,17.023,9.219999999999999,73.393,224.62400000000002,224.028,64.8,55.0,29.9,100.9,67.7,87.6,94.5,86.9,93.4,90.2,93.2,19.366,5,5,5,52.317
5.51,3,6.628,17.254,9.617,73.10600000000001,224.024,223.847,64.8,55.0,29.9,100.9,67.7,87.6,94.5,86.9,93.4,90.2,93.2,19.506,5,5,5,51.468999999999994
5.53,3,7.055,17.677,10.022,70.133,223.548,223.543,64.8,55.0,29.9,100.9,67.7,87.6,94.5,86.9,93.4,90.2,93.2,19.457,5,5,5,50.650999999999996
5.55,3,7.295999999999999,17.951999999999998,10.075,71.179,223.05900000000003,223.132,64.8,55.0,29.9,100.9,67.7,87.6,94.5,86.9,93.4,90.2,93.2,19.490000000000002,5,5,5,49.945
5.57,3,7.390000000000001,18.131999999999998,10.186,68.736,222.791,222.479,64.8,55.0,29.9,100.9,67.7,87.6,94.5,86.9,93.4,90.2,93.2,19.525,5,5,5,49.232
5.59,3,7.707,18.508,8.603,69.863,222.68099999999998,221.695,64.8,55.0,29.9,100.9,67.7,87.6,94.5,86.9,93.4,90.2,93.2,19.407,5,5,5,48.554
5.61,3,7.386,18.647,10.668,68.578,222.828,220.828,64.8,55.0,29.9,100.9,67.7,87.6,94.5,86.9,93.4,90.2,93.2,19.464,5,5,5,47.864000000000004
5.63,3,7.494,18.451999999999998,10.549,69.934,223.023,219.93900000000002,64.8,55.0,29.9,100.9,67.7,87.6,94.5,86.9,93.4,90.2,93.2,19.545,5,5,5,47.17
5.65,3,7.74,18.891,9.865,69.137,222.87599999999998,219.02900000000002,64.8,55.0,29.9,100.9,67.7,87.6,94.5,86.9,93.4,90.2,93.2,19.355,5,5,5,46.485
5.67,3,7.853999999999999,19.224,11.517,70.675,222.47400000000002,218.09799999999998,64.8,55.0,29.9,100.9,67.7,87.6,94.5,86.9,93.4,90.2,93.2,19.284,5,5,5,45.826
5.69,3,8.597,19.424,11.792000000000002,69.661,222.085,217.252,64.8,55.0,29.9,100.9,67.7,87.6,94.5,86.9,93.4,90.2,93.2,19.314,5,5,5,45.132
5.71,3,8.863,19.807000000000002,12.248999999999999,71.374,221.987,216.408,64.8,55.0,29.9,100.9,67.7,87.6,94.5,86.9,93.4,90.2,93.2,19.247999999999998,5,5,5,44.481
5.73,3,9.306000000000001,20.59,12.683,70.173,222.097,215.673,64.8,55.0,29.9,100.9,67.7,87.6,94.5,86.9,93.4,90.2,93.2,19.229,5,5,5,43.814
5.75,3,13.424,21.891,13.363,66.75399999999999,222.31599999999997,215.128,64.8,55.0,29.9,100.9,67.7,87.6,94.5,86.9,93.4,90.2,93.2,19.722,5,5,5,43.16
5.77,3,16.699,23.953,14.19,66.50999999999999,221.768,214.537,64.8,55.0,29.9,100.9,67.7,87.6,94.5,86.831,93.4,90.2,93.2,19.728,5,5,5,42.704
5.79,3,18.191,25.2,15.021,65.735,220.84599999999998,213.959,64.8,55.0,29.9,100.9,67.7,87.6,94.5,86.774,93.4,90.2,93.2,19.552999999999997,5,5,5,42.301
5.81,4,18.997999999999998,26.165,14.35,64.894,219.985,213.405,64.8,55.0,29.9,100.9,67.7,87.6,94.5,86.742,93.4,90.2,93.2,19.619,5,5,5,41.907
5.83,4,19.569000000000003,26.789,16.168,62.06399999999999,219.345,212.817,64.8,55.0,29.9,100.9,67.7,87.6,94.5,86.723,93.4,90.2,93.2,19.592,5,5,5,41.525999999999996
5.85,4,20.466,27.660999999999998,17.726,54.75899999999999,218.79,212.218,64.8,55.0,29.9,100.9,67.7,87.6,94.5,86.71300000000001,93.4,90.2,93.2,19.35,5,5,5,41.336
5.87,4,20.961,27.225,18.062,55.605,217.862,211.62,64.8,55.0,29.9,100.9,67.7,87.6,94.5,86.707,93.4,90.2,93.2,19.439999999999998,5,5,5,41.415
5.89,4,21.679000000000002,27.525,20.375,50.004,216.541,211.07,64.8,55.0,29.9,100.9,67.7,87.6,94.5,86.704,93.4,90.2,93.2,19.540999999999997,5,5,5,41.480000000000004
5.91,4,21.107,27.381999999999998,8.092,48.78,215.415,210.43900000000002,64.8,55.0,29.9,100.9,67.7,87.6,94.5,86.702,93.4,90.2,93.2,19.454,5,5,5,41.6
5.93,4,21.592,27.394000000000002,16.130000000000003,46.157,214.53099999999998,209.843,64.8,55.0,29.9,100.9,67.7,87.6,94.5,86.70100000000001,93.4,90.2,93.2,19.918,5,5,5,41.726
5.95,4,21.038,27.775,24.211,47.402,213.923,209.21400000000003,64.8,55.0,29.9,100.9,67.7,87.6,94.5,86.70100000000001,93.4,90.2,93.2,19.288,5,5,5,41.799
5.97,4,21.051,27.609,23.055,44.882,213.41099999999997,208.632,64.8,55.0,29.9,100.9,67.7,87.6,94.5,86.7,93.4,90.2,93.2,19.795,5,5,5,41.801
5.99,4,20.807000000000002,26.35,22.362000000000002,45.34,212.9,208.028,64.8,55.0,29.9,100.9,67.7,87.6,94.5,86.7,93.4,90.2,93.2,19.686,5,5,5,41.784000000000006
6.01,4,20.689999999999998,25.936999999999998,23.155,45.262,212.41299999999998,207.472,64.8,55.0,29.9,100.9,67.7,87.6,94.5,86.7,93.4,90.2,93.2,19.659,5,5,5,41.772
6.03,4,20.481,26.14,25.06,45.150999999999996,211.986,207.043,64.8,55.0,29.9,100.9,67.7,87.6,94.5,86.7,93.4,90.15,93.2,19.622,5,5,5,41.769999999999996
6.05,4,21.498,26.866,25.938000000000002,45.181999999999995,211.548,206.66099999999997,64.8,55.0,29.9,100.9,67.7,87.6,94.5,86.7,93.4,90.084,93.2,19.614,5,5,5,41.744
6.07,4,22.303,27.034000000000002,26.283,44.773,211.09799999999998,206.176,64.8,55.0,29.9,100.9,67.7,87.6,94.5,86.7,93.4,90.047,93.2,19.511,5,5,5,41.698
6.09,4,23.104,27.204,26.834,45.219,210.613,205.748,64.8,55.0,29.9,100.9,67.7,87.6,94.5,86.7,93.4,90.027,93.2,19.468,5,5,5,41.701
6.11,4,23.39,27.01,27.230999999999998,44.539,210.12900000000002,205.298,64.8,55.0,29.9,100.9,67.7,87.6,94.5,86.7,93.4,90.015,93.2,19.326,5,5,5,41.681
6.13,4,23.358,27.769000000000002,27.386999999999997,45.114000000000004,209.71599999999998,204.84900000000002,64.8,55.0,29.9,100.9,67.7,87.6,94.5,86.7,93.4,90.008,93.2,19.394,5,5,5,41.616
6.15,4,24.4,28.432,27.308000000000003,44.62,209.25599999999997,204.435,64.8,55.0,29.9,100.9,67.7,87.6,94.5,86.7,93.4,90.005,93.2,19.570999999999998,5,5,5,41.556
6.17,4,25.166,29.035,27.543000000000003,44.967,208.797,204.032,64.8,55.0,29.9,100.9,67.7,87.55,94.5,86.7,93.4,90.003,93.2,19.479,5,5,5,41.495000000000005
6.19,4,25.634,28.471,27.916999999999998,44.902,208.291,203.63,64.8,55.0,29.9,100.9,67.7,87.484,94.5,86.7,93.4,90.001,93.2,19.392000000000003,5,5,5,41.449
6.21,4,26.515,29.305999999999997,28.33,41.864000000000004,207.88,203.217,64.8,55.0,29.9,100.9,67.7,87.447,94.5,86.7,93.4,90.001,93.2,19.213,5,5,5,41.394000000000005
6.23,4,26.541999999999998,29.789,28.569000000000003,44.741,207.433,202.862,64.8,55.0,29.9,100.9,67.7,87.42699999999999,94.5,86.7,93.4,90.0,93.2,19.699,5,5,5,41.370000000000005
6.25,4,27.272,30.275,28.803,38.118,206.953,202.472,64.8,55.0,29.9,100.9,67.7,87.415,94.5,86.7,93.4,90.0,93.2,19.479,5,5,5,41.31
6.27,4,27.505,30.191,29.096999999999998,39.354,206.49599999999998,202.09400000000002,64.8,55.0,29.9,100.9,67.7,87.408,94.5,86.7,93.4,90.0,93.2,19.35,5,5,5,41.447
6.29,4,27.866999999999997,30.775,29.206,35.876999999999995,206.016,201.648,64.8,55.0,29.9,100.9,67.7,87.405,94.5,86.7,93.4,90.0,93.2,19.137999999999998,5,5,5,41.542
6.31,4,28.119,30.656999999999996,29.285999999999998,36.616,205.56,201.317,64.8,55.0,29.9,100.9,67.7,87.403,94.5,86.7,93.4,90.0,93.2,19.21,5,5,5,41.714
6.33,4,28.395,31.070999999999998,29.441999999999997,35.351,205.11599999999999,200.90599999999998,64.8,55.0,29.9,100.9,67.7,87.402,94.5,86.7,93.4,90.0,93.2,19.314,5,5,5,41.861999999999995
6.35,4,28.555999999999997,30.881,29.273000000000003,33.641999999999996,204.638,200.484,64.8,55.0,29.9,100.9,67.7,87.40100000000001,94.5,86.7,93.4,90.0,93.2,19.197000000000003,5,5,5,42.0
6.37,4,28.836,30.613000000000003,29.031,32.251999999999995,204.24099999999999,200.085,64.8,55.0,29.9,100.9,67.7,87.4,94.5,86.7,93.4,90.0,93.2,18.953,5,5,5,42.148
6.39,4,28.803,30.583000000000002,28.993000000000002,30.644000000000002,203.822,199.676,64.8,55.0,29.9,100.9,67.7,87.4,94.5,86.7,93.4,90.0,93.2,19.107,5,5,5,42.328
6.41,4,28.772,30.729,28.971999999999998,29.531999999999996,203.345,199.312,64.8,55.0,29.9,100.9,67.7,87.4,94.5,86.7,93.4,90.0,93.2,19.478,5,5,5,42.481
6.43,4,28.47,30.465,28.526999999999997,27.737,202.903,198.868,64.8,55.0,29.9,100.9,67.7,87.4,94.5,86.7,93.4,90.0,93.2,19.137999999999998,5,5,5,42.628
6.45,4,28.554000000000002,30.084,28.335,28.59,202.46099999999998,198.44799999999998,64.8,55.0,29.9,100.9,67.7,87.4,94.5,86.7,93.4,90.0,93.2,20.963,5,5,5,42.759
6.47,4,28.361,29.513,28.186,28.27,202.067,198.063,64.8,55.0,29.9,100.9,67.7,87.4,94.5,86.7,93.4,90.0,93.2,19.298000000000002,5,5,5,42.772
6.49,4,28.265,29.741999999999997,27.951,30.615,201.649,197.655,64.8,55.0,29.9,100.9,67.7,87.4,94.5,86.7,93.4,90.0,93.2,19.567999999999998,5,5,5,42.765
6.51,4,27.549,29.386999999999997,27.6,30.759,201.255,197.27,64.8,55.0,29.9,100.9,67.7,87.4,94.45,86.7,93.4,90.0,93.2,19.062,5,5,5,42.702
6.53,4,27.840999999999998,29.17,27.221,32.736999999999995,200.804,196.907,64.8,55.0,29.9,100.9,67.7,87.4,94.384,86.7,93.4,90.0,93.2,19.423000000000002,5,5,5,42.641999999999996
6.55,4,27.502,28.709,26.963,33.224000000000004,200.445,196.523,64.8,55.0,29.9,100.9,67.7,87.4,94.347,86.7,93.4,90.0,93.2,19.386,5,5,5,42.53
6.57,4,27.029,28.851999999999997,27.116,35.128,200.017,196.139,64.8,55.0,29.9,100.9,67.7,87.4,94.327,86.7,93.4,90.0,93.2,19.359,5,5,5,42.388000000000005
6.59,4,26.471999999999998,27.805,26.721999999999998,36.209,199.601,195.82299999999998,64.8,55.0,29.9,100.9,67.7,87.4,94.315,86.7,93.4,90.0,93.2,19.562,5,5,5,42.219
6.61,4,26.581,28.247,26.77,38.835,199.231,195.43900000000002,64.8,55.0,29.9,100.9,67.7,87.4,94.308,86.7,93.4,90.0,93.2,19.509999999999998,5,5,5,42.03
6.63,4,26.765,27.768,26.539,39.803000000000004,198.862,195.101,64.8,54.9,29.9,100.7,67.6,87.4,94.305,86.7,93.4,90.0,93.2,20.865000000000002,5,5,5,41.831
6.65,4,26.645,27.66,26.633000000000003,41.694,198.459,194.785,64.8,54.9,29.9,100.7,67.6,87.4,94.303,86.7,93.4,90.0,93.2,20.0,5,5,5,41.646
6.67,4,25.8,28.06,26.662,38.592,198.101,194.47,64.8,54.9,29.9,100.7,67.6,87.4,94.301,86.7,93.4,90.0,93.2,19.967,5,5,5,41.499
6.69,4,26.564,28.835,26.719,41.22,197.72099999999998,194.166,64.8,54.9,29.9,100.7,67.6,87.4,94.301,86.7,93.4,90.0,93.2,20.049,5,5,5,41.543000000000006
6.71,4,26.180999999999997,28.081999999999997,26.899,41.828,197.41099999999997,193.93,64.8,54.9,29.9,100.7,67.6,87.4,94.3,86.7,93.4,90.0,93.2,20.384,5,5,5,41.546
6.73,4,26.029,28.46,27.115,41.94,197.03099999999998,193.581,64.8,54.9,29.9,100.7,67.6,87.4,94.3,86.7,93.4,90.0,93.2,19.994999999999997,5,5,5,41.465999999999994
6.75,4,25.851,28.495,27.159000000000002,43.909,196.68599999999998,193.368,64.8,54.9,29.9,100.7,67.6,87.4,94.3,86.7,93.4,90.0,93.2,20.278,5,5,5,41.361999999999995
6.77,4,26.069000000000003,28.979,27.256,42.301,196.387,193.02,64.8,54.9,29.9,100.7,67.6,87.4,94.3,86.7,93.4,90.0,93.2,20.619999999999997,5,5,5,41.172
6.79,4,26.105999999999998,28.56,27.368000000000002,45.86,196.043,192.795,64.8,54.9,29.9,100.7,67.6,87.4,94.3,86.7,93.4,90.0,93.2,20.180999999999997,5,5,5,41.019000000000005
6.81,4,26.673000000000002,29.506,27.81,46.218999999999994,195.72099999999998,192.549,64.8,54.9,29.9,100.7,67.6,87.4,94.3,86.7,93.4,90.0,93.2,20.313,5,5,5,40.854
6.83,4,26.745,29.145,27.963,47.501999999999995,195.4,192.324,64.8,54.9,29.9,100.7,67.6,87.4,94.3,86.7,93.4,90.0,93.2,20.255000000000003,5,5,5,40.787
6.85,4,27.054000000000002,30.238000000000003,28.184,50.331,195.09099999999998,192.033,64.8,54.9,29.9,100.7,67.6,87.4,94.3,86.7,93.4,90.0,93.2,20.151,5,5,5,40.714
6.87,4,27.171999999999997,29.83,28.71,47.903,194.804,191.798,64.8,54.9,29.9,100.7,67.6,87.4,94.3,86.7,93.4,90.0,93.2,20.201,5,5,5,40.574
6.89,4,27.480999999999998,30.7,29.25,48.908,194.483,191.59599999999998,64.8,54.9,29.9,100.7,67.6,87.4,94.3,86.7,93.4,90.0,93.2,20.139000000000003,5,5,5,40.419
6.91,4,27.596999999999998,30.84,29.587,49.982,194.22,191.338,64.8,54.9,29.9,100.7,67.6,87.4,94.3,86.7,93.4,90.0,93.2,20.0,5,5,5,40.254999999999995
6.93,4,28.361,31.363000000000003,30.016,45.297,193.93400000000003,191.148,64.8,54.9,29.9,100.7,67.6,87.4,94.3,86.7,93.4,90.0,93.2,20.122999999999998,5,5,5,40.081
6.95,4,28.683000000000003,31.971999999999998,30.281999999999996,52.485,193.671,190.958,64.8,54.9,29.9,100.7,67.6,87.4,94.3,86.7,93.4,90.0,93.2,20.309,5,5,5,40.051
6.97,4,29.16,32.504000000000005,31.145,45.667,193.385,190.71200000000002,64.8,54.9,29.9,100.7,67.6,87.4,94.3,86.7,93.4,90.0,93.2,20.195,5,5,5,39.887
6.99,4,29.166999999999998,32.826,31.56,52.519,193.122,190.544,64.8,54.9,29.9,100.7,67.6,87.4,94.3,86.7,93.4,90.0,93.15,20.267000000000003,5,5,5,39.794
7.01,4,30.090999999999998,33.285,32.092,51.20399999999999,192.893,190.354,64.8,54.9,29.9,100.7,67.6,87.4,94.3,86.7,93.4,90.0,93.084,20.255000000000003,5,5,5,39.653000000000006
7.03,4,30.703000000000003,33.533,32.473,54.195,192.61900000000003,190.097,64.8,54.9,29.9,100.7,67.6,87.4,94.3,86.7,93.4,90.0,93.047,20.103,5,5,5,39.538
7.05,4,30.608,34.747,33.374,52.397,192.43599999999998,189.93,64.8,54.9,29.9,100.7,67.6,87.4,94.3,86.7,93.4,90.0,93.027,20.43,5,5,5,39.382
7.07,4,31.151999999999997,35.321,33.86,53.875,192.173,189.74,64.8,54.9,29.9,100.7,67.6,87.4,94.3,86.7,93.4,90.0,93.015,20.335,5,5,5,39.298
7.09,4,31.458000000000002,36.138000000000005,34.484,53.253,191.968,189.55,64.8,54.9,29.9,100.7,67.6,87.4,94.3,86.7,93.4,90.0,93.008,20.259,5,5,5,39.206999999999994
7.11,4,32.724000000000004,36.634,34.971999999999994,48.229,191.75099999999998,189.372,64.8,54.9,29.9,100.7,67.6,87.4,94.3,86.7,93.312,90.0,93.005,20.481,5,5,5,39.159000000000006
7.13,4,33.008,36.274,17.741,53.952,191.5,189.115,64.8,54.9,29.9,100.7,67.6,87.4,94.3,86.7,93.263,90.0,93.003,20.339,5,5,5,39.213
7.15,4,33.461,36.868,31.636,48.838,191.329,188.959,64.8,54.9,29.9,100.7,67.6,87.4,94.3,86.7,93.236,90.0,93.001,20.309,5,5,5,39.194
7.17,4,34.052,37.843,36.035,52.243,191.08900000000003,188.792,64.8,54.9,29.9,100.7,67.6,87.4,94.3,86.7,93.22,90.0,93.001,20.494999999999997,5,5,5,39.153999999999996
7.19,4,34.260999999999996,37.509,36.335,51.108000000000004,190.861,188.602,64.8,54.9,29.9,100.7,67.6,87.4,94.3,86.7,93.211,90.0,93.0,20.5,5,5,5,39.096000000000004
7.21,4,34.742,37.68,36.788,50.125,190.65599999999998,188.391,64.8,54.9,29.9,100.7,67.6,87.4,94.3,86.7,93.206,90.0,93.0,20.336,5,5,5,39.054
7.23,4,34.977,38.204,36.806,51.326,190.417,188.179,64.8,54.9,29.9,100.7,67.6,87.4,94.3,86.7,93.204,90.0,93.0,20.457,5,5,5,39.075
7.25,4,35.753,39.176,37.313,49.318999999999996,190.18900000000002,188.012,64.8,54.9,29.9,100.7,67.6,87.4,94.3,86.7,93.202,90.0,93.0,20.582,5,5,5,39.076
7.27,4,35.67,38.996,37.452,51.321000000000005,189.984,187.801,64.8,54.9,29.9,100.7,67.6,87.4,94.3,86.7,93.20100000000001,90.0,93.0,20.383,5,5,5,39.064
7.29,4,36.266999999999996,39.173,37.633,48.053000000000004,189.745,187.578,64.8,54.9,29.9,100.7,67.6,87.4,94.3,86.7,93.20100000000001,90.0,93.0,20.662,5,5,5,39.039
7.31,4,36.166,40.062,37.89,51.37,189.551,187.378,64.8,54.9,29.9,100.7,67.6,87.4,94.3,86.7,93.2,90.0,93.0,20.368000000000002,5,5,5,39.094
7.33,4,36.497,39.668,38.025,48.873999999999995,189.324,187.167,64.8,54.9,29.9,100.7,67.6,87.4,94.3,86.7,93.2,90.0,93.0,20.59,5,5,5,39.077
7.35,4,36.992,39.308,38.316,46.38,189.108,186.97799999999998,64.8,54.9,29.9,100.7,67.6,87.4,94.3,86.7,93.2,90.0,93.0,20.652,5,5,5,39.068
7.37,4,37.236,39.63,38.266999999999996,45.025999999999996,188.88,186.733,64.8,54.9,29.9,100.7,67.6,87.4,94.3,86.7,93.2,90.0,93.0,20.124000000000002,5,5,5,39.138999999999996
7.39,4,36.622,40.209,38.482,43.361999999999995,188.641,186.533,64.8,54.9,29.9,100.7,67.6,87.4,94.3,86.7,93.2,90.0,93.0,20.383,5,5,5,39.30800000000001
7.41,4,37.356,40.589,38.497,40.393,188.41400000000002,186.322,64.8,54.9,29.9,100.7,67.6,87.4,94.3,86.7,93.2,90.0,93.0,20.442999999999998,5,5,5,39.445
7.43,4,37.541,39.921,38.55,40.187,188.16400000000002,186.1,64.8,54.9,29.9,100.7,67.6,87.4,94.3,86.7,93.2,90.0,93.0,20.176,5,5,5,39.648
7.45,4,37.553000000000004,39.855,38.268,37.558,187.925,185.845,64.8,54.9,29.9,100.7,67.6,87.4,94.3,86.7,93.2,90.0,93.0,20.137999999999998,5,5,5,39.778000000000006
7.47,4,37.760999999999996,40.284,38.341,36.888999999999996,187.68599999999998,185.58900000000003,64.8,54.9,29.9,100.7,67.6,87.4,94.3,86.7,93.2,90.0,93.0,20.214,5,5,5,39.962
7.49,4,37.876999999999995,40.31,38.193000000000005,35.03,187.44799999999998,185.368,64.8,54.9,29.9,100.7,67.6,87.4,94.3,86.7,93.2,90.0,93.0,20.045,5,5,5,40.11
7.51,4,37.592,40.07,37.756,33.773,187.187,185.101,64.8,54.9,29.9,100.7,67.6,87.4,94.3,86.7,93.2,90.0,93.0,19.92,5,5,5,40.294
7.53,4,37.774,39.595,37.818000000000005,32.870999999999995,186.937,184.857,64.8,54.9,29.9,100.7,67.6,87.4,94.3,86.7,93.2,90.0,93.0,20.113,5,5,5,40.473
7.55,4,37.946,39.348,37.481,35.208,186.653,184.56900000000002,64.8,54.9,29.9,100.7,67.6,87.4,94.3,86.7,93.2,90.0,93.0,20.023,5,5,5,40.618
7.57,4,37.467,39.294000000000004,37.107,34.012,186.449,184.326,64.8,54.9,29.9,100.7,67.6,87.4,94.3,86.7,93.2,90.0,93.0,20.162,5,5,5,40.644000000000005
7.59,4,37.775,39.025999999999996,36.721999999999994,28.198,186.165,184.06,64.8,54.9,29.9,100.7,67.6,87.4,94.3,86.7,93.2,90.0,93.0,20.083,5,5,5,40.693
7.61,4,37.400999999999996,38.858000000000004,36.703,34.292,185.893,183.81599999999997,64.8,54.9,29.9,100.7,67.6,87.4,94.3,86.7,93.2,90.0,93.0,19.73,5,5,5,40.853
7.63,4,37.279,38.766999999999996,36.096999999999994,28.326999999999998,185.632,183.562,64.8,54.9,29.9,100.7,67.6,87.4,94.3,86.7,93.2,90.0,93.0,19.605,5,5,5,41.032
7.65,4,37.325,38.048,35.620999999999995,31.711,185.405,183.274,64.8,54.9,29.9,100.7,67.6,87.4,94.3,86.7,93.2,90.0,93.0,19.537,5,5,5,41.213
7.67,4,36.625,37.966,35.548,27.147,185.12099999999998,183.019,64.8,54.9,29.9,100.7,67.6,87.4,94.3,86.7,93.2,90.0,93.0,19.205,5,5,5,41.345
7.69,4,36.569,37.385999999999996,35.076,32.374,184.86,182.75400000000002,64.8,54.9,29.9,100.7,67.6,87.4,94.3,86.7,93.2,90.0,93.0,19.436,5,5,5,41.376
7.71,4,36.315,37.749,34.576,27.369,184.611,182.455,64.8,54.9,29.9,100.7,67.6,87.4,94.3,86.7,93.2,90.0,93.0,19.494999999999997,5,5,5,41.292
7.73,4,36.475,37.215,34.078,32.071,184.328,182.22299999999998,64.8,54.9,29.9,100.7,67.6,87.4,94.3,86.7,93.2,90.0,93.0,19.417,5,5,5,41.19
7.75,4,35.941,36.618,33.778999999999996,34.230000000000004,184.09,181.958,64.8,54.9,29.9,100.7,67.6,87.4,94.3,86.7,93.2,90.0,93.0,19.453,5,5,5,41.126999999999995
7.77,4,35.679,36.175,33.673,34.375,183.795,181.726,64.8,54.9,29.9,100.7,67.6,87.4,94.3,86.7,93.2,90.0,93.0,19.680999999999997,5,5,5,40.93
7.79,4,35.132,35.94199999999999,33.495000000000005,37.746,183.56900000000002,181.505,64.8,54.9,29.9,100.7,67.6,87.4,94.3,86.7,93.2,90.0,93.0,19.582,5,5,5,40.796
7.81,4,35.021,35.592,33.367,37.4,183.297,181.262,64.8,54.9,29.9,100.7,67.6,87.4,94.3,86.7,93.2,90.0,93.0,19.68,5,5,5,40.616
7.83,4,35.004000000000005,35.771,33.135000000000005,41.305,183.07,181.063,64.8,54.9,29.9,100.7,67.6,87.4,94.3,86.7,93.2,90.0,93.0,19.723,5,5,5,40.455
7.85,4,34.557,35.137,33.059,41.541,182.787,180.832,64.8,54.9,29.9,100.7,67.6,87.4,94.3,86.7,93.2,90.0,93.0,19.634999999999998,5,5,5,40.254000000000005
7.87,4,34.546,35.876999999999995,33.211,44.594,182.59400000000002,180.63299999999998,64.8,54.9,29.9,100.7,67.6,87.4,94.3,86.7,93.2,90.0,93.0,19.606,5,5,5,40.046
7.89,4,34.09,35.35,33.22,44.861,182.368,180.468,64.8,54.9,29.9,100.7,67.6,87.4,94.3,86.7,93.2,90.0,93.0,19.503,5,5,5,39.844
7.91,4,34.176,35.278000000000006,33.486000000000004,47.263000000000005,182.16400000000002,180.269,64.8,54.9,29.9,100.7,67.6,87.4,94.3,86.7,93.2,90.0,93.0,19.366,5,5,5,39.672
7.93,4,33.424,35.6,33.503,48.018,181.938,180.10299999999998,64.8,54.9,29.9,100.7,67.6,87.4,94.3,86.7,93.2,90.0,93.0,19.41,5,5,5,39.439
7.95,4,34.285,35.924,33.827,50.163999999999994,181.71099999999998,179.97099999999998,64.8,54.9,29.9,100.7,67.6,87.4,94.3,86.7,93.2,90.0,93.0,19.494,5,5,5,39.260999999999996
7.97,4,34.152,35.842,33.869,51.413999999999994,181.519,179.83900000000003,64.8,54.9,29.9,100.7,67.6,87.4,94.3,86.7,93.2,90.0,93.0,19.545,5,5,5,39.102
7.99,4,34.249,36.018,34.194,48.398,181.338,179.717,64.8,54.9,29.9,100.7,67.6,87.4,94.3,86.7,93.2,90.0,93.0,19.636,5,5,5,38.948
8.01,4,34.391999999999996,36.715,34.625,49.2,181.111,179.563,64.8,54.9,29.9,100.7,67.6,87.4,94.3,86.7,93.2,90.0,93.0,19.603,5,5,5,38.955
8.03,4,33.734,37.211999999999996,35.156,45.154,180.942,179.43099999999998,64.8,54.9,29.9,100.7,67.6,87.4,94.3,86.7,93.2,90.0,93.0,19.811,5,5,5,38.964
8.05,4,34.296,37.465,35.248000000000005,49.674,180.783,179.298,64.8,54.9,29.9,100.7,67.6,87.4,94.3,86.7,93.2,90.0,93.0,19.808,5,5,5,39.095
8.07,4,34.166,37.866,35.671,40.631,180.59099999999998,179.166,64.8,54.9,29.9,100.7,67.6,87.4,94.3,86.7,93.2,90.0,93.0,19.999000000000002,5,5,5,39.135999999999996
8.09,4,34.379999999999995,38.358000000000004,35.978,47.283,180.387,178.946,64.8,54.9,29.9,100.7,67.6,87.4,94.3,86.7,93.2,90.0,93.0,19.636,5,5,5,39.316
8.11,4,34.562,37.635999999999996,35.978,40.152,180.183,178.78,64.8,54.9,29.9,100.7,67.6,87.4,94.3,86.7,93.2,90.0,93.0,19.594,5,5,5,39.34
8.13,4,34.955,37.813,35.912,39.959,179.99099999999999,178.637,64.8,54.9,29.9,100.7,67.6,87.4,94.3,86.7,93.2,90.0,93.0,19.741,5,5,5,39.394000000000005
8.15,4,35.06,38.397,36.04,36.618,179.821,178.45,64.8,54.9,29.9,100.7,67.6,87.4,94.3,86.7,93.2,90.0,93.0,19.728,5,5,5,39.566
8.17,4,34.741,38.806,36.010999999999996,38.603,179.62900000000002,178.263,64.8,54.9,29.9,100.7,67.6,87.4,94.3,86.7,93.2,90.0,93.0,19.744999999999997,5,5,5,39.741
8.19,4,35.046,38.073,35.903999999999996,36.811,179.43599999999998,178.086,64.8,54.9,29.9,100.7,67.6,87.4,94.3,86.7,93.2,90.0,93.0,19.788,5,5,5,39.914
8.21,4,34.83,37.824,35.912,35.789,179.187,177.833,64.8,54.9,29.9,100.7,67.6,87.4,94.3,86.7,93.2,90.0,93.0,19.741,5,5,5,40.057
8.23,4,35.019000000000005,38.288000000000004,35.713,34.508,179.04,177.657,64.8,54.9,29.9,100.7,67.6,87.4,94.3,86.7,93.2,90.0,93.0,19.754,5,5,5,40.168000000000006
8.25,4,35.093,38.239000000000004,35.617,29.581,178.83700000000002,177.49200000000002,64.8,54.9,29.9,100.7,67.6,87.4,94.3,86.7,93.2,90.0,93.0,19.75,5,5,5,40.346000000000004
8.27,4,35.644000000000005,37.571,35.273,35.89,178.588,177.216,64.8,54.9,29.9,100.7,67.6,87.4,94.3,86.7,93.2,90.0,93.0,19.564,5,5,5,40.504999999999995
8.29,4,34.868,37.646,35.177,31.285999999999998,178.463,177.062,64.8,54.9,29.9,100.7,67.6,87.4,94.3,86.7,93.2,90.0,93.0,19.576999999999998,5,5,5,40.532
8.31,4,34.829,37.861,34.927,26.055,178.203,176.842,64.8,54.9,29.9,100.7,67.6,87.4,94.3,86.7,93.2,90.0,93.0,19.805,5,5,5,40.662
8.33,4,35.063,36.935,34.706,31.65,177.954,176.6,64.8,54.9,29.9,100.7,67.6,87.4,94.3,86.7,93.2,90.0,93.0,19.563,5,5,5,40.83
8.35,4,35.063,37.196999999999996,34.491,27.861,177.795,176.391,64.8,54.9,29.9,100.7,67.6,87.4,94.3,86.7,93.2,90.0,93.0,19.689999999999998,5,5,5,40.870999999999995
8.37,4,34.532,36.763000000000005,34.168000000000006,24.484,177.569,176.215,64.8,54.9,29.9,100.7,67.6,87.4,94.3,86.7,93.2,90.0,93.0,19.820999999999998,5,5,5,40.986000000000004
8.39,4,34.271,36.666,34.023,28.381,177.377,176.017,64.8,54.9,29.9,100.7,67.6,87.4,94.3,86.7,93.2,90.0,93.0,19.839,5,5,5,41.174
8.41,4,34.419,36.153000000000006,33.480999999999995,21.801,177.15,175.775,64.8,54.9,29.9,100.7,67.6,87.4,94.3,86.7,93.2,90.0,93.0,19.867,5,5,5,41.334
8.43,4,34.688,35.685,33.037,26.081999999999997,176.935,175.61,64.8,54.9,29.9,100.7,67.6,87.4,94.3,86.7,93.2,90.0,93.0,19.703,5,5,5,41.482
8.45,4,34.483000000000004,35.45,32.757,18.742,176.72,175.32399999999998,64.8,54.9,29.9,100.7,67.6,87.4,94.3,86.7,93.2,90.0,93.0,19.699,5,5,5,41.648
8.47,4,33.988,35.686,32.254000000000005,22.089000000000002,176.516,175.125,64.8,54.9,29.9,100.7,67.6,87.4,94.3,86.7,93.2,90.0,93.0,19.921,5,5,5,41.816
8.49,4,33.693,34.735,31.730999999999998,16.310000000000002,176.313,174.88299999999998,64.8,54.9,29.9,100.7,67.6,87.4,94.3,86.7,93.2,90.0,93.0,19.750999999999998,5,5,5,41.967
8.51,4,33.6,34.327,31.0,18.880000000000003,176.086,174.65200000000002,64.8,54.9,29.9,100.7,67.6,87.4,94.3,86.7,93.2,90.0,93.0,19.78,5,5,5,42.13
8.53,4,32.989000000000004,34.001999999999995,30.673000000000002,13.911,175.871,174.4,64.8,54.9,29.9,100.7,67.6,87.4,94.3,86.7,93.2,90.0,93.0,19.779000000000003,5,5,5,42.282
8.55,4,32.804,33.465,29.822,13.541,175.63299999999998,174.14700000000002,64.8,54.9,29.9,100.7,67.6,87.4,94.3,86.7,93.2,90.0,93.0,19.822000000000003,5,5,5,42.453
8.57,4,32.867,32.657,29.329,14.189,175.418,173.92700000000002,64.8,54.9,29.9,100.7,67.6,87.4,94.3,86.7,93.2,90.0,93.0,19.627000000000002,5,5,5,42.578
8.59,4,32.495999999999995,32.611000000000004,28.665,11.047999999999998,175.16899999999998,173.641,64.8,54.9,29.9,100.7,67.6,87.4,94.3,86.7,93.2,90.0,93.0,19.945,5,5,5,42.732
8.61,4,31.665,32.369,27.939,8.654,174.976,173.41,64.8,54.9,29.9,100.7,67.6,87.4,94.3,86.7,93.2,90.0,93.0,19.391,5,5,5,42.865
8.63,4,31.961,31.444000000000003,27.283,7.8149999999999995,174.704,173.113,64.8,54.9,29.8,100.3,67.5,87.4,94.3,86.7,93.2,90.0,93.0,19.16,5,5,5,42.994
8.65,4,31.084,31.026,26.454,6.5969999999999995,174.455,172.882,64.8,54.9,29.8,100.3,67.5,87.4,94.3,86.7,93.2,90.0,93.0,19.076,5,5,5,43.085
8.67,4,30.451,30.022,25.808000000000003,7.282,174.217,172.64,64.8,54.9,29.8,100.3,67.5,87.4,94.3,86.7,93.2,90.0,93.0,19.128,5,5,5,43.2
8.69,4,29.698,29.439,25.064,6.82,173.99,172.343,64.8,54.9,29.8,100.3,67.5,87.4,94.3,86.7,93.2,90.0,93.0,19.155,5,5,5,43.272
8.71,4,29.421,28.217,24.509,6.762,173.764,172.09,64.8,54.9,29.8,100.3,67.5,87.4,94.3,86.7,93.2,90.0,93.0,19.208,5,5,5,43.395
8.73,4,28.701999999999998,27.869,23.817999999999998,6.22,173.525,171.87,64.8,54.9,29.8,100.3,67.5,87.4,94.3,86.7,93.2,90.0,93.0,19.0,5,5,5,43.484
8.75,4,28.291,26.268,23.008,5.547,173.299,171.595,64.8,54.9,29.8,100.3,67.5,87.4,94.3,86.7,93.2,90.0,93.0,19.235999999999997,5,5,5,43.562
8.77,4,27.655,26.248,22.377,5.618,172.981,171.32,64.8,54.9,29.8,100.3,67.5,87.4,94.3,86.7,93.2,90.0,93.0,18.941,5,5,5,43.665
8.79,4,27.563000000000002,25.171,21.779,5.582,172.743,171.111,64.8,54.9,29.8,100.3,67.5,87.4,94.3,86.613,93.2,90.0,93.0,18.899,5,5,5,43.705999999999996
8.81,4,26.603,24.59,21.250999999999998,5.242,172.53799999999998,170.88,64.8,54.9,29.8,100.3,67.5,87.4,94.3,86.563,93.2,90.0,93.0,18.844,5,5,5,43.772
8.83,4,25.968000000000004,24.458,20.804000000000002,5.135,172.27700000000002,170.627,64.8,54.9,29.8,100.3,67.5,87.4,94.3,86.536,93.2,90.0,93.0,19.033,5,5,5,43.825
8.85,4,25.522,23.726,20.301,5.194,171.993,170.407,64.8,54.9,29.8,100.3,67.5,87.4,94.3,86.52,93.2,90.0,93.0,18.886,5,5,5,43.867
8.87,4,24.625,22.441,19.668,5.265,171.869,170.143,64.8,54.9,29.8,100.3,67.5,87.4,94.3,86.51100000000001,93.2,90.0,93.0,18.891,5,5,5,43.915
8.89,4,24.361,22.102999999999998,19.386,5.085,171.664,169.89,64.8,54.9,29.8,100.3,67.5,87.4,94.3,86.506,93.2,90.0,93.0,18.941,5,5,5,43.949
8.91,4,23.393,22.03,18.866,4.752,171.38,169.736,64.8,54.9,29.8,100.3,67.5,87.4,94.3,86.50399999999999,93.2,90.0,93.0,18.936,5,5,5,43.961
8.93,4,23.21,21.463,18.392000000000003,4.753,171.244,169.593,64.8,54.9,29.8,100.3,67.5,87.4,94.3,86.502,93.2,90.0,93.0,19.125,5,5,5,43.972
8.95,4,22.986,21.011,17.992,19.481,171.005,169.362,64.8,54.9,29.8,100.3,67.5,87.4,94.3,86.501,93.2,90.0,93.0,19.192,5,5,5,43.888000000000005
8.97,4,22.354,20.201999999999998,17.729,14.592,170.8,169.174,64.8,54.9,29.8,100.3,67.5,87.4,94.3,86.501,93.2,90.0,93.0,19.247999999999998,5,5,5,43.678000000000004
8.99,4,21.634,19.665999999999997,17.247999999999998,27.119,170.584,169.009,64.8,54.9,29.8,100.3,67.5,87.4,94.3,86.5,93.2,90.0,93.0,19.256999999999998,5,5,5,43.439
9.01,4,21.065,19.305999999999997,17.130000000000003,22.070999999999998,170.414,168.877,64.8,54.9,29.8,100.3,67.5,87.4,94.3,86.5,93.2,90.0,93.0,19.326,5,5,5,43.132
9.03,4,21.073,19.148,17.333,31.526999999999997,170.175,168.701,64.8,54.9,29.8,100.3,67.5,87.4,94.3,86.5,93.2,90.0,93.0,19.302,5,5,5,42.895
9.05,4,20.749000000000002,19.415999999999997,16.996,27.079,170.004,168.547,64.8,54.9,29.8,100.3,67.5,87.4,94.3,86.5,93.2,90.0,93.0,19.273,5,5,5,42.576
9.07,4,20.663,19.341,17.45,33.340999999999994,169.845,168.415,64.8,54.9,29.8,100.3,67.5,87.4,94.3,86.5,93.2,90.0,93.0,19.204,5,5,5,42.287
9.09,4,20.129,19.676,17.559,30.031,169.651,168.305,64.8,54.9,29.8,100.3,67.5,87.4,94.3,86.5,93.2,90.0,93.0,19.348,5,5,5,41.958
9.11,4,19.933,19.296,17.805999999999997,31.111,169.435,168.20600000000002,64.8,54.9,29.8,100.3,67.5,87.4,94.3,86.5,93.2,90.0,93.0,19.307000000000002,5,5,5,41.828
9.13,4,19.504,19.884999999999998,18.064999999999998,31.905,169.287,168.084,64.8,54.9,29.8,100.3,67.5,87.4,94.3,86.5,93.2,90.0,93.0,19.313,5,5,5,41.772
9.15,4,19.319000000000003,19.855,18.542,31.809,169.07,167.996,64.8,54.9,29.8,100.3,67.5,87.4,94.3,86.5,93.2,90.0,93.0,19.244,5,5,5,41.754000000000005
9.17,4,19.118000000000002,20.35,18.692,31.521,169.002,167.875,64.8,54.9,29.8,100.3,67.5,87.4,94.3,86.5,93.2,90.0,93.0,19.239,5,5,5,41.697
9.19,4,19.024,20.329,19.325,31.668000000000003,168.785,167.776,64.8,54.9,29.8,100.3,67.5,87.4,94.3,86.5,93.2,90.0,93.0,19.235999999999997,5,5,5,41.708
9.21,4,19.128,20.717,19.295,30.773000000000003,168.60299999999998,167.644,64.8,54.9,29.8,100.3,67.5,87.4,94.3,86.5,93.2,90.0,93.0,19.086,5,5,5,41.709
9.23,4,19.466,21.029,19.466,31.272,168.44299999999998,167.534,64.8,54.9,29.8,100.3,67.5,87.4,94.3,86.5,93.2,90.0,93.0,19.338,5,5,5,41.702
9.25,4,19.055999999999997,20.699,19.699,29.868000000000002,168.226,167.412,64.8,54.9,29.8,100.3,67.5,87.4,94.3,86.5,93.2,90.0,93.0,19.201999999999998,5,5,5,41.697
9.27,4,18.672,20.921,19.797,29.566,168.135,167.30200000000002,64.8,54.9,29.8,100.3,67.5,87.4,94.3,86.5,93.2,90.0,93.0,19.055999999999997,5,5,5,41.68300000000001
9.29,4,18.606,21.494,19.985999999999997,28.744,167.975,167.17,64.8,54.9,29.8,100.3,67.5,87.4,94.3,86.5,93.2,90.0,93.0,19.177999999999997,5,5,5,41.725
9.31,4,19.492,21.006,19.919,28.416999999999998,167.804,167.02700000000002,64.8,54.9,29.8,100.3,67.5,87.4,94.3,86.5,93.2,90.0,93.0,19.122999999999998,5,5,5,41.759
9.33,4,19.203,21.17,20.158,27.921,167.69,166.993,64.8,54.9,29.8,100.3,67.5,87.4,94.3,86.5,93.2,90.0,93.0,19.214,5,5,5,41.804
9.35,4,18.497999999999998,21.733,20.231,27.252,167.484,166.861,64.8,54.9,29.8,100.3,67.5,87.4,94.3,86.5,93.2,90.0,93.0,19.203,5,5,5,41.887
9.37,4,18.867,21.699,20.195,29.063000000000002,167.359,166.72899999999998,64.8,54.9,29.8,100.3,67.5,87.4,94.3,86.5,93.2,90.0,93.0,19.103,5,5,5,41.93300000000001
9.39,4,19.044,21.903,20.29,29.785999999999998,167.221,166.586,64.8,54.9,29.8,100.3,67.5,87.4,94.3,86.5,93.2,90.0,93.0,19.139000000000003,5,5,5,41.939
9.41,4,19.114,21.714000000000002,20.351,31.038,167.07299999999998,166.442,64.8,54.9,29.8,100.3,67.5,87.4,94.3,86.5,93.2,90.0,93.0,19.161,5,5,5,41.828
9.43,4,19.051,21.689,20.463,31.987,166.89,166.321,64.8,54.9,29.8,100.3,67.5,87.4,94.3,86.5,93.2,90.0,93.0,19.035,5,5,5,41.699
9.45,4,19.449,21.67,20.177999999999997,33.375,166.741,166.19899999999998,64.8,54.9,29.8,100.3,67.5,87.4,94.3,86.5,93.2,90.0,93.0,19.156,5,5,5,41.513000000000005
9.47,4,19.094,20.922,20.285,35.57,166.592,166.056,64.8,54.9,29.8,100.3,67.5,87.4,94.3,86.5,93.2,90.0,93.0,19.064,5,5,5,41.363
9.49,4,18.866,21.785,20.422,34.465999999999994,166.363,165.946,64.8,54.9,29.8,100.3,67.5,87.4,94.3,86.5,93.2,90.0,93.0,19.139000000000003,5,5,5,41.15
9.51,4,18.828,21.892,20.436,33.893,166.27200000000002,165.80200000000002,64.8,54.9,29.8,100.3,67.5,87.4,94.3,86.5,93.2,90.0,93.0,19.052,5,5,5,41.084
9.53,4,18.978,22.145,20.53,37.51,166.111,165.725,64.8,54.9,29.8,100.3,67.5,87.4,94.3,86.5,93.2,90.0,93.0,18.96,5,5,5,41.072
9.55,4,18.863,22.392,20.948,36.55,166.00799999999998,165.648,64.8,54.9,29.8,100.3,67.5,87.4,94.3,86.5,93.2,90.0,93.0,19.198,5,5,5,40.883
9.57,4,18.776,22.91,21.067,38.93,165.859,165.548,64.8,54.9,29.8,100.3,67.5,87.4,94.3,86.5,93.2,90.0,93.0,19.093,5,5,5,40.668000000000006
9.59,4,18.867,22.957,21.419,41.304,165.687,165.44899999999998,64.8,54.9,29.8,100.3,67.5,87.4,94.3,86.5,93.2,90.0,93.0,19.070999999999998,5,5,5,40.43300000000001
9.61,4,18.813,23.05,21.875999999999998,43.345,165.57299999999998,165.339,64.8,54.9,29.8,100.3,67.5,87.4,94.3,86.5,93.2,90.0,93.0,20.127000000000002,5,5,5,40.181
9.63,4,18.502000000000002,23.381,22.522000000000002,45.069,165.435,165.317,64.8,54.9,29.8,100.3,67.5,87.4,94.3,86.5,93.2,90.0,93.0,19.990000000000002,5,5,5,39.954
9.65,4,18.979,24.175,22.861,45.96,165.332,165.27200000000002,64.8,54.9,29.8,100.3,67.5,87.4,94.3,86.5,93.2,90.0,93.0,20.171,5,5,5,39.71
9.67,4,19.349,24.457,23.771,47.62,165.171,165.25,64.8,54.9,29.8,100.3,67.5,87.4,94.3,86.5,93.2,90.0,93.0,20.079,5,5,5,39.454
9.69,4,19.570999999999998,25.309,24.471,49.211999999999996,165.079,165.195,64.8,54.9,29.8,100.3,67.5,87.4,94.3,86.5,93.2,90.0,93.0,20.031,5,5,5,39.238
9.71,4,19.586,25.87,25.291,51.207,164.965,165.129,64.8,54.9,29.8,100.3,67.5,87.4,94.3,86.5,93.2,90.0,93.0,20.165,5,5,5,39.039
9.73,4,20.093,27.362,26.148000000000003,53.33,164.838,165.107,64.8,54.9,29.8,100.3,67.5,87.4,94.3,86.5,93.2,90.0,93.0,20.098,5,5,5,38.853
9.75,4,20.470999999999997,27.826,27.184,54.714,164.769,165.151,64.8,54.9,29.8,100.3,67.5,87.4,94.3,86.5,93.2,90.0,93.0,19.997,5,5,5,38.673
9.77,4,21.176,29.186,28.283,55.24100000000001,164.654,165.107,64.8,54.9,29.8,100.3,67.5,87.4,94.3,86.5,93.2,90.0,93.0,20.195999999999998,5,5,5,38.489999999999995
9.79,4,21.432000000000002,30.325,29.05,55.338,164.563,165.04,64.8,54.9,29.8,100.3,67.5,87.4,94.3,86.5,93.2,90.0,93.0,19.974,5,5,5,38.304
9.81,4,22.164,31.127,30.263,56.096000000000004,164.482,165.04,64.8,54.9,29.8,100.3,67.5,87.4,94.3,86.5,93.2,90.0,93.0,20.133,5,5,5,38.162
9.83,4,22.742,32.254000000000005,31.199,56.753,164.36700000000002,165.018,64.8,54.9,29.8,100.3,67.5,87.4,94.3,86.5,93.2,90.0,93.0,20.294,5,5,5,37.989999999999995
9.85,4,23.534000000000002,33.429,32.311,57.631,164.298,164.963,64.8,54.9,29.8,100.3,67.5,87.4,94.3,86.5,93.2,90.0,93.0,20.124000000000002,5,5,5,37.82
9.87,4,24.305999999999997,34.834,33.315,57.602,164.183,164.952,64.8,54.9,29.8,100.3,67.5,87.4,94.3,86.5,93.2,90.0,93.0,20.009,5,5,5,37.644000000000005
9.89,4,25.374000000000002,35.573,34.383,57.997,164.149,164.93,64.8,54.9,29.8,100.3,67.5,87.4,94.3,86.5,93.2,90.0,93.0,20.317,5,5,5,37.545
9.91,4,26.096999999999998,36.668000000000006,35.233000000000004,58.184,164.011,164.908,64.8,54.9,29.8,100.3,67.5,87.4,94.3,86.5,93.2,90.0,93.0,20.134,5,5,5,37.439
9.93,4,26.959,37.295,36.239999999999995,57.643,163.965,164.875,64.8,54.9,29.8,100.3,67.5,87.4,94.3,86.5,93.2,90.0,93.0,20.203,5,5,5,37.361000000000004
9.95,4,27.659000000000002,38.213,36.982,57.816,163.895,164.797,64.8,54.9,29.8,100.3,67.5,87.4,94.3,86.5,93.2,90.0,93.0,20.302999999999997,5,5,5,37.301
9.97,4,28.563000000000002,39.435,37.704,57.711000000000006,163.803,164.753,64.8,54.9,29.8,100.3,67.5,87.4,94.3,86.5,93.2,90.0,93.0,20.268,5,5,5,37.221999999999994
9.99,4,29.154,40.553000000000004,38.405,58.032,163.7,164.654,64.8,54.9,29.8,100.3,67.5,87.4,94.3,86.5,93.2,90.0,93.0,20.292,5,5,5,37.171
10.01,4,29.736,40.882,39.045,57.586000000000006,163.619,164.554,64.8,54.9,29.8,100.3,67.5,87.4,94.3,86.5,93.2,90.0,93.0,20.222,5,5,5,37.129000000000005
10.03,4,30.951,41.604,39.646,57.729,163.49200000000002,164.466,64.8,54.9,29.8,100.3,67.5,87.4,94.3,86.5,93.2,90.0,93.0,20.213,5,5,5,37.118
10.05,4,31.578000000000003,41.925,40.19,57.2,163.366,164.355,64.8,54.9,29.8,100.3,67.5,87.4,94.3,86.5,93.2,90.0,93.0,20.329,5,5,5,37.103
10.07,4,32.311,43.375,40.592,57.175,163.25,164.21200000000002,64.8,54.9,29.8,100.3,67.5,87.4,94.3,86.5,93.2,90.0,93.0,20.23,5,5,5,37.102
10.09,4,32.673,43.04,41.14,52.105,163.158,164.145,64.8,54.9,29.8,100.3,67.5,87.4,94.3,86.5,93.2,90.0,93.0,20.224,5,5,5,37.093
10.11,4,33.262,43.777,41.663000000000004,53.592,163.031,164.013,64.8,54.9,29.8,100.3,67.5,87.4,94.3,86.5,93.2,90.0,93.0,20.224,5,5,5,37.257
10.13,4,33.620999999999995,43.705,41.933,48.788999999999994,162.904,163.88,64.8,54.9,29.8,100.3,67.5,87.4,94.3,86.5,93.2,90.0,93.0,20.105,5,5,5,37.387
10.15,4,33.896,43.784,41.874,48.548,162.835,163.769,64.8,54.9,29.8,100.3,67.5,87.4,94.3,86.5,93.2,90.0,93.0,20.176,5,5,5,37.588
10.17,4,35.084,44.153,42.169000000000004,47.59,162.65,163.504,64.8,54.9,29.8,100.3,67.5,87.4,94.3,86.5,93.2,90.0,93.0,20.226,5,5,5,37.706
10.19,4,35.226,44.621,42.216,48.716,162.639,163.459,64.8,54.9,29.8,100.3,67.5,87.4,94.3,86.5,93.2,90.0,93.0,20.177999999999997,5,5,5,37.803
10.21,4,35.694,44.943000000000005,42.283,48.02,162.454,163.349,64.8,54.9,29.8,100.3,67.5,87.4,94.3,86.5,93.2,90.0,93.0,20.037,5,5,5,37.8
10.23,4,35.928,44.547,42.141999999999996,48.676,162.35,163.127,64.8,54.9,29.8,100.3,67.5,87.4,94.3,86.5,93.2,90.0,93.0,20.216,5,5,5,37.768
10.25,4,36.135000000000005,44.65,42.253,47.793,162.153,162.917,64.8,54.9,29.8,100.3,67.5,87.4,94.3,86.5,93.2,90.0,93.0,20.064999999999998,5,5,5,37.753
10.27,4,36.667,44.796,42.249,48.815,162.084,162.895,64.8,54.9,29.8,100.3,67.5,87.4,94.3,86.5,93.2,90.0,93.0,20.189,5,5,5,37.829
10.29,4,37.19,45.316,42.108000000000004,38.33,161.957,162.717,64.8,54.9,29.8,100.3,67.5,87.4,94.3,86.5,93.2,90.0,93.0,20.308,5,5,5,37.900999999999996
10.31,4,37.027,45.088,42.111,44.118,161.783,162.54,64.8,54.9,29.8,100.3,67.5,87.4,94.3,86.55,93.2,90.0,93.0,20.064,5,5,5,38.126
10.33,4,37.73,44.609,41.92,38.312,161.679,162.44,64.8,54.9,29.8,100.3,67.5,87.4,94.3,86.616,93.288,90.0,93.0,20.062,5,5,5,38.248000000000005
10.35,4,37.431,44.906,42.06,41.585,161.563,162.30700000000002,64.8,54.9,29.8,100.3,67.5,87.4,94.3,86.653,93.337,90.0,93.0,20.091,5,5,5,38.455
10.37,4,37.71,44.605,41.693000000000005,37.755,161.401,162.119,64.8,54.9,29.8,100.3,67.5,87.4,94.3,86.673,93.36399999999999,90.0,93.0,20.362000000000002,5,5,5,38.596000000000004
10.39,4,37.645,44.764,41.646,37.855,161.227,161.941,64.8,54.9,29.8,100.3,67.5,87.4,94.3,86.685,93.38,90.0,93.0,20.083,5,5,5,38.783
10.41,4,37.669000000000004,44.909,41.522,35.656,161.1,161.808,64.8,54.9,29.8,100.3,67.5,87.4,94.3,86.692,93.389,90.0,93.0,20.189,5,5,5,38.93
10.43,4,37.732,44.571,41.088,34.775999999999996,160.984,161.597,64.8,54.9,29.8,100.3,67.5,87.4,94.3,86.695,93.39399999999999,90.0,93.0,20.201999999999998,5,5,5,39.089
10.45,4,38.31,44.514,40.668,36.06,160.821,161.509,64.8,54.9,29.8,100.3,67.5,87.4,94.3,86.697,93.396,90.0,93.0,20.031,5,5,5,39.238
10.47,4,37.885999999999996,44.001999999999995,40.400999999999996,30.111,160.69299999999998,161.298,64.8,54.9,29.8,100.3,67.5,87.4,94.3,86.699,93.398,90.0,93.0,20.125999999999998,5,5,5,39.329
10.49,4,37.957,43.96,40.245,34.245999999999995,160.50799999999998,161.09799999999998,64.8,54.9,29.8,100.3,67.5,87.4,94.3,86.699,93.399,90.0,93.0,20.311,5,5,5,39.545
10.51,4,38.23,43.319,39.678000000000004,33.228,160.356,160.964,64.8,54.9,29.8,100.3,67.5,87.4,94.3,86.7,93.399,90.0,93.0,19.875999999999998,5,5,5,39.644999999999996
10.53,4,37.321,42.795,39.507,34.062,160.252,160.786,64.8,54.9,29.8,100.3,67.5,87.4,94.3,86.7,93.4,90.0,93.0,20.305,5,5,5,39.652
10.55,4,37.732,42.989000000000004,38.766,36.675,160.031,160.642,64.8,54.9,29.8,100.3,67.5,87.4,94.3,86.7,93.4,90.0,93.0,20.122999999999998,5,5,5,39.578
10.57,4,37.898,42.783,38.601,37.547,159.92600000000002,160.486,64.8,54.9,29.8,100.3,67.5,87.4,94.3,86.7,93.4,90.0,93.0,20.040999999999997,5,5,5,39.46
10.59,4,38.12,42.259,38.11,39.376999999999995,159.786,160.41899999999998,64.8,54.9,29.8,100.3,67.5,87.4,94.3,86.7,93.4,90.0,93.0,19.794,5,5,5,39.376
10.61,4,37.848,42.325,37.86,39.566,159.64700000000002,160.197,64.8,54.9,29.8,100.3,67.5,87.4,94.35,86.7,93.4,90.0,93.0,19.625,5,5,5,39.28
10.63,4,37.937,41.98,37.698,40.86,159.483,160.03,65.0,54.9,29.8,100.1,67.4,87.4,94.416,86.7,93.4,90.0,93.0,19.658,5,5,5,39.175
10.65,4,37.629,41.818000000000005,37.376,41.762,159.332,159.907,65.0,54.9,29.8,100.1,67.4,87.4,94.453,86.7,93.4,90.0,93.0,19.66,5,5,5,39.056
10.67,4,37.605,41.826,37.05,42.881,159.215,159.796,65.0,54.9,29.8,100.1,67.4,87.4,94.473,86.7,93.4,90.0,93.0,19.767000000000003,5,5,5,38.946
10.69,4,37.74,41.241,37.217,42.675,158.982,159.629,65.0,54.9,29.8,100.1,67.4,87.4,94.485,86.7,93.4,90.0,93.0,19.854,5,5,5,38.777
10.71,4,37.412,41.492,37.171,44.088,158.923,159.484,65.0,54.9,29.8,100.1,67.4,87.4,94.492,86.7,93.4,90.0,93.05,19.683,5,5,5,38.717
10.73,4,37.446,41.454,37.06,45.921,158.76,159.35,65.0,54.9,29.8,100.1,67.4,87.4,94.495,86.7,93.4,90.0,93.116,19.684,5,5,5,38.648
10.75,4,37.577,40.894,37.17,46.145,158.584,159.283,65.0,54.9,29.8,100.1,67.4,87.4,94.497,86.7,93.4,90.0,93.153,19.823,5,5,5,38.501
10.77,4,37.061,40.505,37.426,46.303999999999995,158.45600000000002,159.105,65.0,54.9,29.8,100.1,67.4,87.4,94.499,86.7,93.4,90.05,93.173,19.641,5,5,5,38.33
10.79,4,36.705,41.405,37.148,48.981,158.327,158.971,65.0,54.9,29.8,100.1,67.4,87.4,94.499,86.7,93.4,90.116,93.185,19.959000000000003,5,5,5,38.236000000000004
10.81,4,37.146,41.239000000000004,37.422,48.086000000000006,158.14,158.84799999999998,65.0,54.9,29.8,100.1,67.4,87.4,94.5,86.7,93.4,90.153,93.192,19.811,5,5,5,38.066
10.83,4,37.080999999999996,40.982,37.383,50.839,158.058,158.781,65.0,54.9,29.8,100.1,67.4,87.4,94.5,86.7,93.4,90.173,93.195,20.076999999999998,5,5,5,37.999
10.85,4,36.974000000000004,40.936,37.58,50.696000000000005,157.858,158.591,65.0,54.9,29.8,100.1,67.4,87.4,94.5,86.7,93.4,90.185,93.197,20.021,5,5,5,37.853
10.87,4,36.531,40.946,37.845,52.43899999999999,157.717,158.547,65.0,54.9,29.8,100.1,67.4,87.4,94.5,86.7,93.4,90.192,93.199,19.734,5,5,5,37.703
10.89,4,36.974000000000004,40.966,38.058,52.332,157.635,158.41299999999998,65.0,54.9,29.8,100.1,67.4,87.4,94.5,86.7,93.4,90.195,93.199,20.063,5,5,5,37.629000000000005
10.91,4,36.512,41.366,38.34,53.451,157.44799999999998,158.32299999999998,65.0,54.9,29.8,100.1,67.4,87.4,94.5,86.7,93.4,90.197,93.2,20.019,5,5,5,37.527
10.93,4,37.041,42.028,38.634,53.661,157.33,158.234,65.0,54.9,29.8,100.1,67.4,87.4,94.5,86.7,93.4,90.199,93.2,19.976,5,5,5,37.407
10.95,4,36.69,41.719,38.758,54.071999999999996,157.165,158.033,65.0,54.9,29.8,100.1,67.4,87.4,94.5,86.7,93.4,90.199,93.2,19.951,5,5,5,37.349000000000004
10.97,4,37.001,41.701,39.13,54.794,157.083,157.988,65.0,54.9,29.8,100.1,67.4,87.4,94.5,86.7,93.4,90.2,93.2,19.889000000000003,5,5,5,37.282
10.99,4,36.736999999999995,42.354,39.217,54.669,156.954,157.91,65.0,54.9,29.8,100.1,67.4,87.4,94.5,86.7,93.4,90.2,93.2,19.706,5,5,5,37.205
11.01,4,36.97,42.513000000000005,39.524,53.967,156.73,157.731,65.0,54.9,29.8,100.1,67.4,87.4,94.5,86.7,93.4,90.2,93.2,20.165999999999997,5,5,5,37.155
11.03,4,37.126999999999995,42.376999999999995,39.69,49.349,156.612,157.63,65.0,54.9,29.8,100.1,67.4,87.4,94.5,86.7,93.4,90.2,93.2,20.161,5,5,5,37.148
11.05,4,37.13,42.92,40.153,49.62,156.506,157.529,65.0,54.9,29.8,100.1,67.4,87.4,94.5,86.7,93.4,90.2,93.2,19.992,5,5,5,37.361999999999995
11.07,4,36.814,43.358000000000004,40.064,46.406000000000006,156.365,157.38299999999998,65.0,54.9,29.8,100.1,67.4,87.4,94.5,86.7,93.4,90.2,93.2,20.095999999999997,5,5,5,37.519999999999996
11.09,4,37.21,43.169000000000004,40.298,48.903999999999996,156.211,157.18200000000002,65.0,54.9,29.8,100.1,67.4,87.4,94.5,86.7,93.4,90.2,93.2,20.569000000000003,5,5,5,37.658
11.11,4,37.037,43.366,40.495,42.919000000000004,156.15200000000002,157.159,65.0,54.9,29.8,100.1,67.4,87.4,94.5,86.7,93.4,90.2,93.2,20.022,5,5,5,37.699
11.13,4,37.213,43.942,40.527,42.774,156.02200000000002,157.002,65.0,54.9,29.8,100.1,67.4,87.4,94.5,86.7,93.4,90.2,93.2,20.16,5,5,5,37.903000000000006
11.15,4,37.044000000000004,42.923,40.608000000000004,44.771,155.833,156.778,65.0,54.9,29.8,100.1,67.4,87.4,94.5,86.7,93.4,90.2,93.2,20.619999999999997,5,5,5,38.047
11.17,4,37.388000000000005,43.171,40.672,44.445,155.715,156.733,65.0,54.9,29.8,100.1,67.4,87.4,94.5,86.7,93.4,90.2,93.2,20.348,5,5,5,38.134
11.19,4,36.977,43.721,40.559,43.234,155.609,156.58700000000002,65.0,54.9,29.8,100.1,67.4,87.4,94.5,86.7,93.4,90.2,93.2,20.301,5,5,5,38.141
11.21,4,37.035,43.408,40.472,44.617,155.526,156.486,65.0,54.9,29.8,100.1,67.4,87.4,94.5,86.7,93.4,90.2,93.2,20.258,5,5,5,38.141999999999996
11.23,4,36.916,42.743,40.431,44.588,155.39600000000002,156.351,65.0,54.9,29.8,100.1,67.4,87.4,94.5,86.7,93.4,90.2,93.2,20.049,5,5,5,38.126
11.25,4,37.213,43.62,40.474000000000004,45.205999999999996,155.24200000000002,156.205,65.0,54.9,29.8,100.1,67.4,87.4,94.5,86.7,93.4,90.2,93.2,20.121,5,5,5,38.088
11.27,4,37.479,43.582,40.16,45.275,155.135,156.07,65.0,54.9,29.8,100.1,67.4,87.4,94.5,86.7,93.4,90.2,93.2,20.000999999999998,5,5,5,38.044
11.29,4,37.323,44.117,40.213,46.06399999999999,155.028,155.969,65.0,54.9,29.8,100.1,67.4,87.4,94.5,86.7,93.4,90.2,93.2,19.929000000000002,5,5,5,38.049
11.31,4,37.108000000000004,43.056,40.139,46.571000000000005,154.898,155.857,65.0,54.9,29.8,100.1,67.4,87.4,94.5,86.7,93.4,90.2,93.2,20.500999999999998,5,5,5,38.013999999999996
11.33,4,37.171,43.359,40.078,46.938,154.708,155.722,65.0,54.9,29.8,100.1,67.4,87.4,94.5,86.7,93.4,90.2,93.2,20.175,5,5,5,37.961
11.35,4,36.988,43.58,39.992,47.532,154.589,155.553,65.0,54.9,29.8,100.1,67.4,87.4,94.5,86.7,93.4,90.2,93.2,19.964,5,5,5,37.913
11.37,4,37.384,43.585,39.986,48.003,154.434,155.395,65.0,54.9,29.8,100.1,67.4,87.4,94.5,86.7,93.4,90.2,93.2,20.129,5,5,5,37.893
11.39,4,37.691,43.256,39.99,48.118,154.327,155.328,65.0,54.9,29.8,100.1,67.4,87.4,94.5,86.7,93.4,90.2,93.2,20.093,5,5,5,37.82
11.41,4,37.124,43.118,39.867,48.868,154.232,155.159,65.0,54.9,29.8,100.1,67.4,87.4,94.5,86.7,93.4,90.2,93.2,20.044,5,5,5,37.778000000000006
11.43,4,37.117,43.416,40.051,49.106,154.089,155.023,65.0,54.9,29.8,100.1,67.4,87.4,94.5,86.7,93.4,90.2,93.2,20.146,5,5,5,37.698
11.45,4,37.177,43.277,39.896,49.428999999999995,153.946,154.933,65.0,54.9,29.8,100.1,67.4,87.4,94.5,86.7,93.4,90.2,93.2,20.177,5,5,5,37.653999999999996
11.47,4,37.396,43.338,39.844,50.11,153.827,154.786,65.0,54.9,29.8,100.1,67.4,87.4,94.5,86.7,93.4,90.2,93.2,20.055,5,5,5,37.64
11.49,4,37.434,43.305,40.043,50.431000000000004,153.731,154.662,65.0,54.9,29.8,100.1,67.4,87.4,94.5,86.7,93.4,90.2,93.2,20.192,5,5,5,37.629000000000005
11.51,4,37.037,43.37,40.033,50.173,153.576,154.504,65.0,54.9,29.8,100.1,67.4,87.4,94.5,86.7,93.4,90.2,93.2,20.298000000000002,5,5,5,37.556
11.53,4,37.251999999999995,43.292,39.876999999999995,50.827,153.445,154.504,65.0,54.9,29.8,100.1,67.4,87.4,94.5,86.7,93.4,90.2,93.2,20.357999999999997,5,5,5,37.539
11.55,4,36.92,43.149,40.278,48.683,153.325,154.289,65.0,54.9,29.8,100.1,67.4,87.4,94.5,86.7,93.4,90.2,93.2,20.212,5,5,5,37.519000000000005
11.57,4,36.744,43.746,40.054,44.87,153.194,154.154,65.0,54.9,29.8,100.1,67.4,87.4,94.5,86.7,93.4,90.2,93.2,20.612000000000002,5,5,5,37.539
11.59,4,37.369,43.657,40.169000000000004,45.066,153.026,154.018,65.0,54.9,29.8,100.1,67.4,87.4,94.5,86.7,93.4,90.2,93.2,19.841,5,5,5,37.71
11.61,4,37.155,43.55,39.965,44.603,152.858,153.859,65.0,54.9,29.8,100.1,67.4,87.4,94.5,86.7,93.4,90.2,93.2,19.552,5,5,5,37.896
11.63,4,36.931,43.689,40.236999999999995,46.65,152.75,153.769,65.0,54.9,29.8,100.1,67.4,87.4,94.5,86.7,93.4,90.2,93.2,19.347,5,5,5,38.013000000000005
11.65,4,37.372,43.672,40.043,45.533,152.702,153.678,65.0,54.9,29.8,100.1,67.4,87.4,94.5,86.7,93.4,90.2,93.2,19.365000000000002,5,5,5,37.995999999999995
11.67,4,37.321,43.54,40.122,46.50899999999999,152.534,153.50799999999998,65.0,54.9,29.8,100.1,67.4,87.4,94.5,86.7,93.4,90.2,93.2,19.384999999999998,5,5,5,37.969
11.69,4,36.834,43.919000000000004,40.016,46.896,152.42600000000002,153.463,65.0,54.9,29.8,100.1,67.4,87.4,94.5,86.7,93.4,90.2,93.2,19.325,5,5,5,37.945
11.71,4,37.263000000000005,44.0,39.912,46.161,152.29399999999998,153.304,65.0,54.9,29.8,100.1,67.4,87.4,94.5,86.7,93.4,90.2,93.2,19.557000000000002,5,5,5,37.911
11.73,4,37.121,43.45,39.885999999999996,47.17,152.174,153.168,65.0,54.9,29.8,100.1,67.4,87.4,94.5,86.7,93.4,90.2,93.2,19.576,5,5,5,37.899
11.75,4,37.445,43.038000000000004,40.123000000000005,46.632,152.018,153.066,65.0,54.9,29.8,100.1,67.4,87.4,94.5,86.725,93.4,90.2,93.2,19.601,5,5,5,37.864999999999995
11.77,4,37.166,43.625,39.775999999999996,47.625,151.945,152.93,65.0,54.9,29.8,100.1,67.4,87.4,94.5,86.80199999999999,93.4,90.2,93.2,19.438,5,5,5,37.812
11.79,4,37.096,43.726,39.806999999999995,47.117,151.813,152.805,65.0,54.9,29.8,100.1,67.4,87.4,94.5,86.845,93.4,90.2,93.2,19.58,5,5,5,37.78
11.81,4,37.338,43.317,39.781,48.48,151.656,152.714,65.0,54.9,29.8,100.1,67.4,87.4,94.55,86.869,93.4,90.2,93.2,19.574,5,5,5,37.713
11.83,4,36.816,43.238,39.795,49.82899999999999,151.536,152.532,65.0,54.9,29.8,100.1,67.4,87.4,94.616,86.882,93.4,90.2,93.2,19.360999999999997,5,5,5,37.649
11.85,4,37.268,43.971,39.739000000000004,51.81,151.451,152.441,65.0,54.9,29.8,100.1,67.4,87.4,94.653,86.89,93.4,90.2,93.2,19.363,5,5,5,37.552
11.87,4,36.730999999999995,43.084,39.889,51.927,151.306,152.304,65.0,54.9,29.8,100.1,67.4,87.4,94.673,86.89399999999999,93.4,90.2,93.2,19.396,5,5,5,37.36
11.89,4,37.006,43.344,39.895,53.413000000000004,151.185,152.247,65.0,54.9,29.8,100.1,67.4,87.4,94.685,86.89699999999999,93.487,90.2,93.2,19.273,5,5,5,37.153999999999996
11.91,4,36.878,43.885,39.813,55.355,151.064,152.145,65.0,54.9,29.8,100.1,67.4,87.4,94.692,86.898,93.53699999999999,90.2,93.2,19.253,5,5,5,37.004999999999995
11.93,4,37.048,43.536,40.103,57.522,150.967,152.019,65.0,54.9,29.8,100.1,67.4,87.4,94.695,86.899,93.564,90.2,93.2,19.213,5,5,5,36.834
11.95,4,36.936,43.373000000000005,40.243,59.637,150.81,151.905,65.0,54.9,29.8,100.1,67.4,87.4,94.697,86.899,93.58,90.2,93.2,19.282,5,5,5,36.704
11.97,4,36.806,43.733000000000004,40.25,61.333999999999996,150.67700000000002,151.78,65.0,54.9,29.8,100.1,67.4,87.4,94.699,86.9,93.589,90.2,93.2,19.064999999999998,5,5,5,36.523
11.99,4,36.702,43.842,40.496,62.323,150.555,151.7,65.0,54.9,29.8,100.1,67.4,87.4,94.699,86.9,93.594,90.2,93.2,19.146,5,5,5,36.35
12.01,4,36.864000000000004,44.173,40.46,62.565,150.446,151.62,65.0,54.9,29.8,100.1,67.4,87.4,94.7,86.9,93.596,90.2,93.2,19.244,5,5,5,36.165
12.03,4,36.887,44.063,40.729,63.295,150.373,151.518,65.0,54.9,29.8,100.1,67.4,87.4,94.7,86.9,93.598,90.2,93.2,19.360999999999997,5,5,5,35.995999999999995
12.05,4,36.816,44.436,41.243,63.781000000000006,150.227,151.472,65.0,54.9,29.8,100.1,67.4,87.4,94.7,86.9,93.59899999999999,90.2,93.2,19.455,5,5,5,35.876
12.07,4,36.485,45.19,41.414,63.44,150.118,151.278,65.0,54.9,29.8,100.1,67.4,87.4,94.7,86.9,93.59899999999999,90.2,93.2,19.695,5,5,5,35.775999999999996
12.09,4,37.001,45.574,41.632,63.31,150.033,151.243,65.0,54.9,29.8,100.1,67.4,87.4,94.7,86.9,93.6,90.2,93.2,19.394,5,5,5,35.661
12.11,4,36.893,46.18600000000001,42.311,65.338,149.899,151.095,65.0,54.9,29.8,100.1,67.4,87.4,94.7,86.9,93.6,90.2,93.2,19.433,5,5,5,35.604
12.13,4,36.864999999999995,46.626000000000005,42.749,66.35300000000001,149.814,150.98,65.0,54.9,29.8,100.1,67.4,87.4,94.7,86.9,93.6,90.2,93.2,19.421,5,5,5,35.474000000000004
12.15,4,36.912,47.177,42.815,67.184,149.716,150.85399999999998,65.0,54.9,29.8,100.1,67.4,87.4,94.7,86.9,93.6,90.28699999999999,93.2,19.302999999999997,5,5,5,35.327
12.17,4,37.178000000000004,47.038000000000004,43.11,67.979,149.57,150.82,65.0,54.9,29.8,100.1,67.4,87.4,94.7,86.9,93.6,90.337,93.2,19.364,5,5,5,35.22
12.19,4,36.605000000000004,47.688,43.986,68.977,149.472,150.72799999999998,65.0,54.9,29.8,100.1,67.4,87.4,94.7,86.9,93.6,90.36399999999999,93.2,19.320999999999998,5,5,5,35.083
12.21,4,37.008,48.222,44.108000000000004,70.446,149.399,150.625,65.0,54.9,29.8,100.1,67.4,87.4,94.7,86.9,93.6,90.38,93.2,19.281,5,5,5,34.962
12.23,4,36.962,49.115,44.574,69.395,149.22799999999998,150.453,65.0,54.9,29.8,100.1,67.4,87.4,94.7,86.9,93.6,90.389,93.2,19.128,5,5,5,34.859
12.25,4,37.442,49.662,45.08,70.495,149.154,150.453,65.0,54.9,29.8,100.1,67.4,87.45,94.7,86.9,93.6,90.39399999999999,93.2,19.293,5,5,5,34.80800000000001
12.27,4,37.556999999999995,50.867,45.59,68.864,149.105,150.339,65.0,54.9,29.8,100.1,67.4,87.516,94.7,86.9,93.6,90.396,93.2,19.192999999999998,5,5,5,34.769999999999996
12.29,4,37.318000000000005,51.356,45.948,69.34899999999999,148.983,150.21200000000002,65.0,54.9,29.8,100.1,67.4,87.553,94.7,86.9,93.6,90.398,93.2,19.226,5,5,5,34.763999999999996
12.31,4,37.625,51.363,46.266000000000005,67.971,148.861,150.063,65.0,54.9,29.8,100.1,67.4,87.57300000000001,94.7,86.9,93.6,90.399,93.2,19.192,5,5,5,34.736999999999995
12.33,4,37.909,52.4,46.563,67.771,148.762,149.96,65.0,54.9,29.8,100.1,67.4,87.585,94.7,86.9,93.6,90.399,93.26899999999999,19.183,5,5,5,34.736999999999995
12.35,4,38.558,52.672,46.753,66.485,148.713,149.845,65.0,54.9,29.8,100.1,67.4,87.592,94.7,86.9,93.6,90.4,93.32600000000001,19.175,5,5,5,34.730000000000004
12.37,4,38.266999999999996,52.648999999999994,47.133,65.65899999999999,148.591,149.718,65.0,54.9,29.8,100.1,67.4,87.595,94.7,86.9,93.6,90.4,93.358,19.355,5,5,5,34.736999999999995
12.39,4,38.431999999999995,53.867,47.504,64.917,148.529,149.707,65.0,54.9,29.8,100.1,67.4,87.597,94.7,86.9,93.6,90.4,93.377,19.256,5,5,5,34.756
12.41,4,38.698,53.788999999999994,47.778,64.095,148.406,149.58,65.0,54.9,29.8,100.1,67.4,87.598,94.7,86.9,93.6,90.4,93.387,19.362000000000002,5,5,5,34.785
12.43,4,38.906,54.551,47.75899999999999,63.591,148.308,149.499,65.0,54.9,29.8,100.1,67.4,87.59899999999999,94.7,86.9,93.6,90.4,93.393,19.288,5,5,5,34.797
12.45,4,39.275999999999996,54.738,48.043,62.794,148.185,149.384,65.0,54.9,29.8,100.1,67.4,87.6,94.7,86.9,93.6,90.4,93.396,19.14,5,5,5,34.805
12.47,4,39.478,54.996,48.43600000000001,62.43,148.05,149.269,65.0,54.9,29.8,100.1,67.4,87.6,94.7,86.9,93.6,90.4,93.398,19.092,5,5,5,34.844
12.49,4,39.562,55.858999999999995,48.244,61.708999999999996,147.852,149.131,65.0,54.9,29.8,100.1,67.4,87.6,94.7,86.9,93.6,90.4,93.399,19.095,5,5,5,34.863
12.51,4,39.493,55.397,48.605,61.318000000000005,147.828,149.096,65.0,54.9,29.8,100.1,67.4,87.6,94.7,86.9,93.6,90.4,93.399,19.076,5,5,5,34.89
12.53,4,39.952,55.47,48.578,60.383,147.778,148.85399999999998,65.0,54.9,29.8,100.1,67.4,87.6,94.7,86.9,93.6,90.4,93.4,18.972,5,5,5,34.903000000000006
12.55,4,40.422,55.98,48.815,60.065,147.741,148.83100000000002,65.0,54.9,29.8,100.1,67.4,87.6,94.7,86.9,93.6,90.4,93.4,19.317,5,5,5,34.927
12.57,4,39.887,56.166000000000004,48.891999999999996,59.425,147.63,148.703,65.0,54.9,29.8,100.1,67.4,87.6,94.7,86.9,93.6,90.4,93.4,19.35,5,5,5,34.998000000000005
12.59,4,40.971,55.974,49.021,58.927,147.494,148.64600000000002,65.0,54.9,29.8,100.1,67.4,87.6,94.7,86.9,93.6,90.4,93.4,20.415,5,5,5,35.072
12.61,4,40.972,56.227,48.917,58.78,147.408,148.484,65.0,54.9,29.8,100.1,67.4,87.6,94.7,86.9,93.6,90.4,93.4,20.161,5,5,5,35.061
12.63,4,40.923,56.368,49.156000000000006,58.466,147.309,148.356,65.1,54.9,29.7,99.9,67.3,87.6,94.7,86.9,93.6,90.4,93.4,20.112000000000002,5,5,5,35.114999999999995
12.65,4,41.32,56.28,49.008,58.224,147.172,148.241,65.1,54.9,29.7,99.9,67.3,87.6,94.7,86.9,93.6,90.4,93.4,20.059,5,5,5,35.129000000000005
12.67,4,41.107,56.861000000000004,48.956,58.159,147.16,148.20600000000002,65.1,54.9,29.7,99.9,67.3,87.6,94.7,86.9,93.6,90.4,93.4,20.087,5,5,5,35.137
12.69,4,41.521,56.633,48.976000000000006,58.255,147.049,148.078,65.1,54.9,29.7,99.9,67.3,87.6,94.7,86.9,93.6,90.4,93.4,20.043,5,5,5,35.143
12.71,4,41.58,57.507,48.93600000000001,58.558,146.924,147.96200000000002,65.1,54.9,29.7,99.9,67.3,87.6,94.7,86.9,93.6,90.4,93.4,20.095,5,5,5,35.148
12.73,4,41.715,56.647,49.022,59.056000000000004,146.8,147.835,65.1,54.9,29.7,99.9,67.3,87.6,94.7,86.9,93.6,90.4,93.4,20.232,5,5,5,35.152
12.75,4,42.08,57.172,49.086000000000006,59.309,146.775,147.812,65.1,54.9,29.7,99.9,67.3,87.6,94.7,86.9,93.6,90.4,93.4,20.052999999999997,5,5,5,35.152
12.77,4,41.689,57.011,49.163999999999994,59.528999999999996,146.564,147.591,65.1,54.9,29.7,99.9,67.3,87.6,94.7,86.9,93.6,90.4,93.4,20.095,5,5,5,35.157
12.79,4,42.268,56.968,49.246,59.583,146.465,147.486,65.1,54.9,29.7,99.9,67.3,87.6,94.7,86.9,93.6,90.4,93.4,20.129,5,5,5,35.152
12.81,4,42.515,57.101000000000006,49.006,59.813,146.377,147.428,65.1,54.9,29.7,99.9,67.3,87.6,94.7,86.9,93.6,90.4,93.4,20.086,5,5,5,35.150999999999996
12.83,4,42.315,56.858000000000004,49.231,60.38,146.303,147.289,65.1,54.9,29.7,99.9,67.3,87.6,94.7,86.9,93.6,90.4,93.4,20.057000000000002,5,5,5,35.148
12.85,4,42.935,57.294,49.17100000000001,60.199,146.178,147.126,65.1,54.9,29.7,99.9,67.3,87.6,94.7,86.9,93.6,90.4,93.4,20.094,5,5,5,35.152
12.87,4,43.109,57.144,49.15,60.751000000000005,146.128,147.067,65.1,54.9,29.7,99.9,67.3,87.6,94.7,86.9,93.6,90.4,93.4,19.993000000000002,5,5,5,35.149
12.89,4,42.986,57.373999999999995,49.375,60.273999999999994,145.97799999999998,146.974,65.1,54.9,29.7,99.9,67.3,87.6,94.75,86.9,93.6,90.4,93.4,20.112000000000002,5,5,5,35.15
12.91,4,42.992,57.836999999999996,49.19,60.373999999999995,145.891,146.846,65.1,54.9,29.7,99.9,67.3,87.6,94.816,86.9,93.6,90.4,93.4,20.151,5,5,5,35.15
12.93,4,42.984,57.081,49.144,60.715,145.753,146.70600000000002,65.1,54.9,29.7,99.9,67.3,87.6,94.85300000000001,86.925,93.6,90.4,93.4,20.051,5,5,5,35.144999999999996
12.95,4,42.978,57.71,49.083999999999996,61.111999999999995,145.666,146.589,65.1,54.9,29.7,99.9,67.3,87.6,94.873,87.002,93.6,90.4,93.4,20.125,5,5,5,35.148
12.97,4,43.121,57.378,49.211999999999996,60.861000000000004,145.578,146.531,65.1,54.9,29.7,99.9,67.3,87.6,94.885,87.045,93.6,90.4,93.4,20.144,5,5,5,35.138000000000005
12.99,4,43.582,57.352,49.418,60.985,145.415,146.414,65.1,54.9,29.7,99.9,67.3,87.6,94.892,87.069,93.6,90.4,93.4,20.067,5,5,5,35.126999999999995
13.01,4,43.173,57.518,49.257,60.693999999999996,145.377,146.297,65.1,54.9,29.7,99.9,67.3,87.6,94.895,87.082,93.6,90.4,93.4,20.201999999999998,5,5,5,35.126999999999995
13.03,4,42.787,57.493,49.202,60.753,145.252,146.25,65.1,54.9,29.7,99.9,67.3,87.6,94.89699999999999,87.09,93.6,90.4,93.4,20.172,5,5,5,35.128
13.05,4,43.554,57.294,49.291000000000004,60.89,145.114,146.039,65.1,54.9,29.7,99.9,67.3,87.6,94.898,87.094,93.6,90.4,93.4,20.287,5,5,5,35.128
13.07,4,43.562,57.214,49.169,60.938,145.013,145.945,65.1,54.9,29.7,99.9,67.3,87.6,94.899,87.097,93.6,90.4,93.4,20.191,5,5,5,35.126
13.09,4,43.029,57.233000000000004,49.206,60.821000000000005,144.938,145.981,65.1,54.9,29.7,99.9,67.3,87.6,94.9,87.098,93.6,90.4,93.4,20.213,5,5,5,35.123000000000005
13.11,4,43.501,57.235,49.174,61.062,144.786,145.793,65.1,54.9,29.7,99.9,67.3,87.6,94.9,87.09899999999999,93.6,90.4,93.4,20.046,5,5,5,35.11
13.13,4,43.510999999999996,57.092,49.24100000000001,60.812,144.69799999999998,145.711,65.1,54.9,29.7,99.9,67.3,87.6,94.9,87.09899999999999,93.6,90.4,93.4,20.304000000000002,5,5,5,35.111000000000004
13.15,4,43.586,57.266000000000005,49.152,61.278,144.635,145.558,65.1,54.9,29.7,99.9,67.3,87.6,94.9,87.1,93.6,90.4,93.4,20.161,5,5,5,35.105000000000004
13.17,4,43.813,57.565,49.141999999999996,62.961999999999996,144.52100000000002,145.511,65.1,54.9,29.7,99.9,67.3,87.6,94.9,87.1,93.6,90.4,93.4,20.162,5,5,5,35.073
13.19,4,43.6,57.745,49.103,62.263000000000005,144.37,145.405,65.1,54.9,29.7,99.9,67.3,87.6,94.9,87.1,93.6,90.4,93.4,20.095999999999997,5,5,5,35.025
13.21,4,43.921,57.41,49.196999999999996,64.16,144.30700000000002,145.311,65.1,54.9,29.7,99.9,67.3,87.6,94.9,87.1,93.669,90.4,93.4,20.067,5,5,5,34.935
13.23,4,43.842,57.476000000000006,49.229,63.501999999999995,144.155,145.18200000000002,65.1,54.9,29.7,99.9,67.3,87.6,94.9,87.1,93.726,90.4,93.4,20.004,5,5,5,34.866
13.25,4,44.125,58.13399999999999,49.17100000000001,64.89699999999999,144.066,145.064,65.1,54.9,29.7,99.9,67.3,87.6,94.9,87.1,93.758,90.4,93.4,20.094,5,5,5,34.798
13.27,4,44.08,57.769,48.961999999999996,63.50899999999999,143.977,145.017,65.1,54.9,29.7,99.9,67.3,87.6,94.9,87.1,93.777,90.4,93.4,20.054000000000002,5,5,5,34.769000000000005
13.29,4,43.738,57.9,49.218999999999994,64.765,143.838,144.958,65.1,54.9,29.7,99.9,67.3,87.6,94.9,87.1,93.78699999999999,90.4,93.4,19.996,5,5,5,34.762
13.31,4,43.594,57.851000000000006,49.19,64.44,143.8,144.828,65.1,54.9,29.7,99.9,67.3,87.6,94.9,87.1,93.793,90.4,93.4,19.868000000000002,5,5,5,34.762
13.33,4,43.562,57.794,49.233999999999995,63.782,143.66,144.66299999999998,65.1,54.9,29.7,99.9,67.3,87.6,94.9,87.1,93.796,90.4,93.4,19.879,5,5,5,34.760000000000005
13.35,4,43.786,57.982,49.181999999999995,64.081,143.533,144.628,65.1,54.9,29.7,99.9,67.3,87.6,94.9,87.1,93.798,90.4,93.4,20.006,5,5,5,34.754999999999995
13.37,4,43.813,58.023,49.235,63.373000000000005,143.469,144.52100000000002,65.1,54.9,29.7,99.9,67.3,87.6,94.9,87.1,93.79899999999999,90.4,93.4,19.930999999999997,5,5,5,34.754000000000005
13.39,4,43.867,57.891999999999996,49.13,63.736999999999995,143.278,144.309,65.1,54.9,29.7,99.9,67.3,87.6,94.9,87.1,93.79899999999999,90.4,93.4,20.083,5,5,5,34.759
13.41,4,43.961999999999996,58.068000000000005,49.11,63.388999999999996,143.214,144.309,65.1,54.9,29.7,99.9,67.3,87.6,94.9,87.1,93.8,90.4,93.4,20.014000000000003,5,5,5,34.754999999999995
13.43,4,44.438,58.03,49.146,62.981,143.17600000000002,144.273,65.1,54.9,29.7,99.9,67.3,87.6,94.9,87.1,93.8,90.4,93.4,20.006999999999998,5,5,5,34.756
13.45,4,44.279,57.876000000000005,49.26,62.826,143.023,144.167,65.1,54.9,29.7,99.9,67.3,87.6,94.9,87.1,93.8,90.4,93.4,19.949,5,5,5,34.751
13.47,4,44.385,58.354,49.071999999999996,62.123000000000005,142.934,144.001,65.1,54.9,29.7,99.9,67.3,87.6,94.9,87.1,93.8,90.469,93.4,19.965,5,5,5,34.754999999999995
13.49,4,44.598,57.82899999999999,49.156000000000006,61.918,142.844,143.989,65.1,54.9,29.7,99.9,67.3,87.6,94.9,87.1,93.8,90.52600000000001,93.4,19.97,5,5,5,34.754999999999995
13.51,4,44.15,57.975,49.12,62.946999999999996,142.716,143.846,65.1,54.9,29.7,99.9,67.3,87.6,94.9,87.1,93.8,90.558,93.4,20.070999999999998,5,5,5,34.749
13.53,4,43.961999999999996,58.523999999999994,49.048,63.095,142.524,143.799,65.1,54.9,29.7,99.9,67.3,87.6,94.9,87.1,93.8,90.577,93.4,20.067,5,5,5,34.758
13.55,4,44.166,58.56399999999999,49.123999999999995,64.844,142.485,143.68,65.1,54.9,29.7,99.9,67.3,87.6,94.9,87.1,93.8,90.587,93.4,20.189999999999998,5,5,5,34.735
13.57,4,44.225,58.388000000000005,49.325,64.25800000000001,142.39499999999998,143.57299999999998,65.1,54.9,29.7,99.9,67.3,87.6,94.9,87.1,93.8,90.593,93.4,20.064999999999998,5,5,5,34.68
13.59,4,44.536,57.998999999999995,49.141999999999996,65.69,142.267,143.47799999999998,65.1,54.9,29.7,99.9,67.3,87.6,94.9,87.1,93.8,90.596,93.4,20.269,5,5,5,34.604
13.61,4,44.674,58.768,49.047,64.326,142.164,143.431,65.1,54.9,29.7,99.9,67.3,87.6,94.9,87.1,93.8,90.598,93.4,20.397,5,5,5,34.575
13.63,4,44.080999999999996,58.565,49.206,65.154,142.125,143.252,65.1,54.9,29.7,99.9,67.3,87.6,94.9,87.1,93.8,90.59899999999999,93.4,20.266,5,5,5,34.568
13.65,4,44.467,58.379,49.348,64.013,142.035,143.19299999999998,65.1,54.9,29.7,99.9,67.3,87.6,94.9,87.1,93.8,90.59899999999999,93.4,20.399,5,5,5,34.568
13.67,4,44.412,59.047,49.452,63.742,141.868,143.097,65.1,54.9,29.7,99.9,67.3,87.6,94.9,87.1,93.8,90.6,93.4,20.557000000000002,5,5,5,34.561
13.69,4,44.365,58.81100000000001,49.306999999999995,63.105,141.803,143.026,65.1,54.9,29.7,99.9,67.3,87.6,94.9,87.1,93.8,90.6,93.4,20.377000000000002,5,5,5,34.559
13.71,4,44.464,58.275,49.269,62.673,141.648,142.966,65.1,54.9,29.7,99.9,67.3,87.6,94.9,87.1,93.8,90.6,93.4,20.592,5,5,5,34.563
13.73,4,44.544000000000004,58.831,49.193999999999996,61.891000000000005,141.622,142.811,65.1,54.9,29.7,99.9,67.3,87.6,94.9,87.1,93.8,90.6,93.4,20.709000000000003,5,5,5,34.559
13.75,4,44.555,59.165,49.266999999999996,62.963,141.454,142.76299999999998,65.1,54.9,29.7,99.9,67.3,87.6,94.9,87.1,93.8,90.6,93.4,20.442,5,5,5,34.564
13.77,4,44.291,59.00899999999999,49.224,63.36,141.416,142.644,65.1,54.9,29.7,99.9,67.3,87.6,94.9,87.1,93.8,90.6,93.4,20.516,5,5,5,34.564
13.79,4,44.044000000000004,58.848,49.349,64.982,141.286,142.572,65.1,54.9,29.7,99.9,67.3,87.6,94.9,87.1,93.8,90.6,93.425,20.558,5,5,5,34.569
13.81,4,44.528,59.248000000000005,49.218,65.06800000000001,141.23399999999998,142.416,65.1,54.9,29.7,99.9,67.3,87.6,94.9,87.1,93.8,90.6,93.502,20.437,5,5,5,34.531
13.83,4,44.876,58.93899999999999,49.176,65.524,141.0,142.404,65.1,54.9,29.7,99.9,67.3,87.6,94.9,87.1,93.8,90.6,93.545,20.27,5,5,5,34.510999999999996
13.85,4,44.883,58.818999999999996,49.169,66.581,140.98700000000002,142.344,65.1,54.9,29.7,99.9,67.3,87.6,94.9,87.1,93.8,90.6,93.569,20.33,5,5,5,34.458
13.87,4,44.505,59.091,49.381,66.581,140.909,142.26100000000002,65.1,54.9,29.7,99.9,67.3,87.6,94.9,87.1,93.8,90.6,93.582,20.265,5,5,5,34.407
13.89,4,44.826,58.847,49.343999999999994,67.899,140.753,142.16500000000002,65.1,54.9,29.7,99.9,67.3,87.6,94.9,87.1,93.8,90.6,93.59,20.169,5,5,5,34.352
13.91,4,44.873000000000005,58.913000000000004,49.18600000000001,67.738,140.714,142.00900000000001,65.1,54.9,29.7,99.9,67.3,87.6,94.9,87.1,93.8,90.6,93.594,20.055999999999997,5,5,5,34.298
13.93,4,44.637,58.858000000000004,49.402,68.805,140.61,141.925,65.1,54.9,29.7,99.9,67.3,87.6,94.9,87.1,93.8,90.6,93.597,20.060000000000002,5,5,5,34.260999999999996
13.95,4,44.231,59.292,49.388000000000005,69.264,140.532,141.865,65.1,54.9,29.7,99.9,67.3,87.6,94.9,87.1,93.8,90.6,93.598,20.098,5,5,5,34.259
13.97,4,44.69,59.762,49.113,69.054,140.401,141.756,65.1,54.9,29.7,99.9,67.3,87.6,94.9,87.1,93.8,90.6,93.59899999999999,20.189999999999998,5,5,5,34.193
13.99,4,44.735,59.13,49.247,69.607,140.231,141.73200000000003,65.1,54.9,29.7,99.9,67.3,87.6,94.9,87.1,93.8,90.6,93.59899999999999,20.118000000000002,5,5,5,34.133
14.01,4,44.922,59.543,49.049,69.84100000000001,140.192,141.72,65.1,54.9,29.7,99.9,67.3,87.65,94.9,87.1,93.8,90.6,93.6,20.179000000000002,5,5,5,34.068
14.03,4,44.27,59.619,49.358000000000004,69.679,140.126,141.504,65.1,54.9,29.7,99.9,67.3,87.71600000000001,94.9,87.1,93.8,90.6,93.6,20.175,5,5,5,34.046
14.05,4,44.547,59.326,49.248999999999995,69.937,139.98200000000003,141.54000000000002,65.1,54.9,29.7,99.9,67.3,87.753,94.9,87.1,93.8,90.6,93.6,20.197000000000003,5,5,5,34.007
14.07,4,44.461,59.277,49.135,68.39,139.904,141.45499999999998,65.1,54.9,29.7,99.9,67.3,87.773,94.95,87.212,93.8,90.6,93.6,20.162,5,5,5,33.968
14.09,4,44.607,60.01,49.383,68.523,139.654,141.166,65.1,54.9,29.7,99.9,67.3,87.785,95.016,87.295,93.8,90.6,93.6,20.275,5,5,5,33.959
14.11,4,44.625,60.012,49.193000000000005,66.555,139.496,141.02100000000002,65.1,54.9,29.7,99.9,67.3,87.792,95.053,87.34100000000001,93.8,90.6,93.6,20.195999999999998,5,5,5,33.964
14.13,4,45.115,59.588,49.25,66.029,139.44299999999998,140.92399999999998,65.1,54.9,29.7,99.9,67.3,87.795,95.07300000000001,87.367,93.8,90.6,93.6,20.372999999999998,5,5,5,33.988
14.15,4,44.551,59.806000000000004,49.07,64.378,139.325,140.9,65.1,54.9,29.7,99.9,67.3,87.797,95.085,87.381,93.8,90.6,93.6,20.409,5,5,5,34.034000000000006
14.17,4,44.455,59.903,49.431000000000004,63.705,139.23200000000003,140.69400000000002,65.1,54.9,29.7,99.9,67.3,87.79899999999999,95.092,87.389,93.8,90.6,93.6,20.368000000000002,5,5,5,34.061
14.19,4,44.525999999999996,60.36600000000001,49.034,62.937,139.153,140.658,65.1,54.9,29.7,99.9,67.3,87.79899999999999,95.095,87.39399999999999,93.8,90.6,93.6,20.152,5,5,5,34.126999999999995
14.21,4,44.744,60.373000000000005,49.261,62.801,139.087,140.64600000000002,65.1,54.9,29.7,99.9,67.3,87.8,95.097,87.39699999999999,93.8,90.6,93.6,20.023,5,5,5,34.21
14.23,4,44.422,60.224,49.126999999999995,61.678999999999995,138.981,140.537,65.1,54.9,29.7,99.9,67.3,87.8,95.098,87.398,93.8,90.6,93.6,20.063,5,5,5,34.245000000000005
14.25,4,44.359,60.415,49.12,61.35,138.901,140.439,65.1,54.9,29.7,99.9,67.3,87.8,95.09899999999999,87.399,93.8,90.6,93.6,20.247,5,5,5,34.253
14.27,4,44.223,60.11,49.128,60.56399999999999,138.79500000000002,140.35399999999998,65.1,54.9,29.7,99.9,67.3,87.8,95.1,87.399,93.8,90.6,93.6,19.747,5,5,5,34.287
14.29,4,44.406,60.369,49.292,60.101000000000006,138.72899999999998,140.233,65.1,54.9,29.7,99.9,67.3,87.8,95.1,87.4,93.8,90.6,93.6,19.680999999999997,5,5,5,34.338
14.31,4,44.388000000000005,60.575,49.419,59.538999999999994,138.583,140.197,65.1,54.9,29.7,99.9,67.3,87.8,95.1,87.4,93.8,90.6,93.6,19.500999999999998,5,5,5,34.424
14.33,4,44.905,60.769,49.119,59.441,138.583,140.124,65.1,54.9,29.7,99.9,67.3,87.8,95.1,87.4,93.8,90.6,93.6,19.905,5,5,5,34.456999999999994
14.35,4,44.847,60.585,49.26,59.044,138.423,140.087,65.1,54.9,29.7,99.9,67.3,87.8,95.1,87.4,93.8,90.6,93.6,19.896,5,5,5,34.498000000000005
14.37,4,44.931999999999995,60.56,49.347,58.738,138.317,139.929,65.1,54.9,29.7,99.9,67.3,87.8,95.1,87.4,93.8,90.6,93.6,19.781,5,5,5,34.523
14.39,4,44.659,60.474,49.268,58.45,138.23700000000002,139.81900000000002,65.1,54.9,29.7,99.9,67.3,87.8,95.1,87.4,93.8,90.6,93.6,20.024,5,5,5,34.54
14.41,4,44.65,60.76,49.11,58.31,138.344,139.95299999999997,65.1,54.9,29.7,99.9,67.3,87.8,95.1,87.4,93.8,90.6,93.6,20.738,5,5,5,34.562
14.43,4,44.592,60.977,49.207,57.701,138.304,139.856,65.1,54.9,29.7,99.9,67.3,87.8,95.1,87.4,93.8,90.6,93.6,20.939,5,5,5,34.563
14.45,4,44.732,60.73,49.303000000000004,57.74100000000001,138.157,139.80700000000002,65.1,54.9,29.7,99.9,67.3,87.8,95.1,87.4,93.8,90.6,93.6,20.403,5,5,5,34.572
14.47,4,44.895,60.68899999999999,49.173,57.949,138.05,139.685,65.1,54.9,29.7,99.9,67.3,87.8,95.1,87.4,93.8,90.6,93.6,20.304000000000002,5,5,5,34.589
14.49,4,44.641999999999996,60.543,49.148999999999994,58.248999999999995,137.85,139.502,65.1,54.9,29.7,99.9,67.3,87.8,95.1,87.4,93.8,90.6,93.6,19.835,5,5,5,34.613
14.51,4,44.232,60.617,49.163000000000004,58.235,137.836,139.48899999999998,65.1,54.9,29.7,99.9,67.3,87.8,95.1,87.4,93.8,90.6,93.6,19.58,5,5,5,34.620999999999995
14.53,4,44.683,60.591,49.132,58.233999999999995,137.689,139.379,65.1,54.9,29.7,99.9,67.3,87.8,95.1,87.4,93.8,90.6,93.6,19.826,5,5,5,34.629000000000005
14.55,4,44.716,60.523,49.036,58.368,137.622,139.30599999999998,65.1,54.9,29.7,99.9,67.3,87.8,95.1,87.4,93.8,90.6,93.6,19.704,5,5,5,34.624
14.57,4,44.583,60.538999999999994,49.111000000000004,58.34,137.528,139.29399999999998,65.1,54.9,29.7,99.9,67.3,87.8,95.1,87.4,93.8,90.6,93.6,19.175,5,5,5,34.628
14.59,4,44.38,60.931999999999995,49.037,58.538000000000004,137.42000000000002,139.184,65.1,54.9,29.7,99.9,67.3,87.8,95.1,87.4,93.8,90.6,93.6,18.927999999999997,5,5,5,34.628
14.61,4,44.711999999999996,60.931999999999995,48.881,58.576,137.353,139.04899999999998,65.1,54.9,29.7,99.9,67.3,87.8,95.1,87.4,93.8,90.6,93.6,18.912,5,5,5,34.631
14.63,4,44.769,60.468,48.883,58.70399999999999,137.313,139.08499999999998,65.2,55.0,29.7,99.8,67.1,87.8,95.1,87.4,93.8,90.6,93.6,18.925,5,5,5,34.631
14.65,4,44.604,60.608000000000004,48.979,58.765,137.151,138.877,65.2,55.0,29.7,99.8,67.1,87.8,95.1,87.4,93.8,90.6,93.6,18.907,5,5,5,34.629000000000005
14.67,4,44.844,60.637,48.919,58.908,137.084,138.72899999999998,65.2,55.0,29.7,99.8,67.1,87.8,95.1,87.4,93.887,90.6,93.6,19.039,5,5,5,34.634
14.69,4,44.492,60.663000000000004,48.858000000000004,59.208,137.05700000000002,138.717,65.2,55.0,29.7,99.8,67.1,87.8,95.1,87.4,93.937,90.6,93.6,19.049,5,5,5,34.624
14.71,4,44.271,60.897,48.896,59.651,136.89499999999998,138.56900000000002,65.2,55.0,29.7,99.8,67.1,87.8,95.1,87.4,93.964,90.6,93.6,19.116,5,5,5,34.622
14.73,4,44.714,60.446999999999996,48.885,59.473,136.84,138.594,65.2,55.0,29.7,99.8,67.1,87.8,95.1,87.4,93.98,90.6,93.6,19.119999999999997,5,5,5,34.623000000000005
14.75,4,45.035,60.216,48.678999999999995,60.169,136.66500000000002,138.434,65.2,55.0,29.7,99.8,67.1,87.8,95.1,87.4,93.98899999999999,90.6,93.6,19.137,5,5,5,34.622
14.77,4,44.744,60.623000000000005,48.667,60.284,136.57,138.348,65.2,55.0,29.7,99.8,67.1,87.8,95.1,87.4,93.994,90.6,93.6,19.09,5,5,5,34.624
14.79,4,44.673,60.31399999999999,48.687,60.44,136.475,138.249,65.2,55.0,29.7,99.8,67.1,87.8,95.1,87.4,93.99600000000001,90.6,93.6,19.253,5,5,5,34.614999999999995
14.81,4,44.841,60.653,48.68,60.527,136.434,138.187,65.2,55.0,29.7,99.8,67.1,87.8,95.1,87.4,93.998,90.6,93.6,19.023,5,5,5,34.605999999999995
14.83,4,44.36,60.463,48.68899999999999,60.771,136.36599999999999,138.088,65.2,55.0,29.7,99.8,67.1,87.8,95.1,87.4,93.999,90.6,93.6,19.133,5,5,5,34.61
14.85,4,44.842,60.475,48.553000000000004,60.72,136.312,138.002,65.2,55.0,29.7,99.8,67.1,87.8,95.1,87.4,93.999,90.6,93.6,19.118000000000002,5,5,5,34.596999999999994
14.87,4,45.079,61.285,48.571999999999996,60.56100000000001,136.189,137.965,65.2,55.0,29.7,99.8,67.1,87.8,95.1,87.4,94.0,90.6,93.6,19.157,5,5,5,34.605000000000004
14.89,4,44.836,60.909,48.593999999999994,60.919,136.026,137.792,65.2,55.0,29.7,99.8,67.1,87.8,95.1,87.4,94.0,90.6,93.6,19.005000000000003,5,5,5,34.604
14.91,4,44.757,60.825,48.478,60.972,135.998,137.779,65.2,55.0,29.7,99.8,67.1,87.8,95.1,87.4,94.0,90.6,93.6,19.098,5,5,5,34.602
14.93,4,44.556999999999995,60.455,48.446000000000005,60.881,135.916,137.668,65.2,55.0,29.7,99.8,67.1,87.8,95.1,87.4,94.0,90.6,93.6,19.115000000000002,5,5,5,34.592
14.95,4,44.68,60.24100000000001,48.54600000000001,61.128,135.725,137.56799999999998,65.2,55.0,29.7,99.8,67.1,87.8,95.1,87.4,94.0,90.6,93.6,19.072000000000003,5,5,5,34.588
14.97,4,44.924,60.376999999999995,48.526,60.732,135.711,137.506,65.2,55.0,29.7,99.8,67.1,87.8,95.1,87.4,94.0,90.669,93.6,19.134999999999998,5,5,5,34.596000000000004
14.99,4,44.707,60.646,48.543,60.73,135.574,137.407,65.2,55.0,29.7,99.8,67.1,87.8,95.1,87.4,94.0,90.726,93.6,19.067999999999998,5,5,5,34.598
15.01,4,44.705,60.971000000000004,48.376000000000005,61.905,135.54700000000003,137.32,65.2,55.0,29.7,99.8,67.1,87.8,95.1,87.4,94.0,90.758,93.6,19.091,5,5,5,34.598
15.03,4,44.673,60.341,48.446999999999996,62.5,135.39600000000002,137.25799999999998,65.2,55.0,29.7,99.8,67.1,87.8,95.1,87.4,94.0,90.777,93.6,19.095999999999997,5,5,5,34.569
15.05,4,44.639,60.04600000000001,48.225,62.695,135.369,137.158,65.2,55.0,29.7,99.8,67.1,87.8,95.1,87.4,94.0,90.78699999999999,93.6,19.1,5,5,5,34.528999999999996
15.07,4,44.302,60.56100000000001,48.223,62.555,135.245,137.121,65.2,55.0,29.7,99.8,67.1,87.8,95.1,87.4,94.0,90.793,93.6,19.103,5,5,5,34.458
15.09,4,44.465,60.453,48.271,63.163000000000004,135.121,137.071,65.2,55.0,29.7,99.8,67.1,87.8,95.1,87.4,94.0,90.796,93.6,19.101,5,5,5,34.447
15.11,4,44.508,60.263999999999996,48.15,62.588,135.10700000000003,136.971,65.2,55.0,29.7,99.8,67.1,87.8,95.1,87.4,94.0,90.798,93.6,19.024,5,5,5,34.44199999999999
15.13,4,44.28,60.188,48.331,63.105,134.95600000000002,136.85899999999998,65.2,55.0,29.7,99.8,67.1,87.8,95.1,87.4,94.0,90.79899999999999,93.6,19.016,5,5,5,34.438
15.15,4,44.813,60.601000000000006,48.06399999999999,62.163999999999994,134.845,136.73399999999998,65.2,55.0,29.7,99.8,67.1,87.8,95.1,87.4,94.0,90.79899999999999,93.6,19.059,5,5,5,34.448
15.17,4,44.36,60.156000000000006,47.908,62.458999999999996,134.748,136.709,65.2,55.0,29.7,99.8,67.1,87.8,95.1,87.4,94.0,90.8,93.6,18.990000000000002,5,5,5,34.443
15.19,4,44.145,59.997,47.769,62.348,134.762,136.584,65.2,55.0,29.7,99.8,67.1,87.8,95.1,87.4,94.0,90.8,93.6,18.973,5,5,5,34.44199999999999
15.21,4,44.524,60.148,48.04,62.315,134.679,136.559,65.2,55.0,29.7,99.8,67.1,87.8,95.1,87.4,94.0,90.8,93.6,19.044,5,5,5,34.444
15.23,4,44.342,60.531000000000006,48.023,62.488,134.499,136.421,65.2,55.0,29.7,99.8,67.1,87.8,95.1,87.4,94.0,90.8,93.6,19.051,5,5,5,34.437
15.25,4,44.405,60.443999999999996,48.115,61.801,134.44299999999998,136.321,65.2,55.0,29.7,99.8,67.1,87.8,95.1,87.4,94.0,90.8,93.6,19.027,5,5,5,34.44199999999999
15.27,4,44.602,59.968,47.74,61.927,134.305,136.308,65.2,55.0,29.7,99.8,67.1,87.8,95.15,87.4,94.0,90.8,93.6,19.037,5,5,5,34.445
15.29,4,44.306999999999995,60.251000000000005,47.976000000000006,61.053999999999995,134.305,136.233,65.2,55.0,29.7,99.8,67.1,87.8,95.21600000000001,87.4,94.0,90.8,93.6,19.023,5,5,5,34.446
15.31,4,44.584,60.205,47.763999999999996,60.724,134.221,136.158,65.2,55.0,29.7,99.8,67.1,87.8,95.253,87.4,94.0,90.8,93.6,18.999000000000002,5,5,5,34.444
15.33,4,43.736999999999995,60.446999999999996,47.858999999999995,60.646,134.096,136.05700000000002,65.2,55.0,29.7,99.8,67.1,87.8,95.273,87.4,94.0,90.8,93.6,19.017000000000003,5,5,5,34.441
15.35,4,44.111999999999995,60.496,47.893,60.533,134.026,135.98200000000003,65.2,55.0,29.7,99.8,67.1,87.8,95.285,87.4,94.0,90.8,93.688,19.089,5,5,5,34.445
15.37,4,44.336,59.961000000000006,47.832,60.787,133.928,135.881,65.2,55.0,29.7,99.8,67.1,87.8,95.292,87.4,94.0,90.8,93.737,19.098,5,5,5,34.443
15.39,4,44.446999999999996,59.99100000000001,47.917,60.66,133.789,135.843,65.2,55.0,29.7,99.8,67.1,87.8,95.295,87.4,94.0,90.8,93.764,19.092,5,5,5,34.446
15.41,4,44.281,60.19,47.748999999999995,60.793,133.733,135.73000000000002,65.2,55.0,29.7,99.8,67.1,87.8,95.297,87.4,94.0,90.8,93.78,19.158,5,5,5,34.443
15.43,4,44.235,60.27,47.602,60.663999999999994,133.635,135.70499999999998,65.2,55.0,29.7,99.8,67.1,87.8,95.29899999999999,87.4,94.0,90.8,93.789,19.136,5,5,5,34.445
15.45,4,43.984,60.05,47.591,60.533,133.565,135.64100000000002,65.2,55.0,29.7,99.8,67.1,87.8,95.29899999999999,87.4,94.0,90.8,93.794,19.192,5,5,5,34.441
15.47,4,43.81,59.906000000000006,47.606,60.14,133.466,135.541,65.2,55.0,29.7,99.8,67.1,87.8,95.3,87.425,94.0,90.8,93.796,19.064999999999998,5,5,5,34.441
15.49,4,43.999,60.476000000000006,47.691,59.996,133.34,135.42700000000002,65.2,55.0,29.7,99.8,67.1,87.8,95.3,87.502,94.0,90.8,93.798,19.14,5,5,5,34.446
15.51,4,44.54,60.1,47.493,60.363,133.312,135.389,65.2,55.0,29.7,99.8,67.1,87.8,95.3,87.545,94.0,90.8,93.79899999999999,19.235999999999997,5,5,5,34.443
15.53,4,44.108000000000004,60.0,47.56399999999999,60.382,133.24099999999999,135.224,65.2,55.0,29.7,99.8,67.1,87.8,95.3,87.569,94.0,90.8,93.79899999999999,19.176,5,5,5,34.449
15.55,4,44.064,60.155,47.521,60.567,133.115,135.212,65.2,55.0,29.7,99.8,67.1,87.8,95.3,87.582,94.0,90.8,93.8,19.158,5,5,5,34.447
15.57,4,43.96,60.501000000000005,47.449,60.372,133.086,135.11,65.2,55.0,29.7,99.8,67.1,87.8,95.3,87.59,94.0,90.8,93.8,20.131,5,5,5,34.444
15.59,4,43.852,60.648,47.38,60.581,133.03,135.098,65.2,55.0,29.7,99.8,67.1,87.8,95.3,87.594,94.0,90.8,93.8,20.006999999999998,5,5,5,34.443
15.61,4,43.611999999999995,59.746,47.441,60.18,132.917,134.971,65.2,55.0,29.7,99.8,67.1,87.8,95.3,87.597,94.0,90.8,93.8,20.144,5,5,5,34.44
15.63,4,43.635999999999996,60.498000000000005,47.402,60.351000000000006,132.846,134.83100000000002,65.2,55.0,29.7,99.8,67.1,87.8,95.3,87.598,94.0,90.8,93.8,19.96,5,5,5,34.443
15.65,4,44.045,59.824,47.29600000000001,60.54,132.76100000000002,134.869,65.2,55.0,29.7,99.8,67.1,87.8,95.3,87.59899999999999,94.0,90.8,93.8,19.955,5,5,5,34.445
15.67,4,43.798,59.673,47.396,60.528,132.648,134.78,65.2,55.0,29.7,99.8,67.1,87.8,95.3,87.59899999999999,94.0,90.8,93.8,19.945999999999998,5,5,5,34.443
15.69,4,43.428000000000004,60.181999999999995,47.376999999999995,60.598,132.577,134.653,65.2,55.0,29.7,99.8,67.1,87.8,95.3,87.6,94.0,90.8,93.8,19.951,5,5,5,34.446
15.71,4,43.868,60.361000000000004,47.235,60.515,132.478,134.57600000000002,65.2,55.0,29.7,99.8,67.1,87.8,95.3,87.6,94.0,90.8,93.8,19.967,5,5,5,34.44199999999999
15.73,4,43.943000000000005,60.0,47.321000000000005,60.65,132.407,134.538,65.2,55.0,29.7,99.8,67.1,87.8,95.3,87.6,94.0,90.8,93.8,19.977,5,5,5,34.445
15.75,4,44.007,60.278,47.108000000000004,61.394,132.293,134.462,65.2,55.0,29.7,99.8,67.1,87.8,95.3,87.6,94.0,90.8,93.8,19.893,5,5,5,34.446
15.77,4,43.425,60.418,47.162,62.986000000000004,132.208,134.334,65.2,55.0,29.7,99.8,67.1,87.8,95.3,87.6,94.0,90.8,93.8,19.905,5,5,5,34.447
15.79,4,43.87,59.893,47.275,63.074,132.122,134.309,65.2,55.0,29.7,99.8,67.1,87.8,95.3,87.6,94.0,90.8,93.8,19.908,5,5,5,34.373000000000005
15.81,4,43.728,59.941,47.141000000000005,63.659,132.079,134.23200000000003,65.2,55.0,29.7,99.8,67.1,87.8,95.3,87.6,94.0,90.8,93.8,19.695,5,5,5,34.315
15.83,4,43.518,60.42,47.325,62.896,131.993,134.142,65.2,55.0,29.7,99.8,67.1,87.85,95.3,87.6,94.0,90.8,93.8,19.714,5,5,5,34.278000000000006
15.85,4,43.643,60.04,47.113,63.411,131.95100000000002,134.04000000000002,65.2,55.0,29.7,99.8,67.1,87.916,95.3,87.6,94.0,90.8,93.8,19.833,5,5,5,34.275
15.87,4,43.859,59.746,46.88,63.449,131.80700000000002,134.002,65.2,55.0,29.7,99.8,67.1,87.953,95.3,87.6,94.0,90.8,93.8,19.855,5,5,5,34.275
15.89,4,43.584,60.25899999999999,47.11600000000001,62.753,131.736,133.925,65.2,55.0,29.7,99.8,67.1,87.973,95.3,87.6,94.0,90.8,93.8,19.838,5,5,5,34.277
15.91,4,43.667,59.771,46.935,63.016999999999996,131.635,133.809,65.2,55.0,29.7,99.8,67.1,87.985,95.3,87.6,94.0,90.8,93.8,19.913,5,5,5,34.274
15.93,4,43.515,59.50899999999999,46.51,62.473,131.477,133.77100000000002,65.2,55.0,29.7,99.8,67.1,87.992,95.3,87.6,94.0,90.8,93.8,19.848,5,5,5,34.275999999999996
15.95,4,43.336999999999996,59.739,46.992,62.659,131.42000000000002,133.68099999999998,65.2,55.0,29.7,99.8,67.1,87.995,95.3,87.6,94.0,90.8,93.8,19.725,5,5,5,34.277
15.97,4,43.167,60.12,47.093,62.693000000000005,131.405,133.629,65.2,55.0,29.7,99.8,67.1,87.997,95.3,87.6,94.0,90.8,93.8,19.714,5,5,5,34.275
15.99,4,43.391,60.213,46.838,62.379,131.305,133.514,65.2,55.0,29.7,99.8,67.1,87.999,95.3,87.6,94.0,90.8,93.8,19.752000000000002,5,5,5,34.277
16.01,4,43.294000000000004,59.591,46.938,62.306999999999995,131.16,133.436,65.2,55.0,29.7,99.8,67.1,87.999,95.3,87.6,94.0,90.8,93.8,19.742,5,5,5,34.275999999999996
16.03,4,43.177,59.801,46.967,61.573,131.074,133.423,65.2,55.0,29.7,99.8,67.1,88.0,95.3,87.6,94.0,90.8,93.8,19.789,5,5,5,34.277
16.05,4,43.099000000000004,59.81399999999999,46.981,61.403,131.074,133.333,65.2,55.0,29.7,99.8,67.1,88.0,95.3,87.6,94.0,90.8,93.8,19.83,5,5,5,34.274
16.07,4,43.486,59.776,46.945,60.873000000000005,130.9,133.204,65.2,55.0,29.7,99.8,67.1,88.0,95.3,87.6,94.0,90.8,93.8,19.715,5,5,5,34.275
16.09,4,42.931,60.028999999999996,46.766999999999996,60.562,130.842,133.16500000000002,65.2,55.0,29.7,99.8,67.1,88.0,95.3,87.6,94.0,90.8,93.8,19.801,5,5,5,34.273
16.11,4,43.26,59.898999999999994,46.88,60.261,130.755,133.023,65.2,55.0,29.7,99.8,67.1,88.0,95.3,87.6,94.0,90.8,93.8,19.746,5,5,5,34.274
16.13,4,43.292,59.505,46.784,60.375,130.711,133.04899999999998,65.2,55.0,29.7,99.8,67.1,88.0,95.3,87.6,94.0,90.8,93.8,19.692,5,5,5,34.278000000000006
16.15,4,43.003,59.52,46.651,60.385,130.624,132.972,65.2,55.0,29.7,99.8,67.1,88.0,95.3,87.6,94.0,90.8,93.8,19.79,5,5,5,34.273
16.17,4,42.82,59.873000000000005,46.576,60.577,130.566,132.946,65.2,55.0,29.7,99.8,67.1,88.0,95.3,87.6,94.0,90.8,93.8,19.851,5,5,5,34.274
16.19,4,43.103,60.013000000000005,46.623999999999995,60.365,130.537,132.85500000000002,65.2,55.0,29.7,99.8,67.1,88.0,95.3,87.6,94.0,90.8,93.8,19.785,5,5,5,34.277
16.21,4,42.96,59.183,46.523,60.256,130.39100000000002,132.738,65.2,55.0,29.7,99.8,67.1,88.0,95.3,87.6,94.0,90.8,93.8,19.820999999999998,5,5,5,34.272
16.23,4,42.759,59.93899999999999,46.62,60.297,130.347,132.686,65.2,55.0,29.7,99.8,67.1,88.0,95.3,87.6,94.0,90.8,93.8,19.784,5,5,5,34.274
16.25,4,42.867,60.041000000000004,46.597,60.178999999999995,130.245,132.673,65.2,55.0,29.7,99.8,67.1,88.0,95.3,87.6,94.0,90.8,93.8,19.784,5,5,5,34.275999999999996
16.27,4,42.899,59.72,46.468,60.055,130.17200000000003,132.54399999999998,65.2,55.0,29.7,99.8,67.1,88.0,95.3,87.6,94.069,90.8,93.8,19.812,5,5,5,34.275999999999996
16.29,4,42.626,59.593,46.69,60.155,130.14299999999997,132.45299999999997,65.2,55.0,29.7,99.8,67.1,88.0,95.3,87.6,94.126,90.8,93.8,19.753,5,5,5,34.277
16.31,4,42.583,59.93600000000001,46.743,60.357,129.98200000000003,132.33499999999998,65.2,55.0,29.7,99.8,67.1,88.0,95.3,87.6,94.158,90.8,93.8,19.738,5,5,5,34.275999999999996
16.33,4,42.501999999999995,59.945,46.54600000000001,60.696999999999996,129.938,132.4,65.2,55.0,29.7,99.8,67.1,88.0,95.3,87.6,94.17699999999999,90.8,93.8,19.91,5,5,5,34.277
16.35,4,42.358000000000004,59.813,46.532,60.744,129.923,132.257,65.2,55.0,29.7,99.8,67.1,88.0,95.3,87.6,94.187,90.8,93.8,19.772,5,5,5,34.275
16.37,4,42.366,59.896,46.63399999999999,60.468,129.805,132.244,65.2,55.0,29.7,99.8,67.1,88.0,95.3,87.6,94.193,90.8,93.8,19.813,5,5,5,34.273
16.39,4,42.611,60.153,46.425,60.50899999999999,129.702,132.166,65.2,55.0,29.7,99.8,67.1,88.0,95.3,87.6,94.196,90.8,93.8,19.857,5,5,5,34.272
16.41,4,42.412,59.658,46.227,60.576,129.599,132.035,65.2,55.0,29.7,99.8,67.1,88.0,95.3,87.6,94.19800000000001,90.8,93.8,19.761,5,5,5,34.272
16.43,4,42.179,59.646,46.363,60.715,129.58499999999998,131.97,65.2,55.0,29.7,99.8,67.1,88.0,95.3,87.6,94.199,90.8,93.8,19.769,5,5,5,34.277
16.45,4,42.019,59.532,46.379,61.251999999999995,129.496,131.983,65.2,55.0,29.7,99.8,67.1,88.0,95.3,87.6,94.199,90.8,93.8,19.907,5,5,5,34.278000000000006
16.47,4,42.329,59.878,46.401,61.262,129.437,131.813,65.2,55.0,29.7,99.8,67.1,88.0,95.3,87.6,94.2,90.8,93.8,19.892000000000003,5,5,5,34.275
16.49,4,42.406,59.772,46.263999999999996,61.145,129.304,131.774,65.2,55.0,29.7,99.8,67.1,88.0,95.3,87.6,94.2,90.8,93.8,19.845,5,5,5,34.273
16.51,4,41.946,59.772,46.428000000000004,61.309,129.245,131.68200000000002,65.2,55.0,29.7,99.8,67.1,88.0,95.3,87.6,94.2,90.8,93.8,19.854,5,5,5,34.269999999999996
16.53,4,42.010999999999996,59.86,46.199,60.755,129.14100000000002,131.64299999999997,65.2,55.0,29.7,99.8,67.1,88.0,95.3,87.6,94.2,90.8,93.8,19.847,5,5,5,34.275
16.55,4,42.247,59.632,46.222,60.93600000000001,129.111,131.551,65.2,55.0,29.7,99.8,67.1,88.0,95.3,87.6,94.2,90.8,93.8,19.793,5,5,5,34.269000000000005
16.57,4,42.184,59.418,46.156000000000006,61.31,128.993,131.485,65.2,55.0,29.7,99.8,67.1,88.0,95.3,87.6,94.2,90.8,93.8,20.204,5,5,5,34.271
16.59,4,41.94,59.598,46.229,61.809,128.844,131.406,65.2,55.0,29.7,99.8,67.1,88.0,95.3,87.6,94.2,90.8,93.8,20.006,5,5,5,34.272
16.61,4,41.874,59.29600000000001,46.09,61.935,128.85899999999998,131.38,65.2,55.0,29.7,99.8,67.1,88.0,95.3,87.6,94.2,90.8,93.8,19.212,5,5,5,34.266999999999996
16.63,4,42.034,59.481,46.096000000000004,61.515,128.73899999999998,131.248,65.2,55.0,29.6,99.7,67.0,88.0,95.3,87.6,94.2,90.8,93.8,18.686,5,5,5,34.275
16.65,4,41.815,59.413000000000004,46.153999999999996,61.391000000000005,128.65,131.26100000000002,65.2,55.0,29.6,99.7,67.0,88.0,95.3,87.6,94.2,90.8,93.8,18.377000000000002,5,5,5,34.268
16.67,4,41.794000000000004,59.638999999999996,46.111999999999995,61.071000000000005,128.62,131.13,65.2,55.0,29.6,99.7,67.0,88.0,95.3,87.6,94.2,90.8,93.8,18.366,5,5,5,34.275999999999996
16.69,4,42.179,59.57,46.156000000000006,61.076,128.56,131.14299999999997,65.2,55.0,29.6,99.7,67.0,88.0,95.35,87.6,94.2,90.8,93.8,18.914,5,5,5,34.274
16.71,4,41.898,59.364,46.033,61.288999999999994,128.486,131.01100000000002,65.2,55.0,29.6,99.7,67.0,88.0,95.416,87.6,94.2,90.8,93.8,19.015,5,5,5,34.274
16.73,4,42.05,59.126000000000005,45.900999999999996,60.95399999999999,128.39600000000002,130.971,65.2,55.0,29.6,99.7,67.0,88.0,95.453,87.6,94.2,90.8,93.8,19.019,5,5,5,34.271
16.75,4,42.018,59.335,45.893,61.34,128.276,130.892,65.2,55.0,29.6,99.7,67.0,88.0,95.473,87.6,94.2,90.8,93.8,18.433,5,5,5,34.268
16.77,4,41.842,59.451,46.0,60.993,128.20100000000002,130.852,65.2,55.0,29.6,99.7,67.0,88.0,95.485,87.6,94.2,90.887,93.8,17.867,5,5,5,34.278000000000006
16.79,4,41.597,59.151,45.906,60.941,128.125,130.746,65.2,55.0,29.6,99.7,67.0,88.0,95.492,87.6,94.2,90.937,93.8,17.64,5,5,5,34.275999999999996
16.81,4,41.243,59.446000000000005,45.694,60.641999999999996,128.05,130.627,65.2,55.0,29.6,99.7,67.0,88.0,95.495,87.6,94.2,90.964,93.8,17.75,5,5,5,34.269000000000005
16.83,4,41.580999999999996,59.078,45.793,60.678999999999995,127.99,130.6,65.2,55.0,29.6,99.7,67.0,88.0,95.497,87.6,94.2,90.98,93.8,18.477,5,5,5,34.273
16.85,4,41.657,59.442,45.763000000000005,60.818000000000005,127.809,130.574,65.2,55.0,29.6,99.7,67.0,88.0,95.499,87.6,94.2,90.98899999999999,93.8,18.511,5,5,5,34.274
16.87,4,41.571,59.568000000000005,45.772,60.48,127.76299999999999,130.494,65.2,55.0,29.6,99.7,67.0,88.0,95.499,87.6,94.2,90.994,93.8,18.616,5,5,5,34.269000000000005
16.89,4,41.692,59.31,45.674,60.495,127.76299999999999,130.308,65.2,55.0,29.6,99.7,67.0,88.0,95.5,87.6,94.2,90.99600000000001,93.8,17.997999999999998,5,5,5,34.272
16.91,4,41.542,59.055,45.641,60.18899999999999,127.779,130.308,65.2,55.0,29.6,99.7,67.0,88.0,95.5,87.6,94.2,90.998,93.8,17.663,5,5,5,34.274
16.93,4,41.314,59.43,45.781,60.178000000000004,127.58200000000001,130.215,65.2,55.0,29.6,99.7,67.0,88.0,95.5,87.6,94.2,90.999,93.8,17.427999999999997,5,5,5,34.275999999999996
16.95,4,41.356,59.56,45.787,60.183,127.62700000000001,130.228,65.2,55.0,29.6,99.7,67.0,88.0,95.5,87.6,94.2,90.999,93.8,17.578,5,5,5,34.278000000000006
16.97,4,41.764,58.795,45.583,60.32899999999999,127.521,130.108,65.2,55.0,29.6,99.7,67.0,88.0,95.5,87.625,94.2,91.0,93.8,18.3,5,5,5,34.277
16.99,4,41.393,59.412,45.679,60.556999999999995,127.4,130.108,65.2,55.0,29.6,99.7,67.0,88.0,95.5,87.702,94.2,91.0,93.8,18.426,5,5,5,34.277
17.01,4,40.826,59.245,45.594,61.153999999999996,127.369,130.055,65.2,55.0,29.6,99.7,67.0,88.0,95.5,87.745,94.2,91.0,93.8,18.552,5,5,5,34.275
17.03,4,41.12,59.17100000000001,45.565,61.565,127.21700000000001,129.935,65.2,55.0,29.6,99.7,67.0,88.0,95.5,87.76899999999999,94.2,91.0,93.8,17.872999999999998,5,5,5,34.273
17.05,4,40.994,58.818999999999996,45.525,61.54600000000001,127.171,129.82799999999997,65.2,55.0,29.6,99.7,67.0,88.0,95.5,87.782,94.2,91.0,93.8,17.566,5,5,5,34.269000000000005
17.07,4,40.951,59.183,45.616,61.696000000000005,127.20200000000001,129.774,65.2,55.0,29.6,99.7,67.0,88.0,95.5,87.79,94.2,91.0,93.8,17.332,5,5,5,34.282
17.09,4,41.118,59.035,45.461999999999996,60.99100000000001,127.01899999999999,129.801,65.2,55.0,29.6,99.7,67.0,88.0,95.5,87.794,94.2,91.0,93.8,17.475,5,5,5,34.275
17.11,4,40.647,58.583,45.542,61.323,126.988,129.68,65.2,55.0,29.6,99.7,67.0,88.0,95.5,87.797,94.2,91.0,93.8,18.107,5,5,5,34.282
17.13,4,40.916,58.83,45.55,61.721000000000004,126.85,129.586,65.2,55.0,29.6,99.7,67.0,88.0,95.5,87.798,94.2,91.0,93.8,18.567,5,5,5,34.278000000000006
17.15,4,40.771,58.503,45.437,61.391999999999996,126.82,129.559,65.2,55.0,29.6,99.7,67.0,88.0,95.5,87.79899999999999,94.2,91.0,93.8,18.535,5,5,5,34.274
17.17,4,41.215,58.833,45.389,61.586000000000006,126.758,129.47899999999998,65.2,55.0,29.6,99.7,67.0,88.0,95.5,87.79899999999999,94.2,91.0,93.8,17.839,5,5,5,34.282
17.19,4,40.958,58.917,45.246,61.474,126.605,129.439,65.2,55.0,29.6,99.7,67.0,88.0,95.5,87.8,94.2,91.0,93.8,17.374000000000002,5,5,5,34.278000000000006
17.21,4,40.427,58.588,45.371,61.333999999999996,126.52799999999999,129.385,65.2,55.0,29.6,99.7,67.0,88.0,95.5,87.8,94.2,91.0,93.8,17.283,5,5,5,34.277
17.23,4,40.383,58.536,45.509,61.858999999999995,126.45100000000001,129.291,65.2,55.0,29.6,99.7,67.0,88.0,95.5,87.8,94.2,91.0,93.8,17.468,5,5,5,34.275999999999996
17.25,4,40.14,58.726000000000006,45.387,62.17100000000001,126.48200000000001,129.264,65.2,55.0,29.6,99.7,67.0,88.0,95.5,87.8,94.2,91.0,93.8,18.228,5,5,5,34.278000000000006
17.27,4,40.586999999999996,58.468999999999994,45.408,61.558,126.404,129.277,65.2,55.0,29.6,99.7,67.0,88.0,95.5,87.8,94.2,91.0,93.8,18.528,5,5,5,34.274
17.29,4,40.684,58.657,45.189,61.428999999999995,126.374,129.142,65.2,55.0,29.6,99.7,67.0,88.0,95.5,87.8,94.2,91.0,93.8,18.302,5,5,5,34.277
17.31,4,40.189,58.559,45.243,61.42,126.32700000000001,128.95299999999997,65.2,55.0,29.6,99.7,67.0,88.0,95.5,87.8,94.2,91.0,93.8,17.701999999999998,5,5,5,34.274
17.33,4,40.093,58.735,45.215,61.042,126.31200000000001,128.94,65.2,55.0,29.6,99.7,67.0,88.0,95.5,87.8,94.2,91.0,93.8,17.296,5,5,5,34.273
17.35,4,40.400999999999996,58.162,45.179,61.023999999999994,126.17299999999999,128.926,65.2,55.0,29.6,99.7,67.0,88.0,95.5,87.8,94.2,91.0,93.85,17.125999999999998,5,5,5,34.274
17.37,4,40.109,58.81100000000001,45.186,60.783,126.15700000000001,128.81799999999998,65.2,55.0,29.6,99.7,67.0,88.0,95.5,87.8,94.2,91.0,93.916,17.457,5,5,5,34.271
17.39,4,40.073,58.565,45.266,61.178000000000004,125.98700000000001,128.88600000000002,65.2,55.0,29.6,99.7,67.0,88.0,95.5,87.8,94.2,91.0,93.953,18.044,5,5,5,34.274
17.41,4,40.198,58.714,44.941,61.397,125.971,128.70999999999998,65.2,55.0,29.6,99.7,67.0,88.0,95.5,87.8,94.2,91.0,93.973,18.179000000000002,5,5,5,34.274
17.43,4,39.6,58.413999999999994,45.109,61.481,125.75399999999999,128.66899999999998,65.2,55.0,29.6,99.7,67.0,88.0,95.5,87.8,94.2,91.0,93.985,18.232999999999997,5,5,5,34.272
17.45,4,40.014,58.326,45.164,61.617,125.738,128.54700000000003,65.2,55.0,29.6,99.7,67.0,88.0,95.5,87.8,94.2,91.0,93.992,17.625999999999998,5,5,5,34.275
17.47,4,40.211999999999996,58.574,45.108000000000004,61.6,125.738,128.574,65.2,55.0,29.6,99.7,67.0,88.0,95.5,87.8,94.2,91.0,93.995,17.255000000000003,5,5,5,34.271
17.49,4,39.927,58.544,45.089,61.51,125.613,128.47899999999998,65.2,55.0,29.6,99.7,67.0,88.0,95.5,87.8,94.2,91.0,93.997,17.165,5,5,5,34.275
17.51,4,39.54,58.345,45.025999999999996,61.371,125.64399999999999,128.49200000000002,65.2,55.0,29.6,99.7,67.0,88.0,95.5,87.8,94.2,91.0,93.999,17.39,5,5,5,34.271
17.53,4,39.784,58.354,44.954,61.388999999999996,125.473,128.397,65.2,55.0,29.6,99.7,67.0,88.0,95.5,87.8,94.2,91.0,93.999,18.207,5,5,5,34.274
17.55,4,39.766999999999996,57.832,44.974000000000004,61.586999999999996,125.473,128.329,65.2,55.0,29.6,99.7,67.0,88.0,95.5,87.8,94.2,91.0,94.0,17.444000000000003,5,5,5,34.271
17.57,4,39.702,58.05,44.896,61.691,125.41,128.19299999999998,65.2,55.0,29.6,99.7,67.0,88.0,95.5,87.8,94.2,91.0,94.0,18.087,5,5,5,34.271
17.59,4,39.303000000000004,59.021,44.959,61.692,125.316,128.111,65.2,55.0,29.6,99.7,67.0,88.0,95.5,87.8,94.2,91.0,94.0,17.582,5,5,5,34.275
17.61,4,39.426,58.715,44.883,61.646,125.15899999999999,128.07,65.2,55.0,29.6,99.7,67.0,88.0,95.5,87.8,94.2,91.0,94.0,16.516,5,5,5,34.275999999999996
17.63,4,39.782,58.008,44.696,61.218999999999994,125.15899999999999,127.97399999999999,65.2,55.0,29.6,99.7,67.0,88.0,95.5,87.8,94.2,91.0,94.0,17.252000000000002,5,5,5,34.275
17.65,4,39.126999999999995,58.397,44.865,61.083999999999996,125.08,127.93299999999999,65.2,55.0,29.6,99.7,67.0,88.0,95.5,87.8,94.2,91.0,94.0,17.365000000000002,5,5,5,34.271
17.67,4,39.167,58.785,44.782,61.236000000000004,124.939,127.961,65.2,55.0,29.6,99.7,67.0,88.0,95.5,87.8,94.2,91.0,94.0,16.148,5,5,5,34.272
17.69,4,39.524,58.268,44.826,61.644,124.844,127.76899999999999,65.2,55.0,29.6,99.7,67.0,88.0,95.5,87.8,94.2,91.0,94.0,16.594,5,5,5,34.275999999999996
17.71,4,39.352,58.223,44.75,61.582,124.90700000000001,127.838,65.2,55.0,29.6,99.7,67.0,88.0,95.5,87.8,94.2,91.0,94.0,17.231,5,5,5,34.275999999999996
17.73,4,39.129,58.603,44.828,61.523999999999994,124.749,127.494,65.2,55.0,29.6,99.7,67.0,88.0,95.5,87.8,94.2,91.0,94.0,15.925,5,5,5,34.278999999999996
17.75,4,39.243,58.155,44.673,61.574,124.749,127.755,65.2,55.0,29.6,99.7,67.0,88.0,95.5,87.8,94.2,91.0,94.0,15.628,5,5,5,34.269999999999996
17.77,4,39.23,58.302,44.736999999999995,60.953,124.73299999999999,127.618,65.2,55.0,29.6,99.7,67.0,88.0,95.5,87.8,94.2,91.0,94.0,16.829,5,5,5,34.273
17.79,4,39.036,58.637,44.773,60.946999999999996,124.62200000000001,127.426,65.2,55.0,29.6,99.7,67.0,88.0,95.5,87.8,94.2,91.0,94.0,15.755999999999998,5,5,5,34.272
17.81,4,39.45,58.54600000000001,44.611,61.068999999999996,124.59100000000001,127.398,65.2,55.0,29.6,99.7,67.0,88.0,95.5,87.8,94.2,91.0,94.0,15.129,5,5,5,34.273
17.83,4,39.289,58.141000000000005,44.709,61.288999999999994,124.51100000000001,127.439,65.2,55.0,29.6,99.7,67.0,88.0,95.5,87.8,94.2,91.0,94.0,16.476,5,5,5,34.273
17.85,4,38.968,58.201,44.743,61.553000000000004,124.448,127.34299999999999,65.2,55.0,29.6,99.7,67.0,88.0,95.5,87.8,94.2,91.0,94.0,16.344,5,5,5,34.273
17.87,4,38.78,58.25899999999999,44.657,62.01,124.368,127.274,65.2,55.0,29.6,99.7,67.0,88.0,95.5,87.8,94.2,91.0,94.0,15.285,5,5,5,34.273
17.89,4,38.900999999999996,58.693999999999996,44.561,62.93899999999999,124.225,127.177,65.2,55.0,29.6,99.7,67.0,88.0,95.5,87.8,94.2,91.0,94.0,16.191,5,5,5,34.266999999999996
17.91,4,39.133,58.083,44.614000000000004,62.56100000000001,124.241,127.10799999999999,65.2,55.0,29.6,99.7,67.0,88.05,95.5,87.8,94.2,91.0,94.0,16.366,5,5,5,34.260999999999996
17.93,4,38.936,58.211999999999996,44.589,62.525,124.289,127.094,65.2,55.0,29.6,99.7,67.0,88.116,95.5,87.8,94.2,91.0,94.0,15.503,5,5,5,34.245999999999995
17.95,4,38.623000000000005,58.138999999999996,44.583,62.568999999999996,124.09700000000001,127.12200000000001,65.2,55.0,29.6,99.7,67.0,88.153,95.5,87.8,94.2,91.0,94.0,15.915999999999999,5,5,5,34.245000000000005
17.97,4,38.757,58.17100000000001,44.535,62.415,124.081,126.984,65.2,55.0,29.6,99.7,67.0,88.173,95.5,87.8,94.2,91.0,94.0,16.517000000000003,5,5,5,34.241
17.99,4,38.662,58.266999999999996,44.429,61.879,124.001,126.87299999999999,65.2,55.0,29.6,99.7,67.0,88.185,95.5,87.8,94.2,91.0,94.0,15.353,5,5,5,34.242
18.01,4,38.33,57.84,44.529,61.968,123.905,126.859,65.2,55.0,29.6,99.7,67.0,88.192,95.5,87.8,94.2,91.0,94.0,15.091000000000001,5,5,5,34.243
18.03,4,38.609,58.188,44.338,61.766999999999996,123.79299999999999,126.859,65.2,55.0,29.6,99.7,67.0,88.195,95.5,87.8,94.2,91.0,94.0,16.028,5,5,5,34.245999999999995
18.05,4,38.713,57.883,44.626,61.696000000000005,123.728,126.81700000000001,65.2,55.0,29.6,99.7,67.0,88.197,95.5,87.8,94.2,91.0,94.0,15.319,5,5,5,34.245999999999995
18.07,4,38.56,58.153999999999996,44.317,62.034,123.664,126.72,65.2,55.0,29.6,99.7,67.0,88.199,95.5,87.8,94.2,91.0,94.0,14.792,5,5,5,34.242
18.09,4,38.07,58.138999999999996,44.446999999999996,61.345,123.632,126.609,65.2,55.0,29.6,99.7,67.0,88.199,95.5,87.8,94.2,91.0,94.0,15.675999999999998,5,5,5,34.242
18.11,4,38.249,57.92100000000001,44.233000000000004,61.515,123.56700000000001,126.512,65.2,55.0,29.6,99.7,67.0,88.2,95.5,87.8,94.2,91.0,94.0,15.499,5,5,5,34.243
18.13,4,38.4,57.88,44.165,61.183,123.48700000000001,126.595,65.2,55.0,29.6,99.7,67.0,88.2,95.5,87.8,94.2,91.0,94.0,14.647,5,5,5,34.242
18.15,4,38.191,57.551,43.92,60.979,123.374,126.484,65.2,55.0,29.6,99.7,67.0,88.2,95.5,87.8,94.2,91.0,94.0,15.238,5,5,5,34.242
18.17,4,38.195,58.103,44.02,60.77,123.50299999999999,126.33,65.2,55.0,29.6,99.7,67.0,88.2,95.5,87.8,94.2,91.0,94.0,15.744000000000002,5,5,5,34.239999999999995
18.19,4,38.569,58.14,44.007,61.008,123.309,126.37200000000001,65.2,55.0,29.6,99.7,67.0,88.2,95.5,87.8,94.26899999999999,91.0,94.0,14.757,5,5,5,34.243
18.21,4,37.995,58.18,44.294000000000004,61.18600000000001,123.195,126.274,65.2,55.0,29.6,99.7,67.0,88.2,95.5,87.8,94.32600000000001,91.0,94.0,14.906,5,5,5,34.238
18.23,4,37.905,57.48,43.998000000000005,61.419,123.244,126.274,65.2,55.0,29.6,99.7,67.0,88.2,95.5,87.8,94.358,91.0,94.0,15.647,5,5,5,34.242
18.25,4,37.695,58.113,43.918,61.629,123.195,126.177,65.2,55.0,29.6,99.7,67.0,88.2,95.5,87.8,94.377,91.0,94.0,14.738,5,5,5,34.241
18.27,4,37.896,57.405,43.972,61.449,123.03299999999999,126.12100000000001,65.2,55.0,29.6,99.7,67.0,88.2,95.5,87.8,94.387,91.0,94.0,14.416,5,5,5,34.244
18.29,4,37.811,58.078,44.15,61.434,122.95200000000001,126.149,65.2,55.0,29.6,99.7,67.0,88.2,95.5,87.8,94.393,91.0,94.0,15.394,5,5,5,34.239999999999995
18.31,4,37.323,57.833999999999996,44.171,61.042,122.95200000000001,126.037,65.2,55.0,29.6,99.7,67.0,88.2,95.5,87.8,94.396,91.0,94.0,14.977,5,5,5,34.241
18.33,4,37.803000000000004,57.537,44.021,61.224,123.03299999999999,125.995,65.2,55.0,29.6,99.7,67.0,88.2,95.5,87.8,94.398,91.0,94.0,14.433,5,5,5,34.239999999999995
18.35,4,37.925,57.122,43.905,61.628,122.821,125.91,65.2,55.0,29.6,99.7,67.0,88.2,95.5,87.8,94.399,91.0,94.0,15.372,5,5,5,34.241
18.37,4,37.516999999999996,57.708,43.917,61.683,122.67399999999999,125.82600000000001,65.2,55.0,29.6,99.7,67.0,88.2,95.5,87.8,94.399,91.0,94.0,15.512,5,5,5,34.238
18.39,4,37.571,57.571999999999996,43.772,61.945,122.805,125.79799999999999,65.2,55.0,29.6,99.7,67.0,88.2,95.5,87.8,94.4,91.0,94.0,14.575,5,5,5,34.242
18.41,4,37.523,57.894,43.923,61.583,122.67399999999999,125.79799999999999,65.2,55.0,29.6,99.7,67.0,88.2,95.5,87.8,94.4,91.0,94.0,15.283,5,5,5,34.241
18.43,4,37.354,57.381,43.771,61.498999999999995,122.54299999999999,125.78399999999999,65.2,55.0,29.6,99.7,67.0,88.2,95.5,87.8,94.4,91.0,94.0,15.749,5,5,5,34.243
18.45,4,37.371,57.495,43.821999999999996,61.104,122.51,125.77,65.2,55.0,29.6,99.7,67.0,88.2,95.5,87.8,94.4,91.0,94.0,14.757,5,5,5,34.235
18.47,4,37.657,57.691,43.826,61.312,122.57600000000001,125.601,65.2,55.0,29.6,99.7,67.0,88.2,95.5,87.8,94.4,91.0,94.0,14.877,5,5,5,34.241
18.49,4,37.391999999999996,57.284,43.762,61.70399999999999,122.428,125.65700000000001,65.2,55.0,29.6,99.7,67.0,88.2,95.5,87.8,94.4,91.0,94.0,15.6,5,5,5,34.239999999999995
18.51,4,37.207,57.552,43.803000000000004,61.665,122.28,125.601,65.2,55.0,29.6,99.7,67.0,88.2,95.5,87.8,94.4,91.0,94.0,14.926,5,5,5,34.238
18.53,4,37.326,57.361999999999995,43.516,61.621,122.29700000000001,125.417,65.2,55.0,29.6,99.7,67.0,88.2,95.5,87.8,94.4,91.0,94.0,14.474,5,5,5,34.238
18.55,4,36.969,57.534,43.498000000000005,61.464,122.264,125.40299999999999,65.2,55.0,29.6,99.7,67.0,88.2,95.5,87.8,94.4,91.0,94.0,15.185,5,5,5,34.244
18.57,4,37.04,57.29,43.650999999999996,61.458999999999996,122.181,125.389,65.2,55.0,29.6,99.7,67.0,88.2,95.5,87.8,94.4,91.0,94.0,14.964,5,5,5,34.239999999999995
18.59,4,37.055,57.836999999999996,43.486,61.101000000000006,122.08200000000001,125.375,65.2,55.0,29.6,99.7,67.0,88.2,95.5,87.8,94.4,91.0,94.0,15.722000000000001,5,5,5,34.239000000000004
18.61,4,37.351,57.035,43.558,60.851000000000006,122.09899999999999,125.27600000000001,65.2,55.0,29.6,99.7,67.0,88.2,95.5,87.8,94.4,91.0,94.0,14.937999999999999,5,5,5,34.236999999999995
18.63,4,37.216,57.015,43.594,61.4,122.066,125.191,65.2,55.1,29.6,99.6,67.0,88.2,95.5,87.8,94.4,91.0,94.0,14.595,5,5,5,34.243
18.65,4,36.754999999999995,57.047,43.874,61.516999999999996,121.85,125.134,65.2,55.1,29.6,99.6,67.0,88.2,95.587,87.8,94.4,91.0,94.0,15.747,5,5,5,34.241
18.67,4,37.048,57.034,43.52,61.605,121.78399999999999,125.035,65.2,55.1,29.6,99.6,67.0,88.2,95.637,87.8,94.4,91.0,94.0,15.035,5,5,5,34.238
18.69,4,37.273,57.193000000000005,43.438,61.472,121.801,125.09200000000001,65.2,55.1,29.6,99.6,67.0,88.2,95.664,87.8,94.4,91.0,94.0,14.562000000000001,5,5,5,34.241
18.71,4,36.718,57.245,43.675,61.38,121.734,124.921,65.2,55.1,29.6,99.6,67.0,88.2,95.68,87.8,94.4,91.0,94.0,15.618,5,5,5,34.242
18.73,4,36.822,57.038000000000004,43.538000000000004,61.0,121.71700000000001,124.921,65.2,55.1,29.6,99.6,67.0,88.2,95.689,87.8,94.4,91.0,94.0,15.549000000000001,5,5,5,34.241
18.75,4,36.768,56.839,43.335,61.403,121.501,124.87899999999999,65.2,55.1,29.6,99.6,67.0,88.2,95.694,87.8,94.4,91.0,94.0,14.568999999999999,5,5,5,34.242
18.77,4,36.561,57.052,43.505,61.647,121.45100000000001,124.779,65.2,55.1,29.6,99.6,67.0,88.2,95.696,87.8,94.4,91.0,94.0,15.386,5,5,5,34.244
18.79,4,36.818,56.799,43.309,61.506,121.40100000000001,124.765,65.2,55.1,29.6,99.6,67.0,88.2,95.69800000000001,87.8,94.4,91.0,94.0,15.595,5,5,5,34.239999999999995
18.81,4,36.415,57.488,43.262,61.591,121.434,124.679,65.2,55.1,29.6,99.6,67.0,88.2,95.699,87.8,94.4,91.0,94.0,14.664,5,5,5,34.238
18.83,4,36.311,57.16,43.275,61.458,121.3,124.62200000000001,65.2,55.1,29.6,99.6,67.0,88.2,95.699,87.8,94.4,91.0,94.0,15.124,5,5,5,34.243
18.85,4,36.525,56.972,43.427,61.041000000000004,121.21600000000001,124.65100000000001,65.2,55.1,29.6,99.6,67.0,88.2,95.7,87.8,94.4,91.0,94.0,15.718,5,5,5,34.245999999999995
18.87,4,36.141999999999996,56.961000000000006,43.406,61.06100000000001,121.2,124.479,65.2,55.1,29.6,99.6,67.0,88.2,95.7,87.8,94.4,91.0,94.0,14.809,5,5,5,34.241
18.89,4,36.398,57.12,43.318000000000005,61.391000000000005,121.25,124.37899999999999,65.2,55.1,29.6,99.6,67.0,88.2,95.7,87.8,94.4,91.0,94.0,14.747,5,5,5,34.242
18.91,4,36.104,56.972,43.177,61.501999999999995,121.166,124.42200000000001,65.2,55.1,29.6,99.6,67.0,88.2,95.7,87.8,94.4,91.0,94.0,15.626,5,5,5,34.241
18.93,4,36.035,56.653999999999996,43.328,61.396,121.03200000000001,124.465,65.2,55.1,29.6,99.6,67.0,88.2,95.7,87.825,94.4,91.0,94.0,14.88,5,5,5,34.245000000000005
18.95,4,36.318,57.138999999999996,43.287,61.66,120.98100000000001,124.40799999999999,65.2,55.1,29.6,99.6,67.0,88.2,95.7,87.902,94.4,91.0,94.0,14.347999999999999,5,5,5,34.245000000000005
18.97,4,36.43300000000001,56.666000000000004,43.195,61.347,120.863,124.322,65.2,55.1,29.6,99.6,67.0,88.2,95.7,87.945,94.4,91.0,94.0,15.345,5,5,5,34.243
18.99,4,36.321,56.483999999999995,43.055,61.453,120.88,124.236,65.2,55.1,29.6,99.6,67.0,88.2,95.7,87.969,94.4,91.0,94.0,15.189,5,5,5,34.244
19.01,4,36.2,56.419,43.164,61.318999999999996,120.728,124.20700000000001,65.2,55.1,29.6,99.6,67.0,88.2,95.7,87.982,94.4,91.0,94.0,14.509,5,5,5,34.243
19.03,4,36.054,56.88,43.084,61.481,120.829,124.06299999999999,65.2,55.1,29.6,99.6,67.0,88.2,95.7,87.99,94.4,91.0,94.0,15.357999999999999,5,5,5,34.244
19.05,4,36.056,56.336000000000006,43.298,61.379,120.66,124.03399999999999,65.2,55.1,29.6,99.6,67.0,88.2,95.7,87.994,94.4,91.0,94.0,15.493,5,5,5,34.25
19.07,4,35.92,56.336999999999996,43.302,61.563,120.694,124.005,65.2,55.1,29.6,99.6,67.0,88.2,95.7,87.997,94.4,91.0,94.0,14.557,5,5,5,34.247
19.09,4,35.699,57.047,43.215,61.683,120.508,124.06299999999999,65.2,55.1,29.6,99.6,67.0,88.2,95.7,87.998,94.4,91.0,94.0,15.232000000000001,5,5,5,34.244
19.11,4,35.977,56.485,42.978,61.501000000000005,120.59200000000001,124.03399999999999,65.2,55.1,29.6,99.6,67.0,88.2,95.7,87.999,94.4,91.0,94.0,15.558,5,5,5,34.245999999999995
19.13,4,35.905,56.455,43.122,61.29,120.38799999999999,123.83200000000001,65.2,55.1,29.6,99.6,67.0,88.2,95.7,87.999,94.4,91.0,94.0,14.775,5,5,5,34.241
19.15,4,35.689,56.715,43.079,61.196000000000005,120.47399999999999,123.74600000000001,65.2,55.1,29.6,99.6,67.0,88.2,95.7,88.0,94.4,91.0,94.0,15.072000000000001,5,5,5,34.245999999999995
19.17,4,35.549,56.675,43.041,61.485,120.286,123.861,65.2,55.1,29.6,99.6,67.0,88.2,95.7,88.0,94.4,91.0,94.0,15.55,5,5,5,34.243
19.19,4,35.760999999999996,56.28,43.027,61.56,120.25200000000001,123.64399999999999,65.2,55.1,29.6,99.6,67.0,88.2,95.7,88.0,94.4,91.0,94.0,14.878,5,5,5,34.243
19.21,4,35.407,56.12,43.055,61.602,120.235,123.65899999999999,65.2,55.1,29.6,99.6,67.0,88.2,95.7,88.0,94.4,91.0,94.0,14.29,5,5,5,34.236999999999995
19.23,4,35.58,56.5,43.027,61.805,120.286,123.514,65.2,55.1,29.6,99.6,67.0,88.2,95.7,88.0,94.4,91.0,94.0,15.436,5,5,5,34.239999999999995
19.25,4,35.4,56.79600000000001,42.951,61.641000000000005,120.098,123.485,65.2,55.1,29.6,99.6,67.0,88.2,95.7,88.0,94.4,91.0,94.0,14.777000000000001,5,5,5,34.239999999999995
19.27,4,35.459,56.31,42.966,61.725,120.03,123.456,65.2,55.1,29.6,99.6,67.0,88.2,95.7,88.0,94.4,91.0,94.0,14.318999999999999,5,5,5,34.239999999999995
19.29,4,35.059,56.224,42.856,60.989,119.961,123.369,65.2,55.1,29.6,99.6,67.0,88.2,95.7,88.0,94.4,91.0,94.0,15.454,5,5,5,34.236999999999995
19.31,6,35.278000000000006,56.615,42.763000000000005,61.373999999999995,119.824,123.28200000000001,65.2,55.1,29.6,99.6,67.0,88.2,95.7,88.0,94.4,91.0,94.0,15.364,5,5,5,34.239999999999995
19.33,6,34.616,56.355,43.465,55.751999999999995,119.85799999999999,123.18,65.2,55.1,29.6,99.6,67.0,88.2,95.7,88.0,94.4,91.0,94.0,14.547,5,5,5,34.235
19.35,6,34.932,56.011,43.421,56.691,119.91,123.10700000000001,65.2,55.1,29.6,99.6,67.0,88.2,95.7,88.0,94.4,91.0,94.0,15.31,5,5,5,34.327
19.37,6,34.425,55.99100000000001,43.469,47.595,119.79,123.03399999999999,65.2,55.1,29.6,99.6,67.0,88.2,95.7,88.0,94.4,91.0,94.0,15.485999999999999,5,5,5,34.891999999999996
19.39,6,34.599000000000004,56.168,43.41,36.609,119.70299999999999,122.917,65.2,55.1,29.6,99.6,67.0,88.2,95.7,88.0,94.4,91.0,94.0,14.879,5,5,5,36.215999999999994
19.41,6,34.818,55.706,43.213,29.781999999999996,119.669,123.01899999999999,65.2,55.1,29.6,99.6,67.0,88.2,95.7,88.0,94.4,91.0,94.0,15.338,5,5,5,37.712
19.43,6,34.516999999999996,56.044,43.309,24.351,119.617,122.85799999999999,65.2,55.1,29.6,99.6,67.0,88.2,95.7,88.0,94.4,91.0,94.0,15.519,5,5,5,38.954
19.45,6,34.733000000000004,55.721000000000004,43.361,41.871,119.652,122.902,65.2,55.1,29.6,99.6,67.0,88.2,95.7,88.0,94.4,91.0,94.0,14.642000000000001,5,5,5,40.0
19.47,6,34.791,55.993,43.33,46.629,119.49600000000001,122.727,65.2,55.1,29.6,99.6,67.0,88.2,95.7,88.0,94.4,91.0,94.0,14.523,5,5,5,40.666
19.49,6,35.087,54.799,43.286,53.88,119.6,122.565,65.2,55.1,29.6,99.6,67.0,88.2,95.7,88.0,94.4,91.0,94.0,15.401,5,5,5,41.171
19.51,6,35.024,54.683,43.397,58.143,119.462,122.462,65.2,55.1,29.6,99.6,67.0,88.2,95.7,88.0,94.4,91.0,94.0,14.715,5,5,5,41.566
19.53,6,34.872,54.199,43.306999999999995,50.468,119.41,122.315,65.2,55.1,29.6,99.6,67.0,88.2,95.7,88.0,94.4,91.0,94.0,14.38,5,5,5,41.853
19.55,6,34.813,53.769,43.396,56.706,119.41,122.256,65.2,55.1,29.6,99.6,67.0,88.2,95.7,88.0,94.4,91.0,94.0,14.802999999999999,5,5,5,42.048
19.57,6,34.734,53.397,43.48,52.16,119.323,122.167,65.2,55.1,29.6,99.6,67.0,88.2,95.7,88.0,94.4,91.0,94.0,14.595,5,5,5,42.258
19.59,6,34.590999999999994,53.119,43.535,57.42100000000001,119.35799999999999,121.96,65.2,55.1,29.6,99.6,67.0,88.2,95.7,88.0,94.4,91.0,94.0,14.406,5,5,5,42.445
19.61,6,33.821,52.375,43.51,59.678000000000004,119.184,122.04799999999999,65.2,55.1,29.6,99.6,67.0,88.2,95.7,88.0,94.4,91.0,94.0,14.279,5,5,5,42.609
19.63,6,34.432,51.843999999999994,43.589,55.756,119.09700000000001,121.85600000000001,65.2,55.1,29.6,99.6,67.0,88.2,95.7,88.0,94.4,91.0,94.0,14.149,5,5,5,42.756
19.65,6,34.548,51.781000000000006,43.474000000000004,63.756,119.045,121.811,65.2,55.1,29.6,99.6,67.0,88.2,95.7,88.0,94.4,91.0,94.0,13.683,5,5,5,42.869
19.67,6,34.340999999999994,51.97,43.431,61.611999999999995,119.027,121.54299999999999,65.2,55.1,29.6,99.6,67.0,88.2,95.7,88.0,94.4,91.0,94.0,14.193999999999999,5,5,5,43.007
19.69,6,34.876,51.378,43.354,58.993,118.95700000000001,121.662,65.2,55.1,29.6,99.6,67.0,88.2,95.7,88.0,94.4,91.0,94.0,13.357000000000001,5,5,5,43.126999999999995
19.71,6,34.370000000000005,50.909,43.479,57.256,118.905,121.617,65.2,55.1,29.6,99.6,67.0,88.2,95.7,88.0,94.4,91.0,94.0,14.075,5,5,5,43.253
19.73,6,33.932,50.714,43.254,60.799,118.835,121.588,65.2,55.1,29.6,99.6,67.0,88.2,95.7,88.0,94.4,91.0,94.0,12.684999999999999,5,5,5,43.424
19.75,6,34.485,50.291000000000004,43.262,58.952,118.92200000000001,121.603,65.2,55.1,29.6,99.6,67.0,88.2,95.7,88.0,94.4,91.0,94.0,14.058,5,5,5,43.57
19.77,6,34.126,50.18,43.544000000000004,59.211000000000006,118.835,121.42299999999999,65.2,55.1,29.6,99.6,67.0,88.2,95.7,88.0,94.4,91.0,94.0,12.664,5,5,5,43.725
19.79,6,33.885000000000005,50.31100000000001,43.431,60.793,118.572,121.46799999999999,65.2,55.1,29.6,99.6,67.0,88.2,95.7,88.0,94.4,91.0,94.0,13.817,5,5,5,43.871
19.81,6,34.486999999999995,50.603,43.187,59.9,118.677,121.49799999999999,65.2,55.1,29.6,99.6,67.0,88.2,95.7,88.0,94.4,91.0,94.0,12.551,5,5,5,44.027
19.83,6,34.778000000000006,50.425,43.007,62.381,118.712,121.37799999999999,65.2,55.1,29.6,99.6,67.0,88.2,95.7,88.0,94.4,91.0,94.0,13.641,5,5,5,44.189
19.85,6,33.552,49.972,43.165,61.378,118.572,121.363,65.2,55.1,29.6,99.6,67.0,88.2,95.7,88.0,94.4,91.0,94.0,12.469,5,5,5,44.342
19.87,6,33.687,50.367,43.272,59.556999999999995,118.536,121.43799999999999,65.2,55.1,29.6,99.6,67.0,88.2,95.7,88.0,94.4,91.0,94.0,13.469,5,5,5,44.532
19.89,6,33.217,50.313,43.158,60.38,118.413,121.214,65.2,55.1,29.6,99.6,67.0,88.2,95.7,88.0,94.4,91.0,94.0,12.586,5,5,5,44.658
19.91,6,33.775999999999996,49.555,43.023,60.618,118.395,121.199,65.2,55.1,29.6,99.6,67.0,88.2,95.7,88.0,94.4,91.0,94.0,13.531,5,5,5,44.855
19.93,6,33.456999999999994,50.153999999999996,43.084,61.838,118.37799999999999,121.184,65.2,55.1,29.6,99.6,67.0,88.2,95.7,88.0,94.4,91.0,94.0,12.623999999999999,5,5,5,45.007
19.95,6,33.510999999999996,49.836000000000006,43.146,64.226,118.236,121.06299999999999,65.2,55.1,29.6,99.6,67.0,88.2,95.7,88.0,94.4,91.0,94.0,13.387,5,5,5,45.186
19.97,6,33.674,49.972,43.001,60.257,118.18299999999999,121.06299999999999,65.2,55.1,29.6,99.6,67.0,88.2,95.7,88.0,94.4,91.05,94.0,12.58,5,5,5,45.34
19.99,6,33.453,49.886,42.976,61.816,118.165,121.01799999999999,65.2,55.1,29.6,99.6,67.0,88.2,95.7,88.0,94.4,91.116,94.0,13.272,5,5,5,45.510999999999996
20.01,6,33.405,49.641999999999996,43.096,59.756,118.059,120.913,65.2,55.1,29.6,99.6,67.0,88.2,95.7,88.0,94.4,91.153,94.0,12.787,5,5,5,45.696
20.03,6,33.326,49.753,43.025999999999996,61.339,117.97,120.898,65.2,55.1,29.6,99.6,67.0,88.2,95.7,88.0,94.4,91.173,94.0,13.128,5,5,5,45.849000000000004
20.05,6,33.480000000000004,49.718,42.963,61.113,118.023,120.837,65.2,55.1,29.6,99.6,67.0,88.2,95.7,88.0,94.4,91.185,94.087,12.697,5,5,5,46.025
20.07,6,33.355999999999995,49.419,43.121,63.68600000000001,118.023,120.792,65.2,55.1,29.6,99.6,67.0,88.2,95.7,88.0,94.4,91.192,94.137,13.013,5,5,5,46.173
20.09,6,33.163,49.373000000000005,42.92,64.786,117.988,120.807,65.2,55.1,29.6,99.6,67.0,88.2,95.7,88.0,94.4,91.195,94.164,12.815999999999999,5,5,5,46.296
20.11,6,33.128,49.165,42.869,60.562,118.005,120.671,65.2,55.1,29.6,99.6,67.0,88.2,95.7,88.0,94.4,91.197,94.18,13.024,5,5,5,46.446999999999996
20.13,6,32.967,49.318999999999996,42.689,62.486000000000004,117.934,120.596,65.2,55.1,29.6,99.6,67.0,88.2,95.7,88.0,94.4,91.199,94.189,12.875,5,5,5,46.614000000000004
20.15,6,32.5,49.185,42.893,64.963,117.809,120.611,65.2,55.1,29.6,99.6,67.0,88.2,95.7,88.0,94.4,91.199,94.194,12.856,5,5,5,46.76
20.17,6,32.221999999999994,49.47,42.781,62.83,117.774,120.596,65.2,55.1,29.6,99.6,67.0,88.2,95.7,88.0,94.4,91.2,94.196,12.754999999999999,5,5,5,46.917
20.19,6,32.432,48.69,43.056,59.11,117.738,120.48899999999999,65.2,55.1,29.6,99.6,67.0,88.2,95.7,88.0,94.4,91.2,94.19800000000001,12.912,5,5,5,47.04
20.21,6,32.730000000000004,48.565,42.861,65.126,117.595,120.322,65.2,55.1,29.6,99.6,67.0,88.2,95.7,88.0,94.4,91.2,94.199,12.764,5,5,5,47.2
20.23,6,32.985,49.375,42.661,60.558,117.559,120.322,65.2,55.1,29.6,99.6,67.0,88.2,95.7,88.0,94.4,91.2,94.199,12.863,5,5,5,47.343
20.25,6,32.638999999999996,49.045,42.715,65.44300000000001,117.57700000000001,120.277,65.2,55.1,29.6,99.6,67.0,88.2,95.7,88.0,94.4,91.2,94.2,12.787,5,5,5,47.473
20.27,6,33.18,48.869,42.632,64.08600000000001,117.559,120.292,65.2,55.1,29.6,99.6,67.0,88.2,95.7,88.0,94.4,91.2,94.2,12.843,5,5,5,47.611999999999995
20.29,6,31.983,48.575,42.611999999999995,62.797,117.505,120.094,65.2,55.1,29.6,99.6,67.0,88.2,95.7,88.0,94.4,91.2,94.2,12.9,5,5,5,47.755
20.31,6,32.301,48.63,42.95,64.47999999999999,117.37899999999999,120.155,65.2,55.1,29.6,99.6,67.0,88.2,95.7,88.0,94.4,91.2,94.2,12.417000000000002,5,5,5,47.861999999999995
20.33,6,32.831999999999994,48.65,42.666,63.019,117.235,120.20100000000001,65.2,55.1,29.6,99.6,67.0,88.2,95.7,88.0,94.4,91.2,94.2,13.171,5,5,5,48.008
20.35,6,32.412,48.093,42.626999999999995,65.18199999999999,117.271,119.98700000000001,65.2,55.1,29.6,99.6,67.0,88.2,95.7,88.0,94.4,91.2,94.2,12.128,5,5,5,48.141999999999996
20.37,6,31.521,48.166000000000004,42.55,66.844,117.145,120.109,65.2,55.1,29.6,99.6,67.0,88.2,95.7,88.0,94.4,91.2,94.2,13.289,5,5,5,48.245
20.39,6,32.159000000000006,48.387,42.742,63.281000000000006,117.145,120.06299999999999,65.2,55.1,29.6,99.6,67.0,88.2,95.7,88.0,94.4,91.2,94.2,12.152000000000001,5,5,5,48.408
20.41,6,32.158,47.663999999999994,42.638000000000005,64.78999999999999,117.181,119.926,65.2,55.1,29.6,99.6,67.0,88.2,95.7,88.0,94.4,91.2,94.2,13.306000000000001,5,5,5,48.524
20.43,6,32.152,48.071999999999996,42.692,63.552,117.036,119.91,65.2,55.1,29.6,99.6,67.0,88.2,95.7,88.0,94.4,91.2,94.2,12.08,5,5,5,48.679
20.45,6,31.715,48.29,42.461,65.233,116.963,119.788,65.2,55.1,29.6,99.6,67.0,88.2,95.7,88.0,94.4,91.2,94.2,13.459,5,5,5,48.764
20.47,6,32.157,47.82899999999999,42.546,66.96600000000001,116.90899999999999,119.88,65.2,55.1,29.6,99.6,67.0,88.2,95.7,88.0,94.4,91.2,94.2,12.193,5,5,5,48.907
20.49,6,31.699,47.843999999999994,42.504,64.97999999999999,116.891,119.711,65.2,55.1,29.6,99.6,67.0,88.2,95.7,88.0,94.4,91.2,94.2,13.447000000000001,5,5,5,49.033
20.51,6,31.264,48.111000000000004,42.666,64.501,116.836,119.68,65.2,55.1,29.6,99.6,67.0,88.2,95.7,88.0,94.4,91.2,94.2,12.207999999999998,5,5,5,49.166
20.53,6,31.543000000000003,47.406000000000006,42.319,63.35,116.76299999999999,119.726,65.2,55.1,29.6,99.6,67.0,88.2,95.7,88.0,94.4,91.2,94.2,12.617,5,5,5,49.274
20.55,6,31.767,48.049,42.455999999999996,64.021,116.69,119.573,65.2,55.1,29.6,99.6,67.0,88.2,95.7,88.0,94.4,91.2,94.2,12.472999999999999,5,5,5,49.383
20.57,6,31.371,47.556999999999995,42.326,65.441,116.709,119.68,65.2,55.1,29.6,99.6,67.0,88.2,95.7,88.0,94.4,91.2,94.2,12.674,5,5,5,49.527
20.59,6,31.284000000000002,47.648999999999994,42.431999999999995,65.918,116.56299999999999,119.465,65.2,55.1,29.6,99.6,67.0,88.2,95.7,88.0,94.4,91.2,94.2,12.133,5,5,5,49.637
20.61,6,31.561999999999998,47.552,42.246,63.223,116.59899999999999,119.49600000000001,65.2,55.1,29.6,99.6,67.0,88.2,95.7,88.0,94.4,91.2,94.2,11.881,5,5,5,49.787
20.63,6,31.903000000000002,47.63399999999999,42.312,63.756,116.508,119.51100000000001,65.1,55.1,29.5,99.5,66.9,88.2,95.7,88.0,94.4,91.2,94.2,12.388,5,5,5,49.912
20.65,6,31.066999999999997,47.988,42.327,63.92,116.48899999999999,119.40299999999999,65.1,55.1,29.5,99.5,66.9,88.2,95.7,88.0,94.4,91.2,94.2,11.482,5,5,5,49.999
20.67,6,31.414,47.828,42.439,67.687,116.361,119.23299999999999,65.1,55.1,29.5,99.5,66.9,88.2,95.7,88.0,94.4,91.2,94.2,11.151,5,5,5,50.15
20.69,6,31.611,47.397,42.088,63.611999999999995,116.361,119.35700000000001,65.1,55.1,29.5,99.5,66.9,88.2,95.7,88.0,94.4,91.2,94.2,11.437000000000001,5,5,5,50.234
20.71,6,31.677,48.157,42.481,64.779,116.45299999999999,119.38799999999999,65.1,55.1,29.5,99.5,66.9,88.2,95.7,88.0,94.4,91.2,94.2,10.843,5,5,5,50.361999999999995
20.73,6,30.999000000000002,47.802,42.181999999999995,65.968,116.287,119.279,65.1,55.1,29.5,99.5,66.9,88.2,95.7,88.0,94.4,91.2,94.2,10.302,5,5,5,50.473
20.75,6,31.311999999999998,47.426,42.468,64.561,116.361,119.155,65.1,55.1,29.5,99.5,66.9,88.25,95.7,88.0,94.4,91.2,94.2,10.576,5,5,5,50.579
20.77,6,31.281,47.247,42.198,67.821,116.361,119.264,65.1,55.1,29.5,99.5,66.9,88.316,95.7,88.0,94.4,91.2,94.2,10.616,5,5,5,50.681999999999995
20.79,6,30.93,47.531000000000006,42.535,67.886,116.23200000000001,119.295,65.1,55.1,29.5,99.5,66.9,88.35300000000001,95.7,88.0,94.4,91.2,94.2,9.703,5,5,5,50.766999999999996
20.81,6,30.616999999999997,47.74,42.265,65.78899999999999,116.01100000000001,119.186,65.1,55.1,29.5,99.5,66.9,88.373,95.7,88.0,94.4,91.2,94.2,10.272,5,5,5,50.866
20.83,6,31.275,47.448,42.238,67.155,115.881,119.07799999999999,65.1,55.1,29.5,99.5,66.9,88.385,95.7,88.0,94.4,91.2,94.2,10.418,5,5,5,50.946999999999996
20.85,6,30.66,47.254,42.345,65.763,115.992,119.06200000000001,65.1,55.1,29.5,99.5,66.9,88.392,95.7,88.0,94.4,91.2,94.2,10.39,5,5,5,51.047
20.87,6,30.945,47.806000000000004,42.211,68.03899999999999,115.863,119.0,65.1,55.1,29.5,99.5,66.9,88.395,95.7,88.0,94.4,91.2,94.2,10.036000000000001,5,5,5,51.119
20.89,6,30.588,47.263999999999996,42.137,71.01,115.77,118.829,65.1,55.1,29.5,99.5,66.9,88.39699999999999,95.7,88.0,94.4,91.2,94.2,10.525,5,5,5,51.228
20.91,6,31.151,47.199,42.218,67.717,115.77,118.876,65.1,55.1,29.5,99.5,66.9,88.398,95.7,88.0,94.4,91.2,94.2,9.942,5,5,5,51.336000000000006
20.93,6,31.029,47.156000000000006,42.033,67.166,115.807,118.751,65.1,55.1,29.5,99.5,66.9,88.399,95.7,88.0,94.4,91.2,94.2,9.799,5,5,5,51.405
20.95,6,30.831999999999997,47.41,42.225,66.691,115.73200000000001,118.76700000000001,65.1,55.1,29.5,99.5,66.9,88.4,95.7,88.0,94.4,91.2,94.2,10.494,5,5,5,51.501999999999995
20.97,6,30.413,46.948,42.107,68.252,115.583,118.876,65.1,55.1,29.5,99.5,66.9,88.4,95.7,88.0,94.4,91.2,94.2,9.899000000000001,5,5,5,51.597
20.99,6,30.923000000000002,46.778,42.196999999999996,69.2,115.565,118.67299999999999,65.1,55.1,29.5,99.5,66.9,88.4,95.7,88.0,94.4,91.2,94.2,9.507,5,5,5,51.696000000000005
21.01,6,30.403000000000002,46.802,41.937,68.054,115.677,118.736,65.1,55.1,29.5,99.5,66.9,88.4,95.7,88.0,94.4,91.2,94.2,9.887,5,5,5,51.813
21.03,6,30.338,46.838,42.245,68.075,115.565,118.689,65.1,55.1,29.5,99.5,66.9,88.4,95.7,88.0,94.4,91.2,94.2,9.917,5,5,5,51.891999999999996
21.05,6,30.101999999999997,46.748999999999995,42.260999999999996,67.84700000000001,115.565,118.501,65.1,55.1,29.5,99.5,66.9,88.4,95.7,88.0,94.4,91.2,94.2,9.045,5,5,5,51.998000000000005
21.07,6,30.314,46.681000000000004,42.497,67.195,115.45299999999999,118.67299999999999,65.1,55.1,29.5,99.5,66.9,88.4,95.7,88.0,94.4,91.2,94.2,9.769,5,5,5,52.108000000000004
21.09,6,30.259,46.934,42.148,70.561,115.45299999999999,118.54799999999999,65.1,55.1,29.5,99.5,66.9,88.4,95.7,88.0,94.4,91.2,94.2,10.182,5,5,5,52.233999999999995
21.11,6,30.364,46.643,42.216,69.956,115.34,118.485,65.1,55.1,29.5,99.5,66.9,88.4,95.7,88.0,94.469,91.2,94.2,9.591000000000001,5,5,5,52.371
21.13,6,29.898000000000003,46.583999999999996,42.025999999999996,68.28399999999999,115.19,118.36,65.1,55.1,29.5,99.5,66.9,88.4,95.7,88.0,94.52600000000001,91.2,94.2,9.748999999999999,5,5,5,52.478
21.15,6,29.831,47.251000000000005,42.092,68.687,115.28399999999999,118.485,65.1,55.1,29.5,99.5,66.9,88.4,95.7,88.0,94.558,91.2,94.2,10.329,5,5,5,52.621
21.17,6,30.234,46.858999999999995,41.951,67.564,115.209,118.40700000000001,65.1,55.1,29.5,99.5,66.9,88.4,95.7,88.0,94.577,91.2,94.2,9.824,5,5,5,52.77
21.19,6,30.068,46.181000000000004,42.259,71.65,115.152,118.29700000000001,65.1,55.1,29.5,99.5,66.9,88.4,95.7,88.0,94.587,91.2,94.2,9.612,5,5,5,52.888999999999996
21.21,6,29.674,46.371,42.275,70.028,115.171,118.281,65.1,55.1,29.5,99.5,66.9,88.4,95.7,88.0,94.593,91.2,94.2,10.432,5,5,5,53.034
21.23,6,29.908,46.989,42.071999999999996,69.584,115.209,118.266,65.1,55.1,29.5,99.5,66.9,88.4,95.7,88.0,94.596,91.2,94.2,9.908000000000001,5,5,5,53.191
21.25,6,29.886999999999997,46.348,42.023,70.60300000000001,114.964,118.14,65.1,55.1,29.5,99.5,66.9,88.4,95.7,88.0,94.598,91.2,94.2,9.487,5,5,5,53.3
21.27,6,29.544,46.595,42.113,68.575,114.945,118.20299999999999,65.1,55.1,29.5,99.5,66.9,88.4,95.7,88.0,94.59899999999999,91.2,94.2,9.754,5,5,5,53.483999999999995
21.29,6,29.497,46.626999999999995,41.977,70.834,114.85,118.25,65.1,55.1,29.5,99.5,66.9,88.4,95.7,88.0,94.59899999999999,91.2,94.2,9.794,5,5,5,53.61
21.31,6,29.18,46.3,42.086999999999996,73.17399999999999,114.869,118.045,65.1,55.1,29.5,99.5,66.9,88.4,95.7,88.0,94.6,91.2,94.2,8.995000000000001,5,5,5,53.794
21.33,6,29.513,46.247,42.088,69.10600000000001,114.756,118.045,65.1,55.1,29.5,99.5,66.9,88.4,95.7,88.0,94.6,91.2,94.2,9.596,5,5,5,53.973
21.35,6,29.406999999999996,45.98,42.045,70.293,114.869,117.96600000000001,65.1,55.1,29.5,99.5,66.9,88.4,95.7,88.0,94.6,91.2,94.2,9.86,5,5,5,54.123999999999995
21.37,6,29.163,46.488,41.83,69.288,114.68,117.96600000000001,65.1,55.1,29.5,99.5,66.9,88.4,95.7,88.0,94.6,91.2,94.2,9.213000000000001,5,5,5,54.3
21.39,6,29.285999999999998,46.26,41.99,70.959,114.62299999999999,117.855,65.1,55.1,29.5,99.5,66.9,88.4,95.7,88.0,94.6,91.2,94.2,9.809999999999999,5,5,5,54.433
21.41,6,29.086,46.471000000000004,42.209,73.69,114.527,117.87100000000001,65.1,55.1,29.5,99.5,66.9,88.4,95.7,88.0,94.6,91.2,94.2,10.303,5,5,5,54.63399999999999
21.43,6,29.654,46.034,42.045,70.671,114.584,117.80799999999999,65.1,55.1,29.5,99.5,66.9,88.4,95.7,88.0,94.6,91.2,94.2,9.639,5,5,5,54.836999999999996
21.45,6,29.2,46.305,42.001,70.237,114.413,117.728,65.1,55.1,29.5,99.5,66.9,88.4,95.7,88.0,94.6,91.2,94.2,9.575,5,5,5,54.968
21.47,6,28.956,46.184,42.135999999999996,69.184,114.432,117.681,65.1,55.1,29.5,99.5,66.9,88.4,95.7,88.0,94.6,91.2,94.2,10.367,5,5,5,55.133
21.49,6,28.752,46.177,41.938,70.086,114.375,117.633,65.1,55.1,29.5,99.5,66.9,88.4,95.7,88.0,94.6,91.2,94.2,9.637,5,5,5,55.286
21.51,6,29.377,46.288000000000004,42.038000000000004,73.072,114.31700000000001,117.585,65.1,55.1,29.5,99.5,66.9,88.4,95.7,88.0,94.6,91.2,94.2,9.383,5,5,5,55.463
21.53,6,29.441,45.806999999999995,41.698,71.678,114.221,117.553,65.1,55.1,29.5,99.5,66.9,88.4,95.7,88.0,94.6,91.2,94.2,9.567,5,5,5,55.621
21.55,6,28.723000000000003,45.815,42.1,69.67699999999999,114.26,117.37799999999999,65.1,55.1,29.5,99.5,66.9,88.4,95.7,88.0,94.6,91.2,94.2,9.618,5,5,5,55.792
21.57,6,28.886,46.148,41.981,69.937,114.125,117.522,65.1,55.1,29.5,99.5,66.9,88.4,95.7,88.0,94.6,91.2,94.2,9.678999999999998,5,5,5,55.955
21.59,6,28.642,45.749,41.793,68.77799999999999,114.10600000000001,117.47399999999999,65.1,55.1,29.5,99.5,66.9,88.4,95.7,88.0,94.6,91.2,94.2,8.97,5,5,5,56.14
21.61,6,28.958000000000002,45.449,41.92,73.117,114.125,117.49,65.1,55.1,29.5,99.5,66.9,88.4,95.7,88.0,94.6,91.2,94.2,9.716999999999999,5,5,5,56.299
21.63,6,29.002,45.622,41.873000000000005,71.72800000000001,114.06700000000001,117.314,65.1,55.1,29.5,99.5,66.9,88.4,95.7,88.0,94.6,91.2,94.2,9.854,5,5,5,56.458999999999996
21.65,6,28.61,46.301,41.913000000000004,71.09899999999999,114.01,117.33,65.1,55.1,29.5,99.5,66.9,88.4,95.7,88.0,94.6,91.2,94.2,8.879,5,5,5,56.638999999999996
21.67,6,28.746,46.093999999999994,42.118,71.369,114.029,117.346,65.1,55.1,29.5,99.5,66.9,88.4,95.7,88.0,94.6,91.2,94.2,9.658000000000001,5,5,5,56.8
21.69,6,28.691999999999997,45.641,41.793,69.255,113.913,117.21799999999999,65.1,55.1,29.5,99.5,66.9,88.4,95.78699999999999,88.0,94.6,91.2,94.2,9.846,5,5,5,56.96
21.71,6,28.322,45.35,41.833,73.002,113.971,117.25,65.1,55.1,29.5,99.5,66.9,88.4,95.837,88.0,94.6,91.2,94.2,8.881,5,5,5,57.147
21.73,6,28.644000000000002,45.785,41.692,73.27199999999999,113.855,117.17,65.1,55.1,29.5,99.5,66.9,88.4,95.86399999999999,88.0,94.6,91.2,94.2,9.828,5,5,5,57.315
21.75,6,28.383000000000003,45.81,41.802,71.377,113.855,117.10600000000001,65.1,55.1,29.5,99.5,66.9,88.4,95.88,88.0,94.6,91.2,94.2,9.92,5,5,5,57.468
21.77,6,28.08,45.518,41.801,71.858,113.81700000000001,117.05799999999999,65.1,55.1,29.5,99.5,66.9,88.4,95.889,88.0,94.6,91.2,94.2,8.952,5,5,5,57.656000000000006
21.79,6,28.799,45.552,41.864000000000004,70.708,113.758,117.17,65.1,55.1,29.5,99.5,66.9,88.4,95.89399999999999,88.0,94.6,91.2,94.2,9.785,5,5,5,57.818000000000005
21.81,6,28.448,45.167,41.662,72.78,113.72,116.994,65.1,55.1,29.5,99.5,66.9,88.4,95.896,88.0,94.6,91.2,94.2,10.146,5,5,5,57.992
21.83,6,28.175,45.273,41.96,75.75399999999999,113.758,117.01,65.1,55.1,29.5,99.5,66.9,88.4,95.898,88.0,94.6,91.2,94.2,9.081,5,5,5,58.184
21.85,6,28.171999999999997,45.725,41.924,72.312,113.564,116.897,65.1,55.1,29.5,99.5,66.9,88.4,95.899,88.0,94.6,91.2,94.2,9.751999999999999,5,5,5,58.37
21.87,6,27.9,45.813,41.71,71.479,113.603,116.833,65.1,55.1,29.5,99.5,66.9,88.4,95.899,88.0,94.6,91.2,94.2,10.309000000000001,5,5,5,58.581
21.89,6,27.976,45.1,41.871,71.253,113.64200000000001,116.897,65.1,55.1,29.5,99.5,66.9,88.4,95.9,88.0,94.6,91.2,94.2,9.593,5,5,5,58.722
21.91,6,27.914,44.872,42.145,71.771,113.525,116.833,65.1,55.1,29.5,99.5,66.9,88.4,95.9,88.0,94.6,91.2,94.2,9.71,5,5,5,58.935
21.93,6,28.535,45.468,41.897,74.399,113.369,116.60600000000001,65.1,55.1,29.5,99.5,66.9,88.4,95.9,88.0,94.6,91.2,94.2,10.267,5,5,5,59.108000000000004
21.95,6,28.061,45.601,41.758,72.195,113.564,116.59,65.1,55.1,29.5,99.5,66.9,88.4,95.9,88.0,94.6,91.2,94.2,9.846,5,5,5,59.261
21.97,6,28.131999999999998,44.746,41.735,72.126,113.35,116.655,65.1,55.1,29.5,99.5,66.9,88.4,95.9,88.0,94.6,91.2,94.2,9.687000000000001,5,5,5,59.44
21.99,6,28.065,45.623000000000005,41.691,70.858,113.40799999999999,116.60600000000001,65.1,55.1,29.5,99.5,66.9,88.4,95.9,88.0,94.6,91.2,94.2,10.367,5,5,5,59.61
22.01,6,27.843000000000004,44.944,41.749,71.069,113.311,116.542,65.1,55.1,29.5,99.5,66.9,88.4,95.9,88.0,94.6,91.2,94.2,9.836,5,5,5,59.771
22.03,6,27.726,45.503,41.676,74.764,113.40799999999999,116.639,65.1,55.1,29.5,99.5,66.9,88.4,95.9,88.0,94.6,91.2,94.2,9.666,5,5,5,59.935
22.05,6,27.426,45.0,41.876999999999995,72.658,113.271,116.477,65.1,55.1,29.5,99.5,66.9,88.4,95.9,88.0,94.6,91.2,94.2,10.463999999999999,5,5,5,60.126000000000005
22.07,6,27.094,45.336999999999996,41.87,71.204,113.17299999999999,116.461,65.1,55.1,29.5,99.5,66.9,88.4,95.9,88.0,94.6,91.2,94.2,9.663,5,5,5,60.288000000000004
22.09,6,27.39,45.317,41.494,72.15,113.036,116.34700000000001,65.1,55.1,29.5,99.5,66.9,88.4,95.9,88.0,94.6,91.2,94.2,9.636,5,5,5,60.485
22.11,6,27.473000000000003,45.296,41.763000000000005,69.499,113.075,116.37899999999999,65.1,55.1,29.5,99.5,66.9,88.4,95.9,88.0,94.6,91.2,94.2,10.475,5,5,5,60.685
22.13,6,27.61,45.154,41.781,74.086,112.977,116.34700000000001,65.1,55.1,29.5,99.5,66.9,88.4,95.9,88.0,94.6,91.2,94.2,9.652000000000001,5,5,5,60.849
22.15,6,27.464000000000002,45.074,41.735,72.66,113.115,116.363,65.1,55.1,29.5,99.5,66.9,88.4,95.9,88.0,94.6,91.2,94.2,9.649000000000001,5,5,5,61.02
22.17,6,27.599,45.260999999999996,41.555,71.643,112.95700000000001,116.21700000000001,65.1,55.1,29.5,99.5,66.9,88.4,95.9,88.0,94.6,91.2,94.2,10.574,5,5,5,61.208
22.19,6,27.259,45.111999999999995,41.668,72.91,113.134,116.2,65.1,55.1,29.5,99.5,66.9,88.4,95.9,88.0,94.6,91.2,94.2,9.553999999999998,5,5,5,61.365
22.21,6,27.434,44.448,41.559,70.852,112.95700000000001,116.29799999999999,65.1,55.1,29.5,99.5,66.9,88.4,95.9,88.0,94.6,91.2,94.2,9.527000000000001,5,5,5,61.528
22.23,6,27.656,44.759,41.681,73.611,112.898,116.21700000000001,65.1,55.1,29.5,99.5,66.9,88.4,95.9,88.0,94.6,91.2,94.2,10.454,5,5,5,61.708999999999996
22.25,6,27.322,45.121,41.513000000000005,75.77600000000001,112.839,116.184,65.1,55.1,29.5,99.5,66.9,88.4,95.9,88.0,94.6,91.2,94.2,9.673,5,5,5,61.903
22.27,6,27.313000000000002,44.742,41.626999999999995,73.307,112.779,116.135,65.1,55.1,29.5,99.5,66.9,88.4,95.9,88.0,94.6,91.2,94.2,9.455,5,5,5,62.07
22.29,6,27.11,45.213,41.723,71.84899999999999,112.779,116.15100000000001,65.1,55.1,29.5,99.5,66.9,88.4,95.9,88.0,94.6,91.2,94.2,10.062000000000001,5,5,5,62.263999999999996
22.31,6,26.76,44.711,41.611,71.846,112.759,116.00399999999999,65.1,55.1,29.5,99.5,66.9,88.4,95.9,88.0,94.6,91.2,94.2,9.783999999999999,5,5,5,62.43600000000001
22.33,6,27.103,44.209,41.734,73.49600000000001,112.7,115.988,65.1,55.1,29.5,99.5,66.9,88.4,95.9,88.0,94.6,91.2,94.2,9.286000000000001,5,5,5,62.638999999999996
22.35,6,26.529,44.845,41.631,75.86,112.7,115.97200000000001,65.1,55.1,29.5,99.5,66.9,88.4,95.9,88.0,94.6,91.2,94.2,9.786000000000001,5,5,5,62.801
22.37,6,26.945,44.655,41.408,73.37100000000001,112.62100000000001,116.021,65.1,55.1,29.5,99.5,66.9,88.4,95.9,88.0,94.6,91.2,94.2,9.934999999999999,5,5,5,62.998000000000005
22.39,6,27.211,44.681,41.434,72.36399999999999,112.74,115.87299999999999,65.1,55.1,29.5,99.5,66.9,88.4,95.9,88.0,94.6,91.2,94.2,9.3,5,5,5,63.193000000000005
22.41,6,27.188000000000002,44.053000000000004,41.358000000000004,71.03399999999999,112.64,115.939,65.1,55.1,29.5,99.5,66.9,88.4,95.9,88.0,94.6,91.2,94.2,9.741,5,5,5,63.368
22.43,6,26.987,44.678000000000004,41.558,72.081,112.501,115.726,65.1,55.1,29.5,99.5,66.9,88.4,95.9,88.0,94.6,91.2,94.2,9.751000000000001,5,5,5,63.543
22.45,6,26.386999999999997,44.327,41.405,75.25399999999999,112.382,115.824,65.1,55.1,29.5,99.5,66.9,88.4,95.9,88.0,94.6,91.2,94.2,9.152000000000001,5,5,5,63.727
22.47,6,26.773000000000003,44.055,41.504,72.788,112.42200000000001,115.80799999999999,65.1,55.1,29.5,99.5,66.9,88.4,95.9,88.0,94.6,91.2,94.2,9.687999999999999,5,5,5,63.903
22.49,6,26.693,44.539,41.58,71.763,112.521,115.62700000000001,65.1,55.1,29.5,99.5,66.9,88.4,95.9,88.0,94.6,91.2,94.2,9.957,5,5,5,64.053
22.51,6,26.921999999999997,44.19,41.387,71.663,112.322,115.64299999999999,65.1,55.1,29.5,99.5,66.9,88.4,95.9,88.0,94.6,91.2,94.2,9.079,5,5,5,64.25399999999999
22.53,6,26.503,44.493,41.514,70.57,112.42200000000001,115.594,65.1,55.1,29.5,99.5,66.9,88.4,95.9,88.087,94.6,91.2,94.2,9.844999999999999,5,5,5,64.423
22.55,6,26.586,44.295,41.565,75.301,112.22200000000001,115.561,65.1,55.1,29.5,99.5,66.9,88.4,95.9,88.137,94.6,91.2,94.2,10.434999999999999,5,5,5,64.608
22.57,6,26.704,44.498000000000005,41.522,73.024,112.22200000000001,115.693,65.1,55.1,29.5,99.5,66.9,88.4,95.9,88.164,94.6,91.2,94.2,9.888,5,5,5,64.745
22.59,6,25.820999999999998,44.036,41.548,71.872,112.20200000000001,115.412,65.1,55.1,29.5,99.5,66.9,88.4,95.9,88.18,94.6,91.2,94.2,9.907,5,5,5,64.955
22.61,6,26.430999999999997,43.994,41.569,72.15899999999999,112.302,115.52799999999999,65.1,55.1,29.5,99.5,66.9,88.4,95.9,88.189,94.6,91.2,94.2,10.207999999999998,5,5,5,65.141
22.63,6,25.932,43.896,41.643,68.994,112.141,115.462,65.0,55.0,29.5,99.4,66.7,88.4,95.9,88.194,94.6,91.2,94.2,9.338000000000001,5,5,5,65.305
22.65,6,25.868000000000002,43.760999999999996,41.415,73.46300000000001,112.061,115.462,65.0,55.0,29.5,99.4,66.7,88.4,95.9,88.196,94.6,91.2,94.2,9.876000000000001,5,5,5,65.468
22.67,6,26.155,44.295,41.591,72.469,112.081,115.429,65.0,55.0,29.5,99.4,66.7,88.4,95.9,88.19800000000001,94.6,91.2,94.2,10.123999999999999,5,5,5,65.65100000000001
22.69,6,26.294,43.786,41.459,70.32600000000001,111.94,115.363,65.0,55.0,29.5,99.4,66.7,88.4,95.9,88.199,94.6,91.2,94.2,9.286000000000001,5,5,5,65.829
22.71,6,26.379,44.558,41.398,72.402,111.819,115.31299999999999,65.0,55.0,29.5,99.4,66.7,88.4,95.9,88.199,94.6,91.2,94.2,9.928,5,5,5,66.002
22.73,6,26.324,43.978,41.35,70.697,111.88,115.478,65.0,55.0,29.5,99.4,66.7,88.4,95.9,88.2,94.6,91.2,94.2,10.232,5,5,5,66.19300000000001
22.75,6,26.275,43.528,41.473,73.157,111.94,115.412,65.0,55.0,29.5,99.4,66.7,88.4,95.9,88.2,94.6,91.2,94.2,9.516,5,5,5,66.364
22.77,6,25.854,43.900999999999996,41.37,75.48100000000001,111.86,115.164,65.0,55.0,29.5,99.4,66.7,88.4,95.9,88.2,94.6,91.2,94.2,10.326,5,5,5,66.53399999999999
22.79,6,25.708000000000002,43.948,41.471,73.741,111.86,115.197,65.0,55.0,29.5,99.4,66.7,88.4,95.9,88.2,94.6,91.2,94.2,10.117,5,5,5,66.709
22.81,6,25.859,43.879,41.368,72.26,111.94,115.28,65.0,55.0,29.5,99.4,66.7,88.4,95.9,88.2,94.6,91.2,94.2,9.828,5,5,5,66.9
22.83,6,26.084,43.351,41.306999999999995,70.954,111.65700000000001,115.23,65.0,55.0,29.5,99.4,66.7,88.4,95.9,88.2,94.6,91.2,94.2,10.793,5,5,5,67.10499999999999
22.85,6,25.382,43.814,41.429,72.278,111.79899999999999,115.213,65.0,55.0,29.5,99.4,66.7,88.4,95.9,88.2,94.6,91.2,94.2,10.0,5,5,5,67.285
22.87,6,25.901999999999997,43.196999999999996,41.306,74.696,111.698,114.98100000000001,65.0,55.0,29.5,99.4,66.7,88.4,95.9,88.2,94.6,91.2,94.2,9.936,5,5,5,67.46000000000001
22.89,6,25.829,43.596,41.199,71.633,111.57600000000001,114.99700000000001,65.0,55.0,29.5,99.4,66.7,88.4,95.9,88.2,94.6,91.2,94.2,10.787,5,5,5,67.66399999999999
22.91,6,25.781999999999996,42.874,41.41,72.08,111.596,115.04700000000001,65.0,55.0,29.5,99.4,66.7,88.4,95.9,88.2,94.6,91.2,94.2,10.02,5,5,5,67.83600000000001
22.93,6,26.021,43.372,41.121,70.54,111.535,114.964,65.0,55.0,29.5,99.4,66.7,88.4,95.9,88.2,94.6,91.2,94.2,10.17,5,5,5,68.03
22.95,6,25.583000000000002,43.584,41.431,71.497,111.494,114.98100000000001,65.0,55.0,29.5,99.4,66.7,88.4,95.9,88.2,94.6,91.2,94.2,10.600999999999999,5,5,5,68.19800000000001
22.97,6,25.347,43.61,41.409,75.65899999999999,111.596,114.931,65.0,55.0,29.5,99.4,66.7,88.4,95.9,88.2,94.6,91.2,94.2,9.513,5,5,5,68.405
22.99,6,25.683000000000003,43.814,41.321999999999996,73.556,111.535,114.914,65.0,55.0,29.5,99.4,66.7,88.4,95.9,88.2,94.6,91.2,94.2,10.136,5,5,5,68.582
23.01,6,25.452,43.484,41.236,71.559,111.27,114.931,65.0,55.0,29.5,99.4,66.7,88.4,95.9,88.2,94.6,91.2,94.2,10.496,5,5,5,68.77000000000001
23.03,6,25.430999999999997,42.941,41.482,72.393,111.413,114.897,65.0,55.0,29.5,99.4,66.7,88.4,95.9,88.2,94.6,91.2,94.2,9.436,5,5,5,68.94300000000001
23.05,6,25.092,42.905,41.506,70.074,111.249,114.814,65.0,55.0,29.5,99.4,66.7,88.4,95.9,88.2,94.6,91.2,94.2,10.373,5,5,5,69.128
23.07,6,25.607,42.942,41.272,74.547,111.331,114.79700000000001,65.0,55.0,29.5,99.4,66.7,88.4,95.9,88.2,94.6,91.2,94.2,10.355,5,5,5,69.30699999999999
23.09,6,25.069000000000003,43.122,41.266999999999996,73.134,111.37200000000001,114.84700000000001,65.0,55.0,29.5,99.4,66.7,88.4,95.9,88.2,94.6,91.2,94.2,9.684999999999999,5,5,5,69.47399999999999
23.11,6,25.169,43.198,41.489000000000004,71.865,111.167,114.74700000000001,65.0,55.0,29.5,99.4,66.7,88.4,95.9,88.2,94.6,91.2,94.2,10.551,5,5,5,69.67
23.13,6,25.076,43.278,41.347,72.47399999999999,111.229,114.78,65.0,55.0,29.5,99.4,66.7,88.4,95.9,88.2,94.6,91.2,94.2,10.357,5,5,5,69.826
23.15,6,25.128,42.856,41.082,69.652,111.18799999999999,114.713,65.0,55.0,29.5,99.4,66.7,88.4,95.9,88.2,94.6,91.2,94.2,9.975,5,5,5,70.013
23.17,6,25.317999999999998,42.885999999999996,41.2,72.55199999999999,111.208,114.646,65.0,55.0,29.5,99.4,66.7,88.4,95.9,88.2,94.6,91.2,94.2,11.096,5,5,5,70.202
23.19,6,25.237000000000002,43.23,41.315,73.443,111.249,114.596,65.0,55.0,29.5,99.4,66.7,88.4,95.9,88.2,94.6,91.2,94.2,10.440000000000001,5,5,5,70.392
23.21,6,24.914,43.358000000000004,41.132,70.51,111.208,114.36,65.0,55.0,29.5,99.4,66.7,88.4,95.9,88.2,94.6,91.2,94.2,10.111,5,5,5,70.57
23.23,6,24.792,42.874,41.321,72.01899999999999,111.10600000000001,114.646,65.0,55.0,29.5,99.4,66.7,88.4,95.9,88.2,94.6,91.2,94.2,11.01,5,5,5,70.752
23.25,6,24.794,42.926,41.204,70.933,110.9,114.579,65.0,55.0,29.5,99.4,66.7,88.4,95.9,88.2,94.6,91.2,94.2,10.24,5,5,5,70.93100000000001
23.27,6,24.677,42.945,41.33,72.229,110.921,114.37700000000001,65.0,55.0,29.5,99.4,66.7,88.4,95.9,88.2,94.6,91.2,94.2,10.207,5,5,5,71.125
23.29,6,24.83,42.881,41.14,75.572,110.9,114.428,65.0,55.0,29.5,99.4,66.7,88.4,95.9,88.2,94.6,91.2,94.2,10.606,5,5,5,71.31899999999999
23.31,6,24.561,43.382,41.387,73.377,110.87899999999999,114.445,65.0,55.0,29.5,99.4,66.7,88.4,95.9,88.2,94.6,91.2,94.2,9.587,5,5,5,71.501
23.33,6,24.96,42.153,41.192,72.81,110.9,114.411,65.0,55.0,29.5,99.4,66.7,88.4,95.9,88.2,94.6,91.2,94.2,10.166,5,5,5,71.697
23.35,6,24.518,43.326,41.203,71.083,110.77600000000001,114.175,65.0,55.0,29.5,99.4,66.7,88.4,95.9,88.2,94.6,91.2,94.2,10.489,5,5,5,71.87899999999999
23.37,6,24.4,43.023,41.215,72.277,110.693,114.36,65.0,55.0,29.5,99.4,66.7,88.4,95.9,88.2,94.6,91.2,94.2,9.36,5,5,5,72.079
23.39,6,24.781,42.181,41.055,74.908,110.631,114.191,65.0,55.0,29.5,99.4,66.7,88.4,95.9,88.2,94.6,91.2,94.2,10.198,5,5,5,72.261
23.41,6,24.746,42.803000000000004,41.146,72.117,110.61,114.225,65.0,55.0,29.5,99.4,66.7,88.4,95.9,88.2,94.6,91.2,94.2,10.341000000000001,5,5,5,72.457
23.43,6,24.544,42.967,41.148,72.48100000000001,110.61,114.124,65.0,55.0,29.5,99.4,66.7,88.4,95.9,88.2,94.6,91.2,94.2,9.681000000000001,5,5,5,72.671
23.45,6,24.267,42.516999999999996,41.285,71.074,110.652,114.056,65.0,55.0,29.5,99.4,66.7,88.4,95.9,88.2,94.6,91.2,94.2,10.478,5,5,5,72.877
23.47,6,24.142,41.791,41.253,70.77199999999999,110.506,114.10700000000001,65.0,55.0,29.5,99.4,66.7,88.4,95.9,88.2,94.6,91.2,94.2,10.276,5,5,5,73.05
23.49,6,24.303,43.071999999999996,41.246,75.76899999999999,110.527,114.208,65.0,55.0,29.5,99.4,66.7,88.4,95.9,88.2,94.6,91.2,94.2,9.856,5,5,5,73.287
23.51,6,24.547,42.501999999999995,41.177,73.854,110.464,113.954,65.0,55.0,29.5,99.4,66.7,88.4,95.9,88.2,94.6,91.2,94.2,10.456,5,5,5,73.463
23.53,6,24.878,42.554,41.143,71.182,110.61,113.92,65.0,55.0,29.5,99.4,66.7,88.4,95.9,88.2,94.6,91.2,94.2,10.17,5,5,5,73.648
23.55,6,24.043,42.125,41.012,72.997,110.506,113.988,65.0,55.0,29.5,99.4,66.7,88.4,95.9,88.2,94.6,91.2,94.2,10.492999999999999,5,5,5,73.85300000000001
23.57,6,24.176,42.07,41.24,69.59899999999999,110.485,114.10700000000001,65.0,55.0,29.5,99.4,66.7,88.4,95.9,88.2,94.6,91.2,94.2,9.695,5,5,5,74.048
23.59,6,24.158,42.045,41.387,73.693,110.339,113.971,65.0,55.0,29.5,99.4,66.7,88.4,95.9,88.2,94.6,91.2,94.2,10.738,5,5,5,74.274
23.61,6,23.933,42.378,41.084,72.555,110.381,113.971,65.0,55.0,29.5,99.4,66.7,88.4,95.9,88.2,94.6,91.2,94.2,10.482,5,5,5,74.485
23.63,6,24.250999999999998,42.382,41.258,71.09,110.42299999999999,113.73299999999999,65.0,55.0,29.5,99.4,66.7,88.4,95.9,88.2,94.6,91.2,94.2,10.100999999999999,5,5,5,74.691
23.65,6,23.97,41.861,41.111,71.97,110.255,113.76700000000001,65.0,55.0,29.5,99.4,66.7,88.4,95.9,88.2,94.6,91.2,94.2,11.001000000000001,5,5,5,74.916
23.67,6,24.055999999999997,42.11,41.076,69.919,110.234,113.73299999999999,65.0,55.0,29.5,99.4,66.7,88.4,95.9,88.2,94.6,91.2,94.2,10.332,5,5,5,75.128
23.69,6,23.699,41.53,41.294000000000004,72.21600000000001,110.213,113.801,65.0,55.0,29.5,99.4,66.7,88.4,95.9,88.2,94.6,91.2,94.2,10.309000000000001,5,5,5,75.35
23.71,6,24.217,42.681,41.239000000000004,75.105,110.15,113.596,65.0,55.0,29.5,99.4,66.7,88.4,95.9,88.2,94.6,91.2,94.2,10.690999999999999,5,5,5,75.60300000000001
23.73,6,23.668,42.010999999999996,41.157,71.419,110.10799999999999,113.52799999999999,65.0,55.0,29.5,99.4,66.7,88.4,95.9,88.2,94.6,91.2,94.2,9.687999999999999,5,5,5,75.844
23.75,6,24.386,41.545,41.17,70.77199999999999,110.19200000000001,113.75,65.0,55.0,29.5,99.4,66.7,88.4,95.9,88.2,94.6,91.2,94.2,10.449,5,5,5,76.06
23.77,6,23.5,41.792,41.303000000000004,71.025,109.94,113.56200000000001,65.0,55.0,29.5,99.4,66.7,88.4,95.9,88.2,94.6,91.2,94.2,10.318,5,5,5,76.306
23.79,6,24.171,41.945,40.946999999999996,71.90899999999999,110.19200000000001,113.545,65.0,55.0,29.5,99.4,66.7,88.4,95.9,88.2,94.6,91.2,94.2,10.042,5,5,5,76.49600000000001
23.81,6,23.419,41.579,40.997,73.69800000000001,109.94,113.71600000000001,65.0,55.0,29.5,99.4,66.7,88.4,95.9,88.2,94.6,91.2,94.2,11.172999999999998,5,5,5,76.723
23.83,6,23.247,41.664,41.266,73.12899999999999,110.00299999999999,113.56200000000001,65.0,55.0,29.5,99.4,66.7,88.4,95.9,88.2,94.6,91.2,94.2,10.344,5,5,5,76.925
23.85,6,23.527,42.154,41.178000000000004,71.887,110.10799999999999,113.476,65.0,55.0,29.5,99.4,66.7,88.4,95.9,88.2,94.6,91.2,94.2,10.289,5,5,5,77.143
23.87,6,23.604,42.109,40.791,70.311,109.75,113.579,65.0,55.0,29.5,99.4,66.7,88.4,95.9,88.2,94.6,91.2,94.2,11.04,5,5,5,77.327
23.89,6,23.147000000000002,41.783,41.141999999999996,71.48899999999999,109.919,113.44200000000001,65.0,55.0,29.5,99.4,66.7,88.4,95.9,88.2,94.6,91.2,94.2,9.761,5,5,5,77.564
23.91,6,23.434,42.260999999999996,41.266,74.706,110.00299999999999,113.56200000000001,65.0,55.0,29.5,99.4,66.7,88.4,95.9,88.2,94.6,91.2,94.2,10.377,5,5,5,77.749
23.93,6,23.515,41.851,41.006,72.679,109.771,113.40700000000001,65.0,55.0,29.5,99.4,66.7,88.4,95.9,88.2,94.6,91.2,94.2,10.604,5,5,5,77.944
23.95,6,23.923,41.59,40.946,71.535,109.81299999999999,113.184,65.0,55.0,29.5,99.4,66.7,88.4,95.9,88.2,94.6,91.2,94.2,10.106,5,5,5,78.149
23.97,6,23.288,41.446,40.969,71.882,109.70700000000001,113.37299999999999,65.0,55.0,29.5,99.4,66.7,88.4,95.9,88.2,94.6,91.2,94.2,11.18,5,5,5,78.35600000000001
23.99,6,22.996,41.918,41.147,69.988,109.62200000000001,113.21799999999999,65.0,55.0,29.5,99.4,66.7,88.4,95.9,88.2,94.6,91.2,94.2,10.827000000000002,5,5,5,78.528
24.01,6,22.945,41.427,40.917,74.794,109.686,113.25299999999999,65.0,55.0,29.5,99.4,66.7,88.4,95.9,88.2,94.6,91.2,94.2,10.459,5,5,5,78.726
24.03,6,23.749000000000002,41.282,41.068000000000005,73.443,109.55799999999999,113.235,65.0,55.0,29.5,99.4,66.7,88.4,95.9,88.2,94.6,91.2,94.2,11.174,5,5,5,78.926
24.05,6,23.073,41.945,40.916,71.98100000000001,109.516,113.132,65.0,55.0,29.5,99.4,66.7,88.4,95.9,88.2,94.6,91.2,94.2,10.015,5,5,5,79.09100000000001
24.07,6,23.15,41.804,40.911,72.971,109.64299999999999,113.21799999999999,65.0,55.0,29.5,99.4,66.7,88.4,95.9,88.2,94.6,91.2,94.2,10.603,5,5,5,79.268
24.09,6,22.962,41.403,40.91,69.74600000000001,109.58,113.02799999999999,65.0,55.0,29.5,99.4,66.7,88.4,95.9,88.2,94.6,91.2,94.2,10.79,5,5,5,79.445
24.11,6,23.102,41.39,40.866,73.128,109.58,113.184,65.0,55.0,29.5,99.4,66.7,88.4,95.9,88.2,94.6,91.2,94.2,10.209,5,5,5,79.625
24.13,6,22.759,41.772,40.746,73.387,109.537,112.92399999999999,65.0,55.0,29.5,99.4,66.7,88.4,95.9,88.2,94.6,91.2,94.2,10.982,5,5,5,79.796
24.15,6,23.199,41.242,40.806999999999995,71.078,109.45200000000001,113.02799999999999,65.0,55.0,29.5,99.4,66.7,88.4,95.9,88.2,94.6,91.2,94.2,10.613,5,5,5,79.968
24.17,6,22.889,40.705,40.991,71.712,109.366,112.90700000000001,65.0,55.0,29.5,99.4,66.7,88.4,95.9,88.2,94.6,91.2,94.2,10.373999999999999,5,5,5,80.16
24.19,6,22.715,41.534,40.936,69.988,109.302,113.02799999999999,65.0,55.0,29.5,99.4,66.7,88.4,95.9,88.2,94.6,91.2,94.2,11.172,5,5,5,80.333
24.21,6,22.676,41.199,41.004,72.075,109.259,112.94200000000001,65.0,55.0,29.5,99.4,66.7,88.4,95.9,88.2,94.6,91.2,94.2,10.412,5,5,5,80.498
24.23,6,23.207,41.155,40.899,75.384,109.366,112.90700000000001,65.0,55.0,29.5,99.4,66.7,88.4,95.9,88.2,94.6,91.2,94.2,10.695,5,5,5,80.7
24.25,6,22.855999999999998,41.086999999999996,40.739000000000004,71.333,109.259,112.89,65.0,55.0,29.5,99.4,66.7,88.4,95.9,88.2,94.6,91.2,94.2,10.942,5,5,5,80.896
24.27,6,22.840999999999998,40.91,40.716,70.993,109.345,112.838,65.0,55.0,29.5,99.4,66.7,88.4,95.9,88.2,94.6,91.2,94.2,9.821000000000002,5,5,5,81.07600000000001
24.29,6,22.52,41.389,40.853,70.58,109.21600000000001,112.71600000000001,65.0,55.0,29.5,99.4,66.7,88.4,95.9,88.2,94.6,91.2,94.2,10.621,5,5,5,81.291
24.31,6,22.757,41.036,40.899,71.70100000000001,109.21600000000001,112.92399999999999,65.0,55.0,29.5,99.4,66.7,88.4,95.9,88.2,94.6,91.2,94.2,10.622,5,5,5,81.437
24.33,6,22.504,41.058,40.852,72.899,109.17299999999999,112.89,65.0,55.0,29.5,99.4,66.7,88.4,95.9,88.2,94.6,91.2,94.2,10.305,5,5,5,81.652
24.35,6,22.449,41.588,40.757,71.973,109.13,112.803,65.0,55.0,29.5,99.4,66.7,88.4,95.9,88.2,94.6,91.2,94.2,11.305,5,5,5,81.852
24.37,6,22.658,41.085,40.797,72.188,109.087,112.681,65.0,55.0,29.5,99.4,66.7,88.4,95.9,88.2,94.6,91.2,94.2,10.581,5,5,5,82.028
24.39,6,22.679000000000002,40.959,40.925,70.85,109.259,112.73299999999999,65.0,55.0,29.5,99.4,66.7,88.4,95.9,88.2,94.6,91.2,94.2,10.539,5,5,5,82.202
24.41,6,22.445,41.211,40.772,70.087,109.066,112.62899999999999,65.0,55.0,29.5,99.4,66.7,88.4,95.9,88.2,94.6,91.2,94.2,10.758,5,5,5,82.404
24.43,6,22.232,40.685,41.01,74.979,108.87100000000001,112.664,65.0,55.0,29.5,99.4,66.7,88.4,95.9,88.2,94.6,91.2,94.2,9.7,5,5,5,82.61399999999999
24.45,6,22.139,39.972,41.149,73.363,109.023,112.62899999999999,65.0,55.0,29.5,99.4,66.7,88.4,95.9,88.2,94.6,91.2,94.2,10.527000000000001,5,5,5,82.805
24.47,6,22.404,40.49,41.001999999999995,70.913,109.023,112.803,65.0,55.0,29.5,99.4,66.7,88.4,95.9,88.2,94.6,91.2,94.2,10.535,5,5,5,82.971
24.49,6,22.217,40.521,41.044000000000004,72.27600000000001,109.044,112.646,65.0,55.0,29.5,99.4,66.7,88.4,95.9,88.2,94.6,91.2,94.2,10.115,5,5,5,83.171
24.51,6,21.965,40.948,40.854,69.789,109.044,112.559,65.0,55.0,29.5,99.4,66.7,88.4,95.9,88.2,94.6,91.2,94.2,10.488,5,5,5,83.362
24.53,6,22.5,40.528,40.883,74.359,108.89299999999999,112.48899999999999,65.0,55.0,29.5,99.4,66.7,88.4,95.9,88.2,94.6,91.2,94.2,10.469,5,5,5,83.554
24.55,6,22.253,40.937,40.845,74.086,108.915,112.47200000000001,65.0,55.0,29.5,99.4,66.7,88.4,95.9,88.2,94.6,91.2,94.2,10.387,5,5,5,83.737
24.57,6,21.962,40.649,40.781,71.518,108.76299999999999,112.26100000000001,65.0,55.0,29.5,99.4,66.7,88.4,95.9,88.2,94.6,91.2,94.2,9.907,5,5,5,83.93
24.59,6,21.75,40.666,40.774,72.65899999999999,108.82799999999999,112.419,65.0,55.0,29.5,99.4,66.7,88.4,95.9,88.2,94.6,91.2,94.2,10.791,5,5,5,84.10300000000001
24.61,6,22.325,40.154,40.827,69.785,108.807,112.402,65.0,55.0,29.5,99.4,66.7,88.4,95.9,88.2,94.6,91.2,94.2,10.515,5,5,5,84.282
24.63,6,21.735,40.266,41.066,72.49,108.785,112.314,64.9,55.0,29.4,99.4,66.7,88.4,95.9,88.2,94.6,91.2,94.2,9.928,5,5,5,84.47800000000001
24.65,6,21.892,40.664,40.7,73.815,108.76299999999999,112.34899999999999,64.9,55.0,29.4,99.4,66.7,88.4,95.9,88.2,94.6,91.2,94.2,10.847999999999999,5,5,5,84.666
24.67,6,21.542,40.841,40.981,70.289,108.611,112.314,64.9,55.0,29.4,99.4,66.7,88.4,95.9,88.2,94.6,91.2,94.2,10.212,5,5,5,84.852
24.69,6,21.576,39.677,40.986999999999995,70.811,108.76299999999999,112.17399999999999,64.9,55.0,29.4,99.4,66.7,88.4,95.9,88.2,94.6,91.2,94.2,10.032,5,5,5,85.044
24.71,6,22.08,40.54,40.983000000000004,69.585,108.676,112.26100000000001,64.9,55.0,29.4,99.4,66.7,88.4,95.9,88.2,94.6,91.2,94.2,10.85,5,5,5,85.22399999999999
24.73,6,21.636,40.724000000000004,40.874,71.001,108.546,112.34899999999999,64.9,55.0,29.4,99.4,66.7,88.4,95.9,88.2,94.6,91.2,94.2,10.067,5,5,5,85.40899999999999
24.75,6,21.649,39.943000000000005,41.049,75.062,108.458,112.17399999999999,64.9,55.0,29.4,99.4,66.7,88.4,95.9,88.2,94.6,91.2,94.2,10.018,5,5,5,85.587
24.77,6,21.647000000000002,39.945,40.936,70.792,108.633,112.17399999999999,64.9,55.0,29.4,99.4,66.7,88.4,95.9,88.2,94.6,91.2,94.2,10.687999999999999,5,5,5,85.792
24.79,6,21.791,40.428000000000004,40.803000000000004,70.861,108.458,112.068,64.9,55.0,29.4,99.4,66.7,88.4,95.9,88.2,94.6,91.2,94.2,10.059999999999999,5,5,5,85.977
24.81,6,21.616,39.583,40.878,69.567,108.414,112.103,64.9,55.0,29.4,99.4,66.7,88.4,95.9,88.2,94.6,91.2,94.2,10.036999999999999,5,5,5,86.165
24.83,6,21.364,40.202,40.984,71.122,108.436,112.156,64.9,55.0,29.4,99.4,66.7,88.4,95.9,88.2,94.6,91.2,94.2,10.443999999999999,5,5,5,86.34899999999999
24.85,6,22.148,39.977,40.688,72.37100000000001,108.611,112.103,64.9,55.0,29.4,99.4,66.7,88.4,95.9,88.2,94.6,91.2,94.2,9.504,5,5,5,86.54
24.87,6,21.359,40.163000000000004,41.058,70.872,108.39299999999999,111.891,64.9,55.0,29.4,99.4,66.7,88.4,95.9,88.2,94.6,91.2,94.2,10.172999999999998,5,5,5,86.737
24.89,6,21.592,39.953,40.751999999999995,71.36,108.37100000000001,111.927,64.9,55.0,29.4,99.4,66.7,88.4,95.9,88.2,94.6,91.2,94.2,10.334,5,5,5,86.94
24.91,6,21.365,40.474000000000004,40.903,70.016,108.436,111.99700000000001,64.9,55.0,29.4,99.4,66.7,88.4,95.9,88.2,94.6,91.2,94.2,9.334,5,5,5,87.097
24.93,6,21.274,39.85,40.766,70.06,108.195,112.05,64.9,55.0,29.4,99.4,66.7,88.4,95.9,88.2,94.6,91.2,94.2,10.244,5,5,5,87.301
24.95,6,21.197,39.945,40.67,74.055,108.23899999999999,111.891,64.9,55.0,29.4,99.4,66.7,88.4,95.9,88.2,94.6,91.2,94.2,10.354,5,5,5,87.50399999999999
24.97,6,21.574,39.65,40.9,72.12100000000001,108.12899999999999,111.891,64.9,55.0,29.4,99.4,66.7,88.4,95.9,88.2,94.6,91.2,94.2,9.609,5,5,5,87.712
24.99,6,21.572,39.882,40.674,70.503,108.21700000000001,111.696,64.9,55.0,29.4,99.4,66.7,88.4,95.9,88.2,94.6,91.2,94.2,10.212,5,5,5,87.888
25.01,6,21.308,39.763000000000005,40.742,71.895,108.12899999999999,111.714,64.9,55.0,29.4,99.4,66.7,88.4,95.9,88.2,94.6,91.2,94.2,10.335,5,5,5,88.09
25.03,6,20.853,39.303000000000004,40.857,69.248,108.15100000000001,111.82,64.9,55.0,29.4,99.4,66.7,88.4,95.9,88.2,94.6,91.2,94.2,9.798,5,5,5,88.256
25.05,6,21.218,39.478,40.717,73.53399999999999,108.10700000000001,111.874,64.9,55.0,29.4,99.4,66.7,88.4,95.9,88.2,94.6,91.2,94.2,10.658,5,5,5,88.46
25.07,6,21.27,39.385999999999996,40.759,72.98,108.21700000000001,111.76700000000001,64.9,55.0,29.4,99.4,66.7,88.4,95.9,88.2,94.6,91.2,94.2,10.358,5,5,5,88.624
25.09,6,21.377,39.667,40.528,70.292,108.17299999999999,111.785,64.9,55.0,29.4,99.4,66.7,88.4,95.9,88.2,94.6,91.2,94.2,9.934999999999999,5,5,5,88.816
25.11,6,20.957,39.349000000000004,40.845,72.545,108.15100000000001,111.76700000000001,64.9,55.0,29.4,99.4,66.7,88.4,95.9,88.2,94.6,91.2,94.2,11.003,5,5,5,88.975
25.13,6,20.919,39.455,40.625,69.361,108.041,111.678,64.9,55.0,29.4,99.4,66.7,88.4,95.9,88.2,94.6,91.2,94.2,10.294,5,5,5,89.152
25.15,6,21.160999999999998,39.36,40.611,72.02199999999999,108.01899999999999,111.714,64.9,55.0,29.4,99.4,66.7,88.4,95.9,88.2,94.6,91.2,94.2,10.065999999999999,5,5,5,89.33
25.17,6,21.206,39.53,40.721,73.926,108.01899999999999,111.48299999999999,64.9,55.0,29.4,99.4,66.7,88.4,95.9,88.2,94.6,91.2,94.2,10.85,5,5,5,89.539
25.19,6,21.107,39.78,40.714,69.747,107.99700000000001,111.554,64.9,55.0,29.4,99.4,66.7,88.4,95.9,88.2,94.6,91.2,94.2,10.27,5,5,5,89.695
25.21,6,21.176,39.273,40.594,70.072,107.93,111.48299999999999,64.9,55.0,29.4,99.4,66.7,88.4,95.9,88.2,94.6,91.2,94.2,10.042,5,5,5,89.86399999999999
25.23,6,20.970999999999997,39.53,40.713,69.404,108.041,111.572,64.9,55.0,29.4,99.4,66.7,88.4,95.9,88.2,94.6,91.2,94.2,10.814,5,5,5,90.07
25.25,6,20.887999999999998,39.543,40.728,70.561,108.085,111.447,64.9,55.0,29.4,99.4,66.7,88.4,95.9,88.2,94.6,91.2,94.2,10.141,5,5,5,90.27600000000001
25.27,6,20.546,39.602,40.677,74.943,107.95200000000001,111.465,64.9,55.0,29.4,99.4,66.7,88.4,95.9,88.2,94.6,91.2,94.2,10.082,5,5,5,90.435
25.29,6,20.773,39.568000000000005,40.644,70.72399999999999,107.686,111.48299999999999,64.9,55.0,29.4,99.4,66.7,88.4,95.9,88.2,94.6,91.2,94.2,10.543,5,5,5,90.602
25.31,6,20.201,38.964,40.754,70.523,107.95200000000001,111.51799999999999,64.9,55.0,29.4,99.4,66.7,88.4,95.9,88.2,94.6,91.2,94.2,9.398,5,5,5,90.821
25.33,6,20.668,39.224000000000004,40.845,69.479,107.819,111.554,64.9,55.0,29.4,99.4,66.7,88.4,95.9,88.2,94.6,91.2,94.2,10.182,5,5,5,90.99
25.35,6,20.831,39.448,40.668,70.42699999999999,107.84200000000001,111.39299999999999,64.9,55.0,29.4,99.4,66.7,88.4,95.9,88.2,94.6,91.2,94.2,10.494,5,5,5,91.192
25.37,6,21.141,38.648,40.734,72.41,107.619,111.48299999999999,64.9,55.0,29.4,99.4,66.7,88.4,95.9,88.2,94.6,91.2,94.2,9.233,5,5,5,91.354
25.39,6,20.5,39.183,40.76,71.157,107.552,111.411,64.9,55.0,29.4,99.4,66.7,88.4,95.9,88.2,94.6,91.2,94.2,10.136,5,5,5,91.581
25.41,6,20.345,39.22,40.686,70.999,107.708,111.375,64.9,55.0,29.4,99.4,66.7,88.4,95.9,88.2,94.6,91.2,94.2,10.443999999999999,5,5,5,91.723
25.43,6,20.942,39.211999999999996,40.408,69.755,107.664,111.25,64.9,55.0,29.4,99.4,66.7,88.4,95.9,88.2,94.6,91.2,94.2,9.426,5,5,5,91.916
25.45,6,20.284,39.384,40.684,69.83800000000001,107.552,111.26799999999999,64.9,55.0,29.4,99.4,66.7,88.4,95.9,88.2,94.6,91.2,94.2,10.117,5,5,5,92.139
25.47,6,20.554000000000002,39.266,40.677,73.962,107.59700000000001,111.178,64.9,55.0,29.4,99.4,66.7,88.4,95.9,88.2,94.6,91.2,94.2,10.439,5,5,5,92.309
25.49,6,20.552999999999997,38.989000000000004,40.657,71.925,107.485,111.34,64.9,55.0,29.4,99.4,66.7,88.4,95.9,88.2,94.6,91.2,94.2,9.796,5,5,5,92.525
25.51,7,20.393,38.778,40.799,69.252,107.708,111.214,64.9,55.0,29.4,99.4,66.7,88.4,95.9,88.2,94.6,91.2,94.2,10.177,5,5,5,92.70200000000001
25.53,7,20.772,38.568000000000005,40.658,61.367,107.37299999999999,111.375,64.9,55.0,29.4,99.4,66.7,88.4,95.9,88.2,94.6,91.2,94.2,10.271,5,5,5,93.04299999999999
25.55,7,20.492,39.451,40.561,46.913999999999994,107.463,111.25,64.9,55.0,29.4,99.4,66.7,88.4,95.9,88.2,94.6,91.2,94.2,10.096,5,5,5,93.677
25.57,7,20.169,39.477,40.641999999999996,36.447,107.238,110.90799999999999,64.9,55.0,29.4,99.4,66.7,88.4,95.9,88.2,94.6,91.2,94.2,9.324,5,5,5,94.38799999999999
25.59,7,20.383,39.062,40.67,29.858,107.351,111.124,64.9,55.0,29.4,99.4,66.7,88.4,95.9,88.2,94.6,91.2,94.2,9.731,5,5,5,94.883
25.61,7,20.244,38.791,40.558,24.6,107.395,111.089,64.9,55.0,29.4,99.4,66.7,88.4,95.9,88.2,94.6,91.2,94.2,9.921,5,5,5,95.209
25.63,7,20.334000000000003,38.813,40.513000000000005,17.618000000000002,107.193,110.962,64.9,55.0,29.4,99.4,66.7,88.4,95.9,88.2,94.6,91.2,94.2,9.64,5,5,5,95.42200000000001
25.65,7,20.224,38.863,40.556999999999995,13.635,107.21600000000001,110.90799999999999,64.9,55.0,29.4,99.4,66.7,88.4,95.9,88.2,94.6,91.2,94.2,9.519,5,5,5,95.586
25.67,7,19.854,38.354,40.692,10.832999999999998,107.012,110.90799999999999,64.9,55.0,29.4,99.4,66.7,88.4,95.9,88.2,94.6,91.2,94.2,10.24,5,5,5,95.741
25.69,7,20.317999999999998,39.308,40.580999999999996,9.208,106.853,110.51,64.9,55.0,29.4,99.4,66.7,88.4,95.9,88.2,94.6,91.2,94.2,9.172,5,5,5,95.977
25.71,7,20.411,38.549,40.519,7.439,107.035,110.619,64.9,55.0,29.4,99.4,66.7,88.4,95.9,88.2,94.6,91.2,94.2,9.135,5,5,5,96.20700000000001
25.73,7,19.955,38.904,40.745,6.694,107.21600000000001,110.78200000000001,64.9,55.0,29.4,99.4,66.7,88.4,95.9,88.2,94.6,91.2,94.2,9.552,5,5,5,96.399
25.75,7,19.467,39.062,40.555,15.614,107.148,110.764,64.9,55.0,29.4,99.4,66.7,88.4,95.9,88.2,94.6,91.2,94.2,9.711,5,5,5,96.583
25.77,7,19.759999999999998,38.579,40.574,12.719999999999999,107.238,110.67299999999999,64.9,55.0,29.4,99.4,66.7,88.4,95.9,88.2,94.6,91.2,94.2,8.696,5,5,5,96.73899999999999
25.79,7,20.256,38.383,40.329,10.053,107.125,110.709,64.9,55.0,29.4,99.4,66.7,88.4,95.9,88.2,94.6,91.2,94.2,9.455,5,5,5,96.848
25.81,7,19.716,38.51,40.605,7.976000000000001,106.92200000000001,110.709,64.9,55.0,29.4,99.4,66.7,88.4,95.9,88.2,94.6,91.2,94.2,9.722,5,5,5,96.954
25.83,7,19.811,38.553000000000004,40.698,6.986,107.148,110.655,64.9,55.0,29.4,99.4,66.7,88.4,95.9,88.2,94.6,91.2,94.2,9.333,5,5,5,97.038
25.85,7,19.945,39.028,40.479,6.668,107.193,110.764,64.9,55.0,29.4,99.4,66.7,88.4,95.9,88.2,94.6,91.2,94.2,9.408999999999999,5,5,5,97.133
25.87,7,19.384,38.133,40.668,7.731,106.96700000000001,110.58200000000001,64.9,55.0,29.4,99.4,66.7,88.4,95.9,88.2,94.6,91.2,94.2,10.218,5,5,5,97.211
25.89,7,19.574,37.864000000000004,40.694,8.278,107.05799999999999,110.67299999999999,64.9,55.0,29.4,99.4,66.7,88.4,95.9,88.2,94.6,91.2,94.2,9.293,5,5,5,97.316
25.91,7,19.35,37.897,40.424,10.504,107.035,110.6,64.9,55.0,29.4,99.4,66.7,88.4,95.9,88.2,94.6,91.2,94.2,8.982,5,5,5,97.43299999999999
25.93,7,19.598,38.258,40.548,13.378,106.899,110.709,64.9,55.0,29.4,99.4,66.7,88.4,95.9,88.2,94.6,91.2,94.2,9.395,5,5,5,97.656
25.95,7,19.433,38.439,40.516,16.574,106.944,110.455,64.9,55.0,29.4,99.4,66.7,88.4,95.9,88.2,94.6,91.2,94.2,9.55,5,5,5,97.97200000000001
25.97,7,18.795,38.764,40.348,19.869,106.944,110.637,64.9,55.0,29.4,99.4,66.7,88.4,95.9,88.2,94.6,91.2,94.2,8.631,5,5,5,98.366
25.99,7,19.395,38.561,40.395,21.082,106.876,110.619,64.9,55.0,29.4,99.4,66.7,88.4,95.9,88.2,94.6,91.2,94.2,9.355,5,5,5,98.82600000000001
26.01,7,19.605,37.964,40.376,22.109,106.785,110.51,64.9,55.0,29.4,99.4,66.7,88.4,95.9,88.2,94.6,91.2,94.2,9.850999999999999,5,5,5,99.334
26.03,7,19.509,37.667,40.422,21.46,106.694,110.4,64.9,55.0,29.4,99.4,66.7,88.4,95.9,88.2,94.6,91.2,94.2,9.434000000000001,5,5,5,99.859
26.05,7,19.157,38.414,40.756,20.808,106.92200000000001,110.51,64.9,55.0,29.4,99.4,66.7,88.4,95.9,88.2,94.6,91.2,94.2,9.144,5,5,5,100.397
26.07,7,19.212,38.263000000000005,40.15,20.249000000000002,106.785,110.25399999999999,64.9,55.0,29.4,99.4,66.7,88.4,95.9,88.2,94.6,91.2,94.2,9.812999999999999,5,5,5,100.93
26.09,7,19.369,37.779,40.328,19.209000000000003,106.58,110.41799999999999,64.9,55.0,29.4,99.4,66.7,88.4,95.9,88.2,94.6,91.2,94.2,9.34,5,5,5,101.49600000000001
26.11,7,19.220999999999997,37.469,40.416,19.929000000000002,106.71700000000001,110.236,64.9,55.0,29.4,99.4,66.7,88.4,95.9,88.2,94.6,91.2,94.2,8.756,5,5,5,102.008
26.13,7,19.006999999999998,37.472,40.388000000000005,18.417,106.71700000000001,110.491,64.9,55.0,29.4,99.4,66.7,88.4,95.9,88.2,94.6,91.2,94.2,9.393,5,5,5,102.575
26.15,7,18.959000000000003,37.865,40.224000000000004,14.463,106.44200000000001,110.473,64.9,55.0,29.4,99.4,66.7,88.4,95.9,88.2,94.6,91.2,94.2,9.806000000000001,5,5,5,103.111
26.17,7,19.094,37.868,40.468,11.85,106.58,110.162,64.9,55.0,29.4,99.4,66.7,88.4,95.9,88.2,94.6,91.2,94.2,9.211,5,5,5,103.575
26.19,7,19.333,37.84,40.299,9.030000000000001,106.465,110.126,64.9,55.0,29.4,99.4,66.7,88.4,95.9,88.2,94.6,91.2,94.2,9.539,5,5,5,103.95700000000001
26.21,7,18.973,37.857,40.225,7.285,106.189,109.77600000000001,64.9,55.0,29.4,99.4,66.7,88.4,95.9,88.2,94.6,91.2,94.2,10.187999999999999,5,5,5,104.186
26.23,7,19.182000000000002,37.134,40.249,5.931,106.05,109.85,64.9,55.0,29.4,99.4,66.7,88.4,95.9,88.2,94.6,91.2,94.2,9.513,5,5,5,104.31299999999999
26.25,7,18.880000000000003,38.010999999999996,40.346,6.316,106.189,109.92299999999999,64.9,55.0,29.4,99.4,66.7,88.4,95.9,88.2,94.6,91.2,94.2,8.882,5,5,5,104.34700000000001
26.27,7,19.290999999999997,37.95,40.265,5.779,106.304,109.92299999999999,64.9,55.0,29.4,99.4,66.7,88.4,95.9,88.2,94.6,91.2,94.2,9.306000000000001,5,5,5,104.40700000000001
26.29,8,19.413,37.254,40.285,5.378,106.281,109.887,64.9,55.0,29.4,99.4,66.7,88.4,95.9,88.2,94.6,91.2,94.2,9.388,5,5,5,104.42
26.31,8,18.867,37.394,40.461999999999996,5.142,106.212,109.81299999999999,64.9,55.0,29.4,99.4,66.7,88.4,95.9,88.2,94.6,91.2,94.2,8.481,5,5,5,104.419
26.33,8,18.692999999999998,37.527,40.412,5.036,106.05,109.646,64.9,55.0,29.4,99.4,66.7,88.4,95.9,88.2,94.6,91.2,94.2,9.193000000000001,5,5,5,104.443
26.35,8,19.368000000000002,36.868,40.101,4.802,106.073,109.81299999999999,64.9,55.0,29.4,99.4,66.7,88.4,95.9,88.2,94.6,91.2,94.2,9.615,5,5,5,104.444
26.37,8,18.351,37.371,40.268,4.866,106.14200000000001,109.77600000000001,64.9,55.0,29.4,99.4,66.7,88.4,95.9,88.2,94.6,91.2,94.2,9.39,5,5,5,104.447
26.39,8,18.864,37.621,40.455,5.108,106.05,109.794,64.9,55.0,29.4,99.4,66.7,88.4,95.9,88.2,94.6,91.2,94.2,9.183,5,5,5,104.444
26.41,8,19.17,37.558,40.318000000000005,4.92,106.119,109.646,64.9,55.0,29.4,99.4,66.7,88.4,95.9,88.2,94.6,91.2,94.2,10.131,5,5,5,104.447
26.43,8,18.9,37.476,39.999,4.647,106.05,109.73899999999999,64.9,55.0,29.4,99.4,66.7,88.4,95.9,88.2,94.6,91.2,94.2,9.158000000000001,5,5,5,104.449
26.45,8,18.777,37.664,40.288000000000004,5.024,105.887,109.68299999999999,64.9,55.0,29.4,99.4,66.7,88.4,95.9,88.2,94.6,91.2,94.2,8.834,5,5,5,104.45
26.47,8,18.716,37.172,40.288000000000004,5.329,105.84,109.479,64.9,55.0,29.4,99.4,66.7,88.4,95.9,88.2,94.6,91.2,94.2,9.288,5,5,5,104.447
26.49,8,18.982,37.391999999999996,40.211,4.832,105.98,109.42299999999999,64.9,55.0,29.4,99.4,66.7,88.4,95.9,88.2,94.6,91.2,94.2,8.968,5,5,5,104.446
26.51,8,18.403,37.168,40.433,5.149,105.7,109.34899999999999,64.9,55.0,29.4,99.4,66.7,88.4,95.9,88.2,94.6,91.2,94.2,9.198,5,5,5,104.447
26.53,8,18.08,36.911,40.457,5.402,105.84,109.46,64.9,55.0,29.4,99.4,66.7,88.4,95.9,88.2,94.6,91.2,94.2,9.871,5,5,5,104.447
26.55,8,17.912,37.27,40.311,4.838,105.81700000000001,109.311,64.9,55.0,29.4,99.4,66.7,88.4,95.9,88.2,94.6,91.2,94.2,9.164,5,5,5,104.45
26.57,8,18.137,37.095,40.317,5.266,106.00299999999999,109.367,64.9,55.0,29.4,99.4,66.7,88.4,95.9,88.2,94.6,91.2,94.2,8.816,5,5,5,104.45
26.59,8,18.25,36.949,40.349000000000004,5.171,105.84,109.479,64.9,55.0,29.4,99.4,66.7,88.4,95.9,88.2,94.6,91.2,94.2,9.161999999999999,5,5,5,104.449
26.61,8,18.151,36.999,40.383,5.028,105.91,109.367,64.9,55.0,29.4,99.4,66.7,88.4,95.9,88.2,94.6,91.2,94.2,9.314,5,5,5,104.45200000000001
26.63,8,17.991,36.620000000000005,40.439,4.982,105.77,109.274,64.8,54.9,29.4,99.7,66.8,88.4,95.9,88.2,94.6,91.2,94.2,8.661,5,5,5,104.45
26.65,8,18.877000000000002,36.794,40.275999999999996,5.228,105.95700000000001,109.18,64.8,54.9,29.4,99.7,66.8,88.4,95.9,88.2,94.6,91.2,94.2,9.189,5,5,5,104.448
26.67,8,18.605,36.986999999999995,40.18,5.263,105.84,109.105,64.8,54.9,29.4,99.7,66.8,88.4,95.9,88.2,94.6,91.2,94.2,9.764,5,5,5,104.45100000000001
26.69,8,18.434,37.062,40.292,5.188,105.84,109.311,64.8,54.9,29.4,99.7,66.8,88.4,95.9,88.2,94.6,91.2,94.2,9.277000000000001,5,5,5,104.45200000000001
26.71,8,18.177999999999997,37.12,40.284,4.953,105.93299999999999,109.367,64.8,54.9,29.4,99.7,66.8,88.4,95.9,88.2,94.6,91.2,94.2,8.918,5,5,5,104.45
26.73,8,18.337,37.164,40.185,5.306,105.86399999999999,109.21799999999999,64.8,54.9,29.4,99.7,66.8,88.4,95.9,88.2,94.6,91.2,94.2,9.219,5,5,5,104.45200000000001
26.75,8,18.304000000000002,37.411,40.19,5.188,105.723,109.14299999999999,64.8,54.9,29.4,99.7,66.8,88.4,95.9,88.2,94.6,91.2,94.2,9.403,5,5,5,104.455
26.77,8,18.369,36.941,40.126,4.523,105.887,109.274,64.8,54.9,29.4,99.7,66.8,88.4,95.9,88.2,94.6,91.2,94.2,8.558,5,5,5,104.45299999999999
26.79,8,17.674,36.997,40.31,4.88,105.74700000000001,109.14299999999999,64.8,54.9,29.4,99.7,66.8,88.4,95.9,88.2,94.6,91.2,94.2,9.222999999999999,5,5,5,104.454
26.81,8,18.128,37.150999999999996,40.150999999999996,4.582,105.7,109.162,64.8,54.9,29.4,99.7,66.8,88.4,95.9,88.2,94.6,91.2,94.2,9.719999999999999,5,5,5,104.45100000000001
26.83,8,18.649,37.145,40.048,4.386,105.7,109.105,64.8,54.9,29.4,99.7,66.8,88.4,95.9,88.2,94.6,91.2,94.2,9.285,5,5,5,104.45
26.85,8,17.897,37.067,40.32,4.771,105.65299999999999,109.012,64.8,54.9,29.4,99.7,66.8,88.4,95.9,88.2,94.6,91.2,94.2,8.99,5,5,5,104.45200000000001
26.87,8,18.18,36.846999999999994,40.253,4.998,105.65299999999999,109.18,64.8,54.9,29.4,99.7,66.8,88.4,95.9,88.2,94.6,91.2,94.2,9.187999999999999,5,5,5,104.454
26.89,8,18.192999999999998,36.533,40.330999999999996,4.946,105.44200000000001,109.068,64.8,54.9,29.4,99.7,66.8,88.4,95.9,88.2,94.6,91.2,94.2,9.353,5,5,5,104.45
26.91,8,18.264000000000003,36.495999999999995,40.099000000000004,4.729,105.677,109.04899999999999,64.8,54.9,29.4,99.7,66.8,88.4,95.9,88.2,94.6,91.2,94.2,8.461,5,5,5,104.455
26.93,8,17.808,36.705,40.27,4.643,105.41799999999999,108.955,64.8,54.9,29.4,99.7,66.8,88.4,95.9,88.2,94.6,91.2,94.2,9.14,5,5,5,104.456
26.95,8,17.765,36.299,40.044000000000004,5.355,105.48899999999999,108.861,64.8,54.9,29.4,99.7,66.8,88.4,95.9,88.2,94.6,91.2,94.2,9.7,5,5,5,104.454
26.97,8,17.551,36.724000000000004,40.1,5.043,105.512,109.087,64.8,54.9,29.4,99.7,66.8,88.4,95.9,88.2,94.6,91.2,94.2,9.279,5,5,5,104.455
26.99,8,17.865000000000002,36.577,40.064,5.135,105.41799999999999,109.087,64.8,54.9,29.4,99.7,66.8,88.4,95.9,88.2,94.6,91.2,94.2,8.83,5,5,5,104.447
27.01,8,17.317,36.363,40.391,4.9,105.34700000000001,109.012,64.8,54.9,29.4,99.7,66.8,88.4,95.9,88.2,94.6,91.2,94.2,9.163,5,5,5,104.458
27.03,8,17.593,36.379999999999995,40.196999999999996,5.424,105.39399999999999,108.899,64.8,54.9,29.4,99.7,66.8,88.4,95.9,88.2,94.6,91.2,94.2,9.013,5,5,5,104.454
27.05,8,17.864,36.913,39.955,5.752,105.205,108.955,64.8,54.9,29.4,99.7,66.8,88.4,95.9,88.2,94.6,91.2,94.2,8.092,5,5,5,104.454
27.07,8,17.404000000000003,36.421,40.154,4.93,105.48899999999999,108.91799999999999,64.8,54.9,29.4,99.7,66.8,88.4,95.9,88.2,94.6,91.2,94.2,8.996,5,5,5,104.45200000000001
27.09,8,17.332,36.413,40.272,4.683,105.15799999999999,108.861,64.8,54.9,29.4,99.7,66.8,88.4,95.9,88.2,94.6,91.2,94.2,9.545,5,5,5,104.45
27.11,8,17.128,36.866,40.328,4.864,105.324,108.861,64.8,54.9,29.4,99.7,66.8,88.4,95.9,88.2,94.6,91.2,94.2,9.02,5,5,5,104.448
27.13,8,17.95,35.963,40.202,5.017,105.37100000000001,108.899,64.8,54.9,29.4,99.7,66.8,88.4,95.9,88.2,94.6,91.2,94.2,8.876999999999999,5,5,5,104.45200000000001
27.15,8,17.054000000000002,36.447,40.441,4.944,105.39399999999999,108.88,64.8,54.9,29.4,99.7,66.8,88.4,95.9,88.2,94.6,91.2,94.2,9.084,5,5,5,104.449
27.17,8,16.979,36.203,40.298,5.434,105.3,108.823,64.8,54.9,29.4,99.7,66.8,88.4,95.9,88.2,94.6,91.2,94.2,9.154,5,5,5,104.454
27.19,8,17.08,36.247,40.286,5.645,105.11,108.936,64.8,54.9,29.4,99.7,66.8,88.4,95.9,88.2,94.6,91.2,94.2,8.267,5,5,5,104.45
27.21,8,17.539,35.614000000000004,40.196999999999996,5.58,105.134,108.88,64.8,54.9,29.4,99.7,66.8,88.4,95.9,88.2,94.6,91.2,94.2,9.184999999999999,5,5,5,104.449
27.23,8,17.129,35.644999999999996,40.104,5.431,105.25299999999999,108.615,64.8,54.9,29.4,99.7,66.8,88.4,95.9,88.2,94.6,91.2,94.2,9.389,5,5,5,104.448
27.25,8,17.436,36.147,39.994,5.553,105.27600000000001,108.76700000000001,64.8,54.9,29.4,99.7,66.8,88.4,95.9,88.2,94.6,91.2,94.2,8.926,5,5,5,104.45299999999999
27.27,8,17.036,36.504000000000005,40.091,5.76,105.229,108.76700000000001,64.8,54.9,29.4,99.7,66.8,88.4,95.9,88.2,94.6,91.2,94.2,8.974,5,5,5,104.446
27.29,8,17.18,35.297,40.145,5.421,105.06299999999999,108.67200000000001,64.8,54.9,29.4,99.7,66.8,88.4,95.9,88.2,94.6,91.2,94.2,9.245000000000001,5,5,5,104.45100000000001
27.31,8,16.735,35.873000000000005,40.051,5.663,105.134,108.596,64.8,54.9,29.4,99.7,66.8,88.4,95.9,88.2,94.6,91.2,94.2,8.924,5,5,5,104.45
27.33,8,17.094,36.260999999999996,39.909,5.365,105.039,108.55799999999999,64.8,54.9,29.4,99.7,66.8,88.4,95.9,88.2,94.6,91.2,94.2,8.856,5,5,5,104.448
27.35,8,17.089,36.203,40.24,5.588,105.06299999999999,108.615,64.8,54.9,29.4,99.7,66.8,88.4,95.9,88.2,94.6,91.2,94.2,8.968,5,5,5,104.45100000000001
27.37,8,16.987000000000002,35.961,40.016999999999996,5.171,105.039,108.501,64.8,54.9,29.4,99.7,66.8,88.4,95.9,88.2,94.6,91.2,94.2,9.33,5,5,5,104.454
27.39,8,16.738,35.766999999999996,40.052,5.65,105.086,108.539,64.8,54.9,29.4,99.7,66.8,88.4,95.9,88.2,94.6,91.2,94.2,8.786,5,5,5,104.45100000000001
27.41,8,17.164,35.513999999999996,40.048,6.063,104.848,108.52,64.8,54.9,29.4,99.7,66.8,88.4,95.9,88.2,94.6,91.2,94.2,8.812,5,5,5,104.455
27.43,8,16.636,36.163,40.152,5.77,104.92,108.634,64.8,54.9,29.4,99.7,66.8,88.4,95.9,88.2,94.6,91.2,94.2,9.358,5,5,5,104.45100000000001
27.45,8,16.503,35.485,39.925,5.493,104.896,108.425,64.8,54.9,29.4,99.7,66.8,88.4,95.9,88.2,94.6,91.2,94.2,8.98,5,5,5,104.449
27.47,8,16.794,36.096000000000004,40.019,6.24,104.944,108.444,64.8,54.9,29.4,99.7,66.8,88.4,95.9,88.2,94.6,91.2,94.2,8.306000000000001,5,5,5,104.45
27.49,8,16.825,35.754000000000005,40.121,6.637,104.92,108.501,64.8,54.9,29.4,99.7,66.8,88.4,95.9,88.2,94.6,91.2,94.2,8.942,5,5,5,104.45100000000001
27.51,8,16.792,35.747,40.074,6.9190000000000005,104.824,108.52,64.8,54.9,29.4,99.7,66.8,88.4,95.9,88.2,94.6,91.2,94.2,9.669,5,5,5,104.454
27.53,8,16.624000000000002,35.978,40.041,7.088,104.75200000000001,108.501,64.8,54.9,29.4,99.7,66.8,88.4,95.9,88.2,94.6,91.2,94.2,9.277000000000001,5,5,5,104.449
27.55,8,17.375,35.480999999999995,40.095,6.92,104.75200000000001,108.444,64.8,54.9,29.4,99.7,66.8,88.4,95.9,88.2,94.6,91.2,94.2,9.332,5,5,5,104.45100000000001
27.57,8,16.345999999999997,34.896,40.355,7.443,104.96700000000001,108.368,64.8,54.9,29.4,99.7,66.8,88.4,95.9,88.2,94.6,91.2,94.2,9.766,5,5,5,104.45100000000001
27.59,8,16.646,35.788,40.11,7.583,104.632,108.387,64.8,54.9,29.4,99.7,66.8,88.4,95.9,88.2,94.6,91.2,94.2,9.132,5,5,5,104.45100000000001
27.61,8,16.198,35.684,40.147,7.2620000000000005,104.704,108.425,64.8,54.9,29.4,99.7,66.8,88.4,95.9,88.2,94.6,91.2,94.2,10.538,5,5,5,104.448
27.63,8,16.737000000000002,35.565,39.993,6.927,104.536,108.57700000000001,64.8,54.9,29.4,99.7,66.8,88.4,95.9,88.2,94.6,91.2,94.2,9.786000000000001,5,5,5,104.45200000000001
27.65,8,16.304000000000002,35.379000000000005,40.015,6.938000000000001,104.8,108.34899999999999,64.8,54.9,29.4,99.7,66.8,88.4,95.9,88.2,94.6,91.2,94.2,9.996,5,5,5,104.45100000000001
27.67,8,16.583,35.989000000000004,40.023,6.433,104.584,108.368,64.8,54.9,29.4,99.7,66.8,88.4,95.9,88.2,94.6,91.2,94.2,10.311,5,5,5,104.45100000000001
27.69,8,16.208,35.518,40.080999999999996,6.328,104.632,108.406,64.8,54.9,29.4,99.7,66.8,88.4,95.9,88.2,94.6,91.2,94.2,9.987,5,5,5,104.445
27.71,8,16.206,35.342,40.185,6.178,104.463,108.48200000000001,64.8,54.9,29.4,99.7,66.8,88.4,95.9,88.2,94.6,91.2,94.2,11.002,5,5,5,104.454
27.73,8,16.184,35.285,39.974000000000004,5.87,104.632,108.387,64.8,54.9,29.4,99.7,66.8,88.4,95.9,88.2,94.6,91.2,94.2,9.991,5,5,5,104.458
27.75,8,16.302,35.507,39.99,5.715,104.439,108.139,64.8,54.9,29.4,99.7,66.8,88.4,95.9,88.2,94.6,91.2,94.2,10.597000000000001,5,5,5,104.449
27.77,8,16.48,35.063,40.156,6.011,104.60799999999999,108.444,64.8,54.9,29.4,99.7,66.8,88.4,95.9,88.2,94.6,91.2,94.2,10.642,5,5,5,104.447
27.79,8,16.134,35.313,40.083,6.577,104.439,108.215,64.8,54.9,29.4,99.7,66.8,88.4,95.9,88.2,94.6,91.2,94.2,10.261,5,5,5,104.45200000000001
27.81,8,15.84,34.955,40.215,5.748,104.536,108.1,64.8,54.9,29.4,99.7,66.8,88.4,95.9,88.2,94.6,91.2,94.2,11.225,5,5,5,104.45100000000001
27.83,8,16.158,35.557,39.961,6.121,104.51100000000001,108.06200000000001,64.8,54.9,29.4,99.7,66.8,88.4,95.9,88.2,94.6,91.2,94.2,9.702,5,5,5,104.45200000000001
27.85,8,15.597000000000001,34.788,40.196,6.712,104.60799999999999,108.196,64.8,54.9,29.4,99.7,66.8,88.4,95.9,88.2,94.6,91.2,94.2,10.643,5,5,5,104.455
27.87,8,15.758,35.357,40.175,6.458,104.415,108.177,64.8,54.9,29.4,99.7,66.8,88.4,95.9,88.2,94.6,91.2,94.2,10.457999999999998,5,5,5,104.45200000000001
27.89,8,15.915999999999999,35.098,39.721,6.893,104.51100000000001,107.947,64.8,54.9,29.4,99.7,66.8,88.4,95.9,88.2,94.6,91.2,94.2,10.484,5,5,5,104.45200000000001
27.91,8,15.77,34.611999999999995,40.189,6.88,104.415,108.12,64.8,54.9,29.4,99.7,66.8,88.4,95.9,88.2,94.6,91.2,94.2,11.219999999999999,5,5,5,104.45100000000001
27.93,8,15.709000000000001,34.455,40.1,6.82,104.26899999999999,107.90799999999999,64.8,54.9,29.4,99.7,66.8,88.4,95.9,88.2,94.6,91.2,94.2,9.753,5,5,5,104.448
27.95,8,15.959000000000001,35.492,40.208,7.1419999999999995,104.51100000000001,107.928,64.8,54.9,29.4,99.7,66.8,88.4,95.9,88.2,94.6,91.2,94.2,10.974,5,5,5,104.45100000000001
27.97,8,16.589,34.852,39.927,6.863,104.39,108.139,64.8,54.9,29.4,99.7,66.8,88.4,95.9,88.2,94.6,91.2,94.2,10.791,5,5,5,104.45
27.99,8,15.835,34.96,40.085,7.073,104.48700000000001,107.85,64.8,54.9,29.4,99.7,66.8,88.4,95.9,88.2,94.6,91.2,94.2,10.506,5,5,5,104.45200000000001
28.01,8,15.883,34.845,40.149,7.205,104.439,107.773,64.8,54.9,29.4,99.7,66.8,88.4,95.9,88.2,94.6,91.2,94.2,11.009,5,5,5,104.45200000000001
28.03,8,15.887,35.592,40.084,7.112,104.439,107.928,64.8,54.9,29.4,99.7,66.8,88.4,95.9,88.2,94.6,91.2,94.2,9.974,5,5,5,104.45100000000001
28.05,8,15.604000000000001,34.357,40.106,7.151,104.196,107.773,64.8,54.9,29.4,99.7,66.8,88.4,95.9,88.2,94.6,91.2,94.2,11.311,5,5,5,104.45100000000001
28.07,8,15.732000000000001,35.427,40.003,7.414,104.48700000000001,107.96600000000001,64.8,54.9,29.4,99.7,66.8,88.4,95.9,88.2,94.6,91.2,94.2,10.494,5,5,5,104.454
28.09,8,16.161,35.282,39.785,7.2940000000000005,104.245,107.79299999999999,64.8,54.9,29.4,99.7,66.8,88.4,95.9,88.2,94.6,91.2,94.2,10.733,5,5,5,104.448
28.11,8,15.49,34.96,40.199,7.614,104.29299999999999,107.735,64.8,54.9,29.4,99.7,66.8,88.4,95.9,88.2,94.6,91.2,94.2,10.937999999999999,5,5,5,104.45200000000001
28.13,8,15.999,34.927,39.812,7.461,104.17200000000001,107.735,64.8,54.9,29.4,99.7,66.8,88.4,95.9,88.2,94.6,91.2,94.2,10.205,5,5,5,104.448
28.15,8,15.279000000000002,35.027,39.922,7.189,104.221,107.79299999999999,64.8,54.9,29.4,99.7,66.8,88.4,95.9,88.2,94.6,91.2,94.2,11.538,5,5,5,104.45200000000001
28.17,8,15.383,34.454,39.944,7.62,104.12299999999999,107.715,64.8,54.9,29.4,99.7,66.8,88.4,95.9,88.2,94.6,91.2,94.2,10.662,5,5,5,104.448
28.19,8,15.829,34.852,39.873000000000005,7.675,104.26899999999999,107.75399999999999,64.8,54.9,29.4,99.7,66.8,88.4,95.9,88.2,94.6,91.2,94.2,10.662,5,5,5,104.445
28.21,8,15.633,34.248000000000005,39.893,7.634,104.196,107.677,64.8,54.9,29.4,99.7,66.8,88.4,95.9,88.2,94.6,91.2,94.2,10.975999999999999,5,5,5,104.449
28.23,8,15.946,34.768,39.92,7.369,104.196,107.831,64.8,54.9,29.4,99.7,66.8,88.4,95.9,88.2,94.6,91.2,94.2,10.4,5,5,5,104.45200000000001
28.25,8,15.498,34.486000000000004,39.708,7.362,104.221,107.56,64.8,54.9,29.4,99.7,66.8,88.4,95.9,88.2,94.6,91.2,94.2,11.335,5,5,5,104.45
28.27,8,15.704,34.863,39.921,7.462,104.12299999999999,107.56,64.8,54.9,29.4,99.7,66.8,88.4,95.9,88.2,94.6,91.2,94.2,10.177,5,5,5,104.45
28.29,8,15.204,34.951,39.859,7.55,104.074,107.58,64.8,54.9,29.4,99.7,66.8,88.4,95.9,88.2,94.6,91.2,94.2,10.761,5,5,5,104.455
28.31,8,15.536,34.876,39.952,7.1739999999999995,104.001,107.65700000000001,64.8,54.9,29.4,99.7,66.8,88.4,95.9,88.2,94.6,91.2,94.2,10.596,5,5,5,104.45
28.33,8,15.478,35.028000000000006,39.922,7.391,104.001,107.463,64.8,54.9,29.4,99.7,66.8,88.4,95.9,88.2,94.6,91.2,94.2,10.557,5,5,5,104.449
28.35,8,15.425,34.418000000000006,39.967,7.502,104.09899999999999,107.444,64.8,54.9,29.4,99.7,66.8,88.4,95.9,88.2,94.6,91.2,94.2,11.175,5,5,5,104.45299999999999
28.37,8,15.15,34.658,39.873000000000005,7.125,104.05,107.48299999999999,64.8,54.9,29.4,99.7,66.8,88.4,95.9,88.2,94.6,91.2,94.2,9.985,5,5,5,104.45100000000001
28.39,8,15.238999999999999,34.564,39.907,6.859,103.927,107.521,64.8,54.9,29.4,99.7,66.8,88.4,95.9,88.2,94.6,91.2,94.2,10.765,5,5,5,104.446
28.41,8,15.193,34.783,40.042,6.641,103.976,107.26799999999999,64.8,54.9,29.4,99.7,66.8,88.4,95.9,88.2,94.6,91.2,94.2,10.722000000000001,5,5,5,104.45
28.43,8,15.613,34.538,39.785,6.716,103.90299999999999,107.42399999999999,64.8,54.9,29.4,99.7,66.8,88.4,95.9,88.2,94.6,91.2,94.2,10.568999999999999,5,5,5,104.45299999999999
28.45,8,14.969,33.989999999999995,39.984,6.771,103.95200000000001,107.42399999999999,64.8,54.9,29.4,99.7,66.8,88.4,95.9,88.2,94.6,91.2,94.2,11.133,5,5,5,104.449
28.47,8,15.173,33.893,39.855,6.734,104.025,107.366,64.8,54.9,29.4,99.7,66.8,88.4,95.9,88.2,94.6,91.2,94.2,10.017,5,5,5,104.45200000000001
28.49,8,14.943999999999999,34.177,39.881,6.503,103.854,107.288,64.8,54.9,29.4,99.7,66.8,88.4,95.9,88.2,94.6,91.2,94.2,10.884,5,5,5,104.45200000000001
28.51,8,15.17,34.400999999999996,39.861999999999995,6.387,103.87799999999999,107.32700000000001,64.8,54.9,29.4,99.7,66.8,88.4,95.9,88.2,94.6,91.2,94.2,10.863,5,5,5,104.45200000000001
28.53,8,14.99,34.516999999999996,39.883,6.82,104.12299999999999,107.21,64.8,54.9,29.4,99.7,66.8,88.4,95.9,88.2,94.6,91.2,94.2,12.018,5,5,5,104.45299999999999
28.55,8,15.079,34.431,39.805,6.807,103.65700000000001,107.32700000000001,64.8,54.9,29.4,99.7,66.8,88.4,95.9,88.2,94.6,91.2,94.2,11.182,5,5,5,104.446
28.57,8,14.734,34.869,39.896,6.617,103.829,107.249,64.8,54.9,29.4,99.7,66.8,88.4,95.9,88.2,94.6,91.2,94.2,12.183,5,5,5,104.455
28.59,8,14.94,34.702,39.921,6.61,103.706,107.249,64.8,54.9,29.4,99.7,66.8,88.4,95.9,88.2,94.6,91.2,94.2,11.967,5,5,5,104.45
28.61,8,15.029,34.385999999999996,39.696,6.5649999999999995,103.632,107.249,64.8,54.9,29.4,99.7,66.8,88.4,95.9,88.2,94.6,91.2,94.2,11.612,5,5,5,104.45
28.63,8,15.11,34.435,39.963,6.8919999999999995,103.78,107.014,64.8,54.9,29.4,100.2,66.9,88.4,95.9,88.2,94.6,91.2,94.2,13.057,5,5,5,104.449
28.65,8,14.701,34.626,39.9,6.739,103.359,107.19,64.8,54.9,29.4,100.2,66.9,88.4,95.9,88.2,94.6,91.2,94.2,12.106,5,5,5,104.446
28.67,8,14.887,34.063,39.73,6.658,103.60700000000001,107.131,64.8,54.9,29.4,100.2,66.9,88.4,95.9,88.2,94.6,91.2,94.2,12.787,5,5,5,104.449
28.69,8,14.579,34.379999999999995,39.948,6.784,103.508,107.072,64.8,54.9,29.4,100.2,66.9,88.4,95.9,88.2,94.6,91.2,94.2,12.943,5,5,5,104.449
28.71,8,14.315,34.105000000000004,40.158,6.951,103.459,107.03299999999999,64.8,54.9,29.4,100.2,66.9,88.4,95.9,88.2,94.6,91.2,94.2,12.044,5,5,5,104.45100000000001
28.73,8,14.493,34.518,39.907,6.849,103.55799999999999,107.15100000000001,64.8,54.9,29.4,100.2,66.9,88.4,95.9,88.2,94.6,91.2,94.2,13.51,5,5,5,104.448
28.75,8,14.955,34.001,39.741,6.413,103.508,106.994,64.8,54.9,29.4,100.2,66.9,88.4,95.9,88.2,94.6,91.2,94.2,12.812000000000001,5,5,5,104.448
28.77,8,14.687000000000001,33.902,40.161,6.615,103.854,106.97399999999999,64.8,54.9,29.4,100.2,66.9,88.4,95.9,88.2,94.6,91.2,94.2,13.286,5,5,5,104.45299999999999
28.79,8,14.943999999999999,34.215,39.912,6.688000000000001,103.508,107.11200000000001,64.8,54.9,29.4,100.2,66.9,88.4,95.9,88.2,94.6,91.2,94.2,13.775,5,5,5,104.45
28.81,8,14.783,33.969,39.725,6.92,103.40899999999999,106.915,64.8,54.9,29.4,100.2,66.9,88.4,95.9,88.2,94.6,91.2,94.2,12.514,5,5,5,104.45
28.83,8,14.715,34.224000000000004,39.641999999999996,6.74,103.40899999999999,106.955,64.8,54.9,29.4,100.2,66.9,88.4,95.9,88.2,94.6,91.2,94.2,13.441,5,5,5,104.45100000000001
28.85,8,13.997,34.135999999999996,39.856,6.571,103.285,106.757,64.8,54.9,29.4,100.2,66.9,88.4,95.9,88.2,94.6,91.2,94.2,13.006,5,5,5,104.449
28.87,8,14.675,33.911,39.787,5.79,103.459,106.836,64.8,54.9,29.4,100.2,66.9,88.4,95.9,88.2,94.6,91.2,94.2,13.184,5,5,5,104.45
28.89,8,14.118,33.818,39.914,6.139,103.359,106.639,64.8,54.9,29.4,100.2,66.9,88.4,95.9,88.10600000000001,94.6,91.2,94.2,14.008,5,5,5,104.449
28.91,8,14.3,33.257,39.869,5.946,103.285,106.738,64.8,54.9,29.4,100.2,66.9,88.4,95.9,88.016,94.6,91.2,94.2,12.718,5,5,5,104.449
28.93,8,14.597000000000001,34.275,39.911,5.249,103.26,106.48,64.8,54.9,29.4,100.2,66.9,88.4,95.9,87.965,94.6,91.2,94.2,13.692,5,5,5,104.45
28.95,8,14.602,34.518,39.924,5.313,103.21,106.757,64.8,54.9,29.4,100.2,66.9,88.4,95.9,87.937,94.6,91.2,94.2,13.354,5,5,5,104.449
28.97,8,14.717,33.891,39.727,5.603,103.135,106.65799999999999,64.8,54.9,29.4,100.2,66.9,88.4,95.9,87.921,94.6,91.2,94.2,12.809999999999999,5,5,5,104.446
28.99,8,14.841000000000001,34.081999999999994,39.769,5.703,103.285,106.559,64.8,54.9,29.4,100.2,66.9,88.4,95.9,87.91199999999999,94.6,91.2,94.2,14.273,5,5,5,104.456
29.01,8,14.25,33.441,40.094,5.148,103.084,106.619,64.8,54.9,29.4,100.2,66.9,88.4,95.9,87.907,94.6,91.2,94.2,13.117,5,5,5,104.456
29.03,8,14.747,33.400999999999996,39.809,5.013,103.185,106.36,64.8,54.9,29.4,100.2,66.9,88.4,95.9,87.904,94.6,91.2,94.2,13.89,5,5,5,104.45200000000001
29.05,8,14.48,33.474000000000004,39.788000000000004,5.154,103.135,106.71799999999999,64.8,54.9,29.4,100.2,66.9,88.4,95.9,87.902,94.6,91.2,94.2,13.802,5,5,5,104.447
29.07,8,14.35,34.065,39.928000000000004,5.122,103.03399999999999,106.678,64.8,54.9,29.4,100.2,66.9,88.4,95.9,87.90100000000001,94.6,91.2,94.2,12.834,5,5,5,104.45100000000001
29.09,8,14.074,33.879999999999995,39.964,4.55,103.11,106.52,64.8,54.9,29.4,100.2,66.9,88.4,95.9,87.90100000000001,94.6,91.2,94.2,14.292,5,5,5,104.45
29.11,8,14.908,33.483000000000004,39.64,4.822,103.03399999999999,106.2,64.8,54.9,29.4,100.2,66.9,88.4,95.9,87.9,94.6,91.2,94.2,13.485,5,5,5,104.45299999999999
29.13,8,14.076,33.745000000000005,39.931999999999995,4.978,103.084,106.4,64.8,54.9,29.4,100.2,66.9,88.4,95.9,87.9,94.6,91.2,94.2,13.698,5,5,5,104.45
29.15,8,14.388,33.414,39.726,4.558,103.009,106.42,64.8,54.9,29.4,100.2,66.9,88.4,95.9,87.9,94.6,91.2,94.2,14.41,5,5,5,104.45
29.17,8,14.012,33.336,40.126999999999995,4.534,103.009,106.3,64.8,54.9,29.4,100.2,66.9,88.4,95.9,87.9,94.6,91.2,94.2,13.086,5,5,5,104.449
29.19,8,14.219,33.484,40.085,4.701,102.90799999999999,106.22,64.8,54.9,29.4,100.2,66.9,88.4,95.9,87.9,94.6,91.2,94.2,14.083,5,5,5,104.454
29.21,8,14.561,33.161,39.758,4.581,102.90799999999999,106.36,64.8,54.9,29.4,100.2,66.9,88.4,95.9,87.9,94.6,91.2,94.2,13.69,5,5,5,104.45299999999999
29.23,8,13.618,33.753,39.905,4.49,102.883,106.38,64.8,54.9,29.4,100.2,66.9,88.4,95.9,87.9,94.6,91.2,94.2,13.621,5,5,5,104.455
29.25,8,14.279,33.138000000000005,39.928000000000004,4.413,103.03399999999999,106.4,64.8,54.9,29.4,100.2,66.9,88.4,95.9,87.9,94.6,91.2,94.2,14.267999999999999,5,5,5,104.45100000000001
29.27,8,14.073,33.991,39.854,4.709,102.757,106.539,64.8,54.9,29.4,100.2,66.9,88.4,95.9,87.9,94.6,91.2,94.2,13.271,5,5,5,104.45
29.29,8,14.57,33.9,39.657,4.71,102.78200000000001,106.28,64.8,54.9,29.4,100.2,66.9,88.4,95.9,87.9,94.6,91.2,94.2,14.205,5,5,5,104.448
29.31,8,14.509,33.555,39.628,4.4,102.78200000000001,106.34,64.8,54.9,29.4,100.2,66.9,88.4,95.9,87.9,94.6,91.2,94.2,13.696,5,5,5,104.45200000000001
29.33,8,14.466000000000001,32.879999999999995,39.724000000000004,5.048,102.934,106.28,64.8,54.9,29.4,100.2,66.9,88.4,95.9,87.9,94.6,91.2,94.2,13.131,5,5,5,104.45200000000001
29.35,8,14.134,33.421,39.922,4.949,103.03399999999999,106.28,64.8,54.9,29.4,100.2,66.9,88.4,95.9,87.9,94.6,91.2,94.2,14.453,5,5,5,104.448
29.37,8,13.834,33.879999999999995,39.72,4.714,102.73200000000001,106.26,64.8,54.9,29.4,100.2,66.9,88.4,95.9,87.9,94.6,91.2,94.2,13.304,5,5,5,104.45299999999999
29.39,8,14.327,32.864000000000004,39.772,5.155,102.78200000000001,106.18,64.8,54.9,29.4,100.2,66.9,88.4,95.9,87.9,94.6,91.2,94.2,14.046,5,5,5,104.449
29.41,8,13.889,33.15,39.878,5.034,102.706,106.08,64.8,54.9,29.4,100.2,66.9,88.4,95.9,87.9,94.6,91.2,94.2,13.844,5,5,5,104.447
29.43,8,14.179,33.838,39.979,5.06,102.63,106.06,64.8,54.9,29.4,100.2,66.9,88.4,95.9,87.9,94.6,91.2,94.2,13.036,5,5,5,104.45100000000001
29.45,8,13.971,33.124,39.725,5.162,102.605,106.06,64.8,54.9,29.4,100.2,66.9,88.4,95.9,87.9,94.6,91.2,94.2,14.491,5,5,5,104.45200000000001
29.47,8,14.321,33.079,39.704,5.192,102.934,106.08,64.8,54.9,29.4,100.2,66.9,88.4,95.9,87.9,94.6,91.2,94.2,13.529,5,5,5,104.449
29.49,8,13.667,33.173,39.82,5.136,102.85799999999999,106.18,64.8,54.9,29.4,100.2,66.9,88.4,95.9,87.9,94.6,91.2,94.2,14.548,5,5,5,104.45100000000001
29.51,8,14.352,33.242,39.687,5.415,102.656,105.919,64.8,54.9,29.4,100.2,66.9,88.4,95.9,87.9,94.6,91.2,94.2,13.849,5,5,5,104.449
29.53,8,14.174,33.06699999999999,39.646,5.117,102.757,106.16,64.8,54.9,29.4,100.2,66.9,88.4,95.9,87.9,94.6,91.2,94.2,13.527999999999999,5,5,5,104.446
29.55,8,13.933,33.629999999999995,39.79,5.12,102.757,106.08,64.8,54.9,29.4,100.2,66.9,88.4,95.9,87.9,94.6,91.2,94.2,14.856,5,5,5,104.443
29.57,8,13.719,33.16,39.785,5.5649999999999995,102.78200000000001,105.98,64.8,54.9,29.4,100.2,66.9,88.4,95.9,87.9,94.6,91.2,94.2,15.057,5,5,5,104.449
29.59,8,14.119,33.206999999999994,39.92,5.341,102.656,105.959,64.8,54.9,29.4,100.2,66.9,88.4,95.9,87.9,94.6,91.2,94.2,14.13,5,5,5,104.45100000000001
29.61,8,13.829,32.868,39.739000000000004,5.092,102.478,106.04,64.8,54.9,29.4,100.2,66.9,88.4,95.9,87.9,94.6,91.2,94.2,14.652000000000001,5,5,5,104.449
29.63,8,13.63,32.894999999999996,39.72,5.389,102.706,106.02,64.8,54.9,29.4,100.2,66.9,88.4,95.9,87.9,94.6,91.2,94.2,15.606,5,5,5,104.45
29.65,8,13.57,32.771,40.025999999999996,5.932,102.529,105.959,64.8,54.9,29.4,100.2,66.9,88.4,95.9,87.9,94.6,91.2,94.2,14.562000000000001,5,5,5,104.45200000000001
29.67,8,14.051,32.658,39.861999999999995,5.723,102.50299999999999,105.87899999999999,64.8,54.9,29.4,100.2,66.9,88.4,95.9,87.9,94.6,91.2,94.2,14.238999999999999,5,5,5,104.448
29.69,8,13.722000000000001,32.730999999999995,39.753,5.143,102.63,105.899,64.8,54.9,29.4,100.2,66.9,88.4,95.9,87.9,94.6,91.2,94.2,15.484000000000002,5,5,5,104.445
29.71,8,13.802999999999999,32.931,39.766,5.334,102.50299999999999,105.98,64.8,54.9,29.4,100.2,66.9,88.4,95.9,87.9,94.6,91.2,94.2,15.718,5,5,5,104.446
29.73,8,13.661,32.394000000000005,39.85,5.6129999999999995,102.529,105.98,64.8,54.9,29.4,100.2,66.9,88.4,95.9,87.9,94.6,91.2,94.2,14.715,5,5,5,104.449
29.75,8,13.9,32.605000000000004,40.097,4.917,102.324,105.677,64.8,54.9,29.4,100.2,66.9,88.4,95.9,87.9,94.6,91.2,94.2,14.872,5,5,5,104.45
29.77,8,13.707,32.968,39.626999999999995,5.236,102.478,105.818,64.8,54.9,29.4,100.2,66.9,88.4,95.9,87.9,94.6,91.2,94.2,15.863,5,5,5,104.45200000000001
29.79,8,13.123,32.795,39.793,5.013,102.554,105.77799999999999,64.8,54.9,29.4,100.2,66.9,88.4,95.9,87.9,94.6,91.2,94.2,15.299000000000001,5,5,5,104.447
29.81,8,13.378,32.620999999999995,39.765,4.736,102.17,105.73700000000001,64.8,54.9,29.4,100.2,66.9,88.4,95.9,87.9,94.6,91.2,94.2,14.703,5,5,5,104.449
29.83,8,13.55,32.1,39.65,4.761,102.29899999999999,105.77799999999999,64.8,54.9,29.4,100.2,66.9,88.4,95.9,87.9,94.6,91.2,94.2,15.744000000000002,5,5,5,104.45200000000001
29.85,8,13.863999999999999,32.948,39.734,4.969,102.273,105.899,64.8,54.9,29.4,100.2,66.9,88.4,95.9,87.9,94.6,91.2,94.2,16.088,5,5,5,104.445
29.87,8,13.693,32.928,39.508,4.516,102.375,105.616,64.8,54.9,29.4,100.2,66.9,88.4,95.9,87.9,94.6,91.2,94.2,15.146,5,5,5,104.45200000000001
29.89,8,13.414,32.900999999999996,39.851,4.54,102.196,105.79799999999999,64.8,54.9,29.4,100.2,66.9,88.4,95.85,87.9,94.6,91.2,94.2,14.824,5,5,5,104.454
29.91,8,13.697000000000001,33.172,39.696,4.602,102.273,105.53399999999999,64.8,54.9,29.4,100.2,66.9,88.4,95.78399999999999,87.9,94.6,91.2,94.2,15.8,5,5,5,104.448
29.93,8,13.466000000000001,32.604,39.708,4.848,102.375,105.595,64.8,54.9,29.4,100.2,66.9,88.4,95.747,87.9,94.6,91.2,94.2,15.831,5,5,5,104.45
29.95,8,13.369,32.986000000000004,40.009,4.547,102.17,105.63600000000001,64.8,54.9,29.4,100.2,66.9,88.4,95.727,87.9,94.6,91.2,94.2,14.907,5,5,5,104.447
29.97,8,13.292,33.278999999999996,39.843,4.346,102.17,105.79799999999999,64.8,54.9,29.4,100.2,66.9,88.4,95.715,87.9,94.6,91.2,94.2,15.699000000000002,5,5,5,104.447
29.99,8,13.283999999999999,32.59,39.584,4.665,102.324,105.595,64.8,54.9,29.4,100.2,66.9,88.4,95.708,87.9,94.6,91.2,94.2,16.218,5,5,5,104.447
30.01,8,12.906,32.565,39.952,4.525,102.24700000000001,105.575,64.8,54.9,29.4,100.2,66.9,88.4,95.705,87.9,94.6,91.2,94.2,15.169,5,5,5,104.449
30.03,8,13.144,33.236999999999995,39.763000000000005,4.641,102.196,105.677,64.8,54.9,29.4,100.2,66.9,88.4,95.703,87.9,94.6,91.2,94.2,14.782,5,5,5,104.444
30.05,8,12.945,32.643,39.755,4.68,102.29899999999999,105.71700000000001,64.8,54.9,29.4,100.2,66.9,88.4,95.70100000000001,87.9,94.6,91.2,94.2,15.777000000000001,5,5,5,104.449
30.07,8,13.436,32.417,39.684,4.654,102.145,105.77799999999999,64.8,54.9,29.4,100.2,66.9,88.4,95.70100000000001,87.9,94.6,91.2,94.2,15.849,5,5,5,104.45
30.09,8,13.157,32.586,39.763000000000005,4.809,102.09299999999999,105.494,64.8,54.9,29.4,100.2,66.9,88.4,95.7,87.9,94.6,91.2,94.2,14.951,5,5,5,104.448
30.11,8,13.461,32.768,39.441,4.94,102.196,105.412,64.8,54.9,29.4,100.2,66.9,88.4,95.7,87.9,94.6,91.2,94.2,15.472999999999999,5,5,5,104.446
30.13,8,12.857,31.99,39.703,5.107,101.93799999999999,105.494,64.8,54.9,29.4,100.2,66.9,88.4,95.7,87.9,94.6,91.2,94.2,15.911,5,5,5,104.448
30.15,8,13.419,32.605999999999995,39.745,5.142,102.09299999999999,105.494,64.8,54.9,29.4,100.2,66.9,88.4,95.7,87.9,94.6,91.2,94.2,15.244000000000002,5,5,5,104.447
30.17,8,13.312000000000001,32.245999999999995,39.665,5.324,102.06700000000001,105.595,64.8,54.9,29.4,100.2,66.9,88.4,95.7,87.9,94.6,91.2,94.2,14.665,5,5,5,104.446
30.19,8,13.53,32.677,39.679,4.912,102.17,105.39200000000001,64.8,54.9,29.4,100.2,66.9,88.4,95.7,87.9,94.6,91.2,94.2,15.728,5,5,5,104.443
30.21,8,12.942,31.721999999999998,39.54,5.124,101.835,105.45299999999999,64.8,54.9,29.4,100.2,66.9,88.4,95.7,87.9,94.6,91.2,94.2,16.076,5,5,5,104.444
30.23,8,13.062999999999999,32.370999999999995,39.846,5.327,101.99,105.39200000000001,64.8,54.9,29.4,100.2,66.9,88.4,95.7,87.9,94.6,91.2,94.2,14.934,5,5,5,104.449
30.25,8,12.67,32.292,39.565,5.349,101.964,105.37100000000001,64.8,54.9,29.4,100.2,66.9,88.4,95.7,87.9,94.6,91.2,94.2,15.117,5,5,5,104.446
30.27,8,13.001,32.363,39.814,5.212,101.964,105.43299999999999,64.8,54.9,29.4,100.2,66.9,88.4,95.7,87.9,94.6,91.2,94.2,16.084000000000003,5,5,5,104.449
30.29,8,12.657,31.753,39.73,4.823,101.861,105.53399999999999,64.8,54.9,29.4,100.2,66.9,88.4,95.7,87.9,94.6,91.2,94.2,15.392999999999999,5,5,5,104.447
30.31,8,12.971,32.06,39.893,5.269,101.99,105.494,64.8,54.9,29.4,100.2,66.9,88.4,95.7,87.9,94.6,91.2,94.2,14.779,5,5,5,104.444
30.33,8,12.207999999999998,31.897,39.672,5.294,101.99,105.37100000000001,64.8,54.9,29.4,100.2,66.9,88.4,95.7,87.9,94.6,91.2,94.2,16.032,5,5,5,104.44200000000001
30.35,8,12.881,31.969,39.668,4.892,102.016,105.31,64.8,54.9,29.4,100.2,66.9,88.4,95.7,87.9,94.6,91.2,94.2,16.482999999999997,5,5,5,104.45100000000001
30.37,8,12.928999999999998,32.09,39.798,5.029,102.016,105.249,64.8,54.9,29.4,100.2,66.9,88.4,95.7,87.9,94.6,91.2,94.2,15.175,5,5,5,104.445
30.39,8,12.769,32.407,39.672,5.319,101.626,105.37100000000001,64.8,54.9,29.4,100.2,66.9,88.4,95.7,87.9,94.6,91.2,94.2,15.074,5,5,5,104.45100000000001
30.41,8,12.756,31.67,39.777,4.911,101.835,105.29,64.8,54.9,29.4,100.2,66.9,88.4,95.7,87.9,94.6,91.2,94.2,16.281,5,5,5,104.45299999999999
30.43,8,12.654,31.932,39.72,4.673,102.06700000000001,105.249,64.8,54.9,29.4,100.2,66.9,88.4,95.7,87.9,94.6,91.2,94.2,15.78,5,5,5,104.45299999999999
30.45,8,12.873999999999999,31.901,39.677,5.141,101.835,105.146,64.8,54.9,29.4,100.2,66.9,88.4,95.7,87.9,94.6,91.2,94.2,14.934,5,5,5,104.45299999999999
30.47,8,12.475999999999999,31.701,39.716,4.751,101.679,105.249,64.8,54.9,29.4,100.2,66.9,88.4,95.7,87.9,94.6,91.2,94.2,15.161,5,5,5,104.45200000000001
30.49,8,12.077000000000002,32.084,39.871,4.367,101.912,105.085,64.8,54.9,29.4,100.2,66.9,88.4,95.7,87.9,94.6,91.2,94.2,16.006,5,5,5,104.454
30.51,8,12.604,31.728,39.731,5.064,101.861,105.18700000000001,64.8,54.9,29.4,100.2,66.9,88.4,95.7,87.9,94.6,91.2,94.2,15.049,5,5,5,104.446
30.53,8,12.71,31.747,39.561,4.617,101.835,105.26899999999999,64.8,54.9,29.4,100.2,66.9,88.4,95.7,87.9,94.6,91.2,94.2,15.181000000000001,5,5,5,104.45200000000001
30.55,8,12.565000000000001,31.628,39.641999999999996,4.414,101.757,105.18700000000001,64.8,54.9,29.4,100.2,66.9,88.4,95.7,87.9,94.6,91.2,94.2,15.549000000000001,5,5,5,104.448
30.57,8,12.274000000000001,31.71,39.863,4.589,101.522,105.37100000000001,64.8,54.9,29.4,100.2,66.9,88.4,95.7,87.9,94.6,91.2,94.2,14.229,5,5,5,104.45
30.59,8,12.217,31.964000000000002,39.799,4.606,101.964,105.105,64.8,54.9,29.4,100.2,66.9,88.4,95.7,87.9,94.6,91.2,94.2,15.321,5,5,5,104.449
30.61,8,12.440999999999999,31.859,39.656,4.796,101.809,105.31,64.8,54.9,29.4,100.2,66.9,88.4,95.7,87.9,94.6,91.2,94.2,14.539,5,5,5,104.45
30.63,8,12.182,32.384,39.785,5.045,101.73100000000001,105.023,64.8,54.9,29.3,100.5,67.2,88.4,95.7,87.9,94.6,91.2,94.2,14.48,5,5,5,104.45200000000001
30.65,8,12.367,31.645,39.663000000000004,5.094,101.835,105.167,64.8,54.9,29.3,100.5,67.2,88.4,95.7,87.9,94.6,91.2,94.2,15.107999999999999,5,5,5,104.45299999999999
30.67,8,12.491,31.76,39.671,4.984,101.809,105.064,64.8,54.9,29.3,100.5,67.2,88.4,95.7,87.9,94.6,91.2,94.2,13.851,5,5,5,104.449
30.69,8,12.693999999999999,31.307,39.492,5.355,101.78299999999999,105.18700000000001,64.8,54.9,29.3,100.5,67.2,88.4,95.7,87.9,94.6,91.2,94.2,14.607999999999999,5,5,5,104.449
30.71,8,12.628,31.774,39.715,5.353,101.73100000000001,105.023,64.8,54.9,29.3,100.5,67.2,88.4,95.7,87.9,94.6,91.2,94.2,13.99,5,5,5,104.45
30.73,8,12.07,30.799,39.691,5.682,101.757,105.044,64.8,54.9,29.3,100.5,67.2,88.4,95.7,87.9,94.6,91.2,94.2,13.721,5,5,5,104.445
30.75,8,12.176,31.414,39.528,4.958,101.912,105.18700000000001,64.8,54.9,29.3,100.5,67.2,88.4,95.7,87.9,94.6,91.2,94.2,14.826,5,5,5,104.447
30.77,8,11.902999999999999,31.026999999999997,39.89,5.325,101.679,104.961,64.8,54.9,29.3,100.5,67.2,88.4,95.7,87.9,94.6,91.2,94.2,13.525,5,5,5,104.447
30.79,8,12.402999999999999,31.42,39.809,5.801,101.679,105.00200000000001,64.8,54.9,29.3,100.5,67.2,88.4,95.7,87.9,94.6,91.2,94.2,14.258,5,5,5,104.445
30.81,8,12.395,31.044,39.399,5.882,101.469,104.899,64.8,54.9,29.3,100.5,67.2,88.4,95.7,87.9,94.6,91.2,94.2,13.831,5,5,5,104.444
30.83,8,12.623999999999999,31.94,39.703,5.306,101.574,105.023,64.8,54.9,29.3,100.5,67.2,88.4,95.7,87.9,94.6,91.2,94.2,13.417,5,5,5,104.444
30.85,8,11.783999999999999,31.575,39.613,5.469,101.49600000000001,104.94,64.8,54.9,29.3,100.5,67.2,88.4,95.7,87.9,94.6,91.2,94.2,14.617,5,5,5,104.447
30.87,8,11.775,31.725,39.729,5.684,101.757,105.126,64.8,54.9,29.3,100.5,67.2,88.4,95.7,87.9,94.6,91.2,94.2,13.491,5,5,5,104.444
30.89,8,11.977,31.340999999999998,39.717,5.455,101.626,104.899,64.8,54.9,29.3,100.5,67.2,88.4,95.7,87.9,94.6,91.2,94.2,14.192,5,5,5,104.44200000000001
30.91,8,11.957,31.663,39.75,4.413,101.73100000000001,104.81700000000001,64.8,54.9,29.3,100.5,67.2,88.4,95.7,87.9,94.6,91.2,94.2,13.887,5,5,5,104.444
30.93,8,12.272,30.663,39.499,4.921,101.31200000000001,104.98200000000001,64.8,54.9,29.3,100.5,67.2,88.4,95.7,87.9,94.6,91.2,94.2,13.352,5,5,5,104.446
30.95,8,12.415,32.096999999999994,39.704,4.927,101.443,104.775,64.8,54.9,29.3,100.5,67.2,88.4,95.7,87.9,94.6,91.2,94.2,14.765,5,5,5,104.45200000000001
30.97,8,12.326,30.732,39.449,4.304,101.49600000000001,104.734,64.8,54.9,29.3,100.5,67.2,88.4,95.7,87.9,94.6,91.2,94.2,13.537,5,5,5,104.455
30.99,8,12.377,31.234,39.705999999999996,4.397,101.54799999999999,104.63,64.8,54.9,29.3,100.5,67.2,88.4,95.7,87.9,94.6,91.2,94.2,14.485,5,5,5,104.449
31.01,8,11.512,30.469,39.645,4.17,101.469,104.54700000000001,64.8,54.9,29.3,100.5,67.2,88.4,95.7,87.9,94.6,91.2,94.2,14.137,5,5,5,104.45299999999999
31.03,8,12.228,31.448,39.796,4.45,101.391,104.588,64.8,54.9,29.3,100.5,67.2,88.4,95.7,87.9,94.6,91.2,94.2,13.31,5,5,5,104.45200000000001
31.05,8,11.315000000000001,31.453000000000003,39.473,4.709,101.443,104.671,64.8,54.9,29.3,100.5,67.2,88.4,95.7,87.9,94.6,91.2,94.2,14.604,5,5,5,104.449
31.07,8,11.454,31.502,39.861,4.4559999999999995,101.469,104.713,64.8,54.9,29.3,100.5,67.2,88.4,95.7,87.9,94.6,91.2,94.2,13.607000000000001,5,5,5,104.45
31.09,8,11.869,31.011999999999997,39.586,4.684,101.285,104.505,64.8,54.9,29.3,100.5,67.2,88.4,95.7,87.9,94.6,91.2,94.2,14.046,5,5,5,104.446
31.11,8,12.26,31.115,39.637,4.782,101.417,104.69200000000001,64.8,54.9,29.3,100.5,67.2,88.4,95.7,87.9,94.6,91.2,94.2,14.166,5,5,5,104.449
31.13,8,11.446000000000002,31.36,39.711,4.727,101.49600000000001,104.65100000000001,64.8,54.9,29.3,100.5,67.2,88.4,95.7,87.9,94.6,91.15,94.2,12.98,5,5,5,104.461
31.15,8,11.847999999999999,31.587,39.59,5.268,101.391,104.734,64.8,54.9,29.3,100.5,67.2,88.4,95.7,87.9,94.6,91.084,94.2,14.406,5,5,5,104.45200000000001
31.17,8,11.940000000000001,31.008000000000003,39.39,4.938,101.469,104.65100000000001,64.8,54.9,29.3,100.5,67.2,88.4,95.7,87.9,94.6,91.047,94.2,13.514,5,5,5,104.456
31.19,8,11.709,30.910999999999998,39.549,4.965,101.391,104.734,64.8,54.9,29.3,100.5,67.2,88.4,95.7,87.9,94.6,91.027,94.2,13.997,5,5,5,104.455
31.21,8,10.946000000000002,31.298000000000002,39.571,4.932,101.469,104.609,64.8,54.9,29.3,100.5,67.2,88.4,95.7,87.9,94.6,91.015,94.2,14.187999999999999,5,5,5,104.446
31.23,8,11.951,31.464000000000002,39.566,5.329,101.338,104.44200000000001,64.8,54.9,29.3,100.5,67.2,88.4,95.7,87.9,94.6,91.008,94.2,13.052999999999999,5,5,5,104.45299999999999
31.25,8,12.082999999999998,30.438000000000002,39.353,5.17,101.15299999999999,104.671,64.8,54.9,29.3,100.5,67.2,88.4,95.7,87.9,94.6,91.005,94.2,14.445,5,5,5,104.45200000000001
31.27,8,11.647,31.435,39.736999999999995,4.829,101.23299999999999,104.42200000000001,64.8,54.9,29.3,100.5,67.2,88.4,95.7,87.9,94.6,91.003,94.2,13.638,5,5,5,104.44200000000001
31.29,8,11.3,30.741999999999997,39.558,4.85,101.338,104.734,64.8,54.9,29.3,100.5,67.2,88.4,95.7,87.9,94.6,91.001,94.2,14.012,5,5,5,104.46799999999999
31.34,18,11.787,31.095,39.594,5.017,101.443,104.38,64.8,54.9,29.3,100.5,67.2,88.4,95.7,87.9,94.6,91.001,94.2,13.679,5,5,5,104.447
31.39,18,11.442,31.349,39.722,5.41,101.522,104.52600000000001,64.8,54.9,29.3,100.5,67.2,88.4,95.7,87.9,94.6,91.0,94.2,13.988999999999999,5,5,5,104.443
31.44,18,11.396,30.868000000000002,39.561,4.864,101.54799999999999,104.87899999999999,64.8,54.9,29.3,100.5,67.2,88.4,95.7,87.9,94.6,91.0,94.2,13.796,5,5,5,104.45100000000001
31.49,18,12.01,30.636999999999997,39.247,5.211,101.391,104.63,64.8,54.9,29.3,100.5,67.2,88.4,95.7,87.9,94.6,91.0,94.2,13.706,5,5,5,104.448
31.54,18,11.952000000000002,30.36,39.389,4.898,101.6,104.713,64.8,54.9,29.3,100.5,67.2,88.4,95.7,87.9,94.6,91.0,94.2,13.096,5,5,5,104.44200000000001
31.59,18,11.344999999999999,30.933000000000003,39.393,38.157,101.705,104.69200000000001,64.8,54.9,29.3,100.5,67.2,88.4,95.7,87.9,94.6,91.0,94.2,12.49,5,5,5,104.455
31.64,18,11.379999999999999,30.487,39.298,57.14,101.469,104.837,64.8,54.9,29.3,100.5,67.2,88.4,95.7,87.9,94.6,91.0,94.2,12.004999999999999,5,5,5,104.43799999999999
31.69,18,11.308,30.526,38.168,60.175,101.417,104.87899999999999,64.8,54.9,29.3,100.5,67.2,88.4,95.7,87.9,94.6,91.0,94.2,12.227,5,5,5,104.454
31.74,18,11.267,31.494,38.158,75.622,101.36399999999999,104.671,64.8,54.9,29.3,100.5,67.2,88.4,95.7,87.9,94.6,91.0,94.2,11.857,5,5,5,104.44200000000001
31.79,18,11.356,30.783,37.854,100.87100000000001,101.18,104.671,64.8,54.9,29.3,100.5,67.2,88.4,95.7,87.9,94.6,91.0,94.2,11.530000000000001,5,5,5,104.456
31.84,18,11.454,30.39,37.845,121.928,101.391,104.463,64.8,54.9,29.3,100.5,67.2,88.4,95.7,87.9,94.6,91.0,94.2,10.856,5,5,5,104.444
31.89,18,10.797999999999998,29.939,37.863,140.143,101.49600000000001,104.296,64.8,54.9,29.3,100.5,67.2,88.4,95.7,87.9,94.484,91.0,94.2,10.775,5,5,5,104.45200000000001
31.94,18,11.09,30.948,38.006,154.143,101.285,104.42200000000001,64.8,54.9,29.3,100.5,67.2,88.4,95.7,87.9,94.42,91.0,94.2,10.558,5,5,5,104.444
31.99,18,10.41,30.54,37.853,164.959,101.101,104.588,64.8,54.9,29.3,100.5,67.2,88.4,95.7,87.9,94.405,91.0,94.2,10.274000000000001,5,5,5,104.455
32.04,18,11.294,29.714000000000002,37.625,173.761,101.12700000000001,104.338,64.8,54.9,29.3,100.5,67.2,88.4,95.7,87.9,94.40100000000001,91.0,94.2,10.058,5,5,5,104.445
32.09,18,10.908999999999999,30.974,37.568000000000005,179.049,101.206,104.44200000000001,64.8,54.9,29.3,100.5,67.2,88.4,95.7,87.9,94.4,91.0,94.2,9.76,5,5,5,104.45
32.14,18,11.120000000000001,29.910999999999998,37.699,175.015,101.18,104.359,64.8,54.9,29.3,100.5,67.2,88.4,95.7,87.9,94.4,91.0,94.2,10.867999999999999,5,5,5,104.447
32.19,18,10.875,30.724,37.609,176.382,101.074,104.23299999999999,64.8,54.9,29.3,100.5,67.2,88.4,95.7,87.9,94.4,91.0,94.2,10.452000000000002,5,5,5,104.45299999999999
32.24,18,10.552,30.261999999999997,37.438,176.081,100.994,104.484,64.8,54.9,29.3,100.5,67.2,88.4,95.7,87.9,94.4,91.0,94.2,10.870000000000001,5,5,5,104.44200000000001
32.29,18,10.527000000000001,30.799,37.499,172.97,100.941,104.25399999999999,64.8,54.9,29.3,100.5,67.2,88.4,95.7,87.9,94.4,91.0,94.2,11.14,5,5,5,104.45299999999999
32.34,18,10.899000000000001,29.581,37.703,174.495,101.18,104.23299999999999,64.8,54.9,29.3,100.5,67.2,88.4,95.7,87.9,94.4,91.0,94.2,10.849,5,5,5,104.441
32.39,18,10.277999999999999,29.654,37.452,176.41,101.12700000000001,104.31700000000001,64.8,54.9,29.3,100.5,67.2,88.4,95.7,87.9,94.4,91.0,94.2,11.36,5,5,5,104.45200000000001
32.44,18,10.463999999999999,29.564,37.332,174.231,100.994,104.296,64.8,54.9,29.3,100.5,67.2,88.4,95.7,87.9,94.4,91.0,94.063,10.876000000000001,5,5,5,104.447
32.49,10,10.373999999999999,29.61,37.457,149.79399999999998,101.206,104.191,64.8,54.9,29.3,100.5,67.2,88.4,95.7,87.9,94.4,91.0,94.015,10.375,5,5,5,104.458
32.54,10,10.156,30.311999999999998,37.516999999999996,106.98700000000001,100.80799999999999,103.98100000000001,64.8,54.9,29.3,100.5,67.2,88.4,95.7,87.9,94.4,91.0,94.00399999999999,9.948,5,5,5,104.43700000000001
32.59,10,10.145,29.569000000000003,37.314,67.05600000000001,100.861,103.854,64.8,54.9,29.3,100.5,67.2,88.4,95.7,87.9,94.4,91.0,94.001,9.568999999999999,5,5,5,104.454
32.64,10,9.58,29.759,37.407,35.622,100.594,103.854,64.8,54.9,29.3,100.5,67.2,88.4,95.7,87.9,94.4,91.0,94.0,9.174,5,5,5,104.44200000000001
32.69,10,10.354,29.901,37.449,49.626999999999995,100.56700000000001,104.023,64.9,54.9,29.3,100.8,67.4,88.4,95.7,87.9,94.4,91.0,94.0,9.059000000000001,5,5,5,104.45700000000001
32.74,10,10.174,29.840999999999998,37.295,56.265,100.62100000000001,104.212,64.9,54.9,29.3,100.8,67.4,88.4,95.7,87.9,94.4,91.0,94.0,9.118,5,5,5,104.44200000000001
32.79,10,9.75,29.968000000000004,37.421,57.052,100.861,103.959,64.9,54.9,29.3,100.8,67.4,88.4,95.7,87.763,94.4,91.0,94.0,9.991,5,5,5,104.45299999999999
32.84,10,9.885,29.451999999999998,37.37,59.123000000000005,100.54,104.00200000000001,64.9,54.9,29.3,100.8,67.4,88.4,95.7,87.715,94.4,91.0,94.0,8.533,5,5,5,104.44200000000001
32.89,10,10.46,29.918000000000003,37.556,58.102,100.459,104.00200000000001,64.9,54.9,29.3,100.8,67.4,88.4,95.7,87.704,94.4,91.0,94.0,9.209,5,5,5,104.456
32.94,10,10.258,30.564,38.001999999999995,70.957,100.27,103.959,64.9,54.9,29.3,100.8,67.4,88.4,95.7,87.70100000000001,94.4,91.0,94.0,8.823,5,5,5,104.46
32.99,10,9.556999999999999,30.165,38.034,76.539,100.37799999999999,103.62,64.9,54.9,29.3,100.8,67.4,88.4,95.7,87.7,94.4,91.0,94.0,8.772,5,5,5,104.462
33.04,10,8.855,29.973000000000003,37.85,74.211,100.243,103.74799999999999,64.9,54.9,29.3,100.8,67.4,88.247,95.7,87.7,94.4,91.0,94.0,8.792,5,5,5,104.45200000000001
33.09,10,7.638999999999999,28.62,36.839,61.242,100.37799999999999,103.428,64.9,54.9,29.3,100.8,67.4,88.211,95.7,87.7,94.4,91.0,94.0,7.981999999999999,5,5,5,104.471
33.14,10,5.372,26.635,33.69199999999999,36.361999999999995,100.29700000000001,103.556,64.9,54.9,29.3,100.8,67.4,88.203,95.7,87.7,94.4,91.0,94.0,8.678,5,5,5,104.463
33.19,10,5.333,21.797,28.253,20.589,100.27,103.59899999999999,64.9,54.9,29.3,100.8,67.4,88.20100000000001,95.584,87.7,94.4,91.0,94.0,8.528,5,5,5,104.47200000000001
33.24,10,5.3629999999999995,14.471,19.22,10.2,99.53,103.492,64.9,54.9,29.3,100.8,67.4,88.2,95.52,87.7,94.4,91.0,94.0,8.543,5,5,5,104.484
33.29,10,5.31,7.7,7.67,20.2,99.696,103.29899999999999,64.9,54.9,29.3,100.8,67.4,88.2,95.505,87.7,94.4,91.0,94.0,8.508,5,5,5,104.478
33.34,10,5.414,5.635,5.107,48.836999999999996,99.833,103.406,64.9,54.9,29.3,100.8,67.4,88.2,95.501,87.7,94.4,91.0,94.0,8.278,5,5,5,104.473
33.39,10,5.35,5.442,5.0,61.293,99.77799999999999,102.60600000000001,64.9,54.9,29.3,100.8,67.4,88.2,95.5,87.7,94.4,91.0,94.0,9.075,5,5,5,104.478
33.44,10,5.3629999999999995,5.459,5.003,60.903999999999996,99.833,102.56200000000001,64.9,54.9,29.3,100.8,67.4,88.2,95.5,87.7,94.4,90.95,94.0,8.339,5,5,5,104.459
33.49,10,5.481,5.452,5.059,61.528999999999996,99.833,102.475,64.9,54.9,29.3,100.8,67.4,88.2,95.5,87.7,94.4,90.836,94.0,8.291,5,5,5,104.47200000000001
33.54,10,5.679,5.502,5.038,63.155,99.696,102.54,64.9,54.9,29.3,100.8,67.4,88.2,95.5,87.7,94.4,90.808,94.0,8.774,5,5,5,104.47200000000001
33.59,10,5.558,5.45,5.0,63.708999999999996,99.751,102.54,64.9,54.9,29.3,100.8,67.4,88.2,95.5,87.7,94.4,90.80199999999999,94.0,8.055,5,5,5,104.476
33.64,10,5.45,5.497,5.083,63.617,99.53,102.475,64.9,54.9,29.3,100.8,67.4,88.2,95.5,87.7,94.4,90.8,94.0,8.885,5,5,5,104.46700000000001
33.69,10,5.729,5.441,5.017,63.651,99.723,102.693,64.9,54.9,29.3,100.8,67.4,88.2,95.5,87.7,94.4,90.8,94.0,7.77,5,5,5,104.478
33.74,10,5.463,5.466,5.343,68.273,100.025,102.54,64.9,54.9,29.3,100.8,67.4,88.2,95.5,87.7,94.4,90.8,94.0,8.887,5,5,5,104.473
33.79,10,5.408,5.495,5.036,109.363,99.833,102.693,64.9,54.9,29.3,100.8,67.4,88.2,95.5,87.7,94.4,90.8,94.0,7.5,5,5,5,104.473
33.84,10,5.5489999999999995,5.461,5.153,123.553,99.99799999999999,102.584,64.9,54.9,29.3,100.8,67.4,88.2,95.5,87.7,94.4,90.8,94.0,8.814,5,5,5,104.476
33.89,10,5.796,5.517,5.352,134.048,99.915,102.954,64.9,54.9,29.3,100.8,67.4,88.2,95.5,87.7,94.4,90.8,94.0,7.198,5,5,5,104.484
33.94,10,5.366,5.542,5.246,143.297,99.97,102.78,64.9,54.9,29.3,100.8,67.4,88.2,95.5,87.7,94.4,90.8,94.0,8.717,5,5,5,104.478
33.99,10,5.755,5.446,5.01,151.493,100.025,102.715,64.9,54.9,29.3,100.8,67.4,88.2,95.5,87.7,94.4,90.8,94.0,7.211,5,5,5,104.49
34.04,10,5.626,5.473,5.177,156.066,99.943,102.65,64.9,54.9,29.3,100.8,67.4,88.2,95.5,87.7,94.4,90.8,94.0,8.73,5,5,5,104.475
34.09,10,5.394,5.484,5.155,159.582,99.833,102.62799999999999,64.9,54.9,29.3,100.8,67.4,88.2,95.363,87.7,94.4,90.8,94.0,7.135,5,5,5,104.486
34.14,10,5.349,5.462,5.261,160.32,99.99799999999999,102.62799999999999,64.9,54.9,29.3,100.8,67.4,88.2,95.315,87.7,94.35,90.8,94.0,8.832,5,5,5,104.48100000000001
34.19,10,5.563,5.521,5.039,146.27100000000002,99.833,102.78,64.9,54.9,29.3,100.8,67.4,88.2,95.304,87.7,94.236,90.8,94.0,7.2829999999999995,5,5,5,104.488
34.24,10,5.95,5.483,5.062,96.89,99.943,102.60600000000001,64.9,54.9,29.3,100.8,67.4,88.2,95.301,87.7,94.208,90.8,94.0,8.348,5,5,5,104.48200000000001
34.29,10,5.539,5.444,5.169,63.922,99.806,102.49700000000001,64.9,54.9,29.3,100.8,67.4,88.2,95.3,87.7,94.202,90.8,94.0,7.3870000000000005,5,5,5,104.494
34.34,10,5.448,5.511,5.077,37.931999999999995,99.16799999999999,101.92299999999999,64.9,54.9,29.3,100.8,67.4,88.2,95.3,87.7,94.2,90.8,94.0,8.036999999999999,5,5,5,104.476
34.39,10,5.529,5.498,5.033,21.575,99.391,101.92299999999999,64.9,54.9,29.3,100.8,67.4,88.2,95.3,87.7,94.2,90.8,94.0,8.370000000000001,5,5,5,104.48700000000001
34.44,11,5.472,5.62,5.01,10.658,99.47399999999999,102.1,64.9,54.9,29.3,100.8,67.4,88.2,95.3,87.7,94.2,90.8,94.0,8.41,5,5,5,104.48299999999999
34.49,11,5.545,5.733,5.006,6.763,99.557,101.98899999999999,64.9,54.9,29.3,100.8,67.4,88.2,95.3,87.7,94.2,90.8,94.0,8.366,5,5,5,104.484
34.54,11,5.579,5.471,5.011,6.109,99.14,101.85600000000001,64.9,54.9,29.3,100.8,67.4,88.2,95.3,87.7,94.2,90.8,94.0,8.6,5,5,5,104.48200000000001
34.59,11,5.8,5.44,5.006,5.737,99.28,101.87799999999999,64.9,54.9,29.3,100.8,67.4,88.2,95.3,87.7,94.2,90.8,94.0,8.538,5,5,5,104.486
34.64,11,5.336,5.511,5.108,5.384,99.335,101.76700000000001,64.9,54.9,29.3,100.8,67.4,88.2,95.3,87.7,94.2,90.8,94.0,8.667,5,5,5,104.475
34.69,11,5.465,5.442,5.012,5.259,99.16799999999999,101.834,65.1,54.9,29.3,100.9,67.6,88.2,95.3,87.7,94.2,90.8,94.0,8.84,5,5,5,104.485
34.74,11,5.574,5.503,5.079,5.822,99.22399999999999,101.85600000000001,65.1,54.9,29.3,100.9,67.6,88.2,95.3,87.7,94.2,90.8,94.0,8.763,5,5,5,104.48100000000001
34.79,11,5.523,5.52,5.002,5.925,99.557,101.98899999999999,65.1,54.9,29.3,100.9,67.6,88.2,95.3,87.7,94.2,90.8,94.0,9.295,5,5,5,104.49
34.84,11,5.504,5.476,5.138,5.817,99.47399999999999,102.277,65.1,54.9,29.3,100.9,67.6,88.2,95.3,87.7,94.2,90.8,94.0,8.05,5,5,5,104.478
34.89,11,5.463,5.504,5.141,5.342,99.53,102.1,65.1,54.9,29.3,100.9,67.6,88.2,95.3,87.7,94.2,90.8,93.863,9.605,5,5,5,104.491
34.94,11,5.873,5.5,5.045,4.156,99.53,102.255,65.1,54.9,29.3,100.9,67.6,88.2,95.3,87.7,94.2,90.8,93.815,8.79,5,5,5,104.475
34.99,11,5.707,5.535,5.117,4.995,99.833,102.387,65.1,54.9,29.3,100.9,67.6,88.2,95.3,87.7,94.2,90.8,93.804,8.286,5,5,5,104.486
35.04,11,5.451,5.55,5.184,42.393,99.723,102.475,65.1,54.9,29.3,100.9,67.6,88.2,95.3,87.7,94.2,90.8,93.801,8.176,5,5,5,104.48299999999999
35.09,11,5.539,5.531,5.339,50.636,99.613,102.29899999999999,65.1,54.9,29.3,100.9,67.6,88.2,95.3,87.7,94.2,90.8,93.8,8.122,5,5,5,104.48200000000001
35.14,11,5.8309999999999995,5.753,5.286,55.591,99.447,102.012,65.1,54.9,29.3,100.9,67.6,88.2,95.3,87.7,94.2,90.8,93.8,8.141,5,5,5,104.478
35.19,11,5.736,5.491,5.094,70.506,99.88799999999999,102.60600000000001,65.1,54.9,29.3,100.9,67.6,88.2,95.3,87.7,94.2,90.8,93.8,8.135,5,5,5,104.484
35.24,11,5.7,5.648,5.245,67.94399999999999,99.943,102.49700000000001,65.1,54.9,29.3,100.9,67.6,88.2,95.3,87.584,94.2,90.8,93.8,8.121,5,5,5,104.47399999999999
35.29,11,5.532,5.657,5.094,45.44,99.363,102.29899999999999,65.1,54.9,29.3,100.9,67.6,88.2,95.3,87.52,94.2,90.8,93.8,7.515000000000001,5,5,5,104.48100000000001
35.34,11,5.746,5.745,5.137,42.238,98.887,102.167,65.1,54.9,29.3,100.9,67.6,88.2,95.3,87.505,94.2,90.8,93.8,8.702,5,5,5,104.476
35.39,11,5.6850000000000005,5.4879999999999995,5.211,44.042,98.51799999999999,101.945,65.1,54.9,29.3,100.9,67.6,88.2,95.3,87.501,94.2,90.8,93.8,7.9830000000000005,5,5,5,104.484
35.44,12,5.591,5.562,5.223,50.765,98.116,101.72200000000001,65.1,54.9,29.3,100.9,67.6,88.2,95.3,87.5,94.2,90.8,93.8,8.253,5,5,5,104.475
35.49,12,5.556,5.5489999999999995,5.159,73.535,97.971,101.98899999999999,65.1,54.9,29.3,100.9,67.6,88.2,95.3,87.5,94.2,90.8,93.8,8.23,5,5,5,104.479
35.54,12,5.723,5.469,5.13,38.302,98.087,101.834,65.1,54.9,29.3,100.9,67.6,88.2,95.3,87.5,94.2,90.8,93.8,8.397,5,5,5,104.484
35.59,12,5.936,5.522,5.072,22.241,98.087,101.633,65.1,54.9,29.3,100.9,67.6,88.2,95.3,87.5,94.2,90.8,93.8,8.283999999999999,5,5,5,104.48899999999999
35.64,12,5.832,5.525,5.265,10.98,98.346,101.811,65.1,54.9,29.3,100.9,67.6,88.2,95.3,87.5,94.2,90.8,93.8,8.193,5,5,5,104.48299999999999
35.69,12,5.568,5.507,5.09,7.029,98.116,101.834,65.1,54.9,29.3,100.9,67.6,88.2,95.3,87.5,94.2,90.8,93.8,8.33,5,5,5,104.484
35.74,12,5.526,5.548,5.226,5.7780000000000005,97.35700000000001,101.476,65.1,54.9,29.3,100.9,67.6,88.2,95.3,87.5,94.2,90.8,93.8,7.4030000000000005,5,5,5,104.48200000000001
35.79,12,5.5600000000000005,5.493,5.125,5.472,97.65100000000001,101.521,65.1,54.9,29.3,100.9,67.6,88.2,95.3,87.5,94.2,90.8,93.8,8.678,5,5,5,104.48100000000001
35.84,12,5.584,5.468,5.177,4.965,97.709,101.09100000000001,65.1,54.9,29.3,100.9,67.6,88.084,95.3,87.5,94.2,90.8,93.8,7.7330000000000005,5,5,5,104.48200000000001
35.89,12,5.957,5.558,5.099,5.181,97.79700000000001,101.34,65.1,54.9,29.3,100.9,67.6,88.02,95.3,87.5,94.2,90.8,93.8,8.047,5,5,5,104.48299999999999
35.94,12,5.832,5.5489999999999995,5.043,4.95,97.79700000000001,101.476,65.1,54.9,29.3,100.9,67.6,88.005,95.3,87.5,94.2,90.8,93.8,7.978999999999999,5,5,5,104.48299999999999
35.99,12,5.898,5.489,5.071,5.047,97.56299999999999,101.476,65.1,54.9,29.3,100.9,67.6,88.001,95.3,87.5,94.2,90.8,93.8,8.013,5,5,5,104.485
36.04,12,5.467,5.571,5.388,5.307,97.209,101.363,65.1,54.9,29.3,100.9,67.6,88.0,95.3,87.5,94.2,90.8,93.8,7.868,5,5,5,104.48
36.09,12,5.609,5.497,5.232,4.933,96.64,100.634,65.1,54.9,29.3,100.9,67.6,88.0,95.3,87.5,94.2,90.8,93.8,7.9830000000000005,5,5,5,104.486
36.14,12,5.659,5.481,5.202,4.941,96.73100000000001,98.31,65.1,54.9,29.3,100.9,67.6,88.0,95.3,87.5,94.2,90.8,93.8,7.989,5,5,5,104.48100000000001
36.19,12,5.59,5.494,5.107,5.377,93.935,93.85,65.1,54.9,29.3,100.9,67.6,88.0,95.3,87.5,94.2,90.8,93.8,7.875,5,5,5,104.48899999999999
36.24,12,5.5920000000000005,5.55,5.421,5.029,93.035,94.594,65.1,54.9,29.3,100.9,67.6,88.0,95.3,87.5,94.2,90.8,93.8,8.734,5,5,5,104.485
36.29,12,5.563,5.729,5.252,5.336,92.9,92.831,65.1,54.9,29.3,100.9,67.6,88.0,95.3,87.5,94.2,90.8,93.8,7.529999999999999,5,5,5,104.49
36.34,12,5.763,5.761,5.37,5.116,93.13600000000001,92.715,65.1,54.9,29.3,100.9,67.6,88.0,95.3,87.5,94.2,90.8,93.8,8.057,5,5,5,104.486
36.39,12,5.841,5.5809999999999995,5.155,4.895,92.421,92.309,65.1,54.9,29.3,100.9,67.6,88.0,95.3,87.5,94.2,90.8,93.8,8.036999999999999,5,5,5,104.486
36.44,12,5.736,5.469,5.216,4.695,92.832,92.542,65.1,54.9,29.3,100.9,67.6,88.0,95.3,87.5,94.2,90.8,93.8,7.9830000000000005,5,5,5,104.48899999999999
36.49,12,5.901,5.626,5.252,5.401,92.421,92.309,65.1,54.9,29.3,100.9,67.6,88.0,95.3,87.5,94.2,90.8,93.8,8.908999999999999,5,5,5,104.49
36.54,12,5.579,5.5280000000000005,5.256,4.866,92.729,92.888,65.1,54.9,29.3,100.9,67.6,88.0,95.3,87.5,94.2,90.775,93.8,10.094999999999999,5,5,5,104.486
36.59,12,6.085,5.536,5.048,4.934,92.764,92.39699999999999,65.1,54.9,29.3,100.9,67.6,88.0,95.3,87.5,94.113,90.565,93.8,10.466000000000001,5,5,5,104.486
36.64,12,5.438,5.763,5.257,4.943,92.421,92.104,65.1,54.9,29.3,100.9,67.6,88.0,95.155,87.5,94.027,90.515,93.8,12.168,5,5,5,104.485
36.69,12,5.922,5.434,5.061,4.945,92.729,92.426,65.3,55.0,29.3,101.0,67.8,88.0,95.113,87.5,94.006,90.50399999999999,93.8,11.475,5,5,5,104.49
36.74,12,5.808,5.524,5.142,4.701,92.455,92.28,65.3,55.0,29.3,101.0,67.8,88.0,95.10300000000001,87.5,94.001,90.501,93.8,13.097000000000001,5,5,5,104.48299999999999
36.79,12,5.766,5.507,5.36,4.948,92.627,92.513,65.3,55.0,29.3,101.0,67.8,88.0,95.101,87.5,94.0,90.5,93.8,12.463999999999999,5,5,5,104.48700000000001
36.84,12,5.757,5.727,5.282,4.816,92.9,92.658,65.3,55.0,29.3,101.0,67.8,88.0,95.1,87.5,94.0,90.5,93.8,13.597999999999999,5,5,5,104.484
36.89,12,5.649,5.435,5.305,4.782,92.9,92.484,65.3,55.0,29.3,101.0,67.8,88.0,95.1,87.5,94.0,90.5,93.8,13.048,5,5,5,104.479
36.94,12,5.727,5.732,5.29,4.543,92.695,92.309,65.3,55.0,29.3,101.0,67.8,88.0,95.1,87.5,94.0,90.5,93.8,13.605,5,5,5,104.484
36.99,12,5.405,5.479,5.275,4.941,92.661,92.715,65.3,55.0,29.3,101.0,67.8,88.0,95.1,87.5,94.0,90.5,93.8,13.484,5,5,5,104.485
37.04,12,5.698,5.534,5.333,4.95,93.271,93.117,65.3,55.0,29.3,101.0,67.8,88.0,95.1,87.5,94.0,90.5,93.8,14.07,5,5,5,104.485
37.09,12,5.7780000000000005,5.522,5.042,20.814,93.001,93.08800000000001,65.3,55.0,29.3,101.0,67.8,88.0,95.1,87.5,94.0,90.5,93.8,14.406,5,5,5,104.476
37.14,12,5.78,5.74,5.186,28.519000000000002,92.9,93.17399999999999,65.3,55.0,29.3,101.0,67.8,88.0,95.1,87.5,94.0,90.5,93.8,13.413,5,5,5,104.478
37.19,12,5.682,5.66,5.192,48.496,92.695,92.687,65.3,55.0,29.3,101.0,67.8,88.0,95.1,87.5,94.0,90.5,93.8,14.791,5,5,5,104.484
37.24,12,5.882,5.788,5.359,65.72399999999999,92.832,92.62899999999999,65.3,55.0,29.3,101.0,67.8,88.0,95.1,87.5,94.0,90.5,93.8,13.566,5,5,5,104.473
37.29,12,5.676,5.47,5.091,88.986,92.695,92.542,65.3,55.0,29.3,101.0,67.8,88.0,95.1,87.5,94.0,90.5,93.8,14.651,5,5,5,104.478
37.34,12,5.776,5.628,5.293,98.35799999999999,92.934,92.62899999999999,65.3,55.0,29.3,101.0,67.8,88.0,95.1,87.5,94.0,90.5,93.8,13.795,5,5,5,104.47
