SampleTime,Phase,Sensor1,Sensor2,Sensor3,IJ,Sensor5,Sensor6,MouldTemp1,MouldTemp2,MouldTemp3,MouldTemp4,MouldTemp5,MouldTemp9,MouldTemp10,MouldTemp11,MouldTemp12,MouldTemp13,MouldTemp14,Sensor8,MouldFlow1,MouldFlow2,MouldFlow3,SP
0.0,1.0,6.961,7.581,5.051,94.141,92.844,92.742,64.8,54.9,30.1,101.2,67.3,88.2,95.2,87.6,94.0,90.6,93.704,16.989,5,5,5,104.631
0.05,1.0,7.114,7.156000000000001,5.003,67.256,92.387,92.564,64.8,54.9,30.1,101.2,67.3,88.2,95.2,87.6,93.847,90.6,93.70100000000001,18.380000000000003,5,5,5,104.631
0.1,1.0,6.683,7.416,5.016,40.688,91.779,91.903,64.8,54.9,30.1,101.2,67.3,88.2,95.2,87.6,93.811,90.6,93.7,17.726,5,5,5,104.62799999999999
0.15,1.0,6.807,7.391,5.0,31.612,92.138,91.842,64.8,54.9,30.1,101.2,67.3,88.2,95.2,87.6,93.803,90.6,93.7,18.893,5,5,5,104.62899999999999
0.2,1.0,7.088,7.346,5.003,16.349,92.067,92.475,64.8,54.9,30.1,101.2,67.3,88.2,95.2,87.6,93.801,90.6,93.7,18.511,5,5,5,104.633
0.25,1.0,7.0120000000000005,7.682,5.015,28.709,92.528,92.594,64.8,54.9,30.1,101.2,67.3,88.2,95.2,87.6,93.8,90.6,93.7,19.521,5,5,5,104.631
0.3,1.0,6.736,7.8260000000000005,5.04,33.291,92.528,92.53399999999999,64.8,54.9,30.1,101.2,67.3,88.2,95.2,87.6,93.8,90.6,93.7,18.993000000000002,5,5,5,104.632
0.35,1.0,6.287,7.716,5.119,43.938,92.983,92.97800000000001,64.8,54.9,30.1,101.2,67.3,88.2,95.2,87.6,93.8,90.6,93.7,19.880000000000003,5,5,5,104.626
0.4,1.0,6.904,7.149,5.004,49.653,92.669,93.066,64.8,54.9,30.1,101.2,67.3,88.2,95.2,87.6,93.8,90.6,93.7,19.072000000000003,5,5,5,104.637
0.45,1.0,7.0969999999999995,7.340999999999999,5.012,51.294,92.914,92.949,64.8,54.9,30.1,101.2,67.3,88.2,95.2,87.6,93.8,90.6,93.7,20.040999999999997,5,5,5,104.632
0.5,1.0,6.68,7.768000000000001,5.013,62.641000000000005,93.053,93.416,64.8,54.9,30.1,101.2,67.3,88.2,95.2,87.6,93.8,90.6,93.7,19.268,5,5,5,104.633
0.55,1.0,6.496,7.83,5.104,60.437,93.156,93.56,64.8,54.9,30.1,101.2,67.3,88.2,95.2,87.6,93.8,90.6,93.7,20.131,5,5,5,104.633
0.6,1.0,6.489,7.593,5.29,57.451,93.39699999999999,93.933,64.8,54.9,30.1,101.2,67.3,88.2,95.074,87.6,93.8,90.6,93.7,19.283,5,5,5,104.639
0.65,1.0,6.737,7.377,5.091,51.385,93.39699999999999,93.733,64.8,54.9,30.1,101.2,67.3,88.2,95.018,87.6,93.8,90.6,93.7,20.05,5,5,5,104.631
0.7,1.0,6.37,7.431,5.01,29.211,93.907,93.905,64.8,54.9,30.1,101.2,67.3,88.2,95.00399999999999,87.6,93.8,90.6,93.7,19.243000000000002,5,5,5,104.635
0.75,1.0,6.429,7.272,5.0,14.817,93.806,94.047,64.8,54.9,30.1,101.2,67.3,88.2,95.001,87.6,93.8,90.6,93.7,19.981,5,5,5,104.63
0.8,1.0,6.87,7.356,5.002,19.796,93.941,94.274,64.8,54.9,30.1,101.2,67.3,88.2,95.0,87.6,93.8,90.6,93.7,19.365000000000002,5,5,5,104.62899999999999
0.85,1.0,6.878,7.082,5.022,21.082,94.075,94.415,64.8,54.9,30.1,101.2,67.3,88.2,95.0,87.6,93.8,90.6,93.7,20.089,5,5,5,104.62799999999999
0.9,1.0,6.356,7.184,5.037,32.986000000000004,93.97399999999999,94.30199999999999,64.8,54.9,30.1,101.2,67.3,88.2,95.0,87.6,93.8,90.6,93.7,19.282,5,5,5,104.634
0.95,1.0,6.563000000000001,7.5969999999999995,5.001,24.469,94.142,94.274,64.8,54.9,30.1,101.2,67.3,88.2,95.0,87.6,93.8,90.6,93.7,20.141,5,5,5,104.626
1.0,1.0,6.545,8.015,5.002,22.758,94.342,94.499,64.8,54.9,30.1,101.2,67.3,88.2,95.0,87.6,93.8,90.55,93.7,19.36,5,5,5,104.63799999999999
1.05,1.0,6.428,7.519,5.0,26.679000000000002,94.375,94.806,64.8,54.9,30.1,101.2,67.3,88.2,95.0,87.6,93.8,90.436,93.7,20.247,5,5,5,104.625
1.1,1.0,6.491,7.211,5.013,26.561999999999998,94.442,94.834,64.8,54.9,30.1,101.2,67.3,88.2,95.0,87.447,93.8,90.408,93.7,19.384999999999998,5,5,5,104.635
1.15,1.0,6.854,7.276,5.0,26.473000000000003,94.475,94.889,64.8,54.9,30.1,101.2,67.3,88.2,95.0,87.411,93.8,90.402,93.7,20.259,5,5,5,104.62299999999999
1.2,1.0,6.635,7.381,5.006,26.711,94.375,94.917,64.8,54.9,30.1,101.2,67.3,88.2,95.0,87.403,93.8,90.4,93.7,19.383,5,5,5,104.625
1.25,1.0,6.24,7.656000000000001,5.001,26.989,94.475,94.972,64.8,54.9,30.1,101.2,67.3,88.2,95.0,87.40100000000001,93.8,90.4,93.7,20.28,5,5,5,104.62299999999999
1.3,1.0,6.774,7.0600000000000005,5.0,26.824,94.706,95.028,64.8,54.9,30.1,101.2,67.3,88.2,95.0,87.4,93.8,90.4,93.7,19.311,5,5,5,104.632
1.35,1.0,6.652,7.603,5.019,26.88,94.673,95.083,64.8,54.9,30.1,101.2,67.3,88.2,95.0,87.4,93.8,90.4,93.7,20.244999999999997,5,5,5,104.62200000000001
1.4,1.0,6.765,7.12,5.005,26.825,94.64,95.248,64.8,54.9,30.1,101.2,67.3,88.084,95.0,87.4,93.8,90.4,93.7,19.427,5,5,5,104.633
1.45,1.0,6.477,7.247,5.025,27.125999999999998,94.706,95.33,64.8,54.9,30.1,101.2,67.3,88.02,95.0,87.4,93.8,90.4,93.7,20.328,5,5,5,104.62899999999999
1.5,1.0,6.629,7.086,5.002,26.995,94.87,95.41199999999999,64.8,54.9,30.1,101.2,67.3,88.005,95.0,87.4,93.8,90.4,93.7,19.470999999999997,5,5,5,104.635
1.55,1.0,6.819,7.263,5.125,26.820999999999998,94.902,95.11,64.8,54.9,30.1,101.2,67.3,88.001,95.0,87.4,93.8,90.4,93.7,20.217,5,5,5,104.635
1.6,1.0,6.771,7.543,5.145,26.674,94.902,95.22,64.8,54.9,30.1,101.2,67.3,88.0,95.0,87.4,93.8,90.4,93.7,19.414,5,5,5,104.63600000000001
1.65,1.0,6.619,7.676,5.007,26.548000000000002,94.804,95.385,64.8,54.9,30.1,101.2,67.3,88.0,95.0,87.4,93.8,90.4,93.7,20.313,5,5,5,104.626
1.7,1.0,6.602,7.285,5.003,26.15,94.87,95.711,64.8,54.9,30.1,101.2,67.3,88.0,95.0,87.4,93.8,90.4,93.7,19.533,5,5,5,104.62899999999999
1.75,1.0,7.071,7.412,5.014,25.208,95.227,95.602,64.8,54.9,30.1,101.2,67.3,88.0,95.0,87.4,93.8,90.4,93.7,20.386,5,5,5,104.62899999999999
1.8,1.0,6.641,6.953,5.301,25.729,95.13,95.602,64.8,54.9,30.1,101.2,67.3,88.0,95.0,87.4,93.8,90.4,93.7,19.534,5,5,5,104.63600000000001
1.85,1.0,6.176,7.372,5.02,25.52,95.324,96.247,64.8,54.9,30.1,101.2,67.3,88.0,95.0,87.4,93.8,90.4,93.7,19.564,5,5,5,104.632
1.9,1.0,6.713,7.41,5.014,25.658,95.676,96.061,64.8,54.9,30.1,101.2,67.3,88.0,95.0,87.4,93.8,90.4,93.7,20.223,5,5,5,104.633
1.95,1.0,6.496,7.49,5.001,24.592,95.74,95.953,64.8,54.9,30.1,100.6,67.3,88.0,95.0,87.4,93.72399999999999,90.4,93.7,19.204,5,5,5,104.626
2.0,1.0,7.077,7.567,5.007,24.621,95.324,95.873,64.8,54.9,30.1,100.6,67.3,88.0,95.0,87.4,93.706,90.4,93.7,20.115000000000002,5,5,5,104.637
2.05,1.0,6.39,7.4399999999999995,5.016,25.089000000000002,95.388,96.03399999999999,64.8,54.9,30.1,100.6,67.3,88.0,95.0,87.4,93.70100000000001,90.4,93.7,19.127000000000002,5,5,5,104.626
2.1,1.0,6.488,7.4510000000000005,5.18,24.767,95.581,96.407,64.8,54.9,30.1,100.6,67.3,88.0,95.0,87.4,93.7,90.4,93.7,20.034,5,5,5,104.633
2.15,1.0,6.836,7.381,5.126,23.699,95.581,96.194,64.8,54.9,30.1,100.6,67.3,88.0,95.0,87.4,93.7,90.4,93.7,19.097,5,5,5,104.62799999999999
2.2,1.0,6.867,7.384,5.17,23.883,95.708,96.38,64.8,54.9,30.1,100.6,67.3,88.0,94.95,87.4,93.7,90.4,93.547,20.119,5,5,5,104.633
2.25,1.0,6.82,7.43,5.129,24.533,95.453,96.247,64.8,54.9,30.1,100.6,67.3,88.0,94.836,87.4,93.7,90.4,93.51100000000001,19.232999999999997,5,5,5,104.62200000000001
2.3,1.0,6.629,7.2379999999999995,5.164,24.526,95.388,96.274,64.8,54.9,30.1,100.6,67.3,88.0,94.808,87.4,93.7,90.4,93.503,20.302,5,5,5,104.634
2.35,1.0,6.695,7.274,5.132,23.535,95.485,96.11399999999999,64.8,54.9,30.1,100.6,67.3,88.0,94.80199999999999,87.4,93.7,90.4,93.501,19.35,5,5,5,104.625
2.4,1.0,6.772,7.553,5.153,23.791,95.35600000000001,96.061,64.8,54.9,30.1,100.6,67.3,88.0,94.8,87.4,93.7,90.4,93.5,20.379,5,5,5,104.634
2.45,1.0,6.535,7.449,5.136,42.080999999999996,95.453,95.846,64.8,54.9,30.1,100.6,67.3,88.0,94.8,87.4,93.7,90.4,93.5,19.317,5,5,5,104.62
2.5,1.0,6.593,7.744,5.147,68.006,95.292,95.819,64.8,54.9,30.1,100.6,67.3,88.0,94.8,87.4,93.7,90.4,93.5,20.458,5,5,5,104.62799999999999
2.55,1.0,6.277,7.1370000000000005,5.139,103.027,95.098,95.657,64.8,54.9,30.1,100.6,67.3,88.0,94.8,87.4,93.7,90.4,93.5,19.159,5,5,5,104.62700000000001
2.6,1.0,6.681,7.409000000000001,5.139,136.07299999999998,95.033,95.657,64.8,54.9,30.1,100.6,67.3,88.0,94.8,87.4,93.7,90.4,93.5,20.588,5,5,5,104.625
2.65,1.0,6.987,7.615,5.141,160.924,95.227,95.711,64.8,54.9,30.1,100.6,67.3,88.0,94.8,87.4,93.7,90.4,93.5,19.445,5,5,5,104.60600000000001
2.7,1.0,6.436999999999999,7.4,5.131,175.65400000000002,95.13,95.873,64.8,54.9,30.1,100.6,67.3,88.0,94.8,87.4,93.7,90.4,93.5,20.924,5,5,5,104.61200000000001
2.75,1.0,6.386,7.2379999999999995,5.144,179.77,95.16199999999999,95.657,64.8,54.9,30.1,100.6,67.3,88.0,94.8,87.4,93.7,90.4,93.5,19.622999999999998,5,5,5,104.605
2.8,1.0,6.885,7.064,5.125,176.095,95.259,96.221,64.8,54.9,30.1,100.6,67.3,88.0,94.8,87.4,93.7,90.4,93.5,20.28,5,5,5,104.616
2.85,1.0,7.032,7.084,5.147,157.27,95.065,95.926,64.8,54.9,30.1,100.6,67.3,88.0,94.8,87.4,93.7,90.4,93.5,20.09,5,5,5,104.611
2.9,1.0,6.451,7.55,5.118,130.006,95.033,95.953,64.8,54.9,30.1,100.6,67.3,88.0,94.8,87.4,93.7,90.4,93.5,19.517000000000003,5,5,5,104.61200000000001
2.95,1.0,6.285,7.976000000000001,5.149,97.134,95.292,96.11399999999999,64.8,54.9,30.1,100.6,67.3,88.0,94.8,87.274,93.7,90.4,93.5,19.948,5,5,5,104.605
3.0,1.0,7.002,7.354,5.112,72.507,95.453,95.846,64.8,54.9,30.1,100.6,67.3,88.0,94.8,87.218,93.7,90.4,93.5,19.664,5,5,5,104.618
3.05,1.0,7.0169999999999995,7.414,5.152,55.419,95.259,95.765,64.8,54.9,30.1,100.6,67.3,88.0,94.8,87.204,93.7,90.4,93.5,20.110999999999997,5,5,5,104.60799999999999
3.1,14.0,6.85,7.617,5.107,95.23200000000001,95.324,95.953,64.8,54.9,30.1,100.6,67.3,88.0,94.8,87.20100000000001,93.7,90.4,93.5,19.737000000000002,5,5,5,104.615
3.15,14.0,6.228,7.667,5.155,111.46600000000001,95.292,95.711,64.8,54.9,30.1,100.6,67.3,88.0,94.8,87.2,93.7,90.4,93.5,19.883,5,5,5,104.604
3.2,14.0,7.163,7.666,5.101,80.407,95.324,95.738,64.8,54.9,30.1,100.6,67.3,88.0,94.8,87.2,93.7,90.4,93.5,19.482,5,5,5,104.61399999999999
3.25,14.0,6.76,7.5009999999999994,5.157,62.768,95.16199999999999,95.711,64.8,54.9,30.1,100.6,67.3,88.0,94.8,87.2,93.7,90.4,93.5,20.052999999999997,5,5,5,104.604
3.3,14.0,7.089,7.237,5.096,42.085,95.227,95.138,64.8,54.9,30.1,100.6,67.3,88.0,94.8,87.2,93.7,90.4,93.5,19.605,5,5,5,104.613
3.35,14.0,6.743,7.494,5.16,42.635,95.195,95.62899999999999,64.8,54.9,30.1,100.6,67.3,88.0,94.8,87.2,93.7,90.4,93.5,19.969,5,5,5,104.609
3.4,14.0,6.5,7.626,5.095,53.821000000000005,94.967,95.303,64.8,54.9,30.1,100.6,67.3,88.0,94.8,87.2,93.7,90.4,93.5,19.685000000000002,5,5,5,104.619
3.45,14.0,6.791,7.391,5.163,59.211000000000006,95.35600000000001,95.765,64.8,54.9,30.1,100.6,67.3,88.0,94.8,87.2,93.7,90.4,93.5,19.936,5,5,5,104.615
3.5,14.0,7.132,7.569,5.088,62.851000000000006,95.0,95.9,64.8,54.9,30.1,100.6,67.3,88.0,94.8,87.2,93.7,90.4,93.5,19.759999999999998,5,5,5,104.617
3.55,14.0,7.025,7.365,5.167,99.946,95.292,95.873,64.8,54.9,30.1,100.6,67.3,88.0,94.8,87.2,93.7,90.4,93.5,19.781,5,5,5,104.61200000000001
3.6,14.0,6.583,7.884,5.082,129.01100000000002,95.16199999999999,95.9,64.8,54.9,30.1,100.6,67.3,88.0,94.8,87.2,93.7,90.4,93.5,19.809,5,5,5,104.611
3.65,14.0,6.224,7.841,5.172,148.988,95.388,95.602,64.8,54.9,30.1,100.6,67.3,88.0,94.8,87.2,93.7,90.4,93.5,19.994,5,5,5,104.603
3.7,14.0,6.66,7.008,5.077,162.94799999999998,95.195,95.575,64.8,54.9,30.1,100.6,67.3,88.0,94.8,87.2,93.7,90.4,93.5,20.189999999999998,5,5,5,104.61
3.75,14.0,6.825,7.622,5.177,171.355,95.0,95.521,64.8,54.9,30.1,100.6,67.3,88.0,94.8,87.2,93.7,90.298,93.5,19.793,5,5,5,104.605
3.8,14.0,6.691,7.6579999999999995,5.071,178.64700000000002,94.967,95.385,64.8,54.9,30.1,100.6,67.3,88.0,94.8,87.2,93.7,90.223,93.5,20.295,5,5,5,104.609
3.85,14.0,6.186,7.526,5.178,180.261,95.13,95.738,64.8,54.9,30.1,100.6,67.3,88.0,94.8,87.2,93.7,90.206,93.5,21.222,5,5,5,104.61
3.9,14.0,6.289,6.8919999999999995,5.067,175.47299999999998,94.967,95.738,64.8,54.9,30.1,100.6,67.3,88.0,94.8,87.2,93.7,90.20100000000001,93.5,19.677999999999997,5,5,5,104.611
3.95,14.0,6.504,7.2170000000000005,5.182,174.50599999999997,95.065,95.41199999999999,64.8,54.9,30.2,100.6,67.1,88.0,94.8,87.2,93.516,90.2,93.5,20.645,5,5,5,104.613
4.0,14.0,6.616,6.872,5.06,176.16099999999997,94.738,95.521,64.8,54.9,30.2,100.6,67.1,87.847,94.8,87.2,93.428,90.2,93.5,20.294,5,5,5,104.61
4.05,14.0,6.154,7.258,5.186,173.572,95.195,95.711,64.8,54.9,30.2,100.6,67.1,87.811,94.8,87.2,93.407,90.2,93.5,20.235999999999997,5,5,5,104.60700000000001
4.1,14.0,6.5440000000000005,6.913,5.058,173.058,95.16199999999999,95.819,64.8,54.9,30.2,100.6,67.1,87.803,94.64699999999999,87.2,93.402,90.2,93.5,19.465,5,5,5,104.611
4.15,14.0,6.526,7.1530000000000005,5.19,174.108,95.065,95.165,64.8,54.9,30.2,100.6,67.1,87.801,94.611,87.2,93.4,90.2,93.5,20.856,5,5,5,104.61
4.17,3.0,6.452,7.139,5.019,173.171,95.033,95.494,64.8,54.9,30.2,100.6,67.1,87.8,94.605,87.2,93.4,90.2,93.5,19.522,5,5,5,104.613
4.19,3.0,6.701,6.97,5.019,170.74200000000002,94.142,93.985,64.8,54.9,30.2,100.6,67.1,87.8,94.60300000000001,87.2,93.4,90.2,93.5,20.004,5,5,5,104.617
4.21,3.0,6.343,6.6899999999999995,5.019,155.856,94.902,95.028,64.8,54.9,30.2,100.6,67.1,87.8,94.602,87.2,93.4,90.2,93.5,19.616,5,5,5,104.619
4.23,3.0,6.925,7.195,5.019,137.925,94.408,94.468,64.8,54.9,30.2,100.6,67.1,87.8,94.601,87.2,93.4,90.2,93.5,19.607999999999997,5,5,5,104.616
4.25,3.0,6.304,7.082,5.019,122.257,94.574,94.833,64.8,54.9,30.2,100.6,67.1,87.8,94.6,87.2,93.4,90.2,93.5,19.772,5,5,5,104.61399999999999
4.27,3.0,6.616,7.112,5.019,103.272,94.673,94.609,64.8,54.9,30.2,100.6,67.1,87.8,94.6,87.2,93.4,90.2,93.5,19.625999999999998,5,5,5,104.61399999999999
4.29,3.0,6.541,7.170999999999999,5.02,87.589,94.541,94.298,64.8,54.9,30.2,100.6,67.1,87.8,94.6,87.2,93.4,90.2,93.5,20.063,5,5,5,104.618
4.31,3.0,6.691,5.573,5.02,93.152,94.375,94.609,64.8,54.9,30.2,100.6,67.1,87.8,94.6,87.2,93.4,90.2,93.5,19.417,5,5,5,104.619
4.33,3.0,6.9399999999999995,5.441,5.02,82.066,94.935,95.111,64.8,54.9,30.2,100.6,67.1,87.8,94.6,87.2,93.4,90.2,93.5,19.323,5,5,5,104.285
4.35,3.0,6.776,5.44,5.02,77.733,95.0,94.805,64.8,54.9,30.2,100.6,67.1,87.8,94.6,87.2,93.4,90.2,93.5,19.305999999999997,5,5,5,103.447
4.37,3.0,6.291,5.44,5.02,58.945,95.033,95.221,64.8,54.9,30.2,100.6,67.1,87.8,94.6,87.2,93.4,90.2,93.5,19.253,5,5,5,101.749
4.39,3.0,7.085,5.44,5.02,45.391,95.098,95.249,64.8,54.9,30.2,100.6,67.1,87.8,94.6,87.2,93.4,90.2,93.5,19.268,5,5,5,100.765
4.41,3.0,6.5809999999999995,5.441,5.02,53.042,95.13,94.805,64.8,54.9,30.2,100.6,67.1,87.8,94.6,87.2,93.4,90.2,93.5,19.392000000000003,5,5,5,99.635
4.43,3.0,6.87,5.439,5.02,41.114000000000004,94.967,95.139,64.8,54.9,30.2,100.6,67.1,87.8,94.6,87.2,93.4,90.2,93.5,19.353,5,5,5,98.477
4.45,3.0,7.093999999999999,5.438,5.02,46.486999999999995,94.967,95.056,64.8,54.9,30.2,100.6,67.1,87.8,94.6,87.2,93.4,90.2,93.5,19.302999999999997,5,5,5,97.34700000000001
4.47,3.0,6.985,5.439,5.02,47.81,95.065,95.083,64.8,54.9,30.2,100.6,67.1,87.8,94.6,87.2,93.4,90.2,93.5,19.205,5,5,5,96.365
4.49,3.0,6.92,5.442,5.02,52.441,95.0,95.578,64.8,54.9,30.2,100.6,67.1,87.8,94.6,87.2,93.4,90.2,93.5,19.352,5,5,5,95.448
4.51,3.0,6.515,5.439,5.021,55.746,95.098,95.056,64.8,54.9,30.2,100.6,67.1,87.8,94.6,87.2,93.4,90.2,93.5,19.367,5,5,5,94.575
4.53,3.0,6.822,5.464,5.021,59.931999999999995,94.869,95.551,64.8,54.9,30.2,100.6,67.1,87.8,94.6,87.2,93.4,90.2,93.5,19.259999999999998,5,5,5,93.715
4.55,3.0,6.853,5.44,5.021,64.58699999999999,95.065,95.277,64.8,54.9,30.2,100.6,67.1,87.8,94.6,87.2,93.4,90.2,93.5,19.308,5,5,5,92.836
4.57,3.0,6.893,5.436,5.021,68.649,95.033,94.805,64.8,54.9,30.2,100.6,67.1,87.8,94.6,87.2,93.4,90.2,93.5,19.262,5,5,5,91.976
4.59,3.0,7.036,5.437,5.021,73.596,94.804,95.277,64.8,54.9,30.2,100.6,67.1,87.8,94.6,87.2,93.4,90.2,93.5,19.136,5,5,5,91.154
4.61,3.0,7.193,5.437,5.021,78.33,94.902,95.194,64.8,54.9,30.2,100.6,67.1,87.8,94.6,87.2,93.4,90.2,93.5,19.146,5,5,5,90.34100000000001
4.63,3.0,7.034000000000001,5.437,5.021,82.132,95.098,94.889,64.8,54.9,30.2,100.6,67.1,87.8,94.6,87.2,93.4,90.2,93.5,19.158,5,5,5,89.503
4.65,3.0,7.04,5.438,5.021,84.44,94.869,95.166,64.8,54.9,30.2,100.6,67.1,87.8,94.6,87.2,93.4,90.2,93.5,19.284,5,5,5,88.719
4.67,3.0,7.194,5.437,5.021,88.194,95.0,95.0,64.8,54.9,30.2,100.6,67.1,87.8,94.6,87.2,93.4,90.2,93.5,19.249000000000002,5,5,5,87.977
4.69,3.0,6.754,5.437,5.021,86.04899999999999,95.065,95.49600000000001,64.8,54.9,30.2,100.6,67.1,87.8,94.6,87.2,93.4,90.2,93.5,19.298000000000002,5,5,5,87.119
4.71,3.0,6.603,5.438,5.021,85.291,94.869,95.958,64.8,54.9,30.2,100.6,67.1,87.8,94.6,87.2,93.4,90.2,93.5,19.217,5,5,5,86.223
4.73,3.0,6.855,5.437,5.021,83.07300000000001,95.227,96.441,64.8,54.9,30.2,100.6,67.1,87.8,94.6,87.2,93.4,90.2,93.413,19.253,5,5,5,85.337
4.75,3.0,7.340999999999999,5.437,5.021,82.32300000000001,95.13,96.995,64.8,54.9,30.2,100.6,67.1,87.8,94.6,87.2,93.4,90.2,93.363,19.374000000000002,5,5,5,84.42399999999999
4.77,3.0,6.789,5.44,5.021,81.35600000000001,95.065,97.721,64.8,54.9,30.2,100.6,67.1,87.8,94.6,87.2,93.4,90.2,93.336,19.326999999999998,5,5,5,83.553
4.79,3.0,6.448,5.436,5.021,80.167,94.902,98.932,64.8,54.9,30.2,100.6,67.1,87.8,94.6,87.2,93.4,90.2,93.32,19.189,5,5,5,82.63600000000001
4.81,3.0,6.784,5.438,5.021,79.827,95.13,100.34299999999999,64.8,54.9,30.2,100.6,67.1,87.8,94.6,87.2,93.4,90.2,93.311,19.244999999999997,5,5,5,81.789
4.83,3.0,6.875,5.466,5.022,79.084,95.0,102.476,64.8,54.9,30.2,100.6,67.1,87.8,94.6,87.2,93.4,90.2,93.306,20.244,5,5,5,80.895
4.85,3.0,6.627,5.437,5.022,78.741,95.065,105.47200000000001,64.8,54.9,30.2,100.6,67.1,87.8,94.6,87.2,93.4,90.2,93.304,20.313,5,5,5,80.01100000000001
4.87,3.0,6.78,5.437,5.022,78.692,95.195,110.29799999999999,64.8,54.9,30.2,100.6,67.1,87.8,94.6,87.2,93.4,90.2,93.30199999999999,20.247,5,5,5,79.172
4.89,3.0,6.742,5.472,5.022,78.818,95.324,119.41799999999999,64.8,54.9,30.2,100.6,67.1,87.8,94.6,87.2,93.4,90.2,93.301,20.21,5,5,5,78.291
4.91,3.0,6.545,5.534,5.022,79.19800000000001,95.54899999999999,131.43,64.8,54.9,30.2,100.6,67.1,87.8,94.6,87.2,93.4,90.2,93.301,20.307000000000002,5,5,5,77.431
4.93,3.0,6.807,5.681,5.022,79.433,95.388,150.619,64.8,54.9,30.2,100.6,67.1,87.8,94.6,87.2,93.4,90.2,93.3,20.466,5,5,5,76.601
4.95,3.0,6.798,5.667,5.022,79.655,95.581,191.642,64.8,54.9,30.2,100.6,67.1,87.8,94.6,87.2,93.4,90.2,93.3,20.369999999999997,5,5,5,75.762
4.97,3.0,6.987,5.564,5.022,79.808,96.58800000000001,244.525,64.8,54.9,30.2,100.6,67.1,87.8,94.6,87.2,93.4,90.2,93.3,20.458,5,5,5,74.922
4.99,3.0,6.757,6.335,5.022,79.904,98.368,239.632,64.8,54.9,30.2,100.6,67.1,87.8,94.6,87.2,93.4,90.2,93.3,20.488,5,5,5,74.061
5.01,3.0,6.63,6.645,5.022,80.143,100.47399999999999,236.247,64.8,54.9,30.2,100.6,67.1,87.8,94.6,87.2,93.4,90.2,93.3,20.348,5,5,5,73.219
5.03,3.0,7.411,6.502,5.022,80.432,103.185,234.91400000000002,64.8,54.9,30.2,100.6,67.1,87.8,94.6,87.2,93.4,90.2,93.3,20.379,5,5,5,72.372
5.05,3.0,6.843,6.822,5.023,80.74,106.561,234.236,64.8,54.9,30.2,100.6,67.1,87.8,94.6,87.2,93.4,90.2,93.3,20.378,5,5,5,71.548
5.07,3.0,6.718,7.579,5.023,81.385,110.719,234.199,64.8,54.9,30.2,100.6,67.1,87.8,94.6,87.2,93.4,90.2,93.3,20.183,5,5,5,70.697
5.09,3.0,6.615,7.819,5.022,81.95,115.663,234.46200000000002,64.8,54.9,30.2,100.6,67.1,87.8,94.6,87.15,93.4,90.2,93.3,20.223,5,5,5,69.84100000000001
5.11,3.0,6.662,8.144,5.023,82.262,121.964,234.512,64.8,54.9,30.2,100.6,67.1,87.8,94.6,87.084,93.4,90.2,93.3,20.227,5,5,5,69.014
5.13,3.0,6.494,8.067,5.023,82.264,129.81900000000002,234.33599999999998,64.8,54.9,30.2,100.6,67.1,87.8,94.6,87.047,93.4,90.2,93.3,20.244,5,5,5,68.161
5.15,3.0,6.993,9.072,5.023,82.47800000000001,140.588,233.97299999999998,64.8,54.9,30.2,100.6,67.1,87.8,94.6,87.027,93.4,90.2,93.3,20.298000000000002,5,5,5,67.312
5.17,3.0,6.585,9.192,5.023,82.102,151.819,233.41,64.8,54.9,30.2,100.6,67.1,87.8,94.6,87.015,93.4,90.2,93.3,20.359,5,5,5,66.451
5.19,3.0,6.6899999999999995,9.292,5.024,80.235,165.196,232.574,64.8,54.9,30.2,100.6,67.1,87.8,94.6,87.008,93.4,90.2,93.3,20.275,5,5,5,65.529
5.21,3.0,6.841,10.059000000000001,5.024,77.725,192.264,231.578,64.8,54.9,30.2,100.6,67.1,87.8,94.6,87.005,93.4,90.2,93.3,20.324,5,5,5,64.60499999999999
5.23,3.0,6.964,11.276,5.024,75.666,247.09900000000002,230.511,64.8,54.9,30.2,100.6,67.1,87.8,94.6,87.003,93.4,90.2,93.3,20.409,5,5,5,63.638000000000005
5.25,3.0,7.0600000000000005,11.544,5.024,73.968,242.40099999999998,229.49599999999998,64.8,54.9,30.2,100.6,67.1,87.8,94.6,87.001,93.4,90.2,93.3,20.413,5,5,5,62.718
5.27,3.0,7.279,11.722000000000001,5.024,72.806,238.815,228.485,64.8,54.9,30.2,100.6,67.1,87.8,94.6,87.001,93.4,90.2,93.3,20.617,5,5,5,61.81100000000001
5.29,3.0,7.336,12.231,5.024,71.767,236.294,227.465,64.8,54.9,30.2,100.6,67.1,87.8,94.6,87.0,93.4,90.2,93.3,20.606,5,5,5,60.898999999999994
5.31,3.0,7.65,12.84,5.024,71.46300000000001,234.25799999999998,226.435,64.8,54.9,30.2,100.6,67.1,87.8,94.6,87.0,93.4,90.2,93.3,20.490000000000002,5,5,5,60.001999999999995
5.33,3.0,7.621,12.956,5.025,71.319,232.497,225.763,64.8,54.9,30.2,100.6,67.1,87.8,94.6,87.0,93.4,90.2,93.3,20.497999999999998,5,5,5,59.151
5.35,3.0,7.227,13.853,5.024,71.506,230.882,224.81099999999998,64.8,54.9,30.2,100.6,67.1,87.8,94.6,87.0,93.4,90.2,93.3,20.506,5,5,5,58.295
5.37,3.0,7.345000000000001,13.602,5.025,71.41199999999999,229.47400000000002,223.668,64.8,54.9,30.2,100.6,67.1,87.8,94.6,87.0,93.4,90.2,93.3,20.369,5,5,5,57.412
5.39,3.0,7.484999999999999,14.732000000000001,5.026,71.589,228.27,224.15400000000002,64.8,54.9,30.2,100.6,67.1,87.8,94.6,87.0,93.4,90.2,93.3,20.444000000000003,5,5,5,56.574
5.41,3.0,7.51,15.126,5.026,71.679,227.304,224.543,64.8,54.9,30.2,100.6,67.1,87.8,94.6,87.0,93.4,90.2,93.3,20.461,5,5,5,55.701
5.43,3.0,7.922,15.773,5.026,71.847,226.305,224.264,64.8,54.9,30.2,100.6,67.1,87.8,94.6,87.0,93.4,90.2,93.3,20.228,5,5,5,54.865
5.45,3.0,7.853,15.927999999999999,5.026,72.439,225.135,223.875,64.8,54.9,30.2,100.6,67.1,87.8,94.6,87.0,93.4,90.2,93.3,20.144,5,5,5,54.01
5.47,3.0,7.798,16.500999999999998,5.026,72.707,224.215,223.595,64.8,54.9,30.2,100.6,67.1,87.8,94.6,87.0,93.4,90.2,93.3,20.061,5,5,5,53.181000000000004
5.49,3.0,8.665,16.732,5.027,73.16,223.456,223.438,64.8,54.9,30.2,100.6,67.1,87.8,94.6,87.0,93.4,90.2,93.3,20.064,5,5,5,52.327
5.51,3.0,8.454,17.576,5.026,73.523,222.99200000000002,223.268,64.8,54.9,30.2,100.6,67.1,87.8,94.6,87.0,93.4,90.2,93.3,19.835,5,5,5,51.485
5.53,3.0,8.464,17.326,5.027,71.455,222.49099999999999,222.965,64.8,54.9,30.2,100.6,67.1,87.8,94.6,87.0,93.4,90.2,93.3,19.930999999999997,5,5,5,50.668
5.55,3.0,8.764,18.393,5.027,70.51,222.15,222.481,64.8,54.9,30.2,100.6,67.1,87.8,94.6,87.0,93.4,90.2,93.3,19.9,5,5,5,49.967
5.57,3.0,8.503,18.653,5.027,70.565,222.05200000000002,221.91299999999998,64.8,54.9,30.2,100.6,67.1,87.8,94.6,87.0,93.4,90.113,93.3,19.985999999999997,5,5,5,49.254
5.59,3.0,8.536,18.256,5.027,69.72399999999999,222.101,221.06799999999998,64.8,54.9,30.2,100.6,67.1,87.8,94.575,87.0,93.4,90.063,93.3,19.833,5,5,5,48.573
5.61,3.0,9.195,18.429000000000002,5.027,70.419,222.43,220.226,64.8,54.9,30.2,100.6,67.1,87.8,94.542,87.0,93.4,90.036,93.3,19.868000000000002,5,5,5,47.876
5.63,3.0,9.079,18.848,5.028,69.486,222.467,219.325,64.8,54.9,30.2,100.6,67.1,87.8,94.524,87.0,93.4,90.02,93.3,19.854,5,5,5,47.181999999999995
5.65,3.0,9.373999999999999,18.584000000000003,5.028,70.833,222.125,218.42700000000002,64.8,54.9,30.2,100.6,67.1,87.8,94.513,87.0,93.4,90.01100000000001,93.3,19.817,5,5,5,46.495
5.67,3.0,9.573,19.288,5.028,70.067,221.71099999999998,217.55599999999998,64.8,54.9,30.2,100.6,67.1,87.8,94.508,87.0,93.4,90.006,93.3,19.795,5,5,5,45.832
5.69,3.0,9.729,19.454,5.028,70.976,221.71099999999998,216.733,64.8,54.9,30.2,100.6,67.1,87.8,94.50399999999999,87.0,93.4,90.00399999999999,93.3,19.833,5,5,5,45.138000000000005
5.71,3.0,10.433,20.794,5.029,70.601,221.93,216.02,64.8,54.9,30.2,100.6,67.1,87.8,94.502,87.0,93.4,90.002,93.3,19.881999999999998,5,5,5,44.485
5.73,3.0,14.628,21.706,5.029,72.08800000000001,222.028,215.45,64.8,54.9,30.2,100.6,67.1,87.8,94.501,87.0,93.4,90.001,93.3,19.857,5,5,5,43.828
5.75,3.0,17.704,23.951,5.031,67.412,221.49200000000002,214.86900000000003,64.8,54.9,30.2,100.6,67.1,87.8,94.501,87.0,93.35600000000001,90.001,93.3,19.93,5,5,5,43.187
5.77,3.0,19.729,24.79,13.322000000000001,67.995,220.69,214.33700000000002,64.8,54.9,30.2,100.6,67.1,87.8,94.5,87.0,93.332,90.0,93.3,19.881,5,5,5,42.756
5.79,3.0,20.811,26.14,16.674,66.804,219.975,213.734,64.8,54.9,30.2,100.6,67.1,87.8,94.5,87.0,93.318,90.0,93.3,19.91,5,5,5,42.356
5.81,4.0,21.697,26.74,17.092,66.87899999999999,219.345,213.13299999999998,64.8,54.9,30.2,100.6,67.1,87.8,94.5,87.0,93.31,90.0,93.3,20.005000000000003,5,5,5,41.975
5.83,4.0,22.314,27.768,17.883,64.418,218.282,212.544,64.8,54.9,30.2,100.6,67.1,87.8,94.5,87.0,93.306,90.0,93.3,20.287,5,5,5,41.585
5.85,4.0,23.079,27.805,18.572000000000003,56.231,216.84900000000002,212.12099999999998,64.8,54.9,30.2,100.6,67.1,87.8,94.5,87.0,93.303,90.0,93.3,20.297,5,5,5,41.348
5.87,4.0,23.688,29.144000000000002,22.653,58.727,215.673,211.486,64.8,54.9,30.2,100.6,67.1,87.8,94.5,87.0,93.30199999999999,90.0,93.3,20.356,5,5,5,41.372
5.89,4.0,24.303,29.405,24.39,53.364,214.835,210.923,64.8,54.9,30.2,100.6,67.1,87.8,94.5,87.0,93.301,90.0,93.3,20.3,5,5,5,41.374
5.91,4.0,24.58,30.112,25.312,52.943000000000005,214.30900000000003,210.396,64.8,54.9,30.2,100.6,67.1,87.8,94.5,87.0,93.301,90.0,93.3,20.482999999999997,5,5,5,41.422
5.93,4.0,24.442999999999998,29.986,25.552,50.638000000000005,213.831,209.753,64.8,54.9,30.2,100.6,67.1,87.8,94.5,87.0,93.3,90.0,93.3,20.351,5,5,5,41.416
5.95,4.0,24.656,29.744,25.61,49.118,213.378,209.24,65.1,55.0,30.2,100.1,66.9,87.8,94.5,87.0,93.3,90.0,93.3,20.269,5,5,5,41.43
5.97,4.0,25.92,29.877,24.276,47.966,213.033,208.785,65.1,55.0,30.2,100.1,66.9,87.8,94.5,87.0,93.3,90.0,93.3,20.336,5,5,5,41.461
5.99,4.0,27.535999999999998,30.3,23.16,46.548,212.61599999999999,208.296,65.1,55.0,30.2,100.1,66.9,87.8,94.5,87.0,93.3,90.0,93.3,20.454,5,5,5,41.47
6.01,4.0,28.482,30.932,25.71,46.303000000000004,212.15200000000002,207.854,65.1,55.0,30.2,100.1,66.9,87.8,94.5,87.0,93.3,90.0,93.3,20.256,5,5,5,41.475
6.03,4.0,29.291999999999998,31.564,28.599,45.26,211.68900000000002,207.342,65.1,55.0,30.2,100.1,66.9,87.8,94.5,87.0,93.3,90.0,93.3,20.018,5,5,5,41.486000000000004
6.05,4.0,29.741,32.164,29.415,45.324,211.215,206.843,65.1,55.0,30.2,100.1,66.9,87.8,94.5,87.0,93.3,90.0,93.3,20.357999999999997,5,5,5,41.489000000000004
6.07,4.0,30.410999999999998,32.387,29.881999999999998,45.707,210.69299999999998,206.46099999999998,65.1,55.0,30.2,100.1,66.9,87.8,94.5,87.0,93.3,90.0,93.3,20.134999999999998,5,5,5,41.483000000000004
6.09,4.0,30.461,32.969,30.135,45.67,210.16,206.171,65.1,55.0,30.2,100.1,66.9,87.8,94.5,87.0,93.3,90.0,93.3,20.194000000000003,5,5,5,41.463
6.11,4.0,30.686,33.036,30.386999999999997,44.673,209.72299999999998,205.408,65.1,55.0,30.2,100.1,66.9,87.8,94.5,87.0,93.3,90.0,93.3,20.23,5,5,5,41.476
6.13,4.0,30.662,32.644999999999996,30.553,44.853,209.28599999999997,205.015,65.1,55.0,30.2,100.1,66.9,87.8,94.5,87.0,93.3,90.0,93.3,20.05,5,5,5,41.498000000000005
6.15,4.0,31.539,33.109,30.671,37.611,208.826,204.576,65.1,55.0,30.2,100.1,66.9,87.8,94.5,87.0,93.3,90.0,93.3,20.277,5,5,5,41.61
6.17,4.0,32.291,33.533,30.63,39.033,208.343,204.127,65.1,55.0,30.2,100.1,66.9,87.8,94.5,87.0,93.3,90.0,93.3,20.22,5,5,5,41.798
6.19,4.0,32.777,33.403999999999996,30.35,36.778000000000006,207.84799999999998,203.71200000000002,65.1,55.0,30.2,100.1,66.9,87.8,94.5,87.0,93.3,90.0,93.3,20.331,5,5,5,41.938
6.21,4.0,32.97,33.251,30.414,35.044,207.378,203.275,65.1,55.0,30.2,100.1,66.9,87.8,94.5,87.0,93.3,90.0,93.3,20.15,5,5,5,42.093
6.23,4.0,32.998000000000005,33.435,30.339000000000002,33.081999999999994,206.955,202.826,65.1,55.0,30.2,100.1,66.9,87.8,94.5,87.0,93.3,90.0,93.3,20.328,5,5,5,42.260999999999996
6.25,4.0,32.706999999999994,32.96,30.44,32.224000000000004,206.426,202.424,65.1,55.0,30.2,100.1,66.9,87.8,94.5,87.0,93.3,90.0,93.3,20.208,5,5,5,42.421
6.27,4.0,32.876999999999995,33.586,30.226,31.113000000000003,205.957,201.96599999999998,65.1,55.0,30.2,100.1,66.9,87.8,94.5,87.0,93.3,90.0,93.3,20.218,5,5,5,42.579
6.29,4.0,33.041,33.027,30.136999999999997,30.153000000000002,205.5,201.49599999999998,65.1,55.0,30.2,100.1,66.9,87.8,94.5,87.0,93.3,90.0,93.3,20.451999999999998,5,5,5,42.743
6.31,4.0,33.262,32.403999999999996,29.738000000000003,32.194,205.12599999999998,201.03799999999998,65.1,55.0,30.2,100.1,66.9,87.8,94.5,87.0,93.3,90.0,93.3,20.304000000000002,5,5,5,42.885
6.33,4.0,32.685,32.251999999999995,29.68,31.798000000000002,204.588,200.615,65.1,55.0,30.2,100.1,66.9,87.8,94.5,87.0,93.3,90.0,93.3,20.171,5,5,5,42.923
6.35,4.0,32.368,32.28,29.434,32.355999999999995,204.12,200.203,65.1,55.0,30.2,100.1,66.9,87.8,94.5,87.0,93.3,90.0,93.3,20.391,5,5,5,42.931999999999995
6.37,4.0,32.228,32.644000000000005,29.225,32.754000000000005,203.665,199.769,65.1,55.0,30.2,100.1,66.9,87.8,94.5,87.0,93.3,90.0,93.3,20.290999999999997,5,5,5,42.884
6.39,4.0,32.31699999999999,31.885,29.016,34.602,203.292,199.347,65.1,55.0,30.2,100.1,66.9,87.8,94.5,87.0,93.3,90.0,93.3,20.365000000000002,5,5,5,42.792
6.41,4.0,31.854,31.255,28.565,35.56,202.803,198.937,65.1,55.0,30.2,100.1,66.9,87.8,94.5,87.0,93.3,90.0,93.3,20.425,5,5,5,42.705
6.43,4.0,31.261999999999997,31.256999999999998,28.166999999999998,37.137,202.38400000000001,198.56099999999998,65.1,55.0,30.2,100.1,66.9,87.8,94.5,87.0,93.3,90.0,93.3,20.134999999999998,5,5,5,42.579
6.45,4.0,31.593000000000004,30.879,28.031,38.416,201.953,198.16299999999998,65.1,55.0,30.2,100.1,66.9,87.8,94.5,87.0,93.3,90.0,93.3,20.301,5,5,5,42.409
6.47,4.0,31.218000000000004,31.221999999999998,27.791999999999998,40.094,201.57,197.77599999999998,65.1,55.0,30.2,100.1,66.9,87.8,94.5,87.0,93.3,90.0,93.3,20.379,5,5,5,42.244
6.49,4.0,31.108,30.929000000000002,27.906,40.754,201.128,197.41299999999998,65.1,55.0,30.2,100.1,66.9,87.8,94.5,87.0,93.3,90.0,93.3,20.057000000000002,5,5,5,42.051
6.51,4.0,31.018,30.915,27.855999999999998,42.367,200.71,197.06099999999998,65.1,55.0,30.2,100.1,66.9,87.8,94.5,87.0,93.3,90.0,93.3,20.112000000000002,5,5,5,41.870999999999995
6.53,4.0,30.779,31.224,27.901999999999997,43.405,200.33900000000003,196.755,65.1,55.0,30.2,100.1,66.9,87.8,94.5,87.0,93.3,90.0,93.3,20.467,5,5,5,41.696
6.55,4.0,30.281999999999996,31.142,28.162,42.828,199.945,196.415,65.1,55.0,30.2,100.1,66.9,87.8,94.5,87.0,93.3,90.0,93.3,20.177999999999997,5,5,5,41.562
6.57,4.0,30.655,31.289,28.075,42.091,199.574,196.13099999999997,65.1,55.0,30.2,100.1,66.9,87.8,94.5,87.0,93.3,90.0,93.3,20.062,5,5,5,41.575
6.59,4.0,30.995,31.209,28.065,42.236,199.192,195.803,65.1,55.0,30.2,100.1,66.9,87.75,94.5,87.0,93.3,90.0,93.3,19.951999999999998,5,5,5,41.622
6.61,4.0,30.79,31.324,27.701999999999998,38.225,198.81099999999998,195.497,65.1,55.0,30.2,100.1,66.9,87.684,94.5,87.0,93.3,90.0,93.3,20.189999999999998,5,5,5,41.687
6.63,4.0,30.674,32.015,27.418000000000003,39.885,198.46400000000003,195.158,65.1,55.0,30.2,100.1,66.9,87.64699999999999,94.5,87.0,93.3,90.0,93.3,20.32,5,5,5,41.775
6.65,4.0,30.511999999999997,31.435,27.304000000000002,40.691,198.106,194.85299999999998,65.1,55.0,30.2,100.1,66.9,87.627,94.5,87.0,93.3,90.0,93.3,20.304000000000002,5,5,5,41.823
6.67,4.0,30.789,31.704,27.358,41.871,197.736,194.55900000000003,65.1,55.0,30.2,100.1,66.9,87.615,94.5,87.0,93.3,90.0,93.3,20.165,5,5,5,41.773
6.69,4.0,31.099,31.845,27.175,41.786,197.39,194.266,65.1,55.0,30.2,100.1,66.9,87.608,94.5,87.0,93.3,90.0,93.3,20.3,5,5,5,41.624
6.71,4.0,31.143,31.635,28.086,43.332,197.032,193.916,65.1,55.0,30.2,100.1,66.9,87.605,94.5,87.0,93.3,90.0,93.3,20.396,5,5,5,41.503
6.73,4.0,31.23,31.879,28.54,43.403,196.687,193.668,65.1,55.0,30.2,100.1,66.9,87.60300000000001,94.5,87.0,93.3,90.0,93.3,20.037,5,5,5,41.393
6.75,4.0,31.346,31.694000000000003,28.506,45.609,196.34099999999998,193.363,65.1,55.0,30.2,100.1,66.9,87.602,94.5,87.0,93.3,90.0,93.23100000000001,20.309,5,5,5,41.239000000000004
6.77,4.0,31.592,31.744,28.709,45.681999999999995,196.019,193.093,65.1,55.0,30.2,100.1,66.9,87.601,94.5,87.0,93.3,90.0,93.17399999999999,20.384999999999998,5,5,5,41.107
6.79,4.0,31.586,32.084,29.098000000000003,47.343,195.685,192.81099999999998,65.1,55.0,30.2,100.1,66.9,87.6,94.5,87.0,93.3,90.0,93.142,20.293,5,5,5,40.937
6.81,4.0,32.069,32.39,29.184,47.726000000000006,195.363,192.58599999999998,65.1,55.0,30.2,100.1,66.9,87.6,94.5,87.0,93.3,90.0,93.123,19.572000000000003,5,5,5,40.792
6.83,4.0,31.912,32.891,29.666999999999998,49.133,195.05200000000002,192.328,65.1,55.0,30.2,100.1,66.9,87.6,94.5,87.0,93.3,90.0,93.113,19.22,5,5,5,40.661
6.85,4.0,32.16,33.452,29.869,49.896,194.753,192.10299999999998,65.1,55.0,30.2,100.1,66.9,87.6,94.5,87.0,93.3,90.0,93.107,19.113,5,5,5,40.516999999999996
6.87,4.0,32.668000000000006,33.703,30.213,50.51,194.455,191.855,65.1,55.0,30.2,100.1,66.9,87.6,94.5,87.0,93.3,90.0,93.104,19.302,5,5,5,40.391999999999996
6.89,4.0,32.965999999999994,34.081999999999994,30.756,51.284,194.15599999999998,191.642,65.1,55.0,30.2,100.1,66.9,87.6,94.5,87.0,93.3,90.0,93.102,19.208,5,5,5,40.230999999999995
6.91,4.0,33.138000000000005,34.326,31.2,52.354,193.84599999999998,191.451,65.1,55.0,30.2,100.1,66.9,87.6,94.5,87.0,93.3,90.0,93.101,19.134999999999998,5,5,5,40.094
6.93,4.0,33.738,34.962,31.859,52.861000000000004,193.59400000000002,191.226,65.1,55.0,30.2,100.1,66.9,87.6,94.5,87.0,93.3,90.0,93.101,19.226,5,5,5,39.968
6.95,4.0,34.135000000000005,35.687,32.415,53.42100000000001,193.31799999999998,191.047,65.1,55.0,30.2,100.1,66.9,87.6,94.5,87.0,93.3,90.0,93.1,19.109,5,5,5,39.853
6.97,4.0,34.296,36.822,33.0,53.8,193.043,190.81099999999998,65.1,55.0,30.2,100.1,66.9,87.6,94.5,87.0,93.3,90.0,93.1,19.072000000000003,5,5,5,39.745999999999995
6.99,4.0,35.19199999999999,36.734,33.548,54.347,192.80200000000002,190.676,65.1,55.0,30.2,100.1,66.9,87.6,94.5,87.0,93.3,90.0,93.1,19.134,5,5,5,39.67
7.01,4.0,35.326,37.289,33.9,55.336999999999996,192.55,190.418,65.1,55.0,30.2,100.1,66.9,87.6,94.5,87.0,93.3,90.0,93.1,19.232,5,5,5,39.573
7.03,4.0,35.898,38.059,34.605999999999995,55.063,192.31,190.239,65.1,55.0,30.2,100.1,66.9,87.6,94.5,87.0,93.3,90.0,93.1,19.141,5,5,5,39.477
7.05,4.0,36.777,38.99,33.888000000000005,55.73,191.977,189.93599999999998,65.1,55.0,30.2,100.1,66.9,87.6,94.5,87.0,93.3,90.0,93.1,19.137,5,5,5,39.396
7.07,4.0,36.715,38.757,35.607,55.303999999999995,191.817,189.791,65.1,55.0,30.2,100.1,66.9,87.6,94.5,87.0,93.3,90.0,93.1,19.205,5,5,5,39.346000000000004
7.09,4.0,37.554,39.104,32.574,55.148999999999994,191.554,189.63400000000001,65.1,55.0,30.2,100.1,66.9,87.6,94.5,87.0,93.3,90.0,93.1,19.180999999999997,5,5,5,39.286
7.11,4.0,37.878,39.876999999999995,37.361,54.585,191.31400000000002,189.41,65.1,55.0,30.2,100.1,66.9,87.6,94.5,87.0,93.3,90.0,93.1,19.234,5,5,5,39.239000000000004
7.13,4.0,38.124,39.888000000000005,37.735,49.792,191.11900000000003,189.24200000000002,65.1,55.0,30.2,100.1,66.9,87.6,94.5,87.0,93.3,90.0,93.1,19.153,5,5,5,39.21
7.15,4.0,38.891999999999996,40.391999999999996,38.071999999999996,49.854,190.87900000000002,189.04,65.1,55.0,30.2,100.1,66.9,87.6,94.5,87.0,93.3,90.0,93.1,19.201,5,5,5,39.312
7.17,4.0,39.161,41.329,38.195,46.994,190.65,188.828,65.1,55.0,30.2,100.1,66.9,87.6,94.5,87.0,93.3,90.0,93.1,19.143,5,5,5,39.451
7.19,4.0,39.345,41.477,38.02,46.902,190.433,188.604,65.1,55.0,30.2,100.1,66.9,87.6,94.5,87.0,93.3,90.0,93.1,19.227,5,5,5,39.668000000000006
7.21,4.0,39.662,41.643,37.11,42.957,190.204,188.38,65.1,55.0,30.2,100.1,66.9,87.6,94.5,87.0,93.3,90.0,93.1,19.142000000000003,5,5,5,39.75
7.23,4.0,40.154,41.497,36.876,42.656,189.96400000000003,188.135,65.1,55.0,30.2,100.1,66.9,87.6,94.5,86.975,93.3,90.0,93.1,19.34,5,5,5,39.903000000000006
7.25,4.0,40.259,41.643,36.111999999999995,40.912,189.725,187.9,65.1,55.0,30.2,100.1,66.9,87.6,94.5,86.898,93.3,90.0,93.1,19.121,5,5,5,40.052
7.27,4.0,40.225,41.575,35.191,39.376,189.485,187.665,65.1,55.0,30.2,100.1,66.9,87.6,94.5,86.855,93.3,90.0,93.1,19.156,5,5,5,40.247
7.29,4.0,40.333,41.471,38.039,38.233000000000004,189.222,187.386,65.1,55.0,30.2,100.1,66.9,87.6,94.5,86.831,93.3,90.0,93.1,19.192,5,5,5,40.42
7.31,4.0,40.637,41.791,38.19,36.512,188.97099999999998,187.107,65.1,55.0,30.2,100.1,66.9,87.6,94.5,86.818,93.3,90.0,93.1,19.128,5,5,5,40.58
7.33,4.0,40.46,41.617,37.923,38.635,188.64,186.88400000000001,65.1,55.0,30.2,100.1,66.9,87.6,94.5,86.81,93.3,90.0,93.1,19.136,5,5,5,40.738
7.35,4.0,40.65,40.935,37.941,38.358000000000004,188.446,186.59400000000002,65.1,55.0,30.2,100.1,66.9,87.6,94.5,86.806,93.3,90.0,93.1,19.029000000000003,5,5,5,40.792
7.37,4.0,40.315,40.711999999999996,37.56,39.209,188.172,186.33700000000002,65.1,55.0,30.2,100.1,66.9,87.6,94.5,86.803,93.3,90.0,93.1,19.039,5,5,5,40.769999999999996
7.39,4.0,40.399,40.989000000000004,37.745,39.21,187.933,186.10299999999998,65.1,55.0,30.2,100.1,66.9,87.6,94.5,86.80199999999999,93.3,90.0,93.1,19.103,5,5,5,40.706
7.41,4.0,40.247,40.556999999999995,37.259,41.24,187.67,185.83599999999998,65.1,55.0,30.2,100.1,66.9,87.6,94.5,86.801,93.3,90.0,93.1,19.125999999999998,5,5,5,40.641
7.43,4.0,40.711,40.622,36.995999999999995,37.236,187.363,185.546,65.1,55.0,30.2,100.1,66.9,87.6,94.5,86.801,93.3,90.0,93.1,19.004,5,5,5,40.572
7.45,4.0,40.363,40.092,36.793000000000006,37.708,187.123,185.301,65.1,55.0,30.2,100.1,66.9,87.6,94.5,86.8,93.3,90.0,93.1,19.094,5,5,5,40.626999999999995
7.47,4.0,40.421,40.058,36.898,35.614999999999995,186.873,185.045,65.1,55.0,30.2,100.1,66.9,87.6,94.5,86.8,93.3,90.0,93.1,19.235999999999997,5,5,5,40.727
7.49,4.0,40.37,40.328,36.66,39.924,186.622,184.81099999999998,65.1,55.0,30.2,100.1,66.9,87.6,94.5,86.8,93.3,90.0,93.1,19.157,5,5,5,40.893
7.51,4.0,39.999,40.035,36.528000000000006,32.087,186.36,184.567,65.1,55.0,30.2,100.1,66.9,87.6,94.5,86.8,93.3,90.0,93.1,19.11,5,5,5,40.937
7.53,4.0,39.559,39.605,36.476,37.28,186.109,184.31099999999998,65.1,55.0,30.2,100.1,66.9,87.6,94.5,86.8,93.3,90.0,93.1,18.979,5,5,5,41.157
7.55,4.0,39.650999999999996,39.411,36.141999999999996,35.383,185.84799999999998,184.09900000000002,65.1,55.0,30.2,100.1,66.9,87.6,94.5,86.8,93.3,90.0,93.1,18.988,5,5,5,41.22
7.57,4.0,39.781,39.188,35.792,37.503,185.58599999999998,183.822,65.1,55.0,30.2,100.1,66.9,87.6,94.5,86.8,93.3,90.0,93.1,19.167,5,5,5,41.215999999999994
7.59,4.0,39.3,38.658,35.825,31.305999999999997,185.358,183.588,65.1,55.0,30.2,100.1,66.9,87.6,94.5,86.8,93.3,90.0,93.1,19.105,5,5,5,41.163
7.61,4.0,39.226,39.191,35.482,38.134,185.085,183.34400000000002,65.1,55.0,30.2,100.1,66.9,87.6,94.5,86.8,93.3,90.0,93.1,18.845,5,5,5,41.161
7.63,4.0,39.301,38.753,35.247,31.369,184.834,183.12099999999998,65.1,55.0,30.2,100.1,66.9,87.6,94.5,86.8,93.3,90.0,93.1,19.163,5,5,5,41.143
7.65,4.0,39.125,38.414,34.894999999999996,41.448,184.607,182.86599999999999,65.1,55.0,30.2,100.1,66.9,87.6,94.45,86.8,93.3,90.0,93.1,19.055999999999997,5,5,5,41.326
7.67,4.0,38.564,38.513000000000005,34.848,33.209,184.357,182.611,65.1,55.0,30.2,100.1,66.9,87.6,94.384,86.8,93.3,90.0,93.1,19.130000000000003,5,5,5,41.272
7.69,4.0,38.679,38.556999999999995,34.766,42.336,184.072,182.36599999999999,65.1,55.0,30.2,100.1,66.9,87.6,94.347,86.8,93.3,90.0,93.1,19.098,5,5,5,41.230000000000004
7.71,4.0,38.799,38.083,34.499,33.92,183.845,182.144,65.1,55.0,30.2,100.1,66.9,87.6,94.327,86.8,93.3,90.0,93.1,19.049,5,5,5,41.118
7.73,4.0,38.199,37.935,34.245000000000005,43.208,183.65099999999998,181.91099999999997,65.1,55.0,30.2,100.1,66.9,87.6,94.315,86.8,93.3,90.0,93.1,19.116,5,5,5,41.006
7.75,4.0,37.873000000000005,37.812,34.178,33.937,183.356,181.678,65.1,55.0,30.2,100.1,66.9,87.6,94.308,86.8,93.3,90.0,93.1,19.238,5,5,5,40.855000000000004
7.77,4.0,37.948,37.435,34.153999999999996,41.385999999999996,183.09400000000002,181.456,65.1,55.0,30.2,100.1,66.9,87.6,94.305,86.8,93.3,90.0,93.1,19.021,5,5,5,40.743
7.79,4.0,37.751,37.117,33.94,42.52,182.86700000000002,181.24599999999998,65.1,55.0,30.2,100.1,66.9,87.6,94.303,86.8,93.3,90.0,93.1,19.028,5,5,5,40.605999999999995
7.81,4.0,37.117,37.655,33.978,43.051,182.685,181.046,65.1,55.0,30.2,100.1,66.9,87.6,94.301,86.8,93.3,90.0,93.1,20.088,5,5,5,40.448
7.83,4.0,37.321,37.481,34.078,45.881,182.446,180.835,65.1,55.0,30.2,100.1,66.9,87.6,94.301,86.8,93.3,90.0,93.1,19.951,5,5,5,40.316
7.85,4.0,37.221,37.312,34.025,46.44,182.196,180.625,65.1,55.0,30.2,100.1,66.9,87.6,94.3,86.8,93.21300000000001,90.0,93.1,19.975,5,5,5,40.125
7.87,4.0,37.451,37.762,33.912,48.481,182.003,180.49200000000002,65.1,55.0,30.2,100.1,66.9,87.6,94.3,86.8,93.163,90.0,93.1,20.005000000000003,5,5,5,39.976
7.89,4.0,37.268,37.400999999999996,34.312,48.198,181.787,180.325,65.1,55.0,30.2,100.1,66.9,87.6,94.3,86.8,93.13600000000001,90.0,93.1,19.819000000000003,5,5,5,39.801
7.91,4.0,37.09,37.84,34.399,50.1,181.55900000000003,180.15900000000002,65.1,55.0,30.2,100.1,66.9,87.6,94.3,86.8,93.12,90.0,93.1,19.969,5,5,5,39.69
7.93,4.0,37.364000000000004,37.802,34.525999999999996,45.966,181.36599999999999,180.02599999999998,65.1,55.0,30.2,100.1,66.9,87.6,94.3,86.8,93.111,90.0,93.1,19.972,5,5,5,39.54
7.95,4.0,37.414,38.192,34.708,53.158,181.15,179.84900000000002,65.2,55.0,30.3,99.7,66.8,87.6,94.3,86.8,93.10600000000001,90.0,93.1,19.947000000000003,5,5,5,39.525
7.97,4.0,37.303000000000004,38.306,35.266999999999996,50.068000000000005,180.98,179.71599999999998,65.2,55.0,30.3,99.7,66.8,87.6,94.3,86.8,93.104,90.0,93.1,19.958,5,5,5,39.400999999999996
7.99,4.0,37.004,38.628,35.275,53.336000000000006,180.798,179.59400000000002,65.2,55.0,30.3,99.7,66.8,87.6,94.3,86.8,93.102,90.0,93.1,20.07,5,5,5,39.338
8.01,4.0,37.064,39.181,35.811,50.488,180.61599999999999,179.417,65.2,55.0,30.3,99.7,66.8,87.6,94.3,86.8,93.101,90.0,93.1,19.958,5,5,5,39.221000000000004
8.03,4.0,37.451,39.009,35.8,52.833,180.41099999999997,179.28400000000002,65.2,55.0,30.3,99.7,66.8,87.6,94.3,86.8,93.101,90.0,93.1,20.11,5,5,5,39.201
8.05,4.0,37.531,39.184,36.149,51.945,180.252,179.162,65.2,55.0,30.3,99.7,66.8,87.6,94.3,86.8,93.1,90.0,93.1,20.086,5,5,5,39.203
8.07,4.0,37.418,39.521,36.447,52.868,180.05900000000003,178.99599999999998,65.2,55.0,30.3,99.7,66.8,87.6,94.3,86.8,93.1,90.0,93.1,19.932000000000002,5,5,5,39.168000000000006
8.09,4.0,37.813,39.978,36.629999999999995,51.678000000000004,179.889,178.87400000000002,65.2,55.0,30.3,99.7,66.8,87.6,94.3,86.8,93.1,90.0,93.1,19.937,5,5,5,39.101
8.11,4.0,37.903,39.954,36.938,52.586000000000006,179.752,178.719,65.2,55.0,30.3,99.7,66.8,87.6,94.3,86.8,93.1,90.0,93.1,19.999000000000002,5,5,5,39.04
8.13,4.0,38.124,39.849000000000004,37.171,52.786,179.55900000000003,178.553,65.2,55.0,30.3,99.7,66.8,87.6,94.3,86.8,93.1,90.0,93.1,19.899,5,5,5,38.989999999999995
8.15,4.0,38.332,40.064,37.47,53.744,179.388,178.398,65.2,55.0,30.3,99.7,66.8,87.6,94.3,86.8,93.1,90.0,93.1,19.874000000000002,5,5,5,38.980999999999995
8.17,4.0,38.535,41.071999999999996,37.601,52.795,179.195,178.243,65.2,55.0,30.3,99.7,66.8,87.6,94.3,86.8,93.1,90.0,93.1,19.895,5,5,5,38.939
8.19,4.0,38.628,41.069,37.736999999999995,53.475,179.05900000000003,178.11,65.2,55.0,30.3,99.7,66.8,87.6,94.3,86.8,93.1,90.0,93.1,19.843,5,5,5,38.939
8.21,4.0,38.474000000000004,40.994,38.14,52.72,178.86599999999999,177.911,65.2,55.0,30.3,99.7,66.8,87.6,94.3,86.8,93.1,90.0,93.1,19.875,5,5,5,38.903999999999996
8.23,4.0,38.626,41.245,38.302,52.915,178.695,177.734,65.2,55.0,30.3,99.7,66.8,87.6,94.3,86.8,93.1,90.0,93.1,19.714,5,5,5,38.879999999999995
8.25,4.0,39.471,41.593,38.428000000000004,52.721000000000004,178.536,177.601,65.2,55.0,30.3,99.7,66.8,87.6,94.3,86.8,93.1,90.0,93.1,19.737000000000002,5,5,5,38.851
8.27,4.0,39.608000000000004,41.639,38.679,52.428999999999995,178.366,177.48,65.2,55.0,30.3,99.7,66.8,87.6,94.3,86.8,93.1,90.0,93.1,19.788,5,5,5,38.844
8.29,4.0,39.382,41.503,38.818000000000005,52.224,178.195,177.291,65.2,55.0,30.3,99.7,66.8,87.6,94.3,86.8,93.1,90.0,93.1,19.753,5,5,5,38.827
8.31,4.0,39.742,42.147,38.978,52.276,178.013,177.10299999999998,65.2,55.0,30.3,99.7,66.8,87.6,94.3,86.8,93.1,90.0,93.1,19.699,5,5,5,38.818
8.33,4.0,40.037,42.195,39.176,52.058,177.843,176.94799999999998,65.2,55.0,30.3,99.7,66.8,87.6,94.3,86.8,93.1,90.0,93.1,19.758,5,5,5,38.816
8.35,4.0,40.335,42.239000000000004,39.381,51.36600000000001,177.649,176.76,65.2,55.0,30.3,99.7,66.8,87.6,94.3,86.8,93.1,90.0,93.1,19.85,5,5,5,38.816
8.37,4.0,40.09,42.25,39.508,51.263000000000005,177.49,176.61700000000002,65.2,55.0,30.3,99.7,66.8,87.6,94.3,86.8,93.1,90.0,93.1,19.845999999999997,5,5,5,38.812
8.39,4.0,40.178000000000004,42.944,39.543,45.34,177.32,176.44,65.2,55.0,30.3,99.7,66.8,87.6,94.3,86.8,93.1,90.0,93.1,19.918,5,5,5,38.807
8.41,4.0,40.855,42.728,39.624,46.581,177.126,176.274,65.2,55.0,30.3,99.7,66.8,87.6,94.3,86.8,93.1,90.0,93.1,19.947000000000003,5,5,5,38.959
8.43,4.0,40.909,42.482,39.775,44.953,176.95600000000002,176.064,65.2,55.0,30.3,99.7,66.8,87.6,94.3,86.8,93.1,90.0,93.1,19.953,5,5,5,39.122
8.45,4.0,40.703,42.673,39.732,47.678000000000004,176.774,175.864,65.2,55.0,30.3,99.7,66.8,87.6,94.3,86.8,93.1,90.0,93.1,19.796,5,5,5,39.254999999999995
8.47,4.0,40.888000000000005,43.336,39.764,44.194,176.592,175.721,65.2,55.0,30.3,99.7,66.8,87.6,94.3,86.8,93.1,90.0,93.1,19.958,5,5,5,39.269000000000005
8.49,4.0,41.124,43.059,39.664,47.044,176.398,175.54399999999998,65.2,55.0,30.3,99.7,66.8,87.6,94.3,86.8,93.1,90.0,93.1,20.09,5,5,5,39.259
8.51,4.0,41.412,42.781,39.973,45.673,176.22799999999998,175.36700000000002,65.2,55.0,30.3,99.7,66.8,87.6,94.3,86.8,93.1,90.0,93.1,20.067,5,5,5,39.235
8.53,4.0,41.274,42.968,39.68,46.86,176.046,175.179,65.2,55.0,30.3,99.7,66.8,87.6,94.3,86.8,93.1,90.0,93.1,19.959000000000003,5,5,5,39.229
8.55,4.0,41.361999999999995,43.288000000000004,39.681999999999995,47.157,175.875,174.991,65.2,55.0,30.3,99.7,66.8,87.6,94.3,86.8,93.1,90.0,93.1,19.860999999999997,5,5,5,39.221000000000004
8.57,4.0,41.574,42.606,39.378,47.248000000000005,175.68200000000002,174.847,65.2,55.0,30.3,99.7,66.8,87.6,94.3,86.8,93.1,90.0,93.1,20.035,5,5,5,39.205
8.59,4.0,41.558,42.69,39.806999999999995,41.973,175.52200000000002,174.659,65.2,55.0,30.3,99.7,66.8,87.6,94.3,86.8,93.1,90.0,93.1,19.828,5,5,5,39.196
8.61,4.0,41.179,42.878,39.768,42.992,175.329,174.471,65.2,55.0,30.3,99.7,66.8,87.6,94.3,86.8,93.1,90.0,93.1,19.955,5,5,5,39.3
8.63,4.0,41.635,43.328,39.559,40.8,175.112,174.29399999999998,65.2,55.0,30.3,99.7,66.8,87.6,94.3,86.8,93.1,90.0,93.1,19.672,5,5,5,39.451
8.65,4.0,41.806999999999995,42.48,39.438,39.885,174.908,174.184,65.2,55.0,30.3,99.7,66.8,87.6,94.3,86.8,93.1,90.0,93.1,19.897,5,5,5,39.675
8.67,4.0,41.693000000000005,42.568000000000005,39.379,37.729,174.76,173.918,65.2,55.0,30.3,99.7,66.8,87.6,94.3,86.8,93.1,90.0,93.1,19.828,5,5,5,39.812
8.69,4.0,40.98,42.760999999999996,39.269,36.471000000000004,174.566,173.719,65.2,55.0,30.3,99.7,66.8,87.6,94.3,86.8,93.1,90.0,93.1,20.153,5,5,5,39.977
8.71,4.0,41.591,42.306,39.009,37.94,174.372,173.531,65.2,55.0,30.3,99.7,66.8,87.6,94.3,86.8,93.1,90.0,93.1,19.779000000000003,5,5,5,40.113
8.73,4.0,41.475,41.979,38.829,31.02,174.167,173.343,65.2,55.0,30.3,99.7,66.8,87.6,94.3,86.8,93.1,90.0,93.1,19.755000000000003,5,5,5,40.18
8.75,4.0,41.691,42.599000000000004,38.922,37.599000000000004,174.019,173.144,65.2,55.0,30.3,99.7,66.8,87.6,94.3,86.8,93.1,90.0,93.1,19.899,5,5,5,40.418000000000006
8.77,4.0,41.333,42.139,38.413000000000004,30.215,173.791,172.95600000000002,65.2,55.0,30.3,99.7,66.8,87.6,94.3,86.8,93.1,90.0,93.1,19.851,5,5,5,40.551
8.79,4.0,41.787,42.141999999999996,38.138000000000005,35.495000000000005,173.575,172.757,65.2,55.0,30.3,99.7,66.8,87.6,94.3,86.8,93.1,90.0,93.1,19.794,5,5,5,40.739999999999995
8.81,4.0,41.065,41.585,37.806,29.430999999999997,173.404,172.602,65.2,55.0,30.3,99.7,66.8,87.6,94.3,86.8,93.1,90.0,93.1,20.342,5,5,5,40.846999999999994
8.83,4.0,41.330999999999996,41.333,37.782,31.878,173.221,172.381,65.2,55.0,30.3,99.7,66.8,87.6,94.3,86.8,93.1,90.0,93.1,20.487000000000002,5,5,5,41.064
8.85,4.0,41.174,41.129,37.166,28.22,173.028,172.215,65.2,55.0,30.3,99.7,66.8,87.6,94.3,86.8,93.1,90.0,93.1,20.532,5,5,5,41.171
8.87,4.0,40.836,40.696,36.783,27.143,172.845,171.994,65.2,55.0,30.3,99.7,66.8,87.6,94.3,86.8,93.1,90.0,93.1,20.485,5,5,5,41.367
8.89,4.0,40.509,40.051,36.413,28.017,172.571,171.762,65.2,55.0,30.3,99.7,66.8,87.6,94.3,86.8,93.1,90.0,93.1,20.329,5,5,5,41.491
8.91,4.0,40.575,39.766999999999996,35.743,29.176,172.446,171.518,65.2,55.0,30.3,99.7,66.8,87.6,94.3,86.8,93.1,90.0,93.1,20.266,5,5,5,41.510999999999996
8.93,4.0,40.796,39.369,35.259,29.013,172.252,171.363,65.2,55.0,30.3,99.7,66.8,87.6,94.3,86.8,93.1,90.0,93.1,20.290999999999997,5,5,5,41.475
8.95,4.0,40.251999999999995,38.824,34.81,32.21,172.012,171.109,65.2,55.0,30.3,99.7,66.8,87.6,94.3,86.8,93.1,90.0,93.1,20.573,5,5,5,41.438
8.97,4.0,40.101,38.451,34.312,32.148,171.81799999999998,170.93200000000002,65.2,55.0,30.3,99.7,66.8,87.6,94.3,86.8,93.1,90.0,93.1,20.380000000000003,5,5,5,41.31
8.99,4.0,40.084,38.563,34.023,35.633,171.64700000000002,170.766,65.2,55.0,30.3,99.7,66.8,87.6,94.3,86.8,93.1,90.0,93.1,20.334000000000003,5,5,5,41.197
9.01,4.0,39.809,37.537,33.894999999999996,35.916,171.43,170.556,65.2,55.0,30.3,99.7,66.8,87.6,94.3,86.8,93.1,90.0,93.1,20.775,5,5,5,41.031
9.03,4.0,39.393,37.854,33.521,38.902,171.25799999999998,170.379,65.2,55.0,30.3,99.7,66.8,87.6,94.3,86.8,93.1,90.0,93.1,20.750999999999998,5,5,5,40.874
9.05,4.0,39.483000000000004,38.133,33.327,39.704,171.041,170.235,65.2,55.0,30.3,99.7,66.8,87.6,94.3,86.8,93.1,90.0,93.1,20.535,5,5,5,40.714
9.07,4.0,39.158,38.007,33.445,41.546,170.881,170.069,65.2,55.0,30.3,99.7,66.8,87.6,94.3,86.8,93.1,90.0,93.1,20.419,5,5,5,40.548
9.09,4.0,39.214,37.605,33.323,41.934,170.69799999999998,169.891,65.2,55.0,30.3,99.7,66.8,87.6,94.3,86.8,93.1,90.0,93.1,20.250999999999998,5,5,5,40.353
9.11,4.0,38.686,37.126999999999995,33.376,43.068000000000005,170.504,169.759,65.2,55.0,30.3,99.7,66.8,87.6,94.3,86.8,93.1,90.0,93.1,20.156,5,5,5,40.15
9.13,4.0,38.588,37.28,33.557,44.013000000000005,170.332,169.615,65.2,55.0,30.3,99.7,66.8,87.6,94.3,86.8,93.1,90.0,93.1,20.262999999999998,5,5,5,39.956
9.15,4.0,38.468,37.532,33.492,45.849000000000004,170.161,169.437,65.2,55.0,30.3,99.7,66.8,87.6,94.3,86.8,93.1,90.0,93.1,20.085,5,5,5,39.760000000000005
9.17,4.0,38.014,37.744,33.641999999999996,46.902,169.966,169.338,65.2,55.0,30.3,99.7,66.8,87.6,94.3,86.8,93.1,90.0,93.1,20.104,5,5,5,39.583
9.19,4.0,37.798,37.472,33.773,48.239,169.806,169.227,65.2,55.0,30.3,99.7,66.8,87.6,94.3,86.8,93.1,90.0,93.1,20.051,5,5,5,39.367
9.21,4.0,37.586,37.885999999999996,34.028000000000006,49.448,169.634,169.061,65.2,55.0,30.3,99.7,66.8,87.6,94.3,86.8,93.1,90.0,93.1,20.113,5,5,5,39.215999999999994
9.23,4.0,38.2,37.881,34.163,50.821999999999996,169.485,168.983,65.2,55.0,30.3,99.7,66.8,87.6,94.3,86.8,93.1,90.0,93.1,20.326,5,5,5,39.066
9.25,4.0,37.671,38.25,34.458,52.068000000000005,169.279,168.884,65.2,55.0,30.3,99.7,66.8,87.6,94.3,86.8,93.1,90.0,93.1,20.325,5,5,5,38.935
9.27,4.0,37.927,38.295,34.988,52.805,169.13,168.751,65.2,55.0,30.3,99.7,66.8,87.6,94.3,86.8,93.1,90.0,93.1,20.146,5,5,5,38.781
9.29,4.0,37.868,38.928000000000004,35.238,53.607,168.993,168.673,65.2,55.0,30.3,99.7,66.8,87.6,94.3,86.8,93.1,90.0,93.1,20.331,5,5,5,38.667
9.31,4.0,37.765,39.201,35.758,54.832,168.855,168.54,65.2,55.0,30.3,99.7,66.8,87.6,94.3,86.8,93.1,90.0,93.1,20.57,5,5,5,38.519000000000005
9.33,4.0,37.427,39.032,35.868,55.64,168.70600000000002,168.429,65.2,55.0,30.3,99.7,66.8,87.6,94.3,86.8,93.1,90.0,93.1,20.357,5,5,5,38.44199999999999
9.35,4.0,37.648,39.988,36.468,56.312,168.545,168.341,65.2,55.0,30.3,99.7,66.8,87.6,94.3,86.8,93.1,90.0,93.1,20.554000000000002,5,5,5,38.338
9.37,4.0,37.626999999999995,40.489000000000004,36.730000000000004,56.328,168.39600000000002,168.23,65.2,55.0,30.3,99.7,66.8,87.6,94.3,86.8,93.1,90.0,93.1,20.378,5,5,5,38.259
9.39,4.0,38.083,40.711999999999996,37.116,56.684,168.293,168.141,65.2,55.0,30.3,99.7,66.8,87.6,94.3,86.8,93.1,90.0,93.1,20.458,5,5,5,38.206
9.41,4.0,37.444,40.728,37.577,55.878,168.086,168.019,65.2,55.0,30.3,99.7,66.8,87.6,94.3,86.8,93.1,90.0,93.1,20.228,5,5,5,38.122
9.43,4.0,38.004,41.265,38.227,56.028999999999996,167.94799999999998,167.931,65.2,55.0,30.3,99.7,66.8,87.6,94.3,86.8,93.1,90.0,93.1,20.241,5,5,5,38.052
9.45,4.0,37.931,41.459,38.536,56.402,167.822,167.798,65.2,55.0,30.3,99.7,66.8,87.6,94.3,86.8,93.1,90.0,93.1,20.107999999999997,5,5,5,38.055
9.47,4.0,38.169000000000004,42.173,38.765,55.739,167.673,167.664,65.2,55.0,30.3,99.7,66.8,87.6,94.3,86.8,93.1,90.0,93.1,20.337,5,5,5,38.001
9.49,4.0,38.225,42.306999999999995,39.339,55.997,167.569,167.554,65.2,55.0,30.3,99.7,66.8,87.6,94.3,86.8,93.1,90.0,93.1,20.288,5,5,5,37.975
9.51,4.0,38.857,42.93,39.569,55.993,167.408,167.409,65.2,55.0,30.3,99.7,66.8,87.6,94.3,86.8,93.1,90.0,93.1,20.616,5,5,5,37.974000000000004
9.53,4.0,39.032,42.909,39.794000000000004,55.75,167.259,167.298,65.2,55.0,30.3,99.7,66.8,87.6,94.3,86.8,93.1,90.0,93.1,20.704,5,5,5,37.964
9.55,4.0,38.868,43.361999999999995,40.133,54.946000000000005,167.19,167.154,65.2,55.0,30.3,99.7,66.8,87.6,94.3,86.8,93.1,90.0,93.1,20.464,5,5,5,37.964
9.57,4.0,38.774,43.228,40.521,53.403999999999996,166.983,167.065,65.2,55.0,30.3,99.7,66.8,87.6,94.3,86.8,93.1,90.0,93.1,20.456,5,5,5,37.956999999999994
9.59,4.0,39.29,44.088,40.604,52.916000000000004,166.879,166.91,65.2,55.0,30.3,99.7,66.8,87.6,94.3,86.8,93.1,90.0,93.1,20.371,5,5,5,37.968
9.61,4.0,39.662,43.984,41.064,52.133,166.707,166.78799999999998,65.2,55.0,30.3,99.7,66.8,87.6,94.3,86.8,93.1,90.0,93.1,20.372,5,5,5,37.975
9.63,4.0,39.861999999999995,44.262,41.178000000000004,47.19,166.58,166.622,65.2,55.0,30.3,99.7,66.8,87.6,94.3,86.8,93.1,90.0,93.1,20.764000000000003,5,5,5,38.019999999999996
9.65,4.0,40.186,44.404,41.253,49.695,166.442,166.488,65.2,55.0,30.3,99.7,66.8,87.6,94.3,86.8,93.1,90.0,93.1,20.411,5,5,5,38.209
9.67,4.0,40.556999999999995,44.61,41.445,46.851000000000006,166.304,166.355,65.2,55.0,30.3,99.7,66.8,87.6,94.3,86.8,93.1,90.0,93.1,20.817,5,5,5,38.340999999999994
9.69,4.0,40.345,44.561,41.351,49.468999999999994,166.119,166.17700000000002,65.2,55.0,30.3,99.7,66.8,87.6,94.3,86.8,93.1,90.0,93.1,20.464,5,5,5,38.493
9.71,4.0,40.67,44.744,41.436,44.598,165.993,166.055,65.2,55.0,30.3,99.7,66.8,87.6,94.3,86.8,93.1,90.0,93.1,20.746,5,5,5,38.497
9.73,4.0,40.321,44.95,41.39,46.836000000000006,165.83100000000002,165.866,65.2,55.0,30.3,99.7,66.8,87.6,94.3,86.8,93.1,90.0,93.1,21.081,5,5,5,38.491
9.75,4.0,40.677,44.885999999999996,41.329,46.218,165.716,165.766,65.2,55.0,30.3,99.7,66.8,87.6,94.3,86.8,93.1,90.0,93.1,20.839,5,5,5,38.495000000000005
9.77,4.0,41.231,44.760999999999996,41.355,47.086999999999996,165.577,165.589,65.2,55.0,30.3,99.7,66.8,87.6,94.3,86.8,93.1,90.0,93.1,20.829,5,5,5,38.489000000000004
9.79,4.0,41.289,45.144,41.408,47.288000000000004,165.42700000000002,165.455,65.2,55.0,30.3,99.7,66.8,87.6,94.3,86.8,93.1,90.0,93.1,20.184,5,5,5,38.494
9.81,4.0,41.243,45.075,41.313,46.972,165.254,165.3,65.2,55.0,30.3,99.7,66.8,87.6,94.3,86.8,93.1,90.0,93.1,19.785,5,5,5,38.495999999999995
9.83,4.0,41.293,44.428000000000004,41.378,47.254,165.10399999999998,165.155,65.2,55.0,30.3,99.7,66.8,87.6,94.3,86.8,93.1,90.0,93.1,19.679000000000002,5,5,5,38.492
9.85,4.0,41.147,44.111,41.308,46.73,164.965,165.02200000000002,65.2,55.0,30.3,99.7,66.8,87.6,94.388,86.8,93.1,90.0,93.1,19.613,5,5,5,38.493
9.87,4.0,41.148,45.227,41.371,44.881,164.792,164.866,65.2,55.0,30.3,99.7,66.8,87.6,94.437,86.8,93.1,90.0,93.1,19.381999999999998,5,5,5,38.495000000000005
9.89,4.0,41.49,44.79,41.096,43.181999999999995,164.63,164.71,65.2,55.0,30.3,99.7,66.8,87.6,94.464,86.8,93.1,90.0,93.1,19.563,5,5,5,38.56
9.91,4.0,41.361999999999995,44.71,41.207,45.289,164.468,164.554,65.2,55.0,30.3,99.7,66.8,87.6,94.48,86.8,93.1,90.0,93.1,19.154000000000003,5,5,5,38.723
9.93,4.0,41.637,44.71,41.22,43.775,164.352,164.41,65.2,55.0,30.3,99.7,66.8,87.6,94.48899999999999,86.8,93.1,90.0,93.1,19.141,5,5,5,38.728
9.95,4.0,41.775999999999996,45.117,41.137,43.922,164.225,164.287,65.2,55.1,30.3,99.6,66.7,87.6,94.494,86.8,93.1,90.0,93.1,19.18,5,5,5,38.751
9.97,4.0,41.619,44.67,41.022,45.508,164.05100000000002,164.131,65.2,55.1,30.3,99.6,66.7,87.6,94.49600000000001,86.8,93.1,90.0,93.1,19.115000000000002,5,5,5,38.745000000000005
9.99,4.0,41.439,44.885999999999996,40.946999999999996,45.21,163.912,164.02,65.2,55.1,30.3,99.6,66.7,87.6,94.498,86.8,93.1,90.0,93.1,19.061,5,5,5,38.748000000000005
10.01,4.0,41.544000000000004,44.455,41.108000000000004,46.812,163.75,163.83,65.2,55.1,30.3,99.6,66.7,87.6,94.499,86.8,93.1,90.0,93.1,19.241,5,5,5,38.744
10.03,4.0,41.871,44.855,40.885999999999996,46.053000000000004,163.611,163.719,65.2,55.1,30.3,99.6,66.7,87.6,94.499,86.8,93.188,90.0,93.1,19.006999999999998,5,5,5,38.724000000000004
10.05,4.0,41.944,44.582,40.736999999999995,46.92,163.425,163.585,65.2,55.1,30.3,99.6,66.7,87.6,94.5,86.8,93.237,90.0,93.1,19.144,5,5,5,38.721000000000004
10.07,4.0,41.53,44.384,40.939,46.382,163.263,163.418,65.2,55.1,30.3,99.6,66.7,87.6,94.5,86.8,93.264,90.0,93.1,19.129,5,5,5,38.69199999999999
10.09,4.0,41.845,44.872,40.677,41.889,163.17,163.295,65.2,55.1,30.3,99.6,66.7,87.6,94.5,86.8,93.28,90.0,93.1,19.075,5,5,5,38.693
10.11,4.0,41.698,44.830999999999996,40.626,46.003,162.996,163.095,65.2,55.1,30.3,99.6,66.7,87.6,94.5,86.8,93.289,90.0,93.1,19.075,5,5,5,38.888000000000005
10.13,4.0,41.692,44.103,40.684,42.49,162.856,162.961,65.2,55.1,30.3,99.6,66.7,87.6,94.5,86.8,93.294,90.0,93.1,18.994,5,5,5,38.937
10.15,4.0,41.698,44.453,40.55,44.361,162.694,162.849,65.2,55.1,30.3,99.6,66.7,87.6,94.5,86.8,93.296,90.0,93.1,19.004,5,5,5,38.937
10.17,4.0,41.882,44.525,40.499,42.325,162.566,162.715,65.2,55.1,30.3,99.6,66.7,87.6,94.5,86.8,93.298,90.0,93.1,19.073,5,5,5,38.944
10.19,4.0,41.806,44.356,40.501,44.916,162.403,162.548,65.2,55.1,30.3,99.6,66.7,87.6,94.5,86.8,93.29899999999999,90.0,93.1,19.128,5,5,5,38.938
10.21,4.0,41.745,44.257,40.162,45.13,162.252,162.425,65.2,55.1,30.3,99.6,66.7,87.6,94.5,86.8,93.29899999999999,90.0,93.1,19.183,5,5,5,38.91
10.23,4.0,41.611,44.148,40.086,46.101000000000006,162.1,162.235,65.2,55.1,30.3,99.6,66.7,87.6,94.5,86.8,93.3,90.0,93.1,19.173000000000002,5,5,5,38.883
10.25,4.0,41.778,44.116,40.067,46.378,161.972,162.135,65.2,55.1,30.3,99.6,66.7,87.6,94.5,86.8,93.3,90.0,93.1,19.232,5,5,5,38.842
10.27,4.0,41.729,44.156,40.255,46.45,161.809,161.945,65.2,55.1,30.3,99.6,66.7,87.6,94.5,86.8,93.3,90.0,93.1,19.151,5,5,5,38.796
10.29,4.0,41.65,44.2,40.09,46.849,161.66899999999998,161.9,65.2,55.1,30.3,99.6,66.7,87.6,94.5,86.8,93.3,90.0,93.1,19.216,5,5,5,38.78
10.31,4.0,41.814,44.369,40.039,47.263999999999996,161.529,161.732,65.2,55.1,30.3,99.6,66.7,87.6,94.5,86.8,93.3,90.0,93.1,19.180999999999997,5,5,5,38.734
10.33,4.0,41.069,43.819,39.863,47.452,161.343,161.553,65.2,55.1,30.3,99.6,66.7,87.6,94.5,86.8,93.3,90.0,93.1,19.146,5,5,5,38.677
10.35,4.0,41.786,43.699,39.885,47.67,161.249,161.41899999999998,65.2,55.1,30.3,99.6,66.7,87.6,94.5,86.8,93.3,90.0,93.1,19.259,5,5,5,38.668000000000006
10.37,4.0,41.478,43.744,39.984,48.293,161.097,161.30700000000002,65.2,55.1,30.3,99.6,66.7,87.6,94.5,86.8,93.3,90.0,93.1,19.394,5,5,5,38.620000000000005
10.39,4.0,41.623000000000005,44.086999999999996,39.943000000000005,48.928000000000004,160.922,161.217,65.2,55.1,30.3,99.6,66.7,87.6,94.5,86.8,93.3,90.0,93.1,19.186,5,5,5,38.551
10.41,4.0,41.369,43.661,39.911,48.901,160.79399999999998,161.061,65.2,55.1,30.3,99.6,66.7,87.6,94.5,86.8,93.3,90.0,93.1,19.187,5,5,5,38.513000000000005
10.43,4.0,41.545,43.652,40.126,49.455,160.63,160.904,65.2,55.1,30.3,99.6,66.7,87.6,94.5,86.8,93.3,90.0,93.1,19.255000000000003,5,5,5,38.497
10.45,4.0,41.306999999999995,43.994,40.068000000000005,49.772,160.501,160.781,65.2,55.1,30.3,99.6,66.7,87.6,94.5,86.8,93.3,90.0,93.1,19.262999999999998,5,5,5,38.452
10.47,4.0,41.39,44.056999999999995,39.91,49.6,160.30200000000002,160.691,65.2,55.1,30.3,99.6,66.7,87.6,94.5,86.8,93.3,90.0,93.1,19.246,5,5,5,38.423
10.49,4.0,41.365,43.52,39.93,50.119,160.197,160.489,65.2,55.1,30.3,99.6,66.7,87.6,94.5,86.8,93.3,90.0,93.1,19.259,5,5,5,38.372
10.51,4.0,41.314,43.804,39.925,50.412,160.056,160.411,65.2,55.1,30.3,99.6,66.7,87.6,94.5,86.8,93.3,90.0,93.1,19.232,5,5,5,38.346999999999994
10.53,4.0,41.481,44.146,39.968,50.702,159.904,160.287,65.2,55.1,30.3,99.6,66.7,87.6,94.5,86.8,93.3,90.0,93.1,19.262999999999998,5,5,5,38.31699999999999
10.55,4.0,41.444,43.866,40.1,50.318999999999996,159.798,160.186,65.2,55.1,30.3,99.6,66.7,87.6,94.5,86.8,93.3,90.0,93.1,19.271,5,5,5,38.283
10.57,4.0,41.654,44.06,39.916,50.625,159.622,160.029,65.2,55.1,30.3,99.6,66.7,87.6,94.5,86.8,93.3,90.0,93.1,19.277,5,5,5,38.275999999999996
10.59,4.0,41.415,43.516999999999996,40.116,49.129,159.493,159.872,65.2,55.1,30.3,99.6,66.7,87.6,94.5,86.8,93.3,90.0,93.1,19.052,5,5,5,38.266
10.61,4.0,41.549,44.277,40.012,44.864000000000004,159.34,159.76,65.2,55.1,30.3,99.6,66.7,87.6,94.5,86.8,93.3,90.0,93.1,19.302999999999997,5,5,5,38.269000000000005
10.63,4.0,41.532,44.196999999999996,40.019,46.271,159.211,159.60299999999998,65.2,55.1,30.3,99.6,66.7,87.6,94.5,86.8,93.3,90.0,93.1,19.279000000000003,5,5,5,38.477
10.65,4.0,41.453,43.716,40.12,46.28,159.023,159.457,65.2,55.1,30.3,99.6,66.7,87.6,94.5,86.8,93.3,90.0,93.1,18.982999999999997,5,5,5,38.594
10.67,4.0,41.363,43.924,40.118,44.154,158.893,159.355,65.2,55.1,30.3,99.6,66.7,87.6,94.5,86.8,93.3,90.0,93.1,19.061,5,5,5,38.614999999999995
10.69,4.0,41.558,44.047,40.064,46.0,158.775,159.266,65.2,55.1,30.3,99.6,66.7,87.6,94.5,86.8,93.3,90.0,93.1,19.207,5,5,5,38.617
10.71,4.0,41.474000000000004,43.889,39.946999999999996,45.982,158.69299999999998,159.119,65.2,55.1,30.3,99.6,66.7,87.6,94.5,86.8,93.3,90.0,93.1,19.188,5,5,5,38.608000000000004
10.73,4.0,41.641999999999996,43.968,39.994,46.516999999999996,158.516,159.007,65.2,55.1,30.3,99.6,66.7,87.6,94.5,86.8,93.3,90.0,93.1,19.198,5,5,5,38.605000000000004
10.75,4.0,40.969,43.809,39.882,46.751999999999995,158.387,158.861,65.2,55.1,30.3,99.6,66.7,87.6,94.5,86.8,93.3,90.0,93.1,19.125999999999998,5,5,5,38.611999999999995
10.77,4.0,41.593,43.876999999999995,39.904,46.847,158.221,158.714,65.2,55.1,30.3,99.6,66.7,87.6,94.5,86.8,93.3,90.0,93.1,19.23,5,5,5,38.586
10.79,4.0,41.16,44.045,40.053000000000004,46.083999999999996,158.04399999999998,158.545,65.2,55.1,30.3,99.6,66.7,87.6,94.5,86.8,93.3,90.0,93.1,19.976,5,5,5,38.553
10.81,4.0,41.185,43.866,39.793,41.555,157.903,158.467,65.2,55.1,30.3,99.6,66.7,87.6,94.5,86.8,93.3,90.0,93.1,19.778,5,5,5,38.562
10.83,4.0,41.029,43.624,39.762,46.236999999999995,157.761,158.298,65.2,55.1,30.3,99.6,66.7,87.6,94.5,86.8,93.3,90.0,93.1,19.66,5,5,5,38.758
10.85,4.0,41.071,43.65,39.689,40.975,157.678,158.162,65.2,55.1,30.3,99.6,66.7,87.6,94.5,86.8,93.3,90.0,93.1,19.694000000000003,5,5,5,38.769999999999996
10.87,4.0,40.693000000000005,43.769,39.721,44.122,157.513,158.072,65.2,55.1,30.3,99.6,66.7,87.6,94.5,86.8,93.3,90.0,93.1,19.822000000000003,5,5,5,38.775
10.89,4.0,40.756,43.448,39.688,43.928000000000004,157.359,158.004,65.2,55.1,30.3,99.6,66.7,87.6,94.5,86.888,93.3,90.0,93.1,19.737000000000002,5,5,5,38.765
10.91,4.0,40.906,43.569,39.545,45.059,157.276,157.82399999999998,65.2,55.1,30.3,99.6,66.7,87.6,94.5,86.937,93.3,90.0,93.1,19.680999999999997,5,5,5,38.754000000000005
10.93,4.0,41.208,43.193000000000005,39.61,46.256,157.062,157.722,65.2,55.1,30.3,99.6,66.7,87.6,94.5,86.964,93.3,90.0,93.1,19.781,5,5,5,38.751999999999995
10.95,4.0,40.976,43.374,39.626999999999995,45.864000000000004,156.97899999999998,157.59799999999998,65.2,55.1,30.3,99.6,66.7,87.6,94.5,86.98,93.3,90.0,93.1,19.78,5,5,5,38.713
10.97,4.0,40.757,43.775999999999996,39.44,46.521,156.849,157.474,65.2,55.1,30.3,99.6,66.7,87.6,94.5,86.98899999999999,93.3,90.0,93.1,19.837,5,5,5,38.685
10.99,4.0,40.825,43.931999999999995,39.34,46.208,156.695,157.361,65.2,55.1,30.3,99.6,66.7,87.6,94.5,86.994,93.3,90.0,93.1,19.874000000000002,5,5,5,38.664
11.01,4.0,41.417,43.898,39.388000000000005,47.038999999999994,156.576,157.214,65.2,55.1,30.3,99.6,66.7,87.6,94.5,86.99600000000001,93.3,90.0,93.1,19.834000000000003,5,5,5,38.663
11.03,4.0,40.992,43.681,39.225,46.64,156.421,157.09,65.2,55.1,30.3,99.6,66.7,87.6,94.5,86.998,93.3,90.0,93.1,19.865000000000002,5,5,5,38.593
11.05,4.0,40.805,43.978,39.187,46.906000000000006,156.279,156.954,65.2,55.1,30.3,99.6,66.7,87.6,94.5,86.999,93.3,90.025,93.1,19.925,5,5,5,38.561
11.07,4.0,41.025,43.583,39.193000000000005,48.076,156.184,156.829,65.2,55.1,30.3,99.6,66.7,87.6,94.5,86.999,93.3,90.102,93.1,19.919,5,5,5,38.563
11.09,4.0,40.669000000000004,43.22,39.215,48.077,156.017,156.705,65.2,55.1,30.3,99.6,66.7,87.6,94.5,87.0,93.3,90.145,93.1,19.829,5,5,5,38.521
11.11,4.0,40.667,43.641999999999996,39.271,48.165,155.898,156.569,65.2,55.1,30.3,99.6,66.7,87.6,94.5,87.0,93.3,90.169,93.1,19.896,5,5,5,38.503
11.13,4.0,40.614000000000004,43.338,39.242,48.132,155.755,156.422,65.2,55.1,30.3,99.6,66.7,87.6,94.5,87.0,93.3,90.182,93.188,19.857,5,5,5,38.480999999999995
11.15,4.0,40.455999999999996,43.039,39.147,48.158,155.648,156.365,65.2,55.1,30.3,99.6,66.7,87.6,94.5,87.0,93.3,90.19,93.237,19.877000000000002,5,5,5,38.448
11.17,4.0,40.809,42.969,39.114000000000004,48.878,155.421,156.24,65.2,55.1,30.3,99.6,66.7,87.6,94.5,87.0,93.3,90.194,93.264,19.914,5,5,5,38.435
11.19,4.0,40.647,43.265,39.134,48.528,155.349,156.138,65.2,55.1,30.3,99.6,66.7,87.6,94.5,87.0,93.3,90.197,93.28,19.985999999999997,5,5,5,38.370000000000005
11.21,4.0,40.538000000000004,42.973,39.093,49.228,155.24200000000002,155.991,65.2,55.1,30.3,99.6,66.7,87.6,94.5,87.0,93.3,90.19800000000001,93.289,19.951,5,5,5,38.344
11.23,4.0,40.334,43.038000000000004,39.006,49.152,155.086,155.821,65.2,55.1,30.3,99.6,66.7,87.6,94.544,87.0,93.3,90.199,93.294,19.845,5,5,5,38.315
11.25,4.0,40.185,43.133,39.268,50.168,154.91899999999998,155.753,65.2,55.1,30.3,99.6,66.7,87.6,94.568,87.0,93.3,90.199,93.296,19.913,5,5,5,38.295
11.27,4.0,39.95,43.506,39.217,49.492,154.799,155.673,65.2,55.1,30.3,99.6,66.7,87.6,94.582,87.0,93.3,90.2,93.298,19.98,5,5,5,38.273
11.29,4.0,40.234,43.144,39.168,49.928999999999995,154.691,155.571,65.2,55.1,30.3,99.6,66.7,87.6,94.59,87.0,93.3,90.2,93.29899999999999,19.886,5,5,5,38.249
11.31,4.0,40.168,42.917,39.318000000000005,49.82899999999999,154.559,155.423,65.2,55.1,30.3,99.6,66.7,87.6,94.594,87.0,93.3,90.2,93.29899999999999,19.996,5,5,5,38.239999999999995
11.33,4.0,40.198,43.236,39.327,50.167,154.368,155.298,65.2,55.1,30.3,99.6,66.7,87.6,94.597,87.0,93.3,90.2,93.3,19.913,5,5,5,38.226
11.35,4.0,40.435,43.408,39.205,50.39,154.248,155.184,65.2,55.1,30.3,99.6,66.7,87.6,94.598,87.0,93.3,90.2,93.3,19.982999999999997,5,5,5,38.219
11.37,4.0,40.347,43.336999999999996,39.486999999999995,45.323,154.139,155.082,65.2,55.1,30.3,99.6,66.7,87.6,94.59899999999999,87.0,93.3,90.2,93.3,19.883,5,5,5,38.204
11.39,4.0,39.703,42.688,39.353,46.913000000000004,154.043,154.934,65.2,55.1,30.3,99.6,66.7,87.6,94.59899999999999,87.0,93.3,90.2,93.3,19.990000000000002,5,5,5,38.323
11.41,4.0,40.121,43.488,39.373000000000005,46.383,153.851,154.786,65.2,55.1,30.3,99.6,66.7,87.6,94.6,87.0,93.3,90.2,93.3,19.9,5,5,5,38.471999999999994
11.43,4.0,39.904,43.396,39.473,44.923,153.743,154.74,65.2,55.1,30.3,99.6,66.7,87.6,94.6,87.0,93.3,90.2,93.3,20.011,5,5,5,38.480999999999995
11.45,4.0,40.193000000000005,43.315,39.652,45.169000000000004,153.57399999999998,154.638,65.2,55.1,30.3,99.6,66.7,87.6,94.6,87.0,93.3,90.2,93.3,19.981,5,5,5,38.476
11.47,4.0,39.915,43.164,39.544000000000004,45.532,153.502,154.524,65.2,55.1,30.3,99.6,66.7,87.6,94.6,87.0,93.3,90.2,93.3,19.908,5,5,5,38.483000000000004
11.49,4.0,39.936,43.229,39.46,45.79,153.357,154.387,65.2,55.1,30.3,99.6,66.7,87.6,94.6,87.0,93.3,90.2,93.3,19.979,5,5,5,38.488
11.51,4.0,40.316,43.108000000000004,39.496,41.652,153.285,154.296,65.2,55.1,30.3,99.6,66.7,87.6,94.6,87.0,93.3,90.2,93.3,19.948,5,5,5,38.486000000000004
11.53,4.0,40.181999999999995,43.051,39.251,41.719,153.164,154.159,65.2,55.1,30.3,99.6,66.7,87.6,94.6,87.0,93.3,90.2,93.3,19.964,5,5,5,38.584
11.55,4.0,39.632,43.224000000000004,39.576,41.153,152.995,154.045,65.2,55.1,30.3,99.6,66.7,87.6,94.6,87.0,93.3,90.2,93.3,19.951,5,5,5,38.778999999999996
11.57,4.0,39.830999999999996,43.224000000000004,39.452,39.045,152.838,153.908,65.2,55.1,30.3,99.6,66.7,87.6,94.6,87.0,93.3,90.2,93.3,19.985,5,5,5,38.946
11.59,4.0,39.883,42.782,39.37,37.799,152.717,153.828,65.2,55.1,30.3,99.6,66.7,87.6,94.6,87.0,93.3,90.2,93.3,19.911,5,5,5,39.105000000000004
11.61,4.0,39.731,43.227,39.201,36.202,152.608,153.679,65.2,55.1,30.3,99.6,66.7,87.6,94.6,87.0,93.3,90.2,93.3,19.965,5,5,5,39.260000000000005
11.63,4.0,39.638000000000005,42.921,38.999,34.83,152.475,153.519,65.2,55.1,30.3,99.6,66.7,87.6,94.6,87.0,93.325,90.2,93.3,19.95,5,5,5,39.421
11.65,4.0,39.622,42.749,38.869,37.775,152.244,153.37,65.2,55.1,30.3,99.6,66.7,87.6,94.6,87.0,93.402,90.2,93.3,19.811,5,5,5,39.614999999999995
11.67,4.0,39.817,42.857,38.74,35.471999999999994,152.281,153.278,65.2,55.1,30.3,99.6,66.7,87.6,94.6,87.0,93.445,90.2,93.3,19.777,5,5,5,39.633
11.69,4.0,39.49,42.908,38.561,39.085,152.062,153.129,65.2,55.1,30.3,99.6,66.7,87.6,94.6,87.0,93.469,90.2,93.3,19.891,5,5,5,39.605000000000004
11.71,4.0,39.225,42.465,38.409,38.273,152.002,153.015,65.2,55.1,30.3,99.6,66.7,87.6,94.6,87.0,93.482,90.2,93.3,19.857,5,5,5,39.482
11.73,4.0,40.014,42.194,37.971,40.798,151.819,152.923,65.2,55.1,30.3,99.6,66.7,87.6,94.6,87.0,93.49,90.2,93.3,19.75,5,5,5,39.44199999999999
11.75,4.0,39.72,42.39,37.796,40.668,151.722,152.785,65.2,55.1,30.3,99.6,66.7,87.6,94.6,87.0,93.494,90.2,93.3,19.732,5,5,5,39.355000000000004
11.77,4.0,39.361,42.445,37.903,41.872,151.564,152.625,65.2,55.1,30.3,99.6,66.7,87.6,94.6,87.0,93.497,90.2,93.3,19.764000000000003,5,5,5,39.289
11.79,4.0,39.395,41.883,37.704,40.158,151.393,152.51,65.2,55.1,30.3,99.6,66.7,87.6,94.6,87.0,93.498,90.2,93.3,20.232,5,5,5,39.209
11.81,4.0,39.241,41.746,37.738,38.025,151.332,152.407,65.2,55.1,30.3,99.6,66.7,87.6,94.6,87.0,93.499,90.2,93.3,20.141,5,5,5,39.202
11.83,4.0,38.929,41.808,37.705999999999996,42.389,151.162,152.269,65.2,55.1,30.3,99.6,66.7,87.6,94.6,87.0,93.499,90.2,93.3,20.254,5,5,5,39.315
11.85,4.0,39.018,41.721,37.266999999999996,43.053000000000004,151.064,152.131,65.2,55.1,30.3,99.6,66.7,87.6,94.6,87.0,93.5,90.2,93.3,20.144,5,5,5,39.281
11.87,4.0,38.836,42.034,37.409,44.2,150.942,151.993,65.2,55.1,30.3,99.6,66.7,87.6,94.6,87.0,93.5,90.2,93.3,20.164,5,5,5,39.129000000000005
11.89,4.0,38.922,41.577,37.177,45.583,150.783,151.889,65.2,55.1,30.3,99.6,66.7,87.6,94.6,87.0,93.5,90.2,93.3,20.095,5,5,5,38.952
11.91,4.0,38.935,41.43,37.045,47.157,150.697,151.774,65.2,55.1,30.3,99.6,66.7,87.6,94.6,87.0,93.5,90.2,93.3,20.262999999999998,5,5,5,38.730000000000004
11.93,4.0,38.537,41.567,36.938,49.063,150.526,151.705,65.2,55.1,30.3,99.6,66.7,87.6,94.6,87.0,93.5,90.2,93.3,20.207,5,5,5,38.54
11.95,4.0,39.077,41.023,37.146,50.631,150.403,151.566,65.2,55.1,30.3,99.6,66.5,87.6,94.6,87.0,93.5,90.2,93.3,20.186,5,5,5,38.367
11.97,4.0,38.659,41.619,37.351,52.263999999999996,150.33,151.46200000000002,65.2,55.1,30.3,99.6,66.5,87.6,94.6,87.0,93.5,90.2,93.3,20.220999999999997,5,5,5,38.219
11.99,4.0,38.406,41.719,37.397,54.08,150.17,151.347,65.2,55.1,30.3,99.6,66.5,87.6,94.6,87.0,93.5,90.2,93.3,20.185000000000002,5,5,5,38.038
12.01,4.0,38.96,41.57,37.492,55.901,150.084,151.185,65.2,55.1,30.3,99.6,66.5,87.6,94.6,87.0,93.5,90.2,93.3,20.192,5,5,5,37.885000000000005
12.03,4.0,38.771,41.591,37.357,57.173,149.96200000000002,151.22,65.2,55.1,30.3,99.6,66.5,87.6,94.6,87.0,93.5,90.2,93.3,20.158,5,5,5,37.658
12.05,4.0,38.236999999999995,41.566,37.775999999999996,58.169,149.814,151.116,65.2,55.1,30.3,99.6,66.5,87.6,94.6,87.0,93.5,90.2,93.3,20.146,5,5,5,37.53
12.07,4.0,38.56,42.05,37.771,59.251999999999995,149.691,151.058,65.2,55.1,30.3,99.6,66.5,87.6,94.6,87.0,93.5,90.2,93.3,20.187,5,5,5,37.358000000000004
12.09,4.0,38.406,41.954,37.996,60.761,149.629,150.94299999999998,65.2,55.1,30.3,99.6,66.5,87.6,94.6,87.0,93.5,90.2,93.3,20.307000000000002,5,5,5,37.177
12.11,4.0,38.724000000000004,41.86,38.242,61.739,149.482,150.862,65.2,55.1,30.3,99.6,66.5,87.6,94.6,87.0,93.5,90.2,93.3,20.250999999999998,5,5,5,37.016999999999996
12.13,4.0,38.769,42.436,38.385999999999996,62.169,149.346,150.816,65.2,55.1,30.3,99.6,66.5,87.688,94.6,87.0,93.5,90.2,93.3,20.107,5,5,5,36.837
12.15,4.0,38.342,43.111,38.607,62.68600000000001,149.26,150.688,65.2,55.1,30.3,99.6,66.5,87.737,94.6,87.0,93.5,90.2,93.3,20.409,5,5,5,36.697
12.17,4.0,38.396,42.814,39.008,63.778,149.08700000000002,150.642,65.2,55.1,30.3,99.6,66.5,87.764,94.6,87.05,93.5,90.2,93.3,20.110999999999997,5,5,5,36.531
12.19,4.0,38.09,43.125,39.366,64.275,149.05,150.596,65.2,55.1,30.3,99.6,66.5,87.78,94.6,87.116,93.5,90.2,93.3,20.180999999999997,5,5,5,36.399
12.21,4.0,38.393,43.766999999999996,39.507,64.6,148.938,150.549,65.2,55.1,30.3,99.6,66.5,87.789,94.6,87.153,93.5,90.2,93.3,20.289,5,5,5,36.282
12.23,4.0,38.073,44.058,39.662,65.372,148.80200000000002,150.41,65.2,55.1,30.3,99.6,66.5,87.794,94.6,87.173,93.5,90.2,93.3,20.232999999999997,5,5,5,36.141
12.25,4.0,37.777,44.792,40.149,65.548,148.666,150.445,65.2,55.1,30.3,99.6,66.5,87.796,94.6,87.185,93.5,90.2,93.3,20.215,5,5,5,36.019999999999996
12.27,4.0,37.736999999999995,45.007,40.580999999999996,66.298,148.616,150.341,65.2,55.1,30.3,99.6,66.5,87.798,94.669,87.192,93.5,90.2,93.3,20.189,5,5,5,35.925
12.29,4.0,38.133,45.955,40.611999999999995,66.993,148.49200000000002,150.283,65.2,55.1,30.3,99.6,66.5,87.79899999999999,94.726,87.195,93.5,90.2,93.3,20.085,5,5,5,35.86
12.31,4.0,38.203,46.125,40.989000000000004,67.213,148.319,150.225,65.2,55.1,30.3,99.6,66.5,87.79899999999999,94.758,87.197,93.5,90.2,93.3,20.076999999999998,5,5,5,35.784000000000006
12.33,4.0,37.961,46.748000000000005,41.222,68.035,148.269,150.167,65.2,55.1,30.3,99.6,66.5,87.8,94.777,87.199,93.5,90.2,93.3,20.380000000000003,5,5,5,35.701
12.35,4.0,38.103,47.468999999999994,41.544000000000004,67.91399999999999,148.145,150.07399999999998,65.2,55.1,30.3,99.6,66.5,87.8,94.78699999999999,87.199,93.5,90.2,93.3,20.167,5,5,5,35.658
12.37,4.0,38.062,47.817,41.958,67.816,148.045,149.993,65.2,55.1,30.3,99.6,66.5,87.8,94.793,87.2,93.5,90.2,93.3,20.119999999999997,5,5,5,35.631
12.39,4.0,38.167,48.823,42.1,67.571,147.88299999999998,149.946,65.2,55.1,30.3,99.6,66.5,87.8,94.796,87.2,93.5,90.2,93.3,20.334000000000003,5,5,5,35.617
12.41,4.0,37.986999999999995,48.876999999999995,42.379,68.02600000000001,147.871,149.85299999999998,65.2,55.1,30.3,99.6,66.5,87.8,94.798,87.2,93.5,90.28699999999999,93.3,20.085,5,5,5,35.609
12.43,4.0,37.908,50.141999999999996,42.679,67.389,147.721,149.81799999999998,65.2,55.1,30.3,99.6,66.5,87.8,94.79899999999999,87.2,93.5,90.337,93.3,20.042,5,5,5,35.588
12.45,4.0,38.701,49.229,42.704,67.53,147.584,149.656,65.2,55.1,30.3,99.6,66.5,87.8,94.79899999999999,87.2,93.5,90.36399999999999,93.3,20.194000000000003,5,5,5,35.593
12.47,4.0,38.4,50.476000000000006,43.035,66.97,147.547,149.632,65.2,55.1,30.3,99.6,66.5,87.8,94.8,87.2,93.5,90.38,93.3,20.207,5,5,5,35.593
12.49,4.0,38.635,50.923,43.107,66.571,147.409,149.586,65.2,55.1,30.3,99.6,66.5,87.8,94.8,87.2,93.5,90.389,93.3,20.015,5,5,5,35.592
12.51,4.0,39.029,51.43600000000001,43.497,65.965,147.322,149.365,65.2,55.1,30.3,99.6,66.5,87.8,94.8,87.2,93.5,90.39399999999999,93.3,20.157,5,5,5,35.584
12.53,4.0,38.774,51.474,43.676,64.957,147.209,149.341,65.2,55.1,30.3,99.6,66.5,87.8,94.8,87.2,93.5,90.396,93.3,20.004,5,5,5,35.58
12.55,4.0,38.734,52.14,43.864000000000004,64.598,147.159,149.225,65.2,55.1,30.3,99.6,66.5,87.8,94.8,87.2,93.5,90.398,93.3,20.004,5,5,5,35.579
12.57,4.0,39.088,52.415,43.83,63.858999999999995,147.084,149.143,65.2,55.1,30.3,99.6,66.5,87.8,94.8,87.2,93.5,90.399,93.3,20.155,5,5,5,35.575
12.59,4.0,39.595,52.45399999999999,43.999,62.968,146.959,149.02700000000002,65.2,55.1,30.3,99.6,66.5,87.8,94.8,87.2,93.5,90.399,93.35,20.130000000000003,5,5,5,35.587
12.61,4.0,39.216,52.848,44.161,62.555,146.796,148.933,65.2,55.1,30.3,99.6,66.5,87.8,94.8,87.2,93.5,90.4,93.416,20.146,5,5,5,35.598
12.63,4.0,39.49,53.968999999999994,44.185,62.501000000000005,146.733,148.828,65.2,55.1,30.3,99.6,66.5,87.8,94.8,87.2,93.5,90.4,93.453,20.229,5,5,5,35.611000000000004
12.65,4.0,39.601,53.32899999999999,44.512,62.122,146.63299999999998,148.747,65.2,55.1,30.3,99.6,66.5,87.8,94.8,87.2,93.5,90.4,93.473,20.2,5,5,5,35.613
12.67,4.0,40.238,53.532,44.433,61.644,146.532,148.653,65.2,55.1,30.3,99.6,66.5,87.8,94.8,87.2,93.5,90.4,93.485,20.198,5,5,5,35.618
12.69,4.0,40.147,53.998999999999995,44.510999999999996,61.321000000000005,146.482,148.525,65.2,55.1,30.3,99.6,66.5,87.8,94.8,87.2,93.5,90.4,93.492,20.234,5,5,5,35.618
12.71,4.0,40.328,54.111999999999995,44.525,61.48,146.268,148.39600000000002,65.2,55.1,30.3,99.6,66.5,87.8,94.8,87.2,93.5,90.4,93.495,20.281,5,5,5,35.626999999999995
12.73,4.0,40.214,54.386,44.72,61.408,146.243,148.349,65.2,55.1,30.3,99.6,66.5,87.8,94.8,87.2,93.5,90.4,93.497,20.389000000000003,5,5,5,35.634
12.75,4.0,40.434,54.174,44.792,61.02,146.18,148.232,65.2,55.1,30.3,99.6,66.5,87.8,94.8,87.2,93.5,90.4,93.499,20.46,5,5,5,35.632
12.77,4.0,40.624,54.711999999999996,44.959,61.233999999999995,146.053,148.06799999999998,65.2,55.1,30.3,99.6,66.5,87.8,94.8,87.2,93.5,90.4,93.499,19.657,5,5,5,35.634
12.79,4.0,40.868,54.538999999999994,44.917,61.493,146.016,147.974,65.2,55.1,30.3,99.6,66.5,87.8,94.8,87.2,93.5,90.4,93.5,19.305999999999997,5,5,5,35.631
12.81,4.0,40.774,54.396,44.816,60.746,145.889,147.939,65.2,55.1,30.3,99.6,66.5,87.8,94.8,87.2,93.5,90.4,93.5,19.351,5,5,5,35.629999999999995
12.83,4.0,40.758,55.052,45.154,60.738,145.75,147.869,65.2,55.1,30.3,99.6,66.5,87.8,94.8,87.2,93.5,90.4,93.5,19.392000000000003,5,5,5,35.629999999999995
12.85,4.0,40.942,55.25899999999999,44.961,60.61600000000001,145.636,147.66899999999998,65.2,55.1,30.3,99.6,66.5,87.8,94.8,87.2,93.5,90.4,93.5,19.397,5,5,5,35.631
12.87,4.0,41.163000000000004,54.593999999999994,45.077,60.601000000000006,145.561,147.575,65.2,55.1,30.3,99.6,66.5,87.8,94.8,87.2,93.5,90.4,93.5,19.335,5,5,5,35.629999999999995
12.89,4.0,41.19,55.32899999999999,45.038000000000004,60.778,145.345,147.528,65.2,55.1,30.3,99.6,66.5,87.8,94.8,87.2,93.5,90.4,93.5,19.302,5,5,5,35.631
12.91,4.0,41.218,55.573,45.086999999999996,60.907,145.32,147.469,65.2,55.1,30.3,99.6,66.5,87.8,94.8,87.2,93.5,90.4,93.5,19.332,5,5,5,35.635999999999996
12.93,4.0,41.330999999999996,54.673,45.044000000000004,61.26,145.20600000000002,147.269,65.2,55.1,30.3,99.6,66.5,87.8,94.8,87.2,93.5,90.4,93.5,19.292,5,5,5,35.637
12.95,4.0,41.438,55.327,45.238,61.284,145.11700000000002,147.222,65.2,55.1,30.3,99.6,66.5,87.8,94.8,87.2,93.5,90.4,93.5,19.212,5,5,5,35.635000000000005
12.97,4.0,41.653,55.318999999999996,45.107,61.132,144.964,147.093,65.2,55.1,30.3,99.6,66.5,87.8,94.8,87.2,93.587,90.4,93.5,19.292,5,5,5,35.637
12.99,4.0,41.792,55.216,45.219,60.823,144.9,146.916,65.2,55.1,30.3,99.6,66.5,87.8,94.8,87.2,93.637,90.4,93.5,19.275,5,5,5,35.638999999999996
13.01,4.0,41.356,54.82899999999999,45.071999999999996,60.923,144.76,146.869,65.2,55.1,30.3,99.6,66.5,87.8,94.8,87.2,93.664,90.4,93.5,19.167,5,5,5,35.64
13.03,4.0,42.292,55.931000000000004,45.188,61.637,144.735,146.727,65.2,55.1,30.3,99.6,66.5,87.8,94.8,87.2,93.68,90.4,93.5,19.198,5,5,5,35.638999999999996
13.05,4.0,41.887,55.926,45.231,61.568000000000005,144.595,146.562,65.2,55.1,30.3,99.6,66.5,87.8,94.8,87.2,93.689,90.4,93.5,19.179000000000002,5,5,5,35.64
13.07,4.0,41.757,55.603,45.363,61.84,144.429,146.585,65.2,55.1,30.3,99.6,66.5,87.8,94.8,87.2,93.694,90.4,93.5,19.207,5,5,5,35.637
13.09,4.0,41.762,55.355,45.128,61.891000000000005,144.378,146.44299999999998,65.2,55.1,30.3,99.6,66.5,87.8,94.8,87.2,93.696,90.4,93.5,19.279000000000003,5,5,5,35.641
13.11,4.0,42.329,56.098,45.158,61.821000000000005,144.275,146.23,65.2,55.1,30.3,99.6,66.5,87.8,94.8,87.2,93.69800000000001,90.4,93.5,19.116,5,5,5,35.638999999999996
13.13,4.0,42.379,56.231,45.117,61.676,144.109,146.195,65.2,55.1,30.3,99.6,66.5,87.8,94.8,87.2,93.699,90.4,93.5,19.059,5,5,5,35.638999999999996
13.15,4.0,42.122,56.207,45.343,61.998999999999995,144.083,146.077,65.2,55.1,30.3,99.6,66.5,87.8,94.8,87.2,93.699,90.4,93.5,19.099,5,5,5,35.641
13.17,4.0,42.349000000000004,55.427,45.366,62.074,143.94299999999998,146.005,65.2,55.1,30.3,99.6,66.5,87.8,94.8,87.2,93.7,90.4,93.5,19.185000000000002,5,5,5,35.64
13.19,4.0,42.400999999999996,55.848,45.266999999999996,63.172,143.917,145.946,65.2,55.1,30.3,99.6,66.5,87.8,94.8,87.2,93.7,90.4,93.5,19.131,5,5,5,35.64
13.21,4.0,42.808,56.019,45.134,63.295,143.814,145.792,65.2,55.1,30.3,99.6,66.5,87.8,94.8,87.2,93.7,90.4,93.5,19.271,5,5,5,35.614999999999995
13.23,4.0,42.784,56.148,45.177,64.49600000000001,143.71200000000002,145.673,65.2,55.1,30.3,99.6,66.5,87.8,94.85,87.2,93.7,90.4,93.5,19.29,5,5,5,35.588
13.25,4.0,42.704,56.111000000000004,45.215,64.505,143.583,145.661,65.2,55.1,30.3,99.6,66.5,87.8,94.916,87.2,93.7,90.4,93.5,19.252000000000002,5,5,5,35.537
13.27,4.0,42.736999999999995,55.943999999999996,45.284,65.904,143.454,145.459,65.2,55.1,30.3,99.6,66.5,87.8,94.953,87.2,93.7,90.4,93.5,19.212,5,5,5,35.473
13.29,4.0,42.667,56.692,45.217,66.02000000000001,143.39,145.388,65.2,55.1,30.3,99.6,66.5,87.8,94.973,87.2,93.7,90.4,93.5,19.163,5,5,5,35.391
13.31,4.0,42.845,55.842,45.225,67.47800000000001,143.287,145.34,65.2,55.1,30.3,99.6,66.5,87.8,94.985,87.2,93.7,90.4,93.5,19.213,5,5,5,35.344
13.33,4.0,42.717,56.698,45.078,67.13300000000001,143.197,145.233,65.2,55.1,30.3,99.6,66.5,87.8,94.992,87.2,93.7,90.4,93.5,19.112000000000002,5,5,5,35.286
13.35,4.0,42.927,56.907,45.363,68.49000000000001,143.08100000000002,145.09,65.2,55.1,30.3,99.6,66.5,87.8,94.995,87.2,93.7,90.4,93.5,19.223,5,5,5,35.248000000000005
13.37,4.0,42.851,56.105,45.157,68.05699999999999,142.938,145.043,65.2,55.1,30.3,99.6,66.5,87.8,94.997,87.2,93.7,90.4,93.5,19.207,5,5,5,35.172
13.39,4.0,42.868,56.568999999999996,45.315,69.372,142.925,144.923,65.2,55.1,30.3,99.6,66.5,87.8,94.999,87.2,93.7,90.4,93.5,19.205,5,5,5,35.090999999999994
13.41,4.0,42.693000000000005,56.56399999999999,45.402,68.77199999999999,142.718,144.84,65.2,55.1,30.3,99.6,66.5,87.8,94.999,87.25,93.7,90.4,93.5,19.264000000000003,5,5,5,35.049
13.43,4.0,43.281,56.352,45.365,70.028,142.615,144.744,65.2,55.1,30.3,99.6,66.5,87.8,95.0,87.316,93.7,90.4,93.5,19.289,5,5,5,34.963
13.45,4.0,43.23,56.73,45.404,68.65100000000001,142.563,144.589,65.2,55.1,30.3,99.6,66.5,87.8,95.0,87.35300000000001,93.7,90.4,93.5,19.445999999999998,5,5,5,34.915
13.47,4.0,43.18,56.582,45.666,68.941,142.394,144.421,65.2,55.1,30.3,99.6,66.5,87.8,95.0,87.373,93.7,90.4,93.5,19.517000000000003,5,5,5,34.899
13.49,4.0,43.16,57.316,45.34,68.21000000000001,142.394,144.481,65.2,55.1,30.3,99.6,66.5,87.8,95.0,87.385,93.7,90.4,93.5,19.216,5,5,5,34.900999999999996
13.51,4.0,42.866,57.393,45.573,67.52799999999999,142.316,144.35,65.2,55.1,30.3,99.6,66.5,87.8,95.0,87.392,93.7,90.4,93.5,19.333,5,5,5,34.891
13.53,4.0,43.204,57.538000000000004,45.374,66.63499999999999,142.121,144.18200000000002,65.2,55.1,30.3,99.6,66.5,87.8,95.0,87.395,93.7,90.4,93.5,19.271,5,5,5,34.897
13.55,4.0,43.345,58.198,45.49,67.02799999999999,142.095,144.134,65.2,55.1,30.3,99.6,66.5,87.8,95.0,87.39699999999999,93.7,90.4,93.5,19.383,5,5,5,34.900999999999996
13.57,4.0,43.403,57.995,45.342,67.364,141.978,144.05,65.2,55.1,30.3,99.6,66.5,87.8,95.0,87.398,93.7,90.4,93.5,19.188,5,5,5,34.897
13.59,4.0,43.696,58.0,45.448,67.721,141.834,143.894,65.2,55.1,30.3,99.6,66.5,87.8,95.0,87.399,93.7,90.4,93.5,19.412,5,5,5,34.899
13.61,4.0,43.399,58.284,45.427,68.523,141.756,143.834,65.2,55.1,30.3,99.6,66.5,87.8,95.0,87.4,93.7,90.4,93.5,19.436,5,5,5,34.894000000000005
13.63,4.0,43.71,58.47,45.249,68.15,141.652,143.798,65.2,55.1,30.3,99.6,66.5,87.8,95.0,87.4,93.7,90.4,93.5,19.281,5,5,5,34.879999999999995
13.65,4.0,43.33,58.333,45.211,68.602,141.57299999999998,143.654,65.2,55.1,30.3,99.6,66.5,87.8,95.0,87.4,93.7,90.4,93.5,19.261,5,5,5,34.858000000000004
13.67,4.0,43.312,58.251000000000005,45.652,68.666,141.442,143.569,65.2,55.1,30.3,99.6,66.5,87.8,95.0,87.4,93.7,90.4,93.5,19.381,5,5,5,34.828
13.69,4.0,43.741,58.915,45.312,69.012,141.298,143.461,65.2,55.1,30.3,99.6,66.5,87.8,95.0,87.4,93.7,90.4,93.5,19.325,5,5,5,34.82
13.71,4.0,43.205,59.06100000000001,45.659,69.273,141.233,143.365,65.2,55.1,30.3,99.6,66.5,87.8,95.0,87.4,93.7,90.4,93.5,19.192,5,5,5,34.814
13.73,4.0,43.705,58.93,45.405,69.627,141.11399999999998,143.292,65.2,55.1,30.3,99.6,66.5,87.8,95.0,87.4,93.7,90.4,93.5,19.156,5,5,5,34.805
13.75,4.0,43.395,58.975,45.509,69.543,141.022,143.184,65.2,55.1,30.3,99.6,66.5,87.8,95.0,87.4,93.7,90.4,93.5,19.252000000000002,5,5,5,34.787
13.77,4.0,43.789,59.285,45.223,69.42699999999999,140.878,143.039,65.2,55.1,30.3,99.6,66.5,87.8,95.0,87.4,93.7,90.469,93.5,19.871,5,5,5,34.777
13.79,4.0,43.751,58.787,45.365,68.27600000000001,140.746,142.894,65.2,55.1,30.3,99.6,66.5,87.8,95.0,87.4,93.7,90.52600000000001,93.5,19.84,5,5,5,34.762
13.81,4.0,44.044000000000004,58.958,45.066,68.67,140.69299999999998,142.822,65.2,55.1,30.3,99.6,66.5,87.8,95.0,87.4,93.7,90.558,93.5,19.572000000000003,5,5,5,34.754000000000005
13.83,4.0,43.674,59.31100000000001,45.549,66.726,140.575,142.73700000000002,65.2,55.1,30.3,99.6,66.5,87.8,95.0,87.4,93.7,90.577,93.5,19.634,5,5,5,34.756
13.85,4.0,43.662,59.668,45.263000000000005,66.555,140.403,142.495,65.2,55.1,30.3,99.6,66.5,87.8,95.0,87.4,93.7,90.587,93.5,19.84,5,5,5,34.778000000000006
13.87,4.0,43.588,59.726000000000006,45.279,64.94399999999999,140.337,142.398,65.2,55.1,30.3,99.6,66.5,87.8,95.0,87.4,93.7,90.593,93.5,19.834000000000003,5,5,5,34.802
13.89,4.0,43.55,59.483000000000004,45.173,64.309,140.231,142.289,65.2,55.1,30.3,99.6,66.5,87.8,95.0,87.4,93.7,90.596,93.5,19.86,5,5,5,34.844
13.91,4.0,44.156,59.783,45.398,63.648,140.08499999999998,142.131,65.2,55.1,30.3,99.6,66.5,87.8,95.0,87.4,93.7,90.598,93.5,19.937,5,5,5,34.903999999999996
13.93,4.0,44.2,59.50899999999999,45.218,63.298,140.04500000000002,141.997,65.2,55.1,30.3,99.6,66.5,87.8,95.0,87.4,93.7,90.59899999999999,93.5,19.898,5,5,5,34.928
13.95,4.0,43.864000000000004,59.315,45.319,62.543,140.005,142.02100000000002,65.1,55.1,30.3,99.4,66.5,87.85,95.0,87.4,93.7,90.59899999999999,93.5,19.98,5,5,5,34.998000000000005
13.97,4.0,44.281,59.803999999999995,45.194,61.653999999999996,139.846,141.88799999999998,65.1,55.1,30.3,99.4,66.5,87.916,95.0,87.4,93.7,90.6,93.5,20.055999999999997,5,5,5,35.06699999999999
13.99,4.0,44.298,60.118,45.344,61.357,139.78,141.863,65.1,55.1,30.3,99.4,66.5,87.953,95.0,87.4,93.7,90.6,93.5,20.095,5,5,5,35.069
14.01,4.0,44.595,59.577,45.063,60.722,139.7,141.814,65.1,55.1,30.3,99.4,66.5,87.973,95.0,87.4,93.7,90.6,93.5,20.000999999999998,5,5,5,35.123000000000005
14.03,4.0,44.703,60.333999999999996,45.193000000000005,60.033,139.54000000000002,141.632,65.1,55.1,30.3,99.4,66.5,87.985,95.0,87.4,93.7,90.6,93.5,20.107,5,5,5,35.149
14.05,4.0,44.645,60.285,45.016,59.423,139.433,141.498,65.1,55.1,30.3,99.4,66.5,87.992,95.0,87.4,93.7,90.6,93.5,20.195999999999998,5,5,5,35.2
14.07,4.0,44.277,60.178000000000004,45.329,58.799,139.327,141.449,65.1,55.1,30.3,99.4,66.5,87.995,95.0,87.4,93.7,90.6,93.5,20.290999999999997,5,5,5,35.238
14.09,4.0,44.393,59.857,45.397,58.761,139.39299999999997,141.473,65.1,55.1,30.3,99.4,66.5,87.997,95.0,87.4,93.7,90.6,93.5,19.705,5,5,5,35.251999999999995
14.11,4.0,44.419000000000004,60.368,45.422,58.659,139.353,141.449,65.1,55.1,30.3,99.4,66.5,87.999,95.0,87.4,93.7,90.6,93.5,19.723,5,5,5,35.283
14.13,4.0,44.481,60.512,44.985,58.285,139.246,141.363,65.1,55.1,30.3,99.4,66.5,87.999,95.0,87.4,93.7,90.6,93.55,19.759999999999998,5,5,5,35.306
14.15,4.0,44.556,60.473,45.097,57.873000000000005,139.059,141.155,65.1,55.1,30.3,99.4,66.5,88.0,95.0,87.4,93.7,90.6,93.616,20.277,5,5,5,35.327
14.17,4.0,44.417,60.396,44.868,57.896,138.99200000000002,141.094,65.1,55.1,30.3,99.4,66.5,88.0,95.0,87.4,93.7,90.6,93.653,20.076,5,5,5,35.348
14.19,4.0,44.773,60.61600000000001,45.004,58.103,138.952,141.02100000000002,65.1,55.1,30.3,99.4,66.5,88.0,95.0,87.4,93.7,90.6,93.673,20.04,5,5,5,35.369
14.21,4.0,44.773,60.21,45.043,57.676,138.804,140.861,65.1,55.1,30.3,99.4,66.5,88.0,95.0,87.4,93.7,90.6,93.685,19.977,5,5,5,35.367
14.23,4.0,44.687,59.952,45.131,57.76,138.778,140.837,65.1,55.1,30.3,99.4,66.5,88.0,95.0,87.4,93.7,90.6,93.692,19.982,5,5,5,35.368
14.25,4.0,44.703,60.036,45.048,58.32899999999999,138.67000000000002,140.76299999999998,65.1,55.1,30.3,99.4,66.5,88.0,95.0,87.4,93.7,90.6,93.695,19.972,5,5,5,35.364999999999995
14.27,4.0,45.019,60.233999999999995,44.945,58.582,138.57600000000002,140.66500000000002,65.1,55.1,30.3,99.4,66.5,88.0,95.05,87.4,93.7,90.6,93.697,19.93,5,5,5,35.376999999999995
14.29,4.0,44.673,59.713,44.898,59.062,138.522,140.61599999999999,65.1,55.1,30.3,99.4,66.5,88.0,95.116,87.4,93.7,90.6,93.699,19.838,5,5,5,35.373000000000005
14.31,4.0,44.391,59.99100000000001,45.172,59.09,138.428,140.555,65.1,55.1,30.3,99.4,66.5,88.0,95.153,87.4,93.7,90.6,93.699,19.801,5,5,5,35.373000000000005
14.33,4.0,44.68,60.849,44.832,59.401,138.32,140.44400000000002,65.1,55.1,30.3,99.4,66.5,88.0,95.173,87.4,93.7,90.6,93.7,19.828,5,5,5,35.370000000000005
14.35,4.0,44.696,59.698,44.804,59.924,138.225,140.309,65.1,55.1,30.3,99.4,66.5,88.0,95.185,87.4,93.744,90.6,93.7,19.765,5,5,5,35.372
14.37,4.0,45.155,59.583,44.691,60.453,138.09,140.19799999999998,65.1,55.1,30.3,99.4,66.5,88.0,95.192,87.4,93.768,90.6,93.7,19.805999999999997,5,5,5,35.370999999999995
14.39,4.0,44.633,60.315,44.951,60.943999999999996,137.996,140.074,65.1,55.1,30.3,99.4,66.5,88.0,95.195,87.4,93.782,90.6,93.7,19.826,5,5,5,35.372
14.41,4.0,45.398,60.051,44.601,61.026,137.941,140.01299999999998,65.1,55.1,30.3,99.4,66.5,88.0,95.197,87.4,93.79,90.6,93.7,19.85,5,5,5,35.374
14.43,4.0,45.264,60.093,44.648,61.016000000000005,137.765,139.926,65.1,55.1,30.3,99.4,66.5,88.0,95.199,87.4,93.794,90.6,93.7,19.746,5,5,5,35.376
14.45,4.0,44.991,60.35,44.779,61.003,137.738,139.852,65.1,55.1,30.3,99.4,66.5,88.0,95.199,87.4,93.797,90.6,93.7,19.756,5,5,5,35.376
14.47,4.0,44.596,60.357,44.796,61.543,137.657,139.691,65.1,55.1,30.3,99.4,66.5,88.0,95.2,87.4,93.798,90.6,93.7,19.787,5,5,5,35.374
14.49,4.0,45.274,59.782,44.775,60.86,137.534,139.61700000000002,65.1,55.1,30.3,99.4,66.5,88.0,95.2,87.4,93.79899999999999,90.6,93.7,19.859,5,5,5,35.359
14.51,4.0,44.399,59.985,44.927,61.271,137.45299999999997,139.469,65.1,55.1,30.3,99.4,66.5,88.0,95.2,87.4,93.79899999999999,90.6,93.7,19.787,5,5,5,35.36
14.53,4.0,44.906,59.773999999999994,44.595,61.501999999999995,137.35700000000003,139.43099999999998,65.1,55.1,30.3,99.4,66.5,88.0,95.2,87.4,93.8,90.6,93.7,19.809,5,5,5,35.364000000000004
14.55,4.0,45.235,59.88,44.669000000000004,61.629,137.276,139.382,65.1,55.1,30.3,99.4,66.5,88.0,95.2,87.4,93.8,90.6,93.7,19.766,5,5,5,35.355999999999995
14.57,4.0,44.922,60.067,44.579,61.843,137.126,139.22,65.1,55.1,30.3,99.4,66.5,88.0,95.2,87.4,93.8,90.6,93.7,19.817999999999998,5,5,5,35.353
14.59,4.0,45.175,59.581,44.561,61.873999999999995,137.05700000000002,139.121,65.1,55.1,30.3,99.4,66.5,88.0,95.2,87.4,93.8,90.6,93.7,19.970999999999997,5,5,5,35.346000000000004
14.61,4.0,45.03,59.989,44.411,61.552,136.907,139.096,65.1,55.1,30.3,99.4,66.5,88.0,95.2,87.4,93.8,90.6,93.7,20.099,5,5,5,35.331999999999994
14.63,4.0,44.939,60.277,44.718,61.532,136.86599999999999,138.935,65.1,55.1,30.3,99.4,66.5,88.0,95.2,87.4,93.8,90.6,93.7,20.134999999999998,5,5,5,35.331999999999994
14.65,4.0,44.838,59.766000000000005,44.774,61.229,136.784,138.83499999999998,65.1,55.1,30.3,99.4,66.5,88.0,95.2,87.45,93.8,90.6,93.7,20.226,5,5,5,35.335
14.67,4.0,44.498000000000005,60.391000000000005,44.785,61.438,136.66,138.70999999999998,65.1,55.1,30.3,99.4,66.5,88.0,95.2,87.516,93.8,90.6,93.7,19.889000000000003,5,5,5,35.327
14.69,4.0,44.579,59.982,44.525,61.606,136.536,138.70999999999998,65.1,55.1,30.3,99.4,66.5,88.0,95.2,87.553,93.8,90.6,93.7,19.913,5,5,5,35.33
14.71,4.0,44.726,59.89,44.374,61.623999999999995,136.50900000000001,138.673,65.1,55.1,30.3,99.4,66.5,88.0,95.2,87.57300000000001,93.8,90.6,93.7,20.125,5,5,5,35.335
14.73,4.0,44.86,59.245,44.457,61.558,136.371,138.51100000000002,65.1,55.1,30.3,99.4,66.5,88.0,95.2,87.585,93.8,90.6,93.7,20.302999999999997,5,5,5,35.331999999999994
14.75,4.0,44.56,59.841,44.541,61.316,136.20600000000002,138.348,65.1,55.1,30.3,99.4,66.5,88.0,95.2,87.592,93.8,90.6,93.7,20.438,5,5,5,35.326
14.77,4.0,44.715,60.021,44.309,61.001000000000005,136.20600000000002,138.286,65.1,55.1,30.3,99.4,66.5,88.0,95.2,87.595,93.8,90.6,93.7,20.924,5,5,5,35.324
14.79,4.0,44.929,59.715,44.155,60.681999999999995,136.06799999999998,138.248,65.1,55.1,30.3,99.4,66.5,88.0,95.2,87.597,93.8,90.6,93.7,20.767000000000003,5,5,5,35.324
14.81,4.0,44.385999999999996,59.651,44.198,60.713,135.971,138.16,65.1,55.1,30.3,99.4,66.5,88.0,95.2,87.598,93.8,90.6,93.7,20.769,5,5,5,35.331999999999994
14.83,4.0,44.222,60.033,44.498000000000005,61.283,135.94400000000002,138.07299999999998,65.1,55.1,30.3,99.4,66.5,88.0,95.2,87.59899999999999,93.8,90.6,93.7,20.667,5,5,5,35.324
14.85,4.0,45.369,59.588,44.324,60.82899999999999,135.833,138.06,65.1,55.1,30.3,99.4,66.5,88.0,95.2,87.6,93.8,90.6,93.7,20.857999999999997,5,5,5,35.326
14.87,4.0,44.646,59.773,44.373000000000005,61.113,135.75,137.85899999999998,65.1,55.1,30.3,99.4,66.5,88.0,95.2,87.6,93.8,90.6,93.7,20.829,5,5,5,35.325
14.89,4.0,45.041,59.629,44.388000000000005,61.248000000000005,135.69400000000002,137.872,65.1,55.1,30.3,99.4,66.5,88.0,95.2,87.6,93.8,90.6,93.7,20.356,5,5,5,35.318
14.91,4.0,44.99,59.836000000000006,44.201,61.555,135.5,137.809,65.1,55.1,30.3,99.4,66.5,88.0,95.2,87.6,93.8,90.6,93.7,19.651,5,5,5,35.32
14.93,4.0,44.476,59.79,44.359,61.525,135.5,137.721,65.1,55.1,30.3,99.4,66.5,88.0,95.2,87.6,93.8,90.6,93.7,19.688,5,5,5,35.321
14.95,4.0,44.853,59.256,44.365,60.551,135.416,137.54500000000002,65.1,55.1,30.3,99.4,66.5,88.0,95.2,87.6,93.8,90.6,93.7,19.838,5,5,5,35.322
14.97,4.0,44.715,59.826,44.251999999999995,61.043,135.347,137.583,65.1,55.1,30.3,99.4,66.5,88.0,95.2,87.6,93.8,90.6,93.7,19.877000000000002,5,5,5,35.321
14.99,4.0,45.189,59.82,44.229,62.383,135.221,137.381,65.1,55.1,30.3,99.4,66.5,88.0,95.2,87.6,93.8,90.6,93.7,19.817999999999998,5,5,5,35.31699999999999
15.01,4.0,44.804,59.726000000000006,44.211,62.426,135.13799999999998,137.343,65.1,55.1,30.3,99.4,66.5,88.0,95.2,87.6,93.8,90.6,93.7,19.729,5,5,5,35.301
15.03,4.0,44.537,59.747,44.145,62.466,135.012,137.23000000000002,65.1,55.1,30.3,99.4,66.5,88.0,95.2,87.6,93.8,90.6,93.7,19.755000000000003,5,5,5,35.296
15.05,4.0,45.162,59.501000000000005,44.101,61.848,134.928,137.20499999999998,65.1,55.1,30.3,99.4,66.5,88.0,95.2,87.6,93.8,90.6,93.7,19.66,5,5,5,35.297
15.07,4.0,44.684,59.078,44.257,61.91,134.844,137.053,65.1,55.1,30.3,99.4,66.5,88.0,95.2,87.6,93.8,90.6,93.7,19.828,5,5,5,35.292
15.09,4.0,44.839,59.446000000000005,44.171,62.578,134.73200000000003,136.926,65.1,55.1,30.3,99.4,66.5,88.0,95.2,87.6,93.8,90.6,93.7,20.185000000000002,5,5,5,35.291
15.11,4.0,44.785,59.51,44.047,62.488,134.62,136.914,65.1,55.1,30.3,99.4,66.5,88.0,95.2,87.6,93.8,90.6,93.7,19.957,5,5,5,35.286
15.13,4.0,45.108000000000004,60.052,43.834,62.417,134.535,136.787,65.1,55.1,30.3,99.4,66.5,88.0,95.2,87.6,93.8,90.6,93.7,19.919,5,5,5,35.268
15.15,4.0,44.533,59.549,44.061,62.303999999999995,134.54899999999998,136.762,65.1,55.1,30.3,99.4,66.5,88.0,95.2,87.6,93.8,90.6,93.7,19.795,5,5,5,35.265
15.17,4.0,44.532,59.674,43.846,62.173,134.39499999999998,136.673,65.1,55.1,30.3,99.4,66.5,88.0,95.2,87.6,93.8,90.6,93.7,19.92,5,5,5,35.259
15.19,4.0,44.91,59.409,43.719,61.673,134.282,136.559,65.1,55.1,30.3,99.4,66.5,88.0,95.2,87.6,93.8,90.6,93.7,19.61,5,5,5,35.260999999999996
15.21,4.0,44.599000000000004,59.363,43.751,62.221000000000004,134.254,136.533,65.1,55.1,30.3,99.4,66.5,88.0,95.2,87.6,93.8,90.669,93.7,19.714,5,5,5,35.260000000000005
15.23,4.0,44.698,59.613,43.758,61.933,134.14100000000002,136.52100000000002,65.1,55.1,30.3,99.4,66.5,88.0,95.2,87.6,93.8,90.726,93.7,19.871,5,5,5,35.260999999999996
15.25,4.0,44.851,59.707,43.82,62.206,134.042,136.368,65.1,55.1,30.3,99.4,66.5,88.0,95.2,87.6,93.8,90.758,93.7,19.865000000000002,5,5,5,35.263000000000005
15.27,4.0,44.531,59.369,43.683,62.388999999999996,133.971,136.292,65.1,55.1,30.3,99.4,66.5,88.0,95.2,87.6,93.8,90.777,93.7,19.984,5,5,5,35.254000000000005
15.29,4.0,44.464,59.443000000000005,43.905,61.873000000000005,133.88600000000002,136.202,65.1,55.1,30.3,99.4,66.5,88.0,95.2,87.6,93.8,90.78699999999999,93.7,19.801,5,5,5,35.258
15.31,4.0,44.135999999999996,59.287,43.756,61.765,133.75900000000001,136.126,65.1,55.1,30.3,99.4,66.5,88.0,95.2,87.6,93.8,90.793,93.7,19.965,5,5,5,35.251999999999995
15.33,4.0,44.943000000000005,59.235,43.65,61.457,133.66,136.01100000000002,65.1,55.1,30.3,99.4,66.5,88.0,95.2,87.6,93.8,90.796,93.7,19.843,5,5,5,35.260999999999996
15.35,4.0,43.952,59.67,43.769,61.385,133.574,135.858,65.1,55.1,30.3,99.4,66.5,88.0,95.2,87.6,93.8,90.798,93.7,19.874000000000002,5,5,5,35.256
15.37,4.0,44.688,59.315,43.646,61.511,133.532,135.909,65.1,55.1,30.3,99.4,66.5,88.0,95.2,87.6,93.8,90.79899999999999,93.7,19.872999999999998,5,5,5,35.258
15.39,4.0,44.135,59.001000000000005,43.561,61.675,133.418,135.781,65.1,55.1,30.3,99.4,66.5,88.0,95.2,87.6,93.8,90.79899999999999,93.7,19.992,5,5,5,35.256
15.41,4.0,44.59,58.714,43.648,61.93600000000001,133.31799999999998,135.73000000000002,65.1,55.1,30.3,99.4,66.5,88.0,95.2,87.6,93.8,90.8,93.7,20.235999999999997,5,5,5,35.256
15.43,4.0,44.567,59.032,43.491,61.756,133.204,135.653,65.1,55.1,30.3,99.4,66.5,88.0,95.2,87.6,93.8,90.8,93.7,20.064,5,5,5,35.256
15.45,4.0,44.207,59.36600000000001,43.537,61.648999999999994,133.23200000000003,135.602,65.1,55.1,30.3,99.4,66.5,88.0,95.2,87.6,93.8,90.8,93.7,20.114,5,5,5,35.258
15.47,4.0,44.018,59.335,43.434,61.504,133.01799999999997,135.44799999999998,65.1,55.1,30.3,99.4,66.5,88.0,95.2,87.6,93.8,90.8,93.7,19.98,5,5,5,35.253
15.49,4.0,44.73,59.288999999999994,43.65,61.464,132.975,135.371,65.1,55.1,30.3,99.4,66.5,88.0,95.2,87.6,93.8,90.8,93.7,20.079,5,5,5,35.251999999999995
15.51,4.0,44.187,59.465,43.324,61.382,132.918,135.29399999999998,65.1,55.1,30.3,99.4,66.5,88.0,95.2,87.6,93.8,90.8,93.7,20.064,5,5,5,35.25
15.53,4.0,44.249,59.461000000000006,43.411,61.527,132.86,135.23000000000002,65.1,55.1,30.3,99.4,66.5,88.0,95.25,87.6,93.8,90.8,93.7,20.136,5,5,5,35.253
15.55,4.0,44.022,58.826,43.323,61.972,132.789,135.191,65.1,55.1,30.3,99.4,66.5,88.0,95.316,87.6,93.8,90.8,93.7,20.255000000000003,5,5,5,35.253
15.57,4.0,44.514,58.934,43.183,62.053000000000004,132.631,135.075,65.1,55.1,30.3,99.4,66.5,88.0,95.35300000000001,87.6,93.887,90.8,93.7,20.067,5,5,5,35.253
15.59,4.0,44.498000000000005,59.336999999999996,43.235,61.827,132.51600000000002,134.998,65.1,55.1,30.3,99.4,66.5,88.0,95.373,87.6,93.937,90.8,93.7,20.141,5,5,5,35.25
15.61,4.0,44.431,58.896,43.29,61.543,132.472,134.908,65.1,55.1,30.3,99.4,66.5,88.0,95.385,87.6,93.964,90.8,93.7,20.055,5,5,5,35.254000000000005
15.63,4.0,43.86,59.457,43.389,61.582,132.35700000000003,134.74,65.1,55.1,30.3,99.4,66.5,88.0,95.392,87.6,93.98,90.8,93.75,20.21,5,5,5,35.245999999999995
15.65,4.0,44.24,59.211999999999996,43.148,61.693000000000005,132.285,134.65,65.1,55.1,30.3,99.4,66.5,88.0,95.395,87.6,93.98899999999999,90.8,93.816,20.173000000000002,5,5,5,35.247
15.67,4.0,44.135,59.282,43.216,61.873000000000005,132.14,134.58499999999998,65.1,55.1,30.3,99.4,66.5,88.0,95.39699999999999,87.6,93.994,90.8,93.85300000000001,20.161,5,5,5,35.245000000000005
15.69,4.0,44.405,59.18899999999999,43.025999999999996,61.976000000000006,132.097,134.637,65.1,55.1,30.3,99.4,66.5,88.0,95.398,87.6,93.99600000000001,90.8,93.873,20.125,5,5,5,35.251
15.71,4.0,44.091,59.578,43.056,61.85,132.06799999999998,134.481,65.1,55.1,30.3,99.4,66.5,88.0,95.399,87.6,93.998,90.8,93.885,20.171,5,5,5,35.247
15.73,4.0,44.33,59.04600000000001,42.928000000000004,61.797,131.995,134.39100000000002,65.1,55.1,30.3,99.4,66.5,88.0,95.4,87.6,93.999,90.8,93.892,20.016,5,5,5,35.249
15.75,4.0,44.075,58.813,42.914,61.532,131.879,134.442,65.1,55.1,30.3,99.4,66.5,88.05,95.4,87.6,93.999,90.8,93.895,19.506,5,5,5,35.256
15.77,4.0,44.254,59.11600000000001,42.963,61.567,131.836,134.196,65.1,55.1,30.3,99.4,66.5,88.116,95.4,87.6,94.0,90.8,93.89699999999999,19.146,5,5,5,35.25
15.79,4.0,44.039,58.662,42.969,61.864,131.70499999999998,134.157,65.1,55.1,30.3,99.4,66.5,88.153,95.4,87.6,94.0,90.8,93.898,19.136,5,5,5,35.253
15.81,4.0,44.036,59.028999999999996,42.801,61.82899999999999,131.574,134.066,65.1,55.1,30.3,99.4,66.5,88.173,95.4,87.6,94.0,90.8,93.899,19.122,5,5,5,35.254000000000005
15.83,4.0,43.693000000000005,59.632,42.624,61.919,131.53,134.092,65.1,55.1,30.3,99.4,66.5,88.185,95.4,87.6,94.0,90.8,93.9,19.131999999999998,5,5,5,35.245999999999995
15.85,4.0,44.325,59.053999999999995,42.766,61.893,131.486,134.04000000000002,65.1,55.1,30.3,99.4,66.5,88.192,95.4,87.6,94.0,90.8,93.9,19.268,5,5,5,35.241
15.87,4.0,43.518,58.861000000000004,42.88,62.095,131.413,133.949,65.1,55.1,30.3,99.4,66.5,88.195,95.4,87.6,94.0,90.8,93.9,19.316,5,5,5,35.245999999999995
15.89,4.0,43.796,58.803000000000004,42.835,61.583,131.35500000000002,133.897,65.1,55.1,30.3,99.4,66.5,88.197,95.4,87.6,94.0,90.8,93.9,19.212,5,5,5,35.243
15.91,4.0,43.734,58.931000000000004,42.552,61.958,131.16500000000002,133.81900000000002,65.1,55.1,30.3,99.4,66.5,88.199,95.4,87.6,94.0,90.8,93.9,19.211,5,5,5,35.239999999999995
15.93,4.0,43.885,58.809,42.650999999999996,61.857,131.19400000000002,133.70100000000002,65.1,55.1,30.3,99.4,66.5,88.199,95.4,87.6,94.0,90.8,93.9,19.29,5,5,5,35.241
15.95,4.0,43.65,58.483000000000004,42.491,61.94,131.091,133.505,65.0,55.0,30.3,99.4,66.5,88.2,95.4,87.6,94.0,90.8,93.9,19.155,5,5,5,35.230999999999995
15.97,4.0,43.205,58.527,42.81,62.023,131.033,133.597,65.0,55.0,30.3,99.4,66.5,88.2,95.4,87.6,94.0,90.8,93.9,19.174,5,5,5,35.230999999999995
15.99,4.0,43.67,58.571000000000005,42.638000000000005,61.726000000000006,130.91500000000002,133.42700000000002,65.0,55.0,30.3,99.4,66.5,88.2,95.4,87.6,94.0,90.8,93.9,19.228,5,5,5,35.228
16.01,4.0,43.496,58.803000000000004,42.685,61.967,130.798,133.296,65.0,55.0,30.3,99.4,66.5,88.2,95.4,87.688,94.0,90.8,93.9,19.252000000000002,5,5,5,35.229
16.03,4.0,43.442,59.092,42.56,61.681000000000004,130.798,133.296,65.0,55.0,30.3,99.4,66.5,88.2,95.4,87.737,94.0,90.8,93.9,19.286,5,5,5,35.228
16.05,4.0,43.834,58.823,42.56,61.673,130.709,133.348,65.0,55.0,30.3,99.4,66.5,88.2,95.4,87.764,94.0,90.8,93.9,19.250999999999998,5,5,5,35.227
16.07,4.0,43.354,58.778,42.605,61.99100000000001,130.54700000000003,133.178,65.0,55.0,30.3,99.4,66.5,88.2,95.4,87.78,94.0,90.8,93.9,19.206,5,5,5,35.232
16.09,4.0,43.08,58.933,42.725,61.976000000000006,130.488,133.06,65.0,55.0,30.3,99.4,66.5,88.2,95.4,87.789,94.0,90.8,93.9,19.343,5,5,5,35.224000000000004
16.11,4.0,43.071,58.605,42.6,62.067,130.44299999999998,132.928,65.0,55.0,30.3,99.4,66.5,88.2,95.4,87.794,94.0,90.8,93.9,19.16,5,5,5,35.218
16.13,4.0,43.361,58.786,42.468,61.583999999999996,130.38400000000001,132.928,65.0,55.0,30.3,99.4,66.5,88.2,95.4,87.796,94.0,90.8,93.9,19.237000000000002,5,5,5,35.218
16.15,4.0,43.169000000000004,58.82,42.519,61.772,130.191,132.889,65.0,55.0,30.3,99.4,66.5,88.2,95.4,87.798,94.0,90.8,93.9,19.183,5,5,5,35.215999999999994
16.17,4.0,43.256,59.07,42.358000000000004,61.473,130.20600000000002,132.783,65.0,55.0,30.3,99.4,66.5,88.2,95.4,87.79899999999999,94.0,90.8,93.9,19.241,5,5,5,35.218
16.19,4.0,43.518,58.813,42.294000000000004,61.581,130.132,132.717,65.0,55.0,30.3,99.4,66.5,88.2,95.4,87.79899999999999,94.0,90.8,93.9,19.128,5,5,5,35.221000000000004
16.21,4.0,42.843,58.965,42.51,61.965,129.954,132.652,65.0,55.0,30.3,99.4,66.5,88.2,95.4,87.8,94.0,90.8,93.9,19.271,5,5,5,35.218
16.23,4.0,42.743,58.65,42.306,61.958999999999996,129.894,132.546,65.0,55.0,30.3,99.4,66.5,88.2,95.4,87.8,94.0,90.8,93.9,19.188,5,5,5,35.205
16.25,4.0,43.007,58.253,42.334,62.09,129.969,132.533,65.0,55.0,30.3,99.4,66.5,88.2,95.4,87.8,94.0,90.8,93.9,19.201999999999998,5,5,5,35.191
16.27,4.0,42.847,58.825,42.304,61.81100000000001,129.775,132.387,65.0,55.0,30.3,99.4,66.5,88.2,95.4,87.8,94.0,90.8,93.9,19.177999999999997,5,5,5,35.19199999999999
16.29,4.0,42.635,58.858999999999995,42.352,61.66,129.715,132.361,65.0,55.0,30.3,99.4,66.5,88.2,95.4,87.8,94.0,90.8,93.9,19.156,5,5,5,35.193
16.31,4.0,42.702,58.898,42.141999999999996,61.681000000000004,129.57999999999998,132.215,65.0,55.0,30.3,99.4,66.5,88.2,95.4,87.8,94.0,90.8,93.9,19.143,5,5,5,35.196
16.33,4.0,43.157,59.04,42.153,61.81399999999999,129.461,132.281,65.0,55.0,30.3,99.4,66.5,88.2,95.4,87.8,94.0,90.8,93.9,19.214,5,5,5,35.19
16.35,4.0,42.643,58.701,42.221,62.355,129.476,132.10899999999998,65.0,55.0,30.3,99.4,66.5,88.2,95.4,87.8,94.0,90.8,93.9,19.156,5,5,5,35.19199999999999
16.37,4.0,42.88,58.871,42.131,62.106,129.341,132.122,65.0,55.0,30.3,99.4,66.5,88.2,95.4,87.8,94.0,90.8,93.9,19.130000000000003,5,5,5,35.187
16.39,4.0,42.809,59.015,41.931,61.835,129.265,132.05599999999998,65.0,55.0,30.3,99.4,66.5,88.2,95.4,87.8,94.0,90.8,93.9,19.173000000000002,5,5,5,35.186
16.41,4.0,42.836999999999996,58.58,41.954,61.946000000000005,129.175,131.976,65.0,55.0,30.3,99.4,66.5,88.2,95.4,87.8,94.0,90.8,93.9,19.252000000000002,5,5,5,35.181
16.43,4.0,42.746,58.57899999999999,42.191,61.597,129.19,131.843,65.0,55.0,30.3,99.4,66.5,88.2,95.4,87.8,94.0,90.8,93.9,19.067999999999998,5,5,5,35.186
16.45,4.0,42.531,58.613,42.131,61.731,129.04000000000002,131.73700000000002,65.0,55.0,30.3,99.4,66.5,88.2,95.4,87.8,94.0,90.8,93.9,19.131999999999998,5,5,5,35.181
16.47,4.0,42.611999999999995,58.703,41.866,61.821000000000005,128.97899999999998,131.697,65.0,55.0,30.3,99.4,66.5,88.2,95.4,87.8,94.0,90.8,93.9,19.146,5,5,5,35.186
16.49,4.0,42.297,58.135,42.056999999999995,61.876000000000005,129.055,131.67000000000002,65.0,55.0,30.3,99.4,66.5,88.2,95.4,87.8,94.0,90.8,93.9,19.107999999999997,5,5,5,35.179
16.51,4.0,41.983000000000004,58.768,42.058,61.717,128.76799999999997,131.577,65.0,55.0,30.3,99.4,66.5,88.2,95.4,87.8,94.0,90.8,93.9,19.102,5,5,5,35.182
16.53,4.0,42.717,58.61,41.928000000000004,61.68,128.707,131.55,65.0,55.0,30.3,99.4,66.5,88.2,95.4,87.8,94.0,90.8,93.9,19.148,5,5,5,35.182
16.55,4.0,42.538000000000004,58.481,41.775,61.702,128.707,131.47,65.0,55.0,30.3,99.4,66.5,88.2,95.4,87.8,94.0,90.8,93.9,19.142000000000003,5,5,5,35.185
16.57,4.0,42.079,57.868,41.908,61.508,128.555,131.39,65.0,55.0,30.3,99.4,66.5,88.2,95.4,87.8,94.0,90.8,93.9,19.189999999999998,5,5,5,35.174
16.59,4.0,42.689,58.29600000000001,41.882,61.849,128.51,131.256,65.0,55.0,30.3,99.4,66.5,88.2,95.4,87.8,94.0,90.8,93.9,19.091,5,5,5,35.18300000000001
16.61,4.0,42.751999999999995,58.361999999999995,41.723,61.818000000000005,128.464,131.256,65.0,55.0,30.3,99.4,66.5,88.2,95.4,87.8,94.0,90.8,93.9,19.287,5,5,5,35.178
16.63,4.0,42.479,58.026,41.846,61.778,128.449,131.122,65.0,55.0,30.3,99.4,66.5,88.2,95.4,87.8,94.0,90.8,93.9,19.213,5,5,5,35.171
16.65,4.0,41.985,58.196999999999996,41.827,61.763999999999996,128.358,131.055,65.0,55.0,30.3,99.4,66.5,88.2,95.4,87.8,94.0,90.8,93.9,19.162,5,5,5,35.166
16.67,4.0,41.976,58.398,41.787,61.784,128.29700000000003,131.028,65.0,55.0,30.3,99.4,66.5,88.2,95.4,87.8,94.0,90.8,93.9,19.097,5,5,5,35.159000000000006
16.69,4.0,42.484,58.146,41.785,61.698,128.144,130.89299999999997,65.0,55.0,30.3,99.4,66.5,88.2,95.4,87.8,94.0,90.8,93.9,19.064,5,5,5,35.166
16.71,4.0,42.177,58.093,41.625,61.547,128.144,130.745,65.0,55.0,30.3,99.4,66.5,88.2,95.4,87.8,94.0,90.8,93.9,18.962,5,5,5,35.164
16.73,4.0,41.845,58.368,41.726,61.958,128.007,130.73200000000003,65.0,55.0,30.3,99.4,66.5,88.2,95.4,87.8,94.0,90.8,93.9,19.060000000000002,5,5,5,35.161
16.75,4.0,41.775999999999996,58.318000000000005,41.667,61.773999999999994,127.869,130.624,65.0,55.0,30.3,99.4,66.5,88.2,95.4,87.8,94.0,90.8,93.9,19.645,5,5,5,35.161
16.77,4.0,41.763000000000005,57.876000000000005,41.687,61.717,127.792,130.543,65.0,55.0,30.3,99.4,66.5,88.2,95.4,87.8,94.0,90.8,93.9,19.107,5,5,5,35.161
16.79,4.0,41.586999999999996,58.016000000000005,41.718,61.94,127.74600000000001,130.55700000000002,65.0,55.0,30.3,99.4,66.5,88.2,95.4,87.8,94.0,90.8,93.9,19.012,5,5,5,35.158
16.81,4.0,41.91,58.123000000000005,41.561,61.718,127.76100000000001,130.57,65.0,55.0,30.3,99.4,66.5,88.2,95.4,87.8,94.0,90.8,93.9,18.788,5,5,5,35.16
16.83,4.0,41.971,58.121,41.657,61.763000000000005,127.60799999999999,130.42200000000003,65.0,55.0,30.3,99.4,66.5,88.2,95.4,87.8,94.0,90.8,93.9,18.61,5,5,5,35.159000000000006
16.85,4.0,41.527,57.949,41.611,61.563,127.561,130.35399999999998,65.0,55.0,30.3,99.4,66.5,88.2,95.4,87.8,94.0,90.8,93.9,18.525,5,5,5,35.159000000000006
16.87,4.0,41.52,57.998000000000005,41.577,61.93600000000001,127.454,130.164,65.0,55.0,30.3,99.4,66.5,88.2,95.4,87.8,94.0,90.8,93.9,18.396,5,5,5,35.155
16.89,4.0,41.264,57.784,41.457,61.888000000000005,127.43799999999999,130.286,65.0,55.0,30.3,99.4,66.5,88.2,95.4,87.8,94.0,90.8,93.9,18.564999999999998,5,5,5,35.153999999999996
16.91,4.0,41.404,57.777,41.436,61.958,127.28399999999999,130.151,65.0,55.0,30.3,99.4,66.5,88.2,95.4,87.8,94.0,90.8,93.9,18.61,5,5,5,35.152
16.93,4.0,41.272,57.967,41.580999999999996,61.931999999999995,127.315,130.015,65.0,55.0,30.3,99.4,66.5,88.2,95.45,87.8,94.0,90.8,93.9,18.925,5,5,5,35.138999999999996
16.95,4.0,41.324,58.423,41.352,61.672,127.206,129.988,65.0,55.0,30.3,99.4,66.5,88.2,95.516,87.8,94.0,90.8,93.9,19.133,5,5,5,35.14
16.97,4.0,41.325,57.893,41.357,61.722,127.098,129.933,65.0,55.0,30.3,99.4,66.5,88.2,95.553,87.8,94.0,90.8,93.9,19.137,5,5,5,35.144000000000005
16.99,4.0,41.409,57.52,41.489000000000004,61.622,127.051,129.838,65.0,55.0,30.3,99.4,66.5,88.2,95.57300000000001,87.8,94.0,90.8,93.9,19.262,5,5,5,35.138999999999996
17.01,4.0,40.931,58.085,41.394,61.775,126.958,129.825,65.0,55.0,30.3,99.4,66.5,88.2,95.585,87.8,94.0,90.8,93.9,19.341,5,5,5,35.138000000000005
17.03,4.0,41.222,57.816,41.26,62.065,126.818,129.72899999999998,65.0,55.0,30.3,99.4,66.5,88.2,95.592,87.8,94.0,90.8,93.9,19.334000000000003,5,5,5,35.138999999999996
17.05,4.0,41.253,57.614,41.161,62.09,126.84899999999999,129.661,65.0,55.0,30.3,99.4,66.5,88.2,95.595,87.8,94.0,90.8,93.9,19.304000000000002,5,5,5,35.14
17.07,4.0,40.926,57.335,41.271,62.129,126.756,129.661,65.0,55.0,30.3,99.4,66.5,88.2,95.597,87.8,94.0,90.8,93.9,19.286,5,5,5,35.137
17.09,4.0,40.951,57.891999999999996,41.264,61.675,126.631,129.565,65.0,55.0,30.3,99.4,66.5,88.2,95.598,87.8,94.0,90.8,93.9,19.064,5,5,5,35.135000000000005
17.11,4.0,41.253,57.525,41.201,61.842,126.537,129.45600000000002,65.0,55.0,30.3,99.4,66.5,88.2,95.59899999999999,87.8,94.0,90.8,93.9,18.837,5,5,5,35.135000000000005
17.13,4.0,41.149,57.435,41.25,61.865,126.506,129.31900000000002,65.0,55.0,30.3,99.4,66.5,88.2,95.6,87.8,94.0,90.869,93.9,18.492,5,5,5,35.135999999999996
17.15,4.0,40.856,57.703,41.214,61.817,126.396,129.31900000000002,65.0,55.0,30.3,99.4,66.5,88.2,95.6,87.8,94.0,90.926,93.9,18.4,5,5,5,35.135000000000005
17.17,4.0,40.759,57.735,41.196,62.162,126.427,129.251,65.0,55.0,30.3,99.4,66.5,88.2,95.6,87.8,94.0,90.958,93.9,18.367,5,5,5,35.137
17.19,4.0,40.827,57.315,41.061,62.076,126.302,129.347,65.0,55.0,30.3,99.4,66.5,88.2,95.6,87.8,94.0,90.977,93.9,18.224,5,5,5,35.128
17.21,4.0,40.524,58.126999999999995,41.281,62.245,126.208,129.14100000000002,65.0,55.0,30.3,99.4,66.5,88.2,95.6,87.8,94.0,90.987,93.9,18.176,5,5,5,35.129999999999995
17.23,4.0,40.417,57.708999999999996,41.132,61.98,126.223,129.059,65.0,55.0,30.3,99.4,66.5,88.2,95.6,87.8,94.0,90.993,93.9,18.09,5,5,5,35.129999999999995
17.25,4.0,40.535,57.693000000000005,41.016,61.745,126.098,128.976,65.0,55.0,30.3,99.4,66.5,88.2,95.6,87.8,94.0,90.99600000000001,93.9,18.262,5,5,5,35.128
17.27,4.0,40.707,57.641000000000005,41.083,61.738,125.97200000000001,128.976,65.0,55.0,30.3,99.4,66.5,88.2,95.6,87.8,94.0,90.998,93.9,18.389000000000003,5,5,5,35.133
17.29,4.0,40.604,57.523999999999994,40.98,62.065,125.92399999999999,128.907,65.0,55.0,30.3,99.4,66.5,88.2,95.6,87.8,94.0,90.999,93.9,18.79,5,5,5,35.129999999999995
17.31,4.0,40.084,57.456,41.139,62.016999999999996,125.94,128.756,65.0,55.0,30.3,99.4,66.5,88.2,95.6,87.8,94.0,90.999,93.9,19.086,5,5,5,35.134
17.33,4.0,40.259,57.5,41.034,61.87,125.87700000000001,128.687,65.0,55.0,30.3,99.4,66.5,88.2,95.6,87.8,94.0,91.0,93.9,19.124000000000002,5,5,5,35.126
17.35,4.0,40.019,57.748000000000005,41.069,62.144,125.78200000000001,128.618,65.0,55.0,30.3,99.4,66.5,88.2,95.6,87.8,94.0,91.0,93.9,19.377000000000002,5,5,5,35.123000000000005
17.37,4.0,40.078,58.045,40.879,61.88399999999999,125.70299999999999,128.632,65.0,55.0,30.3,99.4,66.5,88.2,95.6,87.8,94.0,91.0,93.9,19.337,5,5,5,35.125
17.39,4.0,40.391999999999996,57.488,40.826,61.537,125.655,128.507,65.0,55.0,30.3,99.4,66.5,88.2,95.6,87.8,94.0,91.0,93.9,19.336,5,5,5,35.128
17.41,4.0,40.349000000000004,57.731,40.834,61.658,125.49600000000001,128.466,65.0,55.0,30.3,99.4,66.5,88.2,95.6,87.8,94.087,91.0,93.9,19.313,5,5,5,35.120000000000005
17.43,4.0,40.126999999999995,57.662,40.931999999999995,61.775,125.465,128.397,65.0,55.0,30.3,99.4,66.5,88.2,95.6,87.8,94.137,91.0,93.9,19.229,5,5,5,35.126
17.45,4.0,40.36,57.335,40.801,61.94,125.43299999999999,128.35500000000002,65.0,55.0,30.3,99.4,66.5,88.2,95.6,87.8,94.164,91.0,93.9,19.177,5,5,5,35.123000000000005
17.47,4.0,40.486,57.29600000000001,40.703,61.996,125.353,128.327,65.0,55.0,30.3,99.4,66.5,88.2,95.6,87.8,94.18,91.0,93.9,18.918,5,5,5,35.117
17.49,4.0,40.07,56.997,40.696999999999996,62.193000000000005,125.321,128.286,65.0,55.0,30.3,99.4,66.5,88.2,95.6,87.8,94.189,91.0,93.9,18.534,5,5,5,35.116
17.51,4.0,39.683,57.599,40.751999999999995,61.968,125.162,128.189,65.0,55.0,30.3,99.4,66.5,88.2,95.6,87.8,94.194,91.0,93.9,18.468,5,5,5,35.113
17.53,4.0,40.302,57.376000000000005,40.679,61.757,125.05,128.10500000000002,65.0,55.0,30.3,99.4,66.5,88.2,95.6,87.8,94.196,91.0,93.9,18.317999999999998,5,5,5,35.114000000000004
17.55,4.0,39.819,57.232,40.766999999999996,61.733000000000004,124.986,128.05,65.0,55.0,30.3,99.4,66.5,88.2,95.6,87.8,94.19800000000001,91.0,93.9,18.334000000000003,5,5,5,35.117
17.57,4.0,39.689,57.361000000000004,40.783,61.835,124.986,128.036,65.0,55.0,30.3,99.4,66.5,88.2,95.6,87.8,94.199,91.0,93.9,18.305,5,5,5,35.114000000000004
17.59,4.0,39.644,57.451,40.577,62.035,124.89,127.93799999999999,65.0,55.0,30.3,99.4,66.5,88.2,95.6,87.8,94.199,91.0,93.9,18.226,5,5,5,35.114000000000004
17.61,4.0,39.861,57.088,40.68,61.8,124.825,127.869,65.0,55.0,30.3,99.4,66.5,88.2,95.6,87.8,94.2,91.0,93.969,18.302,5,5,5,35.103
17.63,4.0,40.114000000000004,57.483000000000004,40.687,62.148999999999994,124.745,127.91,65.0,55.0,30.3,99.4,66.5,88.2,95.6,87.85,94.2,91.0,94.02600000000001,18.412,5,5,5,35.098
17.65,4.0,39.433,57.536,40.66,62.018,124.632,127.67299999999999,65.0,55.0,30.3,99.4,66.5,88.2,95.6,87.916,94.2,91.0,94.058,18.747,5,5,5,35.102
17.67,4.0,39.384,57.32899999999999,40.585,61.681999999999995,124.648,127.603,65.0,55.0,30.3,99.4,66.5,88.2,95.6,87.953,94.2,91.0,94.077,19.058,5,5,5,35.101
17.69,4.0,39.561,56.643,40.578,61.786,124.42200000000001,127.53299999999999,65.0,55.0,30.3,99.4,66.5,88.2,95.6,87.973,94.2,91.0,94.087,19.228,5,5,5,35.099000000000004
17.71,4.0,39.493,57.677,40.437,61.924,124.42200000000001,127.477,65.0,55.0,30.3,99.4,66.5,88.2,95.6,87.985,94.2,91.0,94.093,19.454,5,5,5,35.098
17.73,4.0,39.375,57.626999999999995,40.515,62.052,124.406,127.463,65.0,55.0,30.3,99.4,66.5,88.2,95.6,87.992,94.2,91.0,94.096,19.32,5,5,5,35.096999999999994
17.75,4.0,39.504,57.382,40.528,62.1,124.35799999999999,127.351,65.0,55.0,30.3,99.4,66.5,88.2,95.6,87.995,94.2,91.0,94.098,19.253,5,5,5,35.087
17.77,4.0,38.969,57.06100000000001,40.565,62.052,124.34200000000001,127.421,65.0,55.0,30.3,99.4,66.5,88.2,95.6,87.997,94.2,91.0,94.09899999999999,18.008,5,5,5,35.089
17.79,4.0,39.135,57.41,40.338,61.756,124.325,127.309,65.0,55.0,30.3,99.4,66.5,88.2,95.6,87.999,94.2,91.0,94.09899999999999,17.54,5,5,5,35.085
17.81,4.0,39.228,57.406000000000006,40.294000000000004,61.66,124.163,127.281,65.0,55.0,30.3,99.4,66.5,88.2,95.6,87.999,94.2,91.0,94.1,18.317,5,5,5,35.084
17.83,4.0,38.816,57.313,40.265,61.603,124.066,127.126,65.0,55.0,30.3,99.4,66.5,88.2,95.6,88.0,94.2,91.0,94.1,18.187,5,5,5,35.081999999999994
17.85,4.0,39.465,57.016999999999996,40.472,61.673,124.131,127.16799999999999,65.0,55.0,30.3,99.4,66.5,88.2,95.6,88.0,94.2,91.0,94.1,17.115000000000002,5,5,5,35.077
17.87,4.0,39.074,57.418,40.461999999999996,61.919,123.984,127.11200000000001,65.0,55.0,30.3,99.4,66.5,88.2,95.6,88.0,94.2,91.0,94.1,16.992,5,5,5,35.072
17.89,4.0,38.786,56.92100000000001,40.335,61.886,123.936,126.999,65.0,55.0,30.3,99.4,66.5,88.2,95.6,88.0,94.2,91.0,94.1,17.651,5,5,5,35.07
17.91,4.0,39.052,56.923,40.348,61.833999999999996,123.919,126.915,65.0,55.0,30.3,99.4,66.5,88.25,95.6,88.0,94.2,91.0,94.1,17.355,5,5,5,35.069
17.93,4.0,38.959,56.898999999999994,40.18,61.515,123.789,126.85799999999999,65.0,55.0,30.3,99.4,66.5,88.316,95.6,88.0,94.2,91.0,94.1,16.487000000000002,5,5,5,35.064
17.95,4.0,38.516,56.925,40.373000000000005,61.422,123.625,126.87200000000001,64.9,55.0,30.3,99.4,66.4,88.35300000000001,95.6,88.0,94.2,91.0,94.1,16.705,5,5,5,35.066
17.97,4.0,39.116,56.86,40.168,61.262,123.641,126.816,64.9,55.0,30.3,99.4,66.4,88.373,95.6,88.0,94.2,91.0,94.1,17.151,5,5,5,35.066
17.99,4.0,38.8,56.995,40.143,61.501999999999995,123.641,126.70299999999999,64.9,55.0,30.3,99.4,66.4,88.385,95.6,88.0,94.2,91.0,94.1,16.593,5,5,5,35.066
18.01,4.0,38.68,57.277,40.35,61.753,123.625,126.646,64.9,55.0,30.3,99.4,66.4,88.392,95.6,88.0,94.2,91.0,94.1,15.95,5,5,5,35.062
18.03,4.0,38.927,56.681999999999995,40.232,61.843,123.477,126.66,64.9,55.0,30.3,99.4,66.4,88.395,95.6,88.0,94.2,91.0,94.1,16.642000000000003,5,5,5,35.06699999999999
18.05,4.0,38.71,56.801,40.22,61.801,123.31299999999999,126.54700000000001,64.9,55.0,30.3,99.4,66.4,88.39699999999999,95.6,88.0,94.2,91.0,94.1,17.031,5,5,5,35.068
18.07,4.0,38.501,57.062,40.176,61.575,123.329,126.53299999999999,64.9,55.0,30.3,99.4,66.4,88.398,95.6,88.0,94.2,91.0,94.1,16.076,5,5,5,35.069
18.09,4.0,38.429,57.11,39.955,61.56100000000001,123.23100000000001,126.419,64.9,55.0,30.3,99.4,66.4,88.399,95.6,88.0,94.2,91.0,94.1,15.700999999999999,5,5,5,35.07
18.11,4.0,38.55,57.027,40.202,61.403,123.29700000000001,126.305,64.9,55.0,30.3,99.4,66.4,88.4,95.6,88.0,94.2,91.0,94.1,16.466,5,5,5,35.06699999999999
18.13,4.0,38.173,56.816,40.204,61.721000000000004,123.115,126.37700000000001,64.9,55.0,30.3,99.4,66.4,88.4,95.6,88.0,94.2,91.0,94.1,16.699,5,5,5,35.07
18.15,4.0,38.47,56.95399999999999,40.125,61.853,123.132,126.163,64.9,55.0,30.3,99.4,66.4,88.4,95.6,88.0,94.2,91.0,94.1,15.884,5,5,5,35.068
18.17,4.0,38.119,56.643,40.016,61.97,123.132,126.234,64.9,55.0,30.3,99.4,66.4,88.4,95.6,88.0,94.2,91.0,94.1,15.395999999999999,5,5,5,35.074
18.19,4.0,38.296,56.766000000000005,40.07,62.193999999999996,122.916,126.035,64.9,55.0,30.3,99.4,66.4,88.4,95.6,88.0,94.2,91.0,94.1,16.211,5,5,5,35.076
18.21,4.0,38.438,56.769,40.043,61.967,122.867,126.10600000000001,64.9,55.0,30.3,99.4,66.4,88.4,95.6,88.0,94.2,91.0,94.1,16.509999999999998,5,5,5,35.075
18.23,4.0,37.842,57.207,39.923,61.809,122.81700000000001,126.04899999999999,64.9,55.0,30.3,99.4,66.4,88.4,95.6,88.0,94.2,91.0,94.1,15.610999999999999,5,5,5,35.071
18.25,4.0,37.758,56.515,40.144,61.663000000000004,122.71700000000001,125.863,64.9,55.0,30.3,99.4,66.4,88.4,95.6,88.0,94.2,91.0,94.1,15.512,5,5,5,35.079
18.27,4.0,37.443000000000005,57.239,39.983000000000004,61.498999999999995,122.634,125.84899999999999,64.9,55.0,30.3,99.4,66.4,88.4,95.6,88.0,94.2,91.0,94.1,16.398,5,5,5,35.076
18.29,4.0,37.772,57.11600000000001,40.08,61.678000000000004,122.484,125.806,64.9,55.0,30.3,99.4,66.4,88.4,95.6,88.0,94.2,91.0,94.1,16.430999999999997,5,5,5,35.085
18.31,4.0,37.993,56.618,40.088,61.721000000000004,122.53399999999999,125.734,64.9,55.0,30.3,99.4,66.4,88.4,95.6,88.0,94.2,91.0,94.1,15.550999999999998,5,5,5,35.09
18.33,4.0,37.626999999999995,56.87,40.11,61.74,122.551,125.619,64.9,55.0,30.3,99.4,66.4,88.4,95.6,88.0,94.2,91.0,94.1,15.683,5,5,5,35.102
18.35,4.0,37.923,56.327,39.998000000000005,61.681000000000004,122.4,125.51899999999999,64.9,55.0,30.3,99.4,66.4,88.4,95.6,88.0,94.2,91.0,94.1,16.414,5,5,5,35.095
18.37,4.0,37.681,57.097,39.988,61.629,122.35,125.59100000000001,64.9,55.0,30.3,99.4,66.4,88.4,95.6,88.0,94.2,91.0,94.1,16.017000000000003,5,5,5,35.09
18.39,4.0,37.441,56.419,39.981,61.415,122.35,125.53299999999999,64.9,55.0,30.3,99.4,66.4,88.4,95.6,88.0,94.2,91.0,94.1,15.434000000000001,5,5,5,35.093
18.41,4.0,37.313,56.263000000000005,40.01,61.538000000000004,122.266,125.53299999999999,64.9,55.0,30.3,99.4,66.4,88.4,95.6,88.0,94.2,91.0,94.1,16.147,5,5,5,35.090999999999994
18.43,4.0,37.894,56.744,39.968,61.64,122.23299999999999,125.461,64.9,55.0,30.3,99.4,66.4,88.4,95.6,88.0,94.2,91.0,94.1,16.470999999999997,5,5,5,35.09
18.45,4.0,37.633,56.348,39.846,61.981,122.166,125.33200000000001,64.9,55.0,30.3,99.4,66.4,88.4,95.6,88.0,94.2,91.0,94.1,15.640999999999998,5,5,5,35.089
18.47,4.0,37.628,56.445,39.834,61.77,122.09899999999999,125.31700000000001,64.9,55.0,30.3,99.4,66.4,88.4,95.6,88.0,94.2,91.0,94.1,15.186,5,5,5,35.081999999999994
18.49,4.0,37.478,55.951,39.782,61.864,122.014,125.14399999999999,64.9,55.0,30.3,99.4,66.4,88.4,95.6,88.0,94.2,91.0,94.1,15.99,5,5,5,35.086
18.51,4.0,37.258,56.928999999999995,39.754,62.956,121.863,125.245,64.9,55.0,30.3,99.4,66.4,88.4,95.6,88.0,94.2,91.0,94.1,16.326,5,5,5,35.088
18.53,4.0,37.359,56.651,39.691,63.341,121.81200000000001,125.21600000000001,64.9,55.0,30.3,99.4,66.4,88.4,95.6,88.0,94.2,91.0,94.1,15.508,5,5,5,35.036
18.55,4.0,37.27,56.158,39.788000000000004,63.77,121.846,125.02799999999999,64.9,55.0,30.3,99.4,66.4,88.4,95.6,88.0,94.2,91.0,94.1,15.222999999999999,5,5,5,34.947
18.57,4.0,37.103,56.128,39.823,65.084,121.744,125.014,64.9,55.0,30.3,99.4,66.4,88.4,95.6,88.0,94.2,91.0,94.1,15.939,5,5,5,34.900999999999996
18.59,4.0,37.095,55.976000000000006,39.677,65.072,121.711,124.94200000000001,64.9,55.0,30.3,99.4,66.4,88.4,95.6,88.0,94.2,91.0,94.1,16.368000000000002,5,5,5,34.826
18.61,4.0,37.172,55.898,39.641999999999996,66.876,121.677,124.898,64.9,55.0,30.3,99.4,66.4,88.4,95.6,88.0,94.2,91.0,94.1,15.425,5,5,5,34.801
18.63,4.0,37.167,56.125,39.539,66.52000000000001,121.59200000000001,124.811,64.9,55.0,30.3,99.4,66.4,88.4,95.6,88.0,94.2,91.0,94.1,15.289000000000001,5,5,5,34.721000000000004
18.65,4.0,36.792,56.358000000000004,39.716,68.328,121.541,124.637,64.9,55.0,30.3,99.4,66.4,88.4,95.6,88.0,94.2,91.0,94.1,16.239,5,5,5,34.641
18.67,4.0,37.149,55.854,39.618,67.959,121.49,124.738,64.9,55.0,30.3,99.4,66.4,88.4,95.6,88.0,94.2,91.0,94.1,16.381,5,5,5,34.571
18.69,4.0,36.819,56.034,39.719,69.34,121.405,124.76700000000001,64.9,55.0,30.3,99.4,66.4,88.4,95.6,88.0,94.2,91.0,94.1,15.465,5,5,5,34.537
18.71,4.0,36.803,56.326,39.619,68.889,121.337,124.564,64.9,55.0,30.3,99.4,66.4,88.4,95.6,88.0,94.2,91.0,94.1,15.648,5,5,5,34.465999999999994
18.73,4.0,37.021,56.101000000000006,39.472,70.035,121.286,124.60700000000001,64.9,55.0,30.3,99.4,66.4,88.4,95.6,88.0,94.2,91.0,94.1,15.661,5,5,5,34.384
18.75,4.0,36.625,55.753,39.595,68.952,121.132,124.59299999999999,64.9,55.0,30.3,99.4,66.4,88.4,95.6,88.0,94.2,91.0,94.1,16.239,5,5,5,34.319
18.77,4.0,36.81699999999999,56.001000000000005,39.428000000000004,69.14699999999999,121.149,124.52,64.9,55.0,30.3,99.4,66.4,88.4,95.6,88.0,94.2,91.0,94.1,16.070999999999998,5,5,5,34.304
18.79,4.0,36.234,55.992,39.611999999999995,68.309,121.132,124.476,64.9,55.0,30.3,99.4,66.4,88.4,95.65,88.0,94.2,91.0,94.1,15.222000000000001,5,5,5,34.303
18.81,4.0,36.71,55.705,39.64,67.88300000000001,121.115,124.40299999999999,64.9,55.0,30.3,99.4,66.4,88.4,95.71600000000001,88.0,94.2,91.0,94.1,15.907,5,5,5,34.299
18.83,4.0,36.644999999999996,56.254,39.446999999999996,66.78800000000001,120.738,124.228,64.9,55.0,30.3,99.4,66.4,88.4,95.753,88.0,94.2,91.0,94.1,16.309,5,5,5,34.295
18.85,4.0,35.876,55.966,39.376999999999995,66.298,120.49600000000001,123.773,64.9,55.0,30.3,99.4,66.4,88.4,95.773,88.0,94.2,91.0,94.1,15.317,5,5,5,34.291
18.87,4.0,36.251999999999995,55.644,39.414,65.606,120.49600000000001,123.787,64.9,55.0,30.3,99.4,66.4,88.4,95.785,88.0,94.2,91.0,94.1,15.022,5,5,5,34.299
18.89,4.0,35.964,55.626000000000005,39.626,64.87,120.40899999999999,123.699,64.9,55.0,30.3,99.4,66.4,88.4,95.792,88.0,94.2,91.0,94.1,16.159,5,5,5,34.340999999999994
18.91,4.0,35.922,56.288999999999994,39.466,64.00399999999999,120.427,123.522,64.9,55.0,30.3,99.4,66.4,88.4,95.795,88.0,94.2,91.0,94.1,15.795,5,5,5,34.372
18.93,4.0,35.907,55.948,39.238,63.541000000000004,120.271,123.625,64.9,55.0,30.3,99.4,66.4,88.4,95.797,88.0,94.2,91.0,94.1,15.132,5,5,5,34.438
18.95,4.0,36.327,55.86,39.271,62.756,120.288,123.551,64.9,55.0,30.3,99.4,66.4,88.4,95.79899999999999,88.0,94.2,91.0,94.1,16.02,5,5,5,34.469
18.97,4.0,35.668000000000006,56.495,39.396,62.29600000000001,120.25299999999999,123.359,64.9,55.0,30.3,99.4,66.4,88.4,95.79899999999999,88.0,94.2,91.0,94.1,16.296,5,5,5,34.519999999999996
18.99,4.0,35.891,55.863,39.23,61.839,120.06200000000001,123.359,64.9,55.0,30.3,99.4,66.4,88.4,95.8,88.0,94.2,91.0,94.1,15.376,5,5,5,34.546
19.01,4.0,36.176,55.338,39.173,61.291000000000004,119.975,123.522,64.9,55.0,30.3,99.4,66.4,88.4,95.8,88.0,94.2,91.0,94.1,15.377,5,5,5,34.578
19.03,4.0,35.72,55.535,39.319,60.911,119.94,123.285,64.9,55.0,30.3,99.4,66.4,88.4,95.8,88.0,94.2,91.0,94.1,16.317,5,5,5,34.587
19.05,4.0,35.455,56.233999999999995,39.107,60.876000000000005,120.288,123.684,64.9,55.0,30.3,99.4,66.4,88.4,95.8,88.0,94.2,91.0,94.1,15.23,5,5,5,34.620000000000005
19.07,4.0,35.778999999999996,55.615,39.143,60.288000000000004,120.149,123.536,64.9,55.0,30.3,99.4,66.4,88.4,95.8,88.0,94.2,91.0,94.1,15.185,5,5,5,34.661
19.09,4.0,35.533,55.711999999999996,39.323,60.753,120.166,123.669,64.9,55.0,30.3,99.4,66.4,88.4,95.8,88.0,94.2,91.0,94.1,15.798,5,5,5,34.704
19.11,4.0,35.266999999999996,55.67100000000001,39.131,60.106,120.219,123.551,64.9,55.0,30.3,99.4,66.4,88.4,95.8,88.0,94.2,91.0,94.1,16.191,5,5,5,34.703
19.13,4.0,35.361999999999995,55.373999999999995,39.157,60.235,120.132,123.64,64.9,55.0,30.3,99.4,66.4,88.4,95.8,88.0,94.2,91.0,94.1,15.122,5,5,5,34.719
19.15,4.0,35.787,55.577,39.161,59.977,120.027,123.477,64.9,55.0,30.3,99.4,66.4,88.4,95.8,88.0,94.2,91.0,94.1,15.392000000000001,5,5,5,34.725
19.17,4.0,35.251,55.507,39.104,59.864,120.01,123.462,64.9,55.0,30.3,99.4,66.4,88.4,95.8,88.0,94.2,91.0,94.1,16.131,5,5,5,34.745999999999995
19.19,4.0,35.108000000000004,56.004,39.059,59.825,119.92200000000001,123.477,64.9,55.0,30.3,99.4,66.4,88.4,95.8,88.0,94.2,91.0,94.1,15.34,5,5,5,34.769000000000005
19.21,4.0,35.666,55.57,39.016,59.551,119.73,123.359,64.9,55.0,30.3,99.4,66.4,88.4,95.8,88.0,94.2,91.0,94.1,14.955,5,5,5,34.783
19.23,4.0,35.406,55.145,39.061,59.541000000000004,119.87,123.21,64.9,55.0,30.3,99.4,66.4,88.4,95.8,88.0,94.28699999999999,91.0,94.1,15.975,5,5,5,34.785
19.25,4.0,35.141,55.653999999999996,39.155,59.903999999999996,119.677,123.195,64.9,55.0,30.3,99.4,66.4,88.4,95.8,88.0,94.337,91.0,94.1,16.023,5,5,5,34.788
19.27,4.0,35.126999999999995,55.528999999999996,39.034,59.718,119.695,123.07600000000001,64.9,55.0,30.3,99.4,66.4,88.4,95.8,88.0,94.36399999999999,91.0,94.1,14.982000000000001,5,5,5,34.788
19.29,4.0,35.41,55.923,39.007,59.75,119.624,123.181,64.9,55.0,30.3,99.4,66.4,88.4,95.8,88.0,94.38,91.0,94.1,15.681,5,5,5,34.794
19.31,6.0,34.647,55.6,39.01,59.765,119.624,123.06200000000001,64.9,55.0,30.3,99.4,66.4,88.4,95.8,88.0,94.389,91.0,94.1,16.2,5,5,5,34.795
19.33,6.0,34.823,55.45,39.277,56.755,119.536,122.95700000000001,64.9,55.0,30.3,99.4,66.4,88.4,95.8,88.0,94.39399999999999,91.0,94.1,15.101,5,5,5,34.799
19.35,6.0,34.999,55.38,39.113,55.68899999999999,119.431,122.70299999999999,64.9,55.0,30.3,99.4,66.4,88.4,95.8,88.0,94.396,91.0,94.1,15.054,5,5,5,34.912
19.37,6.0,34.536,54.861000000000004,39.287,50.351000000000006,119.36,122.883,64.9,55.0,30.3,99.4,66.4,88.4,95.8,88.0,94.398,91.0,94.1,16.314,5,5,5,35.319
19.39,6.0,34.403000000000006,55.479,39.302,38.796,119.34200000000001,122.80799999999999,64.9,55.0,30.3,99.4,66.4,88.4,95.8,88.0,94.399,91.0,94.1,15.86,5,5,5,36.549
19.41,6.0,34.891,55.333,39.018,31.340999999999998,119.219,122.65799999999999,64.9,55.0,30.3,99.4,66.4,88.4,95.8,88.0,94.399,91.0,94.1,14.956,5,5,5,38.073
19.43,6.0,34.283,55.126000000000005,39.15,26.363000000000003,119.18299999999999,122.62799999999999,64.9,55.0,30.3,99.4,66.4,88.4,95.8,88.0,94.4,91.0,94.1,15.889000000000001,5,5,5,39.431
19.45,6.0,34.122,55.525,39.265,39.854,119.289,122.67299999999999,64.9,55.0,30.3,99.4,66.4,88.4,95.8,88.0,94.4,91.0,94.1,16.247999999999998,5,5,5,40.534000000000006
19.47,6.0,34.596999999999994,55.107,39.202,47.471000000000004,119.307,122.64299999999999,64.9,55.0,30.3,99.4,66.4,88.4,95.8,88.0,94.4,91.0,94.1,15.296,5,5,5,41.31
19.49,6.0,34.851,54.626000000000005,39.102,55.342,119.11200000000001,122.38799999999999,64.9,55.0,30.3,99.4,66.4,88.4,95.8,88.0,94.4,91.0,94.1,15.007,5,5,5,41.875
19.51,6.0,34.813,54.036,39.317,59.261,119.07700000000001,122.25299999999999,64.9,55.0,30.3,99.4,66.4,88.4,95.8,88.0,94.4,91.0,94.1,15.84,5,5,5,42.334
19.53,6.0,34.766999999999996,53.41,39.2,61.909,119.07700000000001,122.20700000000001,64.9,55.0,30.3,99.4,66.4,88.4,95.8,88.0,94.4,91.0,94.1,15.468,5,5,5,42.634
19.55,6.0,34.919,53.547,39.032,58.262,119.059,122.02600000000001,64.9,55.0,30.3,99.4,66.4,88.4,95.8,88.0,94.4,91.0,94.1,14.912,5,5,5,42.784
19.57,6.0,34.713,52.43899999999999,39.275,57.58,118.917,121.96600000000001,64.9,55.0,30.3,99.4,66.4,88.4,95.8,88.0,94.4,91.0,94.1,15.630999999999998,5,5,5,42.906
19.59,6.0,34.721999999999994,52.217,39.260999999999996,58.953,118.881,121.845,64.9,55.0,30.3,99.4,66.4,88.4,95.8,88.0,94.4,91.0,94.1,16.005000000000003,5,5,5,42.992
19.61,6.0,34.619,51.578,39.159,61.426,118.81,121.723,64.9,55.0,30.3,99.4,66.4,88.4,95.8,88.0,94.4,91.0,94.1,14.985,5,5,5,43.071
19.63,6.0,34.525999999999996,51.777,39.071999999999996,60.82,118.82799999999999,121.601,64.9,55.0,30.3,99.4,66.4,88.4,95.8,88.0,94.4,91.0,94.1,15.027000000000001,5,5,5,43.208
19.65,6.0,34.094,50.591,39.18,61.203,118.72,121.601,64.9,55.0,30.3,99.4,66.4,88.4,95.8,88.0,94.4,91.0,94.1,15.69,5,5,5,43.423
19.67,6.0,34.397,51.303000000000004,39.056999999999995,62.016000000000005,118.613,121.601,64.9,55.0,30.3,99.4,66.4,88.4,95.8,88.0,94.4,91.0,94.1,15.139,5,5,5,43.673
19.69,6.0,34.569,50.736000000000004,39.118,60.766999999999996,118.559,121.34200000000001,64.9,55.0,30.3,99.4,66.4,88.4,95.8,88.0,94.4,91.0,94.1,14.617,5,5,5,43.936
19.71,6.0,34.376999999999995,50.489,39.266999999999996,57.538999999999994,118.541,121.34200000000001,64.9,55.0,30.3,99.4,66.4,88.4,95.8,88.0,94.4,91.0,94.1,15.572000000000001,5,5,5,44.173
19.73,6.0,33.763999999999996,50.333,39.134,60.306000000000004,118.57700000000001,121.296,64.9,55.0,30.3,99.4,66.4,88.4,95.8,88.0,94.4,91.0,94.1,15.279000000000002,5,5,5,44.437
19.75,6.0,34.104,50.035,39.15,58.202,118.57700000000001,121.35700000000001,64.9,55.0,30.3,99.4,66.4,88.4,95.8,88.0,94.4,91.0,94.1,15.345,5,5,5,44.644
19.77,6.0,34.221999999999994,49.72,39.123000000000005,59.787,118.434,121.235,64.9,55.0,30.3,99.4,66.4,88.4,95.8,88.0,94.4,91.0,94.1,15.649000000000001,5,5,5,44.896
19.79,6.0,34.168000000000006,49.693000000000005,39.077,58.75,118.38,121.22,64.9,55.0,30.3,99.4,66.4,88.4,95.8,88.0,94.4,91.0,94.1,14.452,5,5,5,45.118
19.81,6.0,33.702,50.036,39.159,59.141000000000005,118.30799999999999,121.14299999999999,64.9,55.0,30.3,99.4,66.4,88.4,95.8,88.0,94.4,91.0,94.1,15.302,5,5,5,45.27
19.83,6.0,34.109,50.117,38.899,60.96,118.25399999999999,120.97399999999999,64.9,55.0,30.3,99.4,66.4,88.4,95.8,88.0,94.4,91.0,94.1,14.742,5,5,5,45.445
19.85,6.0,34.087,49.312,39.001,62.216,118.145,121.12799999999999,64.9,55.0,30.3,99.4,66.4,88.4,95.8,88.0,94.4,91.0,94.1,14.177,5,5,5,45.586999999999996
19.87,6.0,33.89,49.526,38.931999999999995,61.821999999999996,118.09100000000001,121.051,64.9,55.0,30.3,99.4,66.4,88.4,95.8,88.0,94.4,91.0,94.1,15.269,5,5,5,45.768
19.89,6.0,33.415,49.815,38.94,61.11600000000001,118.037,120.897,64.9,55.0,30.3,99.4,66.4,88.4,95.8,88.0,94.4,91.05,94.1,14.449,5,5,5,45.918
19.91,6.0,33.939,49.357,38.849000000000004,61.181999999999995,117.928,120.882,64.9,55.0,30.3,99.4,66.4,88.4,95.8,88.0,94.4,91.116,94.1,14.7,5,5,5,46.071999999999996
19.93,6.0,33.908,49.275,38.830999999999996,61.593999999999994,117.928,120.928,64.9,55.0,30.3,99.4,66.4,88.4,95.8,88.0,94.4,91.153,94.1,15.219,5,5,5,46.226
19.95,6.0,33.751999999999995,49.081,39.032,64.346,117.89200000000001,120.728,64.8,54.9,30.4,99.6,66.3,88.4,95.8,88.0,94.4,91.173,94.1,14.13,5,5,5,46.4
19.97,6.0,33.826,49.21,38.827,59.217,117.855,120.805,64.8,54.9,30.4,99.6,66.3,88.4,95.8,88.0,94.4,91.185,94.1,14.946,5,5,5,46.571
19.99,6.0,33.969,49.132,38.724000000000004,61.852,117.946,120.774,64.8,54.9,30.4,99.6,66.3,88.4,95.8,88.05,94.4,91.192,94.1,14.339,5,5,5,46.739000000000004
20.01,6.0,33.361000000000004,49.339,38.881,61.872,117.67299999999999,120.759,64.8,54.9,30.4,99.6,66.3,88.4,95.8,88.116,94.4,91.195,94.1,13.901,5,5,5,46.887
20.03,6.0,33.46,49.037,38.846,61.174,117.655,120.712,64.8,54.9,30.4,99.6,66.3,88.4,95.8,88.153,94.4,91.197,94.1,15.002,5,5,5,47.036
20.05,6.0,33.598,48.784,38.497,63.733000000000004,117.691,120.62,64.8,54.9,30.4,99.6,66.3,88.4,95.8,88.173,94.4,91.199,94.1,14.15,5,5,5,47.191
20.07,6.0,32.853,49.01,38.764,64.705,117.58200000000001,120.604,64.8,54.9,30.4,99.6,66.3,88.4,95.8,88.185,94.4,91.199,94.1,14.527000000000001,5,5,5,47.367
20.09,6.0,33.258,48.519,38.668,63.129,117.545,120.49600000000001,64.8,54.9,30.4,99.6,66.3,88.4,95.8,88.192,94.4,91.2,94.1,14.937999999999999,5,5,5,47.505
20.11,6.0,33.197,49.001999999999995,38.573,61.58,117.509,120.55799999999999,64.8,54.9,30.4,99.6,66.3,88.4,95.8,88.195,94.4,91.2,94.1,13.8,5,5,5,47.644
20.13,6.0,33.094,48.917,38.731,58.486000000000004,117.454,120.51100000000001,64.8,54.9,30.4,99.6,66.3,88.4,95.8,88.197,94.4,91.2,94.1,14.559,5,5,5,47.796
20.15,6.0,33.028999999999996,48.48,38.611999999999995,62.967,117.435,120.449,64.8,54.9,30.4,99.6,66.3,88.4,95.8,88.199,94.4,91.2,94.1,14.19,5,5,5,47.916
20.17,6.0,32.94199999999999,48.629,38.742,64.687,117.307,120.31,64.8,54.9,30.4,99.6,66.3,88.4,95.8,88.199,94.4,91.2,94.1,13.505,5,5,5,48.039
20.19,6.0,32.768,48.815,38.564,65.793,117.36200000000001,120.40299999999999,64.8,54.9,30.4,99.6,66.3,88.4,95.8,88.2,94.4,91.2,94.1,15.027000000000001,5,5,5,48.171
20.21,6.0,33.048,48.711999999999996,38.586,64.439,117.25200000000001,120.23200000000001,64.8,54.9,30.4,99.6,66.3,88.4,95.8,88.2,94.4,91.2,94.1,13.952,5,5,5,48.243
20.23,6.0,32.867,49.06,38.592,59.908,117.12299999999999,120.26299999999999,64.8,54.9,30.4,99.6,66.3,88.4,95.8,88.2,94.4,91.2,94.1,14.209,5,5,5,48.393
20.25,6.0,32.921,48.388999999999996,38.495,62.285,117.16,120.185,64.8,54.9,30.4,99.6,66.3,88.4,95.8,88.2,94.4,91.2,94.1,14.782,5,5,5,48.495
20.27,6.0,32.631,48.468999999999994,38.583,63.178999999999995,117.086,120.12299999999999,64.8,54.9,30.4,99.6,66.3,88.4,95.8,88.2,94.4,91.2,94.1,13.607000000000001,5,5,5,48.623000000000005
20.29,6.0,32.665,48.236999999999995,38.398,64.876,117.215,120.12299999999999,64.8,54.9,30.4,99.6,66.3,88.4,95.8,88.2,94.4,91.2,94.169,14.576,5,5,5,48.734
20.31,6.0,32.388000000000005,48.31100000000001,38.585,62.986999999999995,116.975,120.029,64.8,54.9,30.4,99.6,66.3,88.4,95.8,88.2,94.4,91.2,94.226,14.032,5,5,5,48.832
20.33,6.0,32.132,47.865,38.374,62.818999999999996,116.994,119.92,64.8,54.9,30.4,99.6,66.3,88.4,95.8,88.2,94.4,91.2,94.258,13.613,5,5,5,48.988
20.35,6.0,32.144999999999996,47.903,38.365,63.277,116.86399999999999,119.889,64.8,54.9,30.4,99.6,66.3,88.4,95.8,88.2,94.4,91.2,94.277,14.754,5,5,5,49.115
20.37,6.0,32.05,47.907,38.343,66.65299999999999,116.771,119.904,64.8,54.9,30.4,99.6,66.3,88.4,95.8,88.2,94.4,91.2,94.28699999999999,13.844,5,5,5,49.216
20.39,6.0,32.393,47.883,38.256,64.327,116.771,119.71600000000001,64.8,54.9,30.4,99.6,66.3,88.4,95.8,88.2,94.4,91.2,94.293,14.375,5,5,5,49.348
20.41,6.0,32.024,47.78,38.22,63.738,116.71600000000001,119.73200000000001,64.8,54.9,30.4,99.6,66.3,88.4,95.8,88.2,94.4,91.2,94.296,14.936,5,5,5,49.468
20.43,6.0,32.19,47.751000000000005,38.223,64.189,116.771,119.81,64.8,54.9,30.4,99.6,66.3,88.4,95.8,88.2,94.4,91.2,94.298,13.472999999999999,5,5,5,49.608000000000004
20.45,6.0,31.799,48.016000000000005,38.179,62.622,116.79,119.62200000000001,64.8,54.9,30.4,99.6,66.3,88.4,95.8,88.2,94.4,91.2,94.29899999999999,14.415,5,5,5,49.745
20.47,6.0,31.892,47.858000000000004,38.196,66.16499999999999,116.54799999999999,119.654,64.8,54.9,30.4,99.6,66.3,88.4,95.8,88.2,94.4,91.2,94.29899999999999,14.014,5,5,5,49.899
20.49,6.0,31.861,47.356,38.018,62.895,116.455,119.62200000000001,64.8,54.9,30.4,99.6,66.3,88.4,95.8,88.2,94.4,91.2,94.3,13.344,5,5,5,50.027
20.51,6.0,31.794,47.419,38.384,63.736999999999995,116.417,119.48100000000001,64.8,54.9,30.4,99.6,66.3,88.4,95.8,88.2,94.4,91.2,94.3,14.718,5,5,5,50.181
20.53,6.0,31.680999999999997,47.971000000000004,38.275999999999996,64.41300000000001,116.473,119.48100000000001,64.8,54.9,30.4,99.6,66.3,88.4,95.8,88.2,94.4,91.2,94.3,13.964,5,5,5,50.294000000000004
20.55,6.0,32.063,47.507,38.122,63.276,116.34200000000001,119.43299999999999,64.8,54.9,30.4,99.6,66.3,88.4,95.8,88.2,94.4,91.2,94.3,14.212,5,5,5,50.454
20.57,6.0,31.289,47.464,38.295,66.111,116.38,119.307,64.8,54.9,30.4,99.6,66.3,88.4,95.8,88.2,94.4,91.2,94.3,14.73,5,5,5,50.594
20.59,6.0,31.669,47.146,38.21,67.84700000000001,116.305,119.354,64.8,54.9,30.4,99.6,66.3,88.4,95.8,88.2,94.4,91.2,94.3,13.658999999999999,5,5,5,50.735
20.61,6.0,31.535,47.515,38.251,62.593,116.13600000000001,119.228,64.8,54.9,30.4,99.6,66.3,88.4,95.8,88.2,94.4,91.2,94.3,14.367,5,5,5,50.868
20.63,6.0,31.927,47.078,38.089,63.576,116.117,119.181,64.8,54.9,30.4,99.6,66.3,88.4,95.8,88.2,94.4,91.2,94.3,13.892999999999999,5,5,5,50.978
20.65,6.0,31.316999999999997,47.323,38.047,63.413999999999994,116.13600000000001,119.228,64.8,54.9,30.4,99.6,66.3,88.4,95.8,88.2,94.4,91.2,94.3,13.521,5,5,5,51.104
20.67,6.0,31.461,47.312,38.058,65.158,116.00399999999999,119.133,64.8,54.9,30.4,99.6,66.3,88.4,95.8,88.2,94.4,91.2,94.3,14.554,5,5,5,51.256
20.69,6.0,31.497,47.263000000000005,38.019,66.127,115.985,119.101,64.8,54.9,30.4,99.6,66.3,88.4,95.8,88.2,94.4,91.2,94.3,13.708,5,5,5,51.4
20.71,6.0,31.662,47.24,37.942,63.9,115.947,119.117,64.8,54.9,30.4,99.6,66.3,88.4,95.8,88.2,94.4,91.2,94.3,14.187000000000001,5,5,5,51.533
20.73,6.0,31.388,47.215,38.223,64.19800000000001,115.777,119.038,64.8,54.9,30.4,99.6,66.3,88.45,95.8,88.2,94.4,91.2,94.3,13.82,5,5,5,51.662
20.75,6.0,31.344,47.38,38.178000000000004,63.802,115.834,119.038,64.8,54.9,30.4,99.6,66.3,88.516,95.8,88.2,94.4,91.2,94.3,14.087,5,5,5,51.791000000000004
20.77,6.0,31.041,47.05,37.944,64.39500000000001,115.834,118.831,64.8,54.9,30.4,99.6,66.3,88.553,95.8,88.2,94.4,91.2,94.3,12.808,5,5,5,51.891999999999996
20.79,6.0,31.087,47.211000000000006,37.993,65.189,115.60600000000001,118.75200000000001,64.8,54.9,30.4,99.6,66.3,88.57300000000001,95.8,88.2,94.4,91.2,94.3,12.862,5,5,5,52.028
20.81,6.0,31.029,46.647,37.968,65.44800000000001,115.758,118.959,64.8,54.9,30.4,99.6,66.3,88.585,95.8,88.2,94.4,91.2,94.3,12.815000000000001,5,5,5,52.152
20.83,6.0,31.455,46.788000000000004,37.998000000000005,64.774,115.73899999999999,118.79899999999999,64.8,54.9,30.4,99.6,66.3,88.592,95.8,88.2,94.4,91.2,94.3,11.562000000000001,5,5,5,52.263999999999996
20.85,6.0,30.753,46.636,38.208,64.58600000000001,115.64399999999999,118.815,64.8,54.9,30.4,99.6,66.3,88.595,95.8,88.2,94.4,91.2,94.3,12.108,5,5,5,52.418
20.87,6.0,30.949,46.696000000000005,38.084,65.281,115.663,118.656,64.8,54.9,30.4,99.6,66.3,88.597,95.8,88.2,94.4,91.2,94.3,12.094999999999999,5,5,5,52.553000000000004
20.89,6.0,31.182,46.821000000000005,38.014,68.689,115.473,118.448,64.8,54.9,30.4,99.6,66.3,88.598,95.8,88.2,94.4,91.2,94.3,11.156,5,5,5,52.693999999999996
20.91,6.0,31.033,46.933,37.919000000000004,67.952,115.54899999999999,118.67200000000001,64.8,54.9,30.4,99.6,66.3,88.59899999999999,95.8,88.2,94.4,91.2,94.3,11.662,5,5,5,52.841
20.93,6.0,30.734,46.695,37.686,66.83500000000001,115.454,118.544,64.8,54.9,30.4,99.6,66.3,88.6,95.8,88.2,94.4,91.2,94.3,11.593,5,5,5,52.958
20.95,6.0,30.5,46.983999999999995,37.713,68.281,115.339,118.67200000000001,64.8,54.9,30.4,99.6,66.3,88.6,95.8,88.2,94.4,91.2,94.3,11.008,5,5,5,53.111999999999995
20.97,6.0,30.805999999999997,46.641000000000005,37.853,66.239,115.339,118.76799999999999,64.8,54.9,30.4,99.6,66.3,88.6,95.8,88.2,94.4,91.2,94.3,11.762,5,5,5,53.278
20.99,6.0,29.973000000000003,46.525,37.986,69.34899999999999,115.339,118.448,64.8,54.9,30.4,99.6,66.3,88.6,95.8,88.2,94.4,91.2,94.3,11.178999999999998,5,5,5,53.425
21.01,6.0,29.928,46.318999999999996,38.005,68.842,115.301,118.448,64.8,54.9,30.4,99.6,66.3,88.6,95.8,88.2,94.4,91.2,94.3,10.89,5,5,5,53.593
21.03,6.0,30.503,46.684,37.825,66.482,115.416,118.448,64.8,54.9,30.4,99.6,66.3,88.6,95.8,88.2,94.4,91.2,94.3,11.577000000000002,5,5,5,53.70399999999999
21.05,6.0,30.709,46.711000000000006,37.78,68.4,115.244,118.4,64.8,54.9,30.4,99.6,66.3,88.6,95.8,88.2,94.4,91.2,94.3,10.822,5,5,5,53.853
21.07,6.0,30.24,46.78,37.861,67.304,115.26299999999999,118.32,64.8,54.9,30.4,99.6,66.3,88.6,95.8,88.2,94.4,91.2,94.3,10.657,5,5,5,54.023
21.09,6.0,30.324,46.472,37.986999999999995,68.829,115.12899999999999,118.303,64.8,54.9,30.4,99.6,66.3,88.6,95.8,88.2,94.4,91.2,94.3,11.030000000000001,5,5,5,54.151
21.11,6.0,30.268,46.1,37.951,71.752,115.148,118.448,64.8,54.9,30.4,99.6,66.3,88.6,95.8,88.2,94.4,91.2,94.3,10.036000000000001,5,5,5,54.303999999999995
21.13,6.0,30.011999999999997,46.167,37.998000000000005,68.373,115.01299999999999,118.271,64.8,54.9,30.4,99.6,66.3,88.6,95.8,88.2,94.4,91.2,94.3,10.539,5,5,5,54.419
21.15,6.0,30.259,46.82899999999999,37.961,68.456,114.898,118.271,64.8,54.9,30.4,99.6,66.3,88.6,95.8,88.2,94.4,91.2,94.3,10.887,5,5,5,54.575
21.17,6.0,30.247,46.305,37.757,67.128,114.917,118.11,64.8,54.9,30.4,99.6,66.3,88.6,95.8,88.2,94.4,91.2,94.3,9.997,5,5,5,54.718999999999994
21.19,6.0,29.967,46.193999999999996,38.003,68.498,114.859,118.126,64.8,54.9,30.4,99.6,66.3,88.6,95.8,88.2,94.4,91.2,94.3,10.497,5,5,5,54.882
21.21,6.0,29.886,46.278,37.863,70.169,114.801,117.93299999999999,64.8,54.9,30.4,99.6,66.3,88.6,95.8,88.2,94.4,91.2,94.3,10.603,5,5,5,55.011
21.23,6.0,29.436999999999998,46.091,38.076,69.446,114.801,118.014,64.8,54.9,30.4,99.6,66.3,88.6,95.8,88.2,94.4,91.2,94.3,10.113,5,5,5,55.153
21.25,6.0,29.785999999999998,45.87,37.716,68.11600000000001,114.704,117.868,64.8,54.9,30.4,99.6,66.3,88.6,95.8,88.2,94.4,91.2,94.3,11.032,5,5,5,55.283
21.27,6.0,30.146,46.13,37.718,67.78,114.685,117.836,64.8,54.9,30.4,99.6,66.3,88.6,95.8,88.2,94.4,91.2,94.3,10.672,5,5,5,55.446999999999996
21.29,6.0,29.64,46.34,37.931999999999995,67.75,114.588,117.819,64.8,54.9,30.4,99.6,66.3,88.6,95.8,88.2,94.4,91.2,94.3,10.229,5,5,5,55.573
21.31,6.0,30.176,45.879,37.686,71.39399999999999,114.568,117.706,64.8,54.9,30.4,99.6,66.3,88.6,95.8,88.2,94.4,91.2,94.3,11.274000000000001,5,5,5,55.756
21.33,6.0,29.593000000000004,45.618,37.929,69.51100000000001,114.45200000000001,117.72200000000001,64.8,54.9,30.4,99.6,66.3,88.6,95.8,88.2,94.4,91.2,94.3,10.567,5,5,5,55.919
21.35,6.0,29.776999999999997,45.997,37.641,68.707,114.53,117.755,64.8,54.9,30.4,99.6,66.3,88.6,95.8,88.2,94.4,91.2,94.3,10.274000000000001,5,5,5,56.043
21.37,6.0,28.91,45.982,37.755,69.468,114.354,117.625,64.8,54.9,30.4,99.6,66.3,88.6,95.8,88.2,94.4,91.2,94.3,11.094999999999999,5,5,5,56.211000000000006
21.39,6.0,29.158,46.20399999999999,37.736,67.497,114.23700000000001,117.755,64.8,54.9,30.4,99.6,66.3,88.6,95.8,88.2,94.4,91.2,94.3,10.134,5,5,5,56.401
21.41,6.0,29.46,45.201,37.573,71.354,114.335,117.54299999999999,64.8,54.9,30.4,99.6,66.3,88.6,95.8,88.2,94.4,91.2,94.3,10.279,5,5,5,56.555
21.43,6.0,29.088,46.071000000000005,37.827,70.815,114.23700000000001,117.54299999999999,64.8,54.9,30.4,99.6,66.3,88.6,95.8,88.2,94.4,91.2,94.3,10.577000000000002,5,5,5,56.718
21.45,6.0,29.565,46.093,37.537,69.618,114.041,117.478,64.8,54.9,30.4,99.6,66.3,88.6,95.8,88.2,94.4,91.2,94.3,9.687000000000001,5,5,5,56.87
21.47,6.0,29.038,45.395,37.732,69.921,114.119,117.54299999999999,64.8,54.9,30.4,99.6,66.3,88.6,95.8,88.2,94.4,91.2,94.3,10.32,5,5,5,57.06100000000001
21.49,6.0,29.287,45.777,37.757,68.678,114.041,117.348,64.8,54.9,30.4,99.6,66.3,88.6,95.8,88.2,94.4,91.2,94.3,10.559999999999999,5,5,5,57.218
21.51,6.0,29.519000000000002,45.814,37.55,71.039,114.00200000000001,117.462,64.8,54.9,30.4,99.6,66.3,88.6,95.8,88.2,94.4,91.2,94.3,9.793,5,5,5,57.379
21.53,6.0,29.41,45.352,37.585,73.545,113.943,117.429,64.8,54.9,30.4,99.6,66.3,88.6,95.8,88.2,94.4,91.2,94.3,10.556000000000001,5,5,5,57.596000000000004
21.55,6.0,28.65,45.874,37.614000000000004,69.428,113.90299999999999,117.15100000000001,64.8,54.9,30.4,99.6,66.3,88.6,95.8,88.2,94.4,91.2,94.3,10.171,5,5,5,57.745
21.57,6.0,28.554000000000002,45.247,37.624,70.068,113.962,117.15100000000001,64.8,54.9,30.4,99.6,66.3,88.6,95.8,88.2,94.4,91.2,94.3,9.951,5,5,5,57.925
21.59,6.0,29.204,45.527,37.617,69.494,113.90299999999999,117.2,64.8,54.9,30.4,99.6,66.3,88.6,95.8,88.2,94.4,91.2,94.3,10.853,5,5,5,58.11
21.61,6.0,28.868000000000002,45.535,37.404,70.506,113.90299999999999,117.2,64.8,54.9,30.4,99.6,66.3,88.6,95.8,88.2,94.4,91.2,94.3,10.222000000000001,5,5,5,58.301
21.63,6.0,28.826,45.598,37.663000000000004,72.846,113.86399999999999,117.00399999999999,64.8,54.9,30.4,99.6,66.3,88.6,95.8,88.2,94.4,91.2,94.3,9.969,5,5,5,58.49
21.65,6.0,28.934,45.675,37.519,70.375,113.706,117.053,64.8,54.9,30.4,99.6,66.3,88.6,95.8,88.2,94.4,91.2,94.3,10.809000000000001,5,5,5,58.638000000000005
21.67,6.0,28.824,45.542,37.571,70.686,113.90299999999999,116.98700000000001,64.8,54.9,30.4,99.6,66.3,88.6,95.8,88.2,94.4,91.2,94.3,10.183,5,5,5,58.818000000000005
21.69,6.0,28.566,45.729,37.661,69.006,113.824,117.02,64.8,54.9,30.4,99.6,66.3,88.6,95.8,88.2,94.4,91.2,94.3,10.158,5,5,5,58.985
21.71,6.0,28.561999999999998,45.655,37.625,69.949,113.646,116.822,64.8,54.9,30.4,99.6,66.3,88.6,95.8,88.2,94.4,91.2,94.3,9.653,5,5,5,59.153999999999996
21.73,6.0,28.65,44.963,37.53,73.372,113.666,116.88799999999999,64.8,54.9,30.4,99.6,66.3,88.6,95.8,88.2,94.4,91.2,94.3,10.136,5,5,5,59.328
21.75,6.0,28.996,44.818000000000005,37.544000000000004,72.166,113.448,116.806,64.8,54.9,30.4,99.6,66.3,88.6,95.8,88.2,94.4,91.2,94.3,10.592,5,5,5,59.495
21.77,6.0,28.463,45.085,37.657,69.765,113.40799999999999,116.756,64.8,54.9,30.4,99.6,66.3,88.6,95.8,88.2,94.4,91.2,94.3,9.712,5,5,5,59.713
21.79,6.0,28.607,45.463,37.525999999999996,70.046,113.40799999999999,116.789,64.8,54.9,30.4,99.6,66.3,88.6,95.8,88.2,94.4,91.2,94.3,9.921,5,5,5,59.854
21.81,6.0,28.448,44.818000000000005,37.588,68.69399999999999,113.448,116.822,64.8,54.9,30.4,99.6,66.3,88.6,95.8,88.2,94.4,91.2,94.3,10.724,5,5,5,60.048
21.83,6.0,28.401999999999997,44.766999999999996,37.562,73.185,113.48700000000001,116.70700000000001,64.8,54.9,30.4,99.6,66.3,88.6,95.8,88.2,94.4,91.2,94.3,10.408999999999999,5,5,5,60.24
21.85,6.0,28.631,44.851,37.510999999999996,70.889,113.32799999999999,116.822,64.8,54.9,30.4,99.6,66.3,88.6,95.8,88.2,94.4,91.2,94.3,9.889,5,5,5,60.398
21.87,6.0,28.250999999999998,44.981,37.485,70.152,113.368,116.70700000000001,64.8,54.9,30.4,99.6,66.3,88.6,95.8,88.2,94.4,91.2,94.3,10.739,5,5,5,60.593999999999994
21.89,6.0,27.999000000000002,44.625,37.451,71.899,113.32799999999999,116.65700000000001,64.8,54.9,30.4,99.6,66.3,88.6,95.8,88.2,94.4,91.2,94.3,10.152999999999999,5,5,5,60.76
21.91,6.0,28.21,44.824,37.648,69.083,113.16799999999999,116.541,64.8,54.9,30.4,99.6,66.3,88.6,95.8,88.2,94.4,91.2,94.3,9.85,5,5,5,60.956
21.93,6.0,27.741,44.774,37.433,72.146,113.10799999999999,116.508,64.8,54.9,30.4,99.6,66.3,88.6,95.8,88.2,94.4,91.2,94.3,10.908,5,5,5,61.138000000000005
21.95,6.0,27.839000000000002,44.522,37.477,72.581,113.24799999999999,116.359,64.7,54.9,30.4,99.9,66.2,88.6,95.8,88.2,94.4,91.2,94.3,10.217,5,5,5,61.31399999999999
21.97,6.0,28.616,44.55,37.437,70.264,113.04799999999999,116.492,64.7,54.9,30.4,99.9,66.2,88.6,95.8,88.2,94.4,91.2,94.3,9.786000000000001,5,5,5,61.496
21.99,6.0,28.616,44.829,37.468,71.453,113.04799999999999,116.32600000000001,64.7,54.9,30.4,99.9,66.2,88.6,95.8,88.2,94.4,91.2,94.3,10.832,5,5,5,61.691
22.01,6.0,27.623,44.59,37.448,70.375,113.007,116.359,64.7,54.9,30.4,99.9,66.2,88.6,95.85,88.2,94.4,91.2,94.3,10.297,5,5,5,61.869
22.03,6.0,28.066,44.555,37.509,71.575,113.088,116.259,64.7,54.9,30.4,99.9,66.2,88.6,95.916,88.2,94.4,91.2,94.3,9.605,5,5,5,62.055
22.05,6.0,28.048000000000002,44.336999999999996,37.580999999999996,75.191,113.007,116.259,64.7,54.9,30.4,99.9,66.2,88.6,95.953,88.2,94.4,91.2,94.3,10.646,5,5,5,62.261
22.07,6.0,27.899,44.755,37.428000000000004,71.72399999999999,113.10799999999999,116.259,64.7,54.9,30.4,99.9,66.2,88.6,95.973,88.2,94.4,91.2,94.3,10.323,5,5,5,62.417
22.09,6.0,27.66,44.852,37.397,70.884,112.846,116.209,64.7,54.9,30.4,99.9,66.2,88.6,95.985,88.2,94.4,91.2,94.3,9.408000000000001,5,5,5,62.623000000000005
22.11,6.0,27.811999999999998,44.264,37.536,70.495,113.007,116.109,64.7,54.9,30.4,99.9,66.2,88.6,95.992,88.2,94.4,91.2,94.3,9.761,5,5,5,62.793
22.13,6.0,27.423000000000002,44.463,37.574,71.26100000000001,112.947,116.14200000000001,64.7,54.9,30.4,99.9,66.2,88.6,95.995,88.2,94.4,91.2,94.3,10.105,5,5,5,62.989
22.15,6.0,27.793000000000003,44.821999999999996,37.277,73.58,112.806,116.059,64.7,54.9,30.4,99.9,66.2,88.6,95.997,88.2,94.4,91.2,94.3,9.103,5,5,5,63.188
22.17,6.0,27.668000000000003,44.347,37.324,72.498,112.786,116.109,64.7,54.9,30.4,99.9,66.2,88.6,95.999,88.2,94.4,91.2,94.3,9.73,5,5,5,63.36
22.19,6.0,27.883000000000003,44.211,37.358000000000004,71.041,112.806,115.958,64.7,54.9,30.4,99.9,66.2,88.6,95.999,88.2,94.4,91.2,94.3,9.873999999999999,5,5,5,63.523
22.21,6.0,27.235,44.445,37.398,70.51899999999999,112.604,116.075,64.7,54.9,30.4,99.9,66.2,88.6,96.0,88.2,94.4,91.2,94.3,8.829,5,5,5,63.728
22.23,6.0,27.736,44.114000000000004,37.233000000000004,70.126,112.665,115.891,64.7,54.9,30.4,99.9,66.2,88.6,96.0,88.2,94.4,91.2,94.3,9.609,5,5,5,63.895
22.25,6.0,27.673000000000002,43.998000000000005,37.509,74.52,112.604,115.992,64.7,54.9,30.4,99.9,66.2,88.6,96.0,88.2,94.4,91.2,94.3,9.966999999999999,5,5,5,64.063
22.27,6.0,27.319000000000003,44.066,37.483000000000004,73.013,112.50200000000001,115.874,64.7,54.9,30.4,99.9,66.2,88.6,96.0,88.2,94.4,91.2,94.3,8.871,5,5,5,64.273
22.29,6.0,27.22,44.095,37.371,70.2,112.441,115.79,64.7,54.9,30.4,99.9,66.2,88.6,96.0,88.2,94.4,91.2,94.3,9.608,5,5,5,64.467
22.31,6.0,27.468000000000004,44.359,37.251999999999995,71.832,112.54299999999999,115.84100000000001,64.7,54.9,30.4,99.9,66.2,88.6,96.0,88.2,94.4,91.2,94.3,9.931000000000001,5,5,5,64.65299999999999
22.33,6.0,27.124000000000002,43.769,37.169000000000004,69.09,112.56299999999999,115.824,64.7,54.9,30.4,99.9,66.2,88.6,96.0,88.2,94.4,91.2,94.3,9.177,5,5,5,64.814
22.35,6.0,26.859,44.024,37.482,72.742,112.462,115.774,64.7,54.9,30.4,99.9,66.2,88.6,96.0,88.2,94.4,91.2,94.3,9.594999999999999,5,5,5,65.011
22.37,6.0,27.453000000000003,44.309,37.217,72.069,112.38,115.605,64.7,54.9,30.4,99.9,66.2,88.6,96.0,88.2,94.4,91.2,94.3,10.169,5,5,5,65.196
22.39,6.0,27.377,43.854,37.161,70.35600000000001,112.319,115.62200000000001,64.7,54.9,30.4,99.9,66.2,88.6,96.0,88.2,94.4,91.2,94.3,9.744,5,5,5,65.36
22.41,6.0,27.17,43.603,37.364000000000004,71.289,112.29899999999999,115.639,64.7,54.9,30.4,99.9,66.2,88.6,96.0,88.2,94.4,91.2,94.3,9.677,5,5,5,65.537
22.43,6.0,27.115,44.115,37.296,70.238,112.339,115.352,64.7,54.9,30.4,99.9,66.2,88.6,96.0,88.2,94.4,91.2,94.3,10.244,5,5,5,65.701
22.45,6.0,27.318,44.383,37.201,72.19,112.27799999999999,115.67299999999999,64.7,54.9,30.4,99.9,66.2,88.6,96.0,88.2,94.4,91.2,94.3,9.916,5,5,5,65.896
22.47,6.0,26.996,43.736,37.177,74.97399999999999,112.155,115.50399999999999,64.7,54.9,30.4,99.9,66.2,88.6,96.0,88.2,94.4,91.2,94.3,9.597999999999999,5,5,5,66.078
22.49,6.0,26.583000000000002,43.726,37.202,71.324,112.176,115.62200000000001,64.7,54.9,30.4,99.9,66.2,88.6,96.0,88.2,94.4,91.2,94.3,10.436,5,5,5,66.244
22.51,6.0,26.504,43.909,37.47,72.22399999999999,112.094,115.38600000000001,64.7,54.9,30.4,99.9,66.2,88.6,96.0,88.2,94.4,91.2,94.3,9.794,5,5,5,66.423
22.53,6.0,26.95,43.725,37.355,71.26100000000001,112.23700000000001,115.48700000000001,64.7,54.9,30.4,99.9,66.2,88.6,96.0,88.2,94.4,91.2,94.3,9.578,5,5,5,66.627
22.55,6.0,26.334,43.727,37.349000000000004,71.645,112.053,115.352,64.7,54.9,30.4,99.9,66.2,88.6,96.0,88.2,94.4,91.2,94.3,10.414,5,5,5,66.793
22.57,6.0,26.653000000000002,43.742,37.317,74.22800000000001,111.929,115.23299999999999,64.7,54.9,30.4,99.9,66.2,88.6,96.0,88.2,94.4,91.2,94.3,9.891,5,5,5,67.024
22.59,6.0,26.58,43.889,37.025,72.377,111.929,115.11399999999999,64.7,54.9,30.4,99.9,66.2,88.6,96.0,88.2,94.4,91.2,94.3,9.455,5,5,5,67.19200000000001
22.61,6.0,26.529,43.565,37.256,71.247,111.90899999999999,115.21600000000001,64.7,54.9,30.4,99.9,66.2,88.6,96.0,88.2,94.4,91.2,94.3,10.053999999999998,5,5,5,67.375
22.63,6.0,26.791999999999998,43.361999999999995,37.234,70.259,111.991,115.165,64.7,54.9,30.4,99.9,66.2,88.6,96.0,88.2,94.4,91.2,94.3,9.817,5,5,5,67.555
22.65,6.0,26.54,43.501999999999995,36.963,70.715,111.90899999999999,115.199,64.7,54.9,30.4,99.9,66.2,88.6,96.0,88.2,94.4,91.2,94.3,9.259,5,5,5,67.749
22.67,6.0,26.55,43.507,37.134,74.949,111.84700000000001,115.182,64.7,54.9,30.4,99.9,66.2,88.6,96.0,88.2,94.4,91.2,94.3,9.879,5,5,5,67.934
22.69,6.0,26.075,43.578,37.403,72.663,111.785,115.08,64.7,54.9,30.4,99.9,66.2,88.6,96.0,88.2,94.4,91.2,94.3,10.169,5,5,5,68.12899999999999
22.71,6.0,26.524,43.747,37.114000000000004,70.586,111.82600000000001,115.165,64.7,54.9,30.4,99.9,66.2,88.6,96.0,88.2,94.4,91.2,94.3,9.414,5,5,5,68.295
22.73,6.0,26.244,43.434,37.21,71.199,111.70200000000001,114.944,64.7,54.9,30.4,99.9,66.2,88.6,96.0,88.2,94.4,91.2,94.3,10.716000000000001,5,5,5,68.479
22.75,6.0,26.374000000000002,43.236,37.288000000000004,68.963,111.59899999999999,114.944,64.7,54.9,30.4,99.9,66.2,88.6,96.0,88.2,94.4,91.2,94.3,10.404,5,5,5,68.655
22.77,6.0,26.465,43.639,37.065,73.061,111.723,115.08,64.7,54.9,30.4,99.9,66.2,88.6,96.0,88.2,94.4,91.2,94.3,9.993,5,5,5,68.83600000000001
22.79,6.0,25.939,43.481,37.141999999999996,70.858,111.57799999999999,114.89200000000001,64.7,54.9,30.4,99.9,66.2,88.6,96.0,88.2,94.4,91.2,94.3,10.771,5,5,5,69.023
22.81,6.0,26.124000000000002,43.425,37.135999999999996,70.403,111.70200000000001,114.85799999999999,64.7,54.9,30.4,99.9,66.2,88.6,96.0,88.2,94.4,91.2,94.3,9.96,5,5,5,69.189
22.83,6.0,26.445,43.031,37.14,70.923,111.62,114.995,64.7,54.9,30.4,99.9,66.2,88.6,96.0,88.2,94.4,91.2,94.3,10.094,5,5,5,69.35499999999999
22.85,6.0,26.314,43.604,37.219,67.78899999999999,111.516,114.90899999999999,64.7,54.9,30.4,99.9,66.2,88.6,96.0,88.2,94.4,91.2,94.3,10.492999999999999,5,5,5,69.554
22.87,6.0,26.063000000000002,43.344,37.109,71.142,111.557,114.807,64.7,54.9,30.4,99.9,66.2,88.6,96.0,88.2,94.4,91.2,94.3,9.32,5,5,5,69.739
22.89,6.0,25.92,43.174,37.169000000000004,71.793,111.59899999999999,114.756,64.7,54.9,30.4,99.9,66.2,88.6,96.0,88.2,94.4,91.2,94.3,10.028,5,5,5,69.92699999999999
22.91,6.0,25.767,43.258,37.275,69.36399999999999,111.391,114.824,64.7,54.9,30.4,99.9,66.2,88.6,96.0,88.2,94.4,91.2,94.3,10.289,5,5,5,70.093
22.93,6.0,25.930999999999997,43.461,37.021,70.643,111.30799999999999,114.721,64.7,54.9,30.4,99.9,66.2,88.6,96.0,88.2,94.4,91.2,94.3,9.626000000000001,5,5,5,70.27600000000001
22.95,6.0,25.603,43.24,36.985,69.518,111.37,114.704,64.7,54.9,30.4,99.9,66.2,88.6,96.0,88.2,94.4,91.2,94.3,10.738,5,5,5,70.468
22.97,6.0,25.784000000000002,43.043,36.995000000000005,70.9,111.37,114.55,64.7,54.9,30.4,99.9,66.2,88.6,96.0,88.2,94.4,91.2,94.3,9.969999999999999,5,5,5,70.66499999999999
22.99,6.0,25.678,42.569,37.168,75.179,111.22399999999999,114.584,64.7,54.9,30.4,99.9,66.2,88.6,96.0,88.2,94.4,91.2,94.3,9.823,5,5,5,70.83699999999999
23.01,6.0,25.592,43.158,37.032,71.89399999999999,111.14,114.584,64.7,54.9,30.4,99.9,66.2,88.6,96.0,88.2,94.4,91.2,94.3,10.466000000000001,5,5,5,71.02199999999999
23.03,6.0,25.58,43.477,36.946,70.696,111.245,114.618,64.7,54.9,30.4,99.9,66.2,88.6,96.0,88.2,94.4,91.2,94.3,9.741,5,5,5,71.208
23.05,6.0,25.695,43.015,37.195,70.166,111.182,114.618,64.7,54.9,30.4,99.9,66.2,88.6,96.0,88.2,94.4,91.2,94.3,9.988,5,5,5,71.404
23.07,6.0,25.34,43.262,37.089,70.955,111.22399999999999,114.56700000000001,64.7,54.9,30.4,99.9,66.2,88.6,96.0,88.2,94.4,91.2,94.3,10.306000000000001,5,5,5,71.60499999999999
23.09,6.0,25.407,42.895,37.091,74.01899999999999,111.098,114.53200000000001,64.7,54.9,30.4,99.9,66.2,88.6,96.0,88.2,94.4,91.2,94.3,9.242,5,5,5,71.809
23.11,6.0,25.585,42.282,37.080999999999996,71.916,111.07700000000001,114.55,64.7,54.9,30.4,99.9,66.2,88.6,96.0,88.2,94.4,91.2,94.3,10.079,5,5,5,71.97800000000001
23.13,6.0,25.46,42.979,37.133,71.421,110.993,114.429,64.7,54.9,30.4,99.9,66.2,88.6,96.0,88.2,94.4,91.2,94.3,10.086,5,5,5,72.169
23.15,6.0,25.404,42.271,36.929,71.388,110.993,114.39399999999999,64.7,54.9,30.4,99.9,66.2,88.6,96.0,88.2,94.4,91.2,94.3,9.766,5,5,5,72.377
23.17,6.0,25.213,42.451,36.975,70.305,110.95100000000001,114.48100000000001,64.7,54.9,30.4,99.9,66.2,88.6,96.0,88.2,94.4,91.2,94.3,10.713999999999999,5,5,5,72.563
23.19,6.0,25.146,42.521,36.85,74.467,110.88799999999999,114.39399999999999,64.7,54.9,30.4,99.9,66.2,88.6,96.0,88.2,94.4,91.2,94.3,10.261,5,5,5,72.75399999999999
23.21,6.0,25.194000000000003,42.773,37.079,73.017,110.90899999999999,114.34299999999999,64.7,54.9,30.4,99.9,66.2,88.6,96.0,88.2,94.4,91.2,94.3,10.11,5,5,5,72.923
23.23,6.0,25.308,42.516999999999996,36.854,71.247,110.90899999999999,114.37700000000001,64.7,54.9,30.4,99.9,66.2,88.6,96.0,88.2,94.4,91.2,94.3,10.642,5,5,5,73.088
23.25,6.0,25.202,42.111999999999995,36.897,72.255,110.846,114.152,64.7,54.9,30.4,99.9,66.2,88.6,96.0,88.2,94.4,91.2,94.3,10.009,5,5,5,73.30699999999999
23.27,6.0,24.555,42.193000000000005,37.115,69.319,110.698,114.256,64.7,54.9,30.4,99.9,66.2,88.6,96.0,88.2,94.4,91.2,94.3,10.375,5,5,5,73.469
23.29,6.0,24.581,42.673,36.969,72.627,110.76100000000001,114.37700000000001,64.7,54.9,30.4,99.9,66.2,88.6,96.0,88.2,94.4,91.2,94.3,10.442,5,5,5,73.637
23.31,6.0,24.99,42.29,36.84,72.453,110.803,114.274,64.7,54.9,30.4,99.9,66.2,88.6,96.0,88.2,94.4,91.2,94.3,9.471,5,5,5,73.828
23.33,6.0,25.034000000000002,42.13,36.793000000000006,70.059,110.655,114.118,64.7,54.9,30.4,99.9,66.2,88.6,96.0,88.2,94.4,91.2,94.3,10.32,5,5,5,74.003
23.35,6.0,24.586,42.702,36.956999999999994,71.01100000000001,110.74,114.23899999999999,64.7,54.9,30.4,99.9,66.2,88.6,96.0,88.2,94.4,91.2,94.3,10.294,5,5,5,74.202
23.37,6.0,24.823,42.260999999999996,36.819,69.15,110.698,114.04799999999999,64.7,54.9,30.4,99.9,66.2,88.6,96.0,88.2,94.4,91.2,94.3,9.968,5,5,5,74.39
23.39,6.0,24.733,42.224000000000004,36.919,71.167,110.59200000000001,114.152,64.7,54.9,30.4,99.9,66.2,88.6,96.0,88.2,94.4,91.2,94.3,11.059999999999999,5,5,5,74.575
23.41,6.0,24.695999999999998,41.909,36.891999999999996,73.76899999999999,110.52799999999999,114.014,64.7,54.9,30.4,99.9,66.2,88.6,96.0,88.2,94.4,91.2,94.3,10.448,5,5,5,74.757
23.43,6.0,24.878,42.461,36.899,70.536,110.613,113.944,64.7,54.9,30.4,99.9,66.2,88.6,96.0,88.2,94.4,91.2,94.3,10.269,5,5,5,74.932
23.45,6.0,25.031,42.406,36.894999999999996,70.681,110.54899999999999,113.979,64.7,54.9,30.4,99.9,66.2,88.6,96.0,88.2,94.4,91.2,94.3,11.096,5,5,5,75.12
23.47,6.0,24.855999999999998,41.868,36.928,70.362,110.52799999999999,113.874,64.7,54.9,30.4,99.9,66.2,88.6,96.0,88.2,94.4,91.2,94.3,10.285,5,5,5,75.294
23.49,6.0,24.488,42.327,36.864000000000004,71.027,110.52799999999999,113.89200000000001,64.7,54.9,30.4,99.9,66.2,88.6,96.0,88.2,94.4,91.2,94.3,10.383,5,5,5,75.475
23.51,6.0,24.235,41.89,36.840999999999994,73.535,110.336,113.89200000000001,64.7,54.9,30.4,99.9,66.2,88.6,96.0,88.2,94.4,91.2,94.3,10.879,5,5,5,75.695
23.53,6.0,24.944000000000003,41.683,36.91,71.744,110.29299999999999,113.822,64.7,54.9,30.4,99.9,66.2,88.6,96.0,88.2,94.4,91.2,94.3,9.59,5,5,5,75.883
23.55,6.0,24.15,41.968,37.004,71.663,110.443,113.71700000000001,64.7,54.9,30.4,99.9,66.2,88.6,96.0,88.2,94.4,91.2,94.3,10.504,5,5,5,76.068
23.57,6.0,24.404,41.918,36.775999999999996,70.137,110.229,113.57700000000001,64.7,54.9,30.4,99.9,66.2,88.6,96.0,88.2,94.4,91.2,94.3,10.58,5,5,5,76.277
23.59,6.0,24.378,41.69,36.81699999999999,70.691,110.29299999999999,113.805,64.7,54.9,30.4,99.9,66.2,88.6,96.0,88.2,94.4,91.2,94.3,9.952,5,5,5,76.441
23.61,6.0,24.375999999999998,41.827,36.772,74.78,110.272,113.77,64.7,54.9,30.4,99.9,66.2,88.6,96.0,88.2,94.4,91.2,94.3,10.992,5,5,5,76.65100000000001
23.63,6.0,24.159000000000002,41.830999999999996,36.964,72.98100000000001,110.14399999999999,113.7,64.7,54.9,30.4,99.9,66.2,88.6,96.0,88.2,94.4,91.2,94.3,10.145,5,5,5,76.824
23.65,6.0,24.393,42.055,36.741,71.541,110.14399999999999,113.7,64.7,54.9,30.4,99.9,66.2,88.6,96.0,88.2,94.4,91.2,94.3,10.207999999999998,5,5,5,76.999
23.67,6.0,24.073,41.705,36.846999999999994,72.508,110.101,113.507,64.7,54.9,30.4,99.9,66.2,88.6,96.0,88.2,94.4,91.2,94.3,10.838999999999999,5,5,5,77.186
23.69,6.0,24.219,41.611999999999995,36.956999999999994,70.166,110.079,113.507,64.7,54.9,30.4,99.9,66.2,88.6,96.0,88.2,94.4,91.2,94.3,10.04,5,5,5,77.362
23.71,6.0,24.423,41.718,36.824,74.189,109.993,113.595,64.7,54.9,30.4,99.9,66.2,88.6,96.0,88.2,94.4,91.2,94.3,10.088000000000001,5,5,5,77.579
23.73,6.0,24.265,41.65,36.772,72.62899999999999,110.101,113.56,64.7,54.9,30.4,99.9,66.2,88.6,96.0,88.2,94.4,91.2,94.3,10.632000000000001,5,5,5,77.741
23.75,6.0,23.908,41.521,36.821,71.73100000000001,109.97200000000001,113.647,64.7,54.9,30.4,99.9,66.2,88.6,96.0,88.2,94.4,91.2,94.3,9.482,5,5,5,77.92399999999999
23.77,6.0,23.827,41.453,36.855999999999995,72.61,109.885,113.384,64.7,54.9,30.4,99.9,66.2,88.6,96.0,88.2,94.4,91.2,94.3,10.652999999999999,5,5,5,78.104
23.79,6.0,24.396,41.75,36.863,69.851,109.95,113.419,64.7,54.9,30.4,99.9,66.2,88.6,96.0,88.2,94.4,91.2,94.3,10.448,5,5,5,78.289
23.81,6.0,24.163,41.541,36.855999999999995,72.071,109.95,113.402,64.7,54.9,30.4,99.9,66.2,88.6,96.0,88.2,94.4,91.2,94.3,10.198,5,5,5,78.476
23.83,6.0,23.718,41.733000000000004,36.659000000000006,74.764,109.84200000000001,113.26100000000001,64.7,54.9,30.4,99.9,66.2,88.6,96.0,88.2,94.469,91.2,94.3,10.514,5,5,5,78.652
23.85,6.0,23.649,41.385999999999996,36.706999999999994,71.015,109.777,113.225,64.7,54.9,30.4,99.9,66.2,88.6,96.0,88.2,94.52600000000001,91.2,94.3,9.863,5,5,5,78.828
23.87,6.0,23.77,41.199,36.781,70.729,109.734,113.137,64.7,54.9,30.4,99.9,66.2,88.6,96.0,88.2,94.558,91.2,94.3,10.561,5,5,5,79.008
23.89,6.0,23.415,41.251999999999995,36.760000000000005,70.29,109.691,113.208,64.7,54.9,30.4,99.9,66.2,88.6,96.0,88.2,94.577,91.2,94.3,10.367999999999999,5,5,5,79.183
23.91,6.0,23.499000000000002,41.234,36.732,70.789,109.712,113.119,64.7,54.9,30.4,99.9,66.2,88.6,96.0,88.2,94.587,91.2,94.3,10.408,5,5,5,79.387
23.93,6.0,23.633,41.301,36.739999999999995,73.61399999999999,109.669,113.01299999999999,64.7,54.9,30.4,99.9,66.2,88.6,96.0,88.2,94.593,91.2,94.3,10.86,5,5,5,79.562
23.95,6.0,23.329,41.188,36.641999999999996,71.22800000000001,109.647,113.137,64.8,54.9,30.4,100.3,66.1,88.6,96.0,88.2,94.596,91.2,94.3,9.827,5,5,5,79.732
23.97,6.0,23.163,41.408,36.653999999999996,71.206,109.734,113.04899999999999,64.8,54.9,30.4,100.3,66.1,88.6,96.0,88.2,94.598,91.2,94.3,10.644,5,5,5,79.931
23.99,6.0,23.433,41.251,36.637,70.27199999999999,109.604,112.96,64.8,54.9,30.4,100.3,66.1,88.6,96.0,88.2,94.59899999999999,91.2,94.3,10.448,5,5,5,80.112
24.01,6.0,23.1,41.554,36.629999999999995,70.982,109.712,112.818,64.8,54.9,30.4,100.3,66.1,88.6,96.0,88.2,94.59899999999999,91.2,94.3,10.474,5,5,5,80.301
24.03,6.0,23.588,41.018,36.772,73.578,109.604,112.836,64.8,54.9,30.4,100.3,66.1,88.6,96.0,88.2,94.6,91.2,94.3,11.277999999999999,5,5,5,80.475
24.05,6.0,23.172,40.617,36.61,72.039,109.58200000000001,113.01299999999999,64.8,54.9,30.4,100.3,66.1,88.6,96.0,88.2,94.6,91.2,94.3,9.927,5,5,5,80.67
24.07,6.0,23.554000000000002,41.454,36.756,71.063,109.43,113.031,64.8,54.9,30.4,100.3,66.1,88.6,96.0,88.2,94.6,91.2,94.3,10.705,5,5,5,80.87100000000001
24.09,6.0,23.032,41.239000000000004,36.515,71.15100000000001,109.473,112.92399999999999,64.8,54.9,30.4,100.3,66.1,88.6,96.0,88.2,94.6,91.2,94.3,10.782,5,5,5,81.06
24.11,6.0,23.294,41.510999999999996,36.876,69.885,109.473,112.96,64.8,54.9,30.4,100.3,66.1,88.6,96.0,88.2,94.6,91.2,94.3,10.413,5,5,5,81.277
24.13,6.0,23.025,41.367,36.728,74.707,109.29899999999999,112.87100000000001,64.8,54.9,30.4,100.3,66.1,88.6,96.0,88.2,94.6,91.2,94.3,11.206,5,5,5,81.44
24.15,6.0,22.867,41.525999999999996,36.732,73.869,109.32,112.675,64.8,54.9,30.4,100.3,66.1,88.6,96.0,88.2,94.6,91.2,94.3,10.205,5,5,5,81.64699999999999
24.17,6.0,22.913,40.876,36.730000000000004,70.737,109.43,112.65700000000001,64.8,54.9,30.4,100.3,66.1,88.6,96.0,88.2,94.6,91.2,94.3,10.724,5,5,5,81.846
24.19,6.0,23.244,40.732,36.66,72.514,109.145,112.53200000000001,64.8,54.9,30.4,100.3,66.1,88.6,96.0,88.2,94.6,91.2,94.3,10.925,5,5,5,82.03
24.21,6.0,22.839000000000002,40.998000000000005,36.479,69.348,109.32,112.586,64.8,54.9,30.4,100.3,66.1,88.6,96.0,88.2,94.6,91.2,94.3,10.406,5,5,5,82.203
24.23,6.0,22.977999999999998,40.71,36.729,72.876,109.211,112.64,64.8,54.9,30.4,100.3,66.1,88.6,96.0,88.2,94.6,91.2,94.3,11.467,5,5,5,82.405
24.25,6.0,22.605,40.991,36.71,72.722,109.167,112.65700000000001,64.8,54.9,30.4,100.3,66.1,88.6,96.0,88.2,94.6,91.2,94.3,10.582,5,5,5,82.59100000000001
24.27,6.0,22.792,40.966,36.809,70.695,109.189,112.55,64.8,54.9,30.4,100.3,66.1,88.6,96.0,88.2,94.6,91.2,94.3,10.713,5,5,5,82.767
24.29,6.0,22.134,40.506,36.666,70.983,108.969,112.49600000000001,64.8,54.9,30.4,100.3,66.1,88.6,96.0,88.2,94.6,91.2,94.3,10.928,5,5,5,82.964
24.31,6.0,22.727,41.265,36.705,69.607,109.01299999999999,112.461,64.8,54.9,30.4,100.3,66.1,88.6,96.0,88.2,94.6,91.2,94.3,10.27,5,5,5,83.126
24.33,6.0,23.155,40.811,36.388999999999996,71.188,109.145,112.353,64.8,54.9,30.4,100.3,66.1,88.6,96.0,88.2,94.6,91.2,94.3,11.547999999999998,5,5,5,83.317
24.35,6.0,22.597,40.772,36.706,75.053,108.991,112.40700000000001,64.8,54.9,30.4,100.3,66.1,88.6,96.0,88.2,94.6,91.2,94.3,10.599,5,5,5,83.51899999999999
24.37,6.0,22.14,40.653,36.781,70.426,108.947,112.461,64.8,54.9,30.4,100.3,66.1,88.6,96.0,88.2,94.6,91.2,94.3,10.67,5,5,5,83.681
24.39,6.0,22.758,40.506,36.428,69.967,109.079,112.461,64.8,54.9,30.4,100.3,66.1,88.6,96.0,88.2,94.6,91.2,94.3,11.107,5,5,5,83.876
24.41,6.0,22.391,40.055,36.583,69.447,108.925,112.443,64.8,54.9,30.4,100.3,66.1,88.6,96.0,88.2,94.6,91.2,94.3,9.979,5,5,5,84.064
24.43,6.0,22.854,40.938,36.583,69.99,108.792,112.37100000000001,64.8,54.9,30.4,100.3,66.1,88.6,96.0,88.2,94.6,91.2,94.3,11.388,5,5,5,84.238
24.45,6.0,22.404,40.138000000000005,36.265,71.518,108.881,112.29899999999999,64.8,54.9,30.4,100.3,66.1,88.6,96.0,88.2,94.6,91.2,94.3,10.687000000000001,5,5,5,84.444
24.47,6.0,22.456,40.618,36.484,70.21,108.77,112.17299999999999,64.8,54.9,30.4,100.3,66.1,88.6,96.0,88.2,94.6,91.2,94.3,10.578,5,5,5,84.62100000000001
24.49,6.0,22.239,40.3,36.434,70.635,108.61399999999999,112.191,64.8,54.9,30.4,100.3,66.1,88.6,96.0,88.2,94.6,91.2,94.3,10.992999999999999,5,5,5,84.821
24.51,6.0,22.468,40.497,36.475,68.498,108.969,112.101,64.8,54.9,30.4,100.3,66.1,88.6,96.0,88.2,94.6,91.2,94.3,9.934999999999999,5,5,5,85.008
24.53,6.0,22.39,40.385999999999996,36.434,69.968,108.637,112.191,64.8,54.9,30.4,100.3,66.1,88.6,96.0,88.2,94.6,91.2,94.3,11.213,5,5,5,85.196
24.55,6.0,22.057000000000002,40.385,36.564,73.768,108.65899999999999,112.065,64.8,54.9,30.4,100.3,66.1,88.6,96.0,88.2,94.6,91.2,94.3,10.711,5,5,5,85.388
24.57,6.0,22.258,40.268,36.245999999999995,71.167,108.54799999999999,112.029,64.8,54.9,30.4,100.3,66.1,88.6,96.0,88.2,94.6,91.2,94.3,10.562999999999999,5,5,5,85.551
24.59,6.0,22.046,40.506,36.608000000000004,69.53,108.61399999999999,112.227,64.8,54.9,30.4,100.3,66.1,88.6,96.0,88.2,94.6,91.2,94.3,11.027999999999999,5,5,5,85.767
24.61,6.0,21.87,40.842,36.285,71.821,108.637,112.101,64.8,54.9,30.4,100.3,66.1,88.6,96.0,88.2,94.6,91.2,94.3,9.921,5,5,5,85.935
24.63,6.0,21.592,40.418,36.532,68.55799999999999,108.59200000000001,111.97399999999999,64.8,54.9,30.4,100.3,66.1,88.6,96.0,88.2,94.6,91.2,94.3,10.965,5,5,5,86.131
24.65,6.0,21.7,40.236,36.166,72.99600000000001,108.59200000000001,111.93799999999999,64.8,54.9,30.4,100.3,66.1,88.6,96.0,88.2,94.6,91.2,94.3,10.877,5,5,5,86.33800000000001
24.67,6.0,21.999000000000002,40.175,36.493,72.77199999999999,108.50299999999999,111.884,64.8,54.9,30.4,100.3,66.1,88.6,96.0,88.2,94.6,91.2,94.3,10.571000000000002,5,5,5,86.53399999999999
24.69,6.0,21.320999999999998,39.919000000000004,36.359,70.306,108.59200000000001,112.029,64.8,54.9,30.4,100.3,66.1,88.6,96.0,88.2,94.6,91.2,94.3,10.266,5,5,5,86.73100000000001
24.71,6.0,21.799,40.330999999999996,36.53,71.919,108.34700000000001,111.92,64.8,54.9,30.4,100.3,66.1,88.6,96.0,88.2,94.6,91.2,94.3,10.857,5,5,5,86.941
24.73,6.0,21.937,40.369,36.184,69.013,108.257,112.01,64.8,54.9,30.4,100.3,66.1,88.6,96.0,88.2,94.6,91.2,94.3,11.021,5,5,5,87.101
24.75,6.0,22.112000000000002,40.056,36.303,72.069,108.257,111.666,64.8,54.9,30.4,100.3,66.1,88.6,96.0,88.2,94.6,91.2,94.3,10.482,5,5,5,87.297
24.77,6.0,21.845,39.547,36.397,73.49600000000001,108.234,111.829,64.8,54.9,30.4,100.3,66.1,88.6,96.0,88.2,94.6,91.2,94.3,11.247,5,5,5,87.473
24.79,6.0,21.735,39.945,36.293000000000006,70.676,108.324,111.611,64.8,54.9,30.4,100.3,66.1,88.6,96.0,88.2,94.6,91.2,94.3,9.984,5,5,5,87.685
24.81,6.0,21.679000000000002,40.076,36.277,70.414,108.34700000000001,111.72,64.8,54.9,30.4,100.3,66.1,88.6,96.0,88.2,94.6,91.2,94.3,10.734,5,5,5,87.86399999999999
24.83,6.0,21.836,39.804,36.314,69.38,108.302,111.738,64.8,54.9,30.4,100.3,66.1,88.6,96.0,88.2,94.6,91.2,94.3,10.873,5,5,5,88.05199999999999
24.85,6.0,21.851,39.422,36.425,70.95100000000001,108.257,111.70200000000001,64.8,54.9,30.4,100.3,66.1,88.6,96.0,88.2,94.6,91.2,94.3,10.453,5,5,5,88.205
24.87,6.0,22.192,39.823,36.316,74.852,108.257,111.538,64.8,54.9,30.4,100.3,66.1,88.6,96.0,88.2,94.6,91.2,94.3,11.55,5,5,5,88.398
24.89,6.0,21.611,39.287,36.205,70.95100000000001,108.09899999999999,111.556,64.8,54.9,30.4,100.3,66.1,88.6,96.0,88.2,94.6,91.2,94.3,10.096,5,5,5,88.556
24.91,6.0,22.061,39.687,36.367,70.88600000000001,108.12200000000001,111.48299999999999,64.8,54.9,30.4,100.3,66.1,88.6,96.0,88.2,94.6,91.2,94.3,10.696000000000002,5,5,5,88.741
24.93,6.0,21.505,39.760999999999996,36.28,68.745,108.189,111.59299999999999,64.8,54.9,30.4,100.3,66.1,88.6,96.0,88.2,94.6,91.2,94.3,10.842,5,5,5,88.90899999999999
24.95,6.0,21.384,39.93,36.228,69.865,108.03200000000001,111.355,64.8,54.9,30.4,100.3,66.1,88.6,96.0,88.2,94.6,91.2,94.3,10.386,5,5,5,89.098
24.97,6.0,21.367,39.416,36.188,71.658,108.09899999999999,111.355,64.8,54.9,30.4,100.3,66.1,88.6,96.0,88.2,94.6,91.2,94.3,11.447,5,5,5,89.27199999999999
24.99,6.0,21.092,39.769,36.499,70.65899999999999,108.14399999999999,111.355,64.8,54.9,30.4,100.3,66.1,88.6,96.0,88.2,94.6,91.2,94.3,10.555,5,5,5,89.454
25.01,6.0,21.171,39.766,36.36,70.86399999999999,107.805,111.428,64.8,54.9,30.4,100.3,66.1,88.6,96.0,88.2,94.6,91.2,94.3,10.607,5,5,5,89.648
25.03,6.0,21.491,39.743,36.432,68.90299999999999,107.98700000000001,111.465,64.8,54.9,30.4,100.3,66.1,88.6,96.0,88.2,94.6,91.2,94.3,10.873,5,5,5,89.812
25.05,6.0,21.250999999999998,39.486999999999995,36.305,69.458,107.964,111.501,64.8,54.9,30.4,100.3,66.1,88.6,96.0,88.2,94.6,91.2,94.3,10.154,5,5,5,90.018
25.07,6.0,21.14,40.059,36.287,73.46300000000001,107.87299999999999,111.226,64.8,54.9,30.4,100.3,66.1,88.6,96.0,88.2,94.6,91.2,94.3,11.495000000000001,5,5,5,90.219
25.09,6.0,21.109,39.33,36.269999999999996,71.634,107.73700000000001,111.39200000000001,64.8,54.9,30.4,100.3,66.1,88.6,96.0,88.2,94.6,91.2,94.3,10.614,5,5,5,90.388
25.11,6.0,21.405,39.458,36.25,70.01899999999999,107.87299999999999,111.171,64.8,54.9,30.4,100.3,66.1,88.6,96.0,88.2,94.6,91.2,94.3,10.647,5,5,5,90.579
25.13,6.0,21.1,39.365,36.424,71.807,107.805,111.171,64.8,54.9,30.4,100.3,66.1,88.6,96.0,88.2,94.6,91.2,94.3,10.956,5,5,5,90.77
25.15,6.0,20.810000000000002,39.286,36.287,68.346,107.73700000000001,111.318,64.8,54.9,30.4,100.3,66.1,88.6,96.0,88.2,94.6,91.2,94.3,10.058,5,5,5,90.957
25.17,6.0,20.820999999999998,39.361,36.206999999999994,72.50399999999999,107.78299999999999,111.079,64.8,54.9,30.4,100.3,66.1,88.6,96.0,88.2,94.6,91.2,94.3,11.292000000000002,5,5,5,91.138
25.19,6.0,21.226,39.408,36.359,71.567,107.62299999999999,111.26299999999999,64.8,54.9,30.4,100.3,66.1,88.6,96.0,88.2,94.6,91.2,94.3,10.8,5,5,5,91.334
25.21,6.0,20.533,39.29,36.424,69.44,107.715,111.245,64.8,54.9,30.4,100.3,66.1,88.6,96.0,88.2,94.6,91.2,94.3,10.577000000000002,5,5,5,91.53
25.23,6.0,21.065,39.102,36.3,71.165,107.715,111.26299999999999,64.8,54.9,30.4,100.3,66.1,88.6,96.0,88.2,94.6,91.2,94.3,10.957,5,5,5,91.706
25.25,6.0,20.77,39.592,36.122,68.78999999999999,107.646,111.226,64.8,54.9,30.4,100.3,66.1,88.6,96.0,88.2,94.6,91.2,94.3,10.0,5,5,5,91.895
25.27,6.0,20.424,39.108000000000004,36.294,71.102,107.69200000000001,111.09700000000001,64.8,54.9,30.4,100.3,66.1,88.6,96.0,88.2,94.6,91.2,94.3,11.338999999999999,5,5,5,92.10600000000001
25.29,6.0,20.567999999999998,38.842,36.19199999999999,74.192,107.53200000000001,111.19,64.8,54.9,30.4,100.3,66.1,88.6,96.0,88.2,94.6,91.2,94.3,10.699,5,5,5,92.266
25.31,6.0,20.836,39.119,36.161,70.392,107.509,111.079,64.8,54.9,30.4,100.3,66.1,88.6,96.0,88.2,94.6,91.2,94.3,10.581,5,5,5,92.447
25.33,7.0,21.098,38.692,36.31,68.649,107.53200000000001,111.19,64.8,54.9,30.4,100.3,66.1,88.6,96.0,88.2,94.6,91.2,94.3,11.105,5,5,5,92.645
25.35,7.0,20.767000000000003,39.016,36.370000000000005,57.968,107.555,111.19,64.8,54.9,30.4,100.3,66.1,88.6,96.0,88.2,94.6,91.2,94.3,9.893,5,5,5,93.005
25.37,7.0,20.797,38.838,36.282,44.039,107.395,111.061,64.8,54.9,30.4,100.3,66.1,88.6,96.0,88.2,94.6,91.2,94.3,11.074,5,5,5,93.641
25.39,7.0,21.016,39.016,36.236000000000004,33.42,107.37200000000001,110.802,64.8,54.9,30.4,100.3,66.1,88.6,96.0,88.2,94.6,91.2,94.3,12.382000000000001,5,5,5,94.353
25.41,7.0,20.698,38.648,36.156,28.906999999999996,107.509,111.079,64.8,54.9,30.4,100.3,66.1,88.6,96.0,88.2,94.6,91.2,94.3,10.568999999999999,5,5,5,94.83
25.43,7.0,20.352,38.944,36.396,21.895,107.53200000000001,110.98700000000001,64.8,54.9,30.4,100.3,66.1,88.6,96.0,88.2,94.6,91.2,94.3,11.407,5,5,5,95.169
25.45,7.0,20.705,38.485,36.086,17.163,107.37200000000001,110.85700000000001,64.8,54.9,30.4,100.3,66.1,88.6,96.0,88.2,94.6,91.2,94.3,9.785,5,5,5,95.374
25.47,7.0,20.533,38.683,36.205,13.373,107.303,110.74600000000001,64.8,54.9,30.4,100.3,66.1,88.6,96.0,88.2,94.6,91.2,94.3,10.504,5,5,5,95.52600000000001
25.49,7.0,20.537,38.293,36.233000000000004,12.335,106.84100000000001,110.41,64.8,54.9,30.4,100.3,66.1,88.6,96.0,88.2,94.6,91.2,94.3,10.213,5,5,5,95.697
25.51,7.0,20.158,39.207,36.352,8.616,107.00299999999999,110.727,64.8,54.9,30.4,100.3,66.1,88.6,96.0,88.2,94.6,91.2,94.3,10.421,5,5,5,95.90299999999999
25.53,7.0,20.369999999999997,38.943000000000005,36.069,6.905,107.072,110.65299999999999,64.8,54.9,30.4,100.3,66.1,88.6,96.0,88.2,94.6,91.2,94.3,11.219,5,5,5,96.11200000000001
25.55,7.0,19.984,38.659,36.171,5.8740000000000006,107.303,110.839,64.8,54.9,30.4,100.3,66.1,88.6,96.0,88.2,94.6,91.2,94.3,10.244,5,5,5,96.31299999999999
25.57,7.0,20.313,38.035,36.144999999999996,16.807000000000002,107.165,110.67200000000001,64.8,54.9,30.4,100.3,66.1,88.6,96.0,88.2,94.6,91.2,94.3,10.822,5,5,5,96.455
25.59,7.0,20.036,38.677,36.128,14.004,107.165,110.69,64.8,54.9,30.4,100.3,66.1,88.6,96.0,88.2,94.6,91.2,94.3,11.093,5,5,5,96.585
25.61,7.0,19.807000000000002,38.37,35.962,11.317,107.119,110.50399999999999,64.8,54.9,30.4,100.3,66.1,88.6,96.0,88.2,94.6,91.2,94.3,10.677,5,5,5,96.70200000000001
25.63,7.0,20.203,38.093,36.156,9.11,107.18799999999999,110.56,64.8,54.9,30.4,100.3,66.1,88.6,96.0,88.2,94.6,91.2,94.3,11.358,5,5,5,96.811
25.65,7.0,20.023,38.777,35.958,9.707,107.165,110.634,64.8,54.9,30.4,100.3,66.1,88.6,96.0,88.2,94.6,91.2,94.3,10.155000000000001,5,5,5,96.88799999999999
25.67,7.0,20.240000000000002,38.727,36.089,8.141,107.14200000000001,110.56,64.8,54.9,30.4,100.3,66.1,88.6,96.0,88.2,94.6,91.2,94.3,10.76,5,5,5,96.98299999999999
25.69,7.0,20.175,38.421,35.906,7.08,106.91,110.448,64.8,54.9,30.4,100.3,66.1,88.6,96.0,88.2,94.6,91.2,94.3,10.530000000000001,5,5,5,97.075
25.71,7.0,19.91,38.241,36.147,6.0600000000000005,106.86399999999999,110.354,64.8,54.9,30.4,100.3,66.1,88.6,96.0,88.2,94.6,91.2,94.3,11.378,5,5,5,97.178
25.73,7.0,19.738,38.198,36.135000000000005,11.711,106.86399999999999,110.56,64.8,54.9,30.4,100.3,66.1,88.6,96.0,88.2,94.6,91.2,94.3,10.574,5,5,5,97.316
25.75,7.0,19.617,38.198,35.965,13.626,106.98,110.41,64.8,54.9,30.4,100.3,66.1,88.6,96.0,88.2,94.6,91.2,94.3,10.45,5,5,5,97.564
25.77,7.0,20.17,38.169000000000004,35.804,20.555,106.93299999999999,110.31700000000001,64.8,54.9,30.4,100.3,66.1,88.6,96.0,88.2,94.6,91.2,94.3,11.163,5,5,5,97.921
25.79,7.0,19.762,38.352,36.133,21.69,106.93299999999999,110.37299999999999,64.8,54.9,30.4,100.3,66.1,88.6,96.0,88.2,94.6,91.2,94.3,10.593,5,5,5,98.34700000000001
25.81,7.0,19.641,37.749,35.965999999999994,23.48,106.93299999999999,110.39200000000001,64.8,54.9,30.4,100.3,66.1,88.6,96.0,88.2,94.6,91.2,94.3,10.439,5,5,5,98.82799999999999
25.83,7.0,19.717,38.077,35.969,20.7,106.86399999999999,110.41,64.8,54.9,30.4,100.3,66.1,88.6,96.0,88.2,94.6,91.2,94.3,10.783999999999999,5,5,5,99.363
25.85,7.0,19.115000000000002,37.848,36.022,20.267000000000003,106.72399999999999,110.354,64.8,54.9,30.4,100.3,66.1,88.6,96.0,88.2,94.6,91.2,94.3,9.620000000000001,5,5,5,99.90899999999999
25.87,7.0,19.723,38.02,35.938,19.258,106.654,110.354,64.8,54.9,30.4,100.3,66.1,88.6,96.0,88.2,94.6,91.2,94.3,10.48,5,5,5,100.45200000000001
25.89,7.0,19.936,38.11,35.848,19.769,106.84100000000001,110.185,64.8,54.9,30.4,100.3,66.1,88.6,96.0,88.2,94.6,91.2,94.3,10.440999999999999,5,5,5,100.973
25.91,7.0,19.437,38.059,35.86,19.648,106.771,110.09100000000001,64.8,54.9,30.4,100.3,66.1,88.6,96.0,88.2,94.6,91.2,94.3,9.86,5,5,5,101.52799999999999
25.93,7.0,19.356,37.757,35.924,19.159,106.70100000000001,110.429,64.8,54.9,30.4,100.3,66.1,88.6,96.0,88.2,94.6,91.2,94.3,10.656,5,5,5,102.04299999999999
25.95,7.0,19.415999999999997,38.016999999999996,36.113,18.554000000000002,106.677,110.29799999999999,64.9,54.9,30.5,100.7,66.2,88.6,96.0,88.2,94.6,91.2,94.3,10.387,5,5,5,102.595
25.97,7.0,19.217,37.671,36.001,14.305,106.537,110.12899999999999,64.9,54.9,30.5,100.7,66.2,88.6,96.0,88.2,94.6,91.2,94.3,10.042,5,5,5,103.12799999999999
25.99,7.0,19.215,37.762,36.125,10.767,106.60700000000001,110.148,64.9,54.9,30.5,100.7,66.2,88.6,96.0,88.2,94.6,91.2,94.3,11.065999999999999,5,5,5,103.571
26.01,7.0,19.148,38.282,35.980000000000004,8.793,106.42,109.789,64.9,54.9,30.5,100.7,66.2,88.6,96.0,88.2,94.6,91.2,94.3,10.122,5,5,5,103.905
26.03,7.0,19.405,37.65,35.983000000000004,7.692,106.34899999999999,109.77,64.9,54.9,30.5,100.7,66.2,88.6,96.0,88.2,94.6,91.2,94.3,9.934999999999999,5,5,5,104.118
26.05,7.0,19.243000000000002,37.681999999999995,35.891999999999996,6.443,106.23100000000001,109.77,64.9,54.9,30.5,100.7,66.2,88.6,96.0,88.2,94.6,91.2,94.3,10.463,5,5,5,104.194
26.07,7.0,18.848,38.114000000000004,35.964,5.671,106.27799999999999,109.73200000000001,64.9,54.9,30.5,100.7,66.2,88.6,96.0,88.2,94.6,91.2,94.3,9.551,5,5,5,104.219
26.09,8.0,19.204,37.541,35.894000000000005,5.713,106.113,109.77,64.9,54.9,30.5,100.7,66.2,88.6,96.0,88.2,94.6,91.2,94.3,10.004,5,5,5,104.275
26.11,8.0,19.192,37.503,35.874,5.543,106.137,109.92200000000001,64.9,54.9,30.5,100.7,66.2,88.6,96.0,88.2,94.6,91.2,94.3,10.326,5,5,5,104.279
26.13,8.0,18.695,37.707,35.903999999999996,5.225,106.16,109.656,64.9,54.9,30.5,100.7,66.2,88.6,96.0,88.2,94.6,91.2,94.3,9.254999999999999,5,5,5,104.29
26.15,8.0,18.781,37.87,36.027,4.837,106.113,109.618,64.9,54.9,30.5,100.7,66.2,88.6,96.0,88.2,94.6,91.2,94.3,10.083,5,5,5,104.32600000000001
26.17,8.0,18.93,37.489000000000004,35.983000000000004,5.117,105.875,109.46600000000001,64.9,54.9,30.5,100.7,66.2,88.6,96.0,88.2,94.6,91.2,94.3,10.275,5,5,5,104.346
26.19,8.0,19.003,37.64,35.984,5.333,106.042,109.59899999999999,64.9,54.9,30.5,100.7,66.2,88.6,96.0,88.2,94.6,91.2,94.3,9.626999999999999,5,5,5,104.353
26.21,8.0,18.637999999999998,37.101,35.951,4.759,105.947,109.637,64.9,54.9,30.5,100.7,66.2,88.6,96.0,88.2,94.6,91.2,94.3,10.744,5,5,5,104.354
26.23,8.0,18.981,37.617,35.778000000000006,4.794,106.042,109.656,64.9,54.9,30.5,100.7,66.2,88.6,96.0,88.2,94.6,91.2,94.3,10.198,5,5,5,104.361
26.25,8.0,18.384999999999998,37.313,35.679,5.07,105.994,109.58,64.9,54.9,30.5,100.7,66.2,88.6,96.0,88.2,94.6,91.2,94.3,9.879,5,5,5,104.36200000000001
26.27,8.0,18.999000000000002,37.738,35.853,4.929,105.994,109.675,64.9,54.9,30.5,100.7,66.2,88.6,96.0,88.2,94.6,91.2,94.3,10.729,5,5,5,104.36
26.29,8.0,18.915,37.404,35.772,5.099,106.066,109.58,64.9,54.9,30.5,100.7,66.2,88.6,96.0,88.2,94.6,91.2,94.3,9.974,5,5,5,104.361
26.31,8.0,18.532,37.543,35.727,4.803,105.899,109.447,64.9,54.9,30.5,100.7,66.2,88.6,96.0,88.2,94.6,91.2,94.3,10.021,5,5,5,104.355
26.33,8.0,18.687,37.428000000000004,35.875,4.724,105.947,109.50399999999999,64.9,54.9,30.5,100.7,66.2,88.6,96.0,88.2,94.6,91.2,94.3,10.314,5,5,5,104.365
26.35,8.0,18.161,37.505,35.907,5.119,105.73200000000001,109.637,64.9,54.9,30.5,100.7,66.2,88.6,96.0,88.2,94.6,91.2,94.3,9.219,5,5,5,104.36200000000001
26.37,8.0,18.714,37.482,35.735,5.008,105.875,109.485,64.9,54.9,30.5,100.7,66.2,88.6,96.0,88.2,94.6,91.2,94.3,10.048,5,5,5,104.361
26.39,8.0,18.232999999999997,37.424,35.704,4.504,105.684,109.40799999999999,64.9,54.9,30.5,100.7,66.2,88.6,96.0,88.2,94.6,91.2,94.3,10.151,5,5,5,104.359
26.41,8.0,18.366,37.299,35.951,5.153,105.92299999999999,109.523,64.9,54.9,30.5,100.7,66.2,88.6,96.0,88.2,94.6,91.2,94.3,9.509,5,5,5,104.363
26.43,8.0,18.535,37.395,35.709,5.147,105.92299999999999,109.21700000000001,64.9,54.9,30.5,100.7,66.2,88.6,96.0,88.2,94.6,91.2,94.3,10.282,5,5,5,104.366
26.45,8.0,18.339,36.726,35.499,5.038,105.73200000000001,109.236,64.9,54.9,30.5,100.7,66.2,88.6,96.0,88.2,94.6,91.2,94.3,9.966999999999999,5,5,5,104.36399999999999
26.47,8.0,18.482,37.047,35.504000000000005,5.128,105.82799999999999,109.21700000000001,64.9,54.9,30.5,100.7,66.2,88.6,96.0,88.2,94.6,91.2,94.3,9.721,5,5,5,104.361
26.49,8.0,18.619,36.999,35.620000000000005,4.768,105.66,109.21700000000001,64.9,54.9,30.5,100.7,66.2,88.6,96.0,88.2,94.6,91.2,94.3,10.917000000000002,5,5,5,104.369
26.51,8.0,18.682000000000002,37.041,35.54,4.641,105.78,109.255,64.9,54.9,30.5,100.7,66.2,88.6,96.0,88.2,94.6,91.2,94.3,10.171,5,5,5,104.36200000000001
26.53,8.0,18.304000000000002,36.510000000000005,35.545,4.996,105.684,109.06299999999999,64.9,54.9,30.5,100.7,66.2,88.6,96.0,88.2,94.6,91.2,94.3,10.053999999999998,5,5,5,104.361
26.55,8.0,17.958,37.41,35.699,4.955,105.588,109.178,64.9,54.9,30.5,100.7,66.2,88.6,96.0,88.2,94.6,91.2,94.3,10.422,5,5,5,104.363
26.57,8.0,17.819000000000003,36.833,35.852,5.029,105.708,109.044,64.9,54.9,30.5,100.7,66.2,88.6,96.0,88.2,94.6,91.2,94.3,9.645,5,5,5,104.36399999999999
26.59,8.0,18.436,36.665,35.806,4.841,105.564,109.37,64.9,54.9,30.5,100.7,66.2,88.6,96.0,88.2,94.6,91.2,94.3,10.058,5,5,5,104.35799999999999
26.61,8.0,18.149,37.231,35.609,5.146,105.588,109.101,64.9,54.9,30.5,100.7,66.2,88.6,96.0,88.2,94.6,91.2,94.3,10.393,5,5,5,104.355
26.63,8.0,18.023,37.242,35.857,5.291,105.66,109.06299999999999,64.9,54.9,30.5,100.7,66.2,88.6,96.0,88.2,94.6,91.2,94.3,9.258,5,5,5,104.35799999999999
26.65,8.0,18.163,36.902,35.730999999999995,4.878,105.54,109.101,64.9,54.9,30.5,100.7,66.2,88.6,96.0,88.2,94.6,91.2,94.3,10.15,5,5,5,104.359
26.67,8.0,18.636,36.421,35.603,4.785,105.54,109.08200000000001,64.9,54.9,30.5,100.7,66.2,88.6,96.0,88.2,94.6,91.2,94.3,10.303,5,5,5,104.36200000000001
26.69,8.0,18.182000000000002,37.207,35.721999999999994,5.134,105.46799999999999,108.986,64.9,54.9,30.5,100.7,66.2,88.6,96.0,88.2,94.6,91.2,94.3,9.901,5,5,5,104.36
26.71,8.0,18.161,36.903999999999996,35.66,4.622,105.61200000000001,108.831,64.9,54.9,30.5,100.7,66.2,88.6,96.0,88.2,94.6,91.2,94.3,10.712,5,5,5,104.365
26.73,8.0,17.802999999999997,36.796,35.66,4.872,105.63600000000001,108.986,64.9,54.9,30.5,100.7,66.2,88.6,96.0,88.2,94.6,91.2,94.3,9.875,5,5,5,104.36
26.75,8.0,17.515,36.47,35.668000000000006,4.985,105.37200000000001,108.831,64.9,54.9,30.5,100.7,66.2,88.6,96.0,88.2,94.6,91.2,94.3,9.533000000000001,5,5,5,104.35799999999999
26.77,8.0,17.704,36.823,35.852,4.325,105.34700000000001,108.792,64.9,54.9,30.5,100.7,66.2,88.6,96.0,88.2,94.6,91.2,94.3,9.785,5,5,5,104.361
26.79,8.0,17.276,36.888000000000005,35.674,4.937,105.29899999999999,108.81200000000001,64.9,54.9,30.5,100.7,66.2,88.6,96.0,88.2,94.6,91.2,94.3,9.629,5,5,5,104.361
26.81,8.0,17.996,36.509,35.355999999999995,4.933,105.396,108.773,64.9,54.9,30.5,100.7,66.2,88.6,96.0,88.2,94.6,91.2,94.3,8.935,5,5,5,104.35600000000001
26.83,8.0,17.978,36.241,35.629999999999995,4.723,105.34700000000001,108.889,64.9,54.9,30.5,100.7,66.2,88.6,96.0,88.2,94.6,91.2,94.3,9.604,5,5,5,104.361
26.85,8.0,17.869,37.052,35.44,4.646,105.29899999999999,108.831,64.9,54.9,30.5,100.7,66.2,88.6,96.0,88.2,94.6,91.2,94.3,9.856,5,5,5,104.35799999999999
26.87,8.0,17.907,36.605000000000004,35.653000000000006,5.046,105.42,108.734,64.9,54.9,30.5,100.7,66.2,88.6,96.0,88.2,94.6,91.2,94.3,9.077,5,5,5,104.36200000000001
26.89,8.0,18.161,36.475,35.620000000000005,4.858,105.105,108.75399999999999,64.9,54.9,30.5,100.7,66.2,88.6,96.0,88.2,94.6,91.2,94.3,9.466000000000001,5,5,5,104.363
26.91,8.0,17.424,36.353,35.592,4.787,105.03200000000001,108.637,64.9,54.9,30.5,100.7,66.2,88.6,96.0,88.2,94.6,91.2,94.3,10.013,5,5,5,104.35799999999999
26.93,8.0,17.994999999999997,36.417,35.579,4.948,105.081,108.52,64.9,54.9,30.5,100.7,66.2,88.6,96.0,88.2,94.6,91.2,94.3,9.302,5,5,5,104.367
26.95,8.0,17.808,36.656,35.493,5.236,105.081,108.695,64.9,54.9,30.5,100.7,66.2,88.6,96.0,88.2,94.6,91.2,94.3,9.176,5,5,5,104.366
26.97,8.0,17.657,36.30800000000001,35.708,5.302,105.12899999999999,108.52,64.9,54.9,30.5,100.7,66.2,88.6,96.0,88.2,94.6,91.2,94.3,9.99,5,5,5,104.366
26.99,8.0,17.413,36.596999999999994,35.658,5.028,105.275,108.44200000000001,64.9,54.9,30.5,100.7,66.2,88.6,96.0,88.2,94.6,91.2,94.3,9.245000000000001,5,5,5,104.37299999999999
27.01,8.0,18.084000000000003,36.358000000000004,35.484,4.965,105.178,108.501,64.9,54.9,30.5,100.7,66.2,88.6,96.0,88.2,94.6,91.2,94.3,8.859,5,5,5,104.35799999999999
27.03,8.0,17.566,35.635000000000005,35.58,5.257,104.88600000000001,108.559,64.9,54.9,30.5,100.7,66.2,88.6,96.0,88.2,94.6,91.2,94.3,9.315999999999999,5,5,5,104.363
27.05,8.0,17.423000000000002,36.349000000000004,35.403000000000006,5.445,104.934,108.42299999999999,64.9,54.9,30.5,100.7,66.2,88.6,96.0,88.2,94.6,91.2,94.3,9.525,5,5,5,104.36200000000001
27.07,8.0,17.492,36.465,35.402,4.992,105.03200000000001,108.48100000000001,64.9,54.9,30.5,100.7,66.2,88.6,96.0,88.2,94.6,91.2,94.3,8.464,5,5,5,104.36
27.09,8.0,17.601,36.105999999999995,35.611000000000004,5.327,105.105,108.227,64.9,54.9,30.5,100.7,66.2,88.6,96.0,88.2,94.6,91.2,94.3,9.32,5,5,5,104.37299999999999
27.11,8.0,17.254,35.853,35.53,5.016,105.178,108.345,64.9,54.9,30.5,100.7,66.2,88.6,96.0,88.2,94.6,91.2,94.3,9.609,5,5,5,104.36
27.13,8.0,17.363,36.113,35.585,5.167,104.88600000000001,108.227,64.9,54.9,30.5,100.7,66.2,88.6,96.0,88.2,94.6,91.2,94.3,9.357,5,5,5,104.351
27.15,8.0,17.14,36.254000000000005,35.596000000000004,5.231,105.03200000000001,108.305,64.9,54.9,30.5,100.7,66.2,88.6,96.0,88.2,94.6,91.2,94.3,9.213999999999999,5,5,5,104.35799999999999
27.17,8.0,17.055,35.873000000000005,35.463,4.884,104.861,108.42299999999999,64.9,54.9,30.5,100.7,66.2,88.6,96.0,88.2,94.6,91.2,94.3,10.055,5,5,5,104.363
27.19,8.0,17.375,36.135999999999996,35.379999999999995,5.062,104.76299999999999,108.24700000000001,64.9,54.9,30.5,100.7,66.2,88.6,96.0,88.2,94.6,91.2,94.3,9.303,5,5,5,104.367
27.21,8.0,17.537,36.172,35.468,4.798,104.861,108.089,64.9,54.9,30.5,100.7,66.2,88.6,96.0,88.2,94.6,91.2,94.3,9.125,5,5,5,104.361
27.23,8.0,17.163,35.945,35.449,5.295,104.788,108.227,64.9,54.9,30.5,100.7,66.2,88.6,96.0,88.2,94.6,91.2,94.3,9.428999999999998,5,5,5,104.36399999999999
27.25,8.0,17.299,35.815,35.385000000000005,5.047,104.861,107.932,64.9,54.9,30.5,100.7,66.2,88.6,96.0,88.2,94.6,91.2,94.3,9.317,5,5,5,104.369
27.27,8.0,16.957,36.303,35.491,4.671,104.73899999999999,108.16799999999999,64.9,54.9,30.5,100.7,66.2,88.6,96.0,88.2,94.6,91.2,94.3,8.629999999999999,5,5,5,104.365
27.29,8.0,17.497999999999998,36.206999999999994,35.364000000000004,5.175,104.665,108.05,64.9,54.9,30.5,100.7,66.2,88.6,96.0,88.2,94.6,91.2,94.3,9.329,5,5,5,104.366
27.31,8.0,17.163,35.795,35.325,5.068,104.714,107.81299999999999,64.9,54.9,30.5,100.7,66.2,88.6,96.0,88.2,94.6,91.2,94.3,9.472999999999999,5,5,5,104.363
27.33,8.0,17.639000000000003,35.834,35.541,4.931,104.714,107.912,64.9,54.9,30.5,100.7,66.2,88.6,96.0,88.2,94.6,91.2,94.3,8.748000000000001,5,5,5,104.366
27.35,8.0,17.044,36.016999999999996,35.369,5.178,104.689,108.109,64.9,54.9,30.5,100.7,66.2,88.6,96.0,88.2,94.6,91.2,94.3,9.309000000000001,5,5,5,104.369
27.37,8.0,17.323,35.921,35.382,4.879,104.81200000000001,108.18799999999999,64.9,54.9,30.5,100.7,66.2,88.6,96.0,88.2,94.6,91.2,94.3,9.922,5,5,5,104.36399999999999
27.39,8.0,16.839,36.05800000000001,35.355999999999995,4.702,104.76299999999999,108.01100000000001,64.9,54.9,30.5,100.7,66.2,88.6,96.0,88.2,94.6,91.2,94.3,9.280000000000001,5,5,5,104.361
27.41,8.0,16.89,36.294,35.57,5.22,104.837,108.109,64.9,54.9,30.5,100.7,66.2,88.6,96.0,88.2,94.6,91.2,94.3,9.213000000000001,5,5,5,104.365
27.43,8.0,16.985,35.787,35.408,4.466,104.689,108.01100000000001,64.9,54.9,30.5,100.7,66.2,88.6,96.0,88.2,94.6,91.2,94.3,10.156,5,5,5,104.367
27.45,8.0,16.784,35.697,35.542,4.575,104.665,108.109,64.9,54.9,30.5,100.7,66.2,88.6,96.0,88.2,94.6,91.2,94.3,9.279,5,5,5,104.36
27.47,8.0,16.775,35.583,35.438,4.851,104.64,107.991,64.9,54.9,30.5,100.7,66.2,88.6,96.0,88.2,94.6,91.2,94.3,8.946,5,5,5,104.35600000000001
27.49,8.0,16.674,36.138999999999996,35.5,4.847,104.566,107.932,64.9,54.9,30.5,100.7,66.2,88.6,96.0,88.2,94.6,91.2,94.3,9.328,5,5,5,104.36200000000001
27.51,8.0,16.826999999999998,35.836,35.554,4.689,104.59100000000001,108.03,64.9,54.9,30.5,100.7,66.2,88.6,96.0,88.2,94.6,91.2,94.3,9.168,5,5,5,104.363
27.53,8.0,17.115000000000002,35.784000000000006,35.441,4.668,104.51700000000001,107.89200000000001,64.9,54.9,30.5,100.7,66.2,88.6,96.0,88.2,94.6,91.2,94.3,8.431000000000001,5,5,5,104.361
27.55,8.0,16.566,35.943,35.614999999999995,4.959,104.51700000000001,107.95100000000001,64.9,54.9,30.5,100.7,66.2,88.6,96.0,88.2,94.6,91.2,94.3,9.278,5,5,5,104.367
27.57,8.0,16.828,35.986999999999995,35.643,4.93,104.46700000000001,107.89200000000001,64.9,54.9,30.5,100.7,66.2,88.6,96.0,88.2,94.6,91.2,94.3,9.466999999999999,5,5,5,104.363
27.59,8.0,16.848,35.372,35.382,5.177,104.59100000000001,107.67399999999999,64.9,54.9,30.5,100.7,66.2,88.6,96.0,88.2,94.6,91.2,94.3,9.132,5,5,5,104.361
27.61,8.0,16.360999999999997,35.373000000000005,35.563,5.093,104.492,107.654,64.9,54.9,30.5,100.7,66.2,88.6,96.0,88.2,94.6,91.2,94.3,9.238,5,5,5,104.361
27.63,8.0,16.524,35.713,35.398,5.361,104.41799999999999,107.67399999999999,64.9,54.9,30.5,100.7,66.2,88.6,96.0,88.2,94.6,91.2,94.3,9.997,5,5,5,104.365
27.65,8.0,16.732,35.015,35.437,5.06,104.64,107.87200000000001,64.9,54.9,30.5,100.7,66.2,88.6,96.0,88.2,94.6,91.2,94.3,9.371,5,5,5,104.368
27.67,8.0,16.855,35.314,35.564,5.453,104.59100000000001,107.833,64.9,54.9,30.5,100.7,66.2,88.6,96.0,88.2,94.6,91.2,94.3,9.228,5,5,5,104.36
27.69,8.0,16.658,35.528999999999996,35.446,5.312,104.46700000000001,107.912,64.9,54.9,30.5,100.7,66.2,88.6,96.0,88.2,94.6,91.2,94.3,9.668,5,5,5,104.35799999999999
27.71,8.0,16.485,35.374,35.47,4.798,104.689,107.89200000000001,64.9,54.9,30.5,100.7,66.2,88.6,96.0,88.2,94.6,91.2,94.3,9.754999999999999,5,5,5,104.36
27.73,8.0,16.814,35.006,35.343,5.122,104.492,107.634,64.9,54.9,30.5,100.7,66.2,88.6,96.0,88.2,94.6,91.2,94.3,9.742,5,5,5,104.359
27.75,8.0,16.006,35.215,35.602,5.2780000000000005,104.344,107.773,64.9,54.9,30.5,100.7,66.2,88.6,96.0,88.2,94.6,91.2,94.3,10.288,5,5,5,104.36
27.77,8.0,16.205,34.861000000000004,35.568,4.561,104.368,107.852,64.9,54.9,30.5,100.7,66.2,88.6,96.0,88.2,94.6,91.2,94.3,9.423,5,5,5,104.36
27.79,8.0,16.598,35.573,35.492,5.025,104.368,107.495,64.9,54.9,30.5,100.7,66.2,88.6,96.0,88.2,94.6,91.2,94.3,11.023,5,5,5,104.36
27.81,8.0,16.317,34.424,35.448,5.092,104.26899999999999,107.87200000000001,64.9,54.9,30.5,100.7,66.2,88.6,96.0,88.2,94.6,91.2,94.3,10.049,5,5,5,104.365
27.83,8.0,16.047,35.027,35.361000000000004,4.795,104.368,107.515,64.9,54.9,30.5,100.7,66.2,88.6,96.0,88.2,94.6,91.2,94.3,10.337,5,5,5,104.361
27.85,8.0,16.422,35.025999999999996,35.449,4.703,104.26899999999999,107.594,64.9,54.9,30.5,100.7,66.2,88.6,96.0,88.2,94.6,91.2,94.3,10.7,5,5,5,104.36200000000001
27.87,8.0,16.055,35.241,35.55,5.001,104.294,107.574,64.9,54.9,30.5,100.7,66.2,88.6,96.0,88.2,94.6,91.2,94.3,10.053999999999998,5,5,5,104.35600000000001
27.89,8.0,16.436,35.084,35.480000000000004,5.099,104.443,107.574,64.9,54.9,30.5,100.7,66.2,88.6,96.0,88.2,94.6,91.2,94.3,11.225999999999999,5,5,5,104.363
27.91,8.0,15.81,35.311,35.447,4.95,104.219,107.415,64.9,54.9,30.5,100.7,66.2,88.6,96.0,88.2,94.6,91.2,94.3,9.677,5,5,5,104.36
27.93,8.0,16.083,35.144999999999996,35.336,4.787,104.12,107.61399999999999,64.9,54.9,30.5,100.7,66.2,88.6,96.0,88.2,94.6,91.2,94.3,10.692,5,5,5,104.36200000000001
27.95,8.0,15.825999999999999,34.745999999999995,35.489000000000004,4.8,104.145,107.475,65.0,54.9,30.6,100.7,66.4,88.6,96.0,88.2,94.6,91.2,94.3,10.701,5,5,5,104.36200000000001
27.97,8.0,15.76,35.078,35.566,4.976,104.219,107.435,65.0,54.9,30.6,100.7,66.4,88.6,96.0,88.2,94.6,91.2,94.3,10.489,5,5,5,104.36
27.99,8.0,15.630999999999998,35.035,35.281,4.756,104.095,107.415,65.0,54.9,30.6,100.7,66.4,88.6,96.0,88.2,94.6,91.2,94.3,10.922,5,5,5,104.363
28.01,8.0,16.180999999999997,34.908,35.335,5.14,104.145,107.315,65.0,54.9,30.6,100.7,66.4,88.6,96.0,88.2,94.6,91.2,94.3,10.112,5,5,5,104.35700000000001
28.03,8.0,15.565999999999999,35.031,35.456,5.144,104.194,107.335,65.0,54.9,30.6,100.7,66.4,88.6,96.0,88.2,94.6,91.2,94.3,11.535,5,5,5,104.359
28.05,8.0,15.799000000000001,35.001,35.451,4.77,103.995,107.475,65.0,54.9,30.6,100.7,66.4,88.6,96.0,88.2,94.6,91.2,94.3,10.527999999999999,5,5,5,104.359
28.07,8.0,15.618,34.452,35.533,5.009,103.97,107.355,65.0,54.9,30.6,100.7,66.4,88.6,96.0,88.2,94.6,91.2,94.3,10.725999999999999,5,5,5,104.36
28.09,8.0,15.412,34.467,35.607,5.376,103.869,107.315,65.0,54.9,30.6,100.7,66.4,88.6,96.0,88.2,94.6,91.2,94.3,10.988,5,5,5,104.361
28.11,8.0,15.584000000000001,35.144000000000005,35.631,5.243,103.869,107.134,65.0,54.9,30.6,100.7,66.4,88.6,96.0,88.2,94.6,91.2,94.3,10.492,5,5,5,104.361
28.13,8.0,15.81,34.184,35.358000000000004,4.948,103.869,107.03299999999999,65.0,54.9,30.6,100.7,66.4,88.6,96.0,88.2,94.6,91.2,94.3,11.571000000000002,5,5,5,104.365
28.15,8.0,15.706,34.479,35.387,4.967,104.045,107.194,65.0,54.9,30.6,100.7,66.4,88.6,96.0,88.2,94.6,91.2,94.3,9.993,5,5,5,104.361
28.17,8.0,15.724,34.465,35.378,5.0,103.945,107.03299999999999,65.0,54.9,30.6,100.7,66.4,88.6,96.0,88.2,94.6,91.2,94.3,10.962,5,5,5,104.36399999999999
28.19,8.0,15.300999999999998,34.629000000000005,35.370000000000005,5.24,104.045,107.074,65.0,54.9,30.6,100.7,66.4,88.6,96.0,88.2,94.6,91.2,94.3,11.099,5,5,5,104.36
28.21,8.0,16.088,34.099000000000004,35.402,5.092,103.945,107.255,65.0,54.9,30.6,100.7,66.4,88.6,96.0,88.2,94.6,91.2,94.3,10.822,5,5,5,104.35799999999999
28.23,8.0,15.777000000000001,34.253,35.456,4.813,103.869,107.315,65.0,54.9,30.6,100.7,66.4,88.6,96.0,88.2,94.6,91.2,94.3,11.272,5,5,5,104.363
28.25,8.0,15.869000000000002,34.247,35.224000000000004,5.14,103.97,107.214,65.0,54.9,30.6,100.7,66.4,88.6,96.0,88.2,94.6,91.2,94.3,10.367,5,5,5,104.359
28.27,8.0,15.804,33.955,35.41,5.374,104.07,107.074,65.0,54.9,30.6,100.7,66.4,88.6,96.0,88.2,94.6,91.2,94.3,11.822,5,5,5,104.355
28.29,8.0,15.437000000000001,34.19199999999999,35.427,5.253,103.89399999999999,107.094,65.0,54.9,30.6,100.7,66.4,88.6,96.0,88.2,94.6,91.2,94.3,10.899000000000001,5,5,5,104.363
28.31,8.0,15.33,34.613,35.225,5.047,103.819,107.03299999999999,65.0,54.9,30.6,100.7,66.4,88.6,96.0,88.2,94.6,91.2,94.3,10.99,5,5,5,104.36200000000001
28.33,8.0,15.495,34.468,35.364999999999995,4.936,103.71799999999999,107.134,65.0,54.9,30.6,100.7,66.4,88.6,96.0,88.2,94.6,91.2,94.3,11.198,5,5,5,104.35799999999999
28.35,8.0,15.589,34.105999999999995,35.355000000000004,5.269,103.844,107.295,65.0,54.9,30.6,100.7,66.4,88.6,96.0,88.2,94.6,91.2,94.3,10.697,5,5,5,104.354
28.37,8.0,15.302999999999999,33.749,35.191,5.099,103.66799999999999,106.95299999999999,65.0,54.9,30.6,100.7,66.4,88.6,96.0,88.2,94.6,91.2,94.3,11.763,5,5,5,104.35700000000001
28.39,8.0,15.081,33.875,35.425,4.82,103.64200000000001,107.01299999999999,65.0,54.9,30.6,100.7,66.4,88.6,96.0,88.2,94.6,91.2,94.3,10.134,5,5,5,104.359
28.41,8.0,15.66,34.471000000000004,35.39,5.16,103.541,106.89200000000001,65.0,54.9,30.6,100.7,66.4,88.6,96.0,88.2,94.6,91.2,94.3,11.120000000000001,5,5,5,104.35600000000001
28.43,8.0,14.992,33.963,35.361000000000004,5.059,103.693,107.01299999999999,65.0,54.9,30.6,100.7,66.4,88.6,96.0,88.2,94.6,91.2,94.3,11.192,5,5,5,104.35799999999999
28.45,8.0,15.341,33.858000000000004,35.407,5.006,103.743,107.074,65.0,54.9,30.6,100.7,66.4,88.6,96.0,88.2,94.6,91.2,94.3,10.843,5,5,5,104.355
28.47,8.0,15.719000000000001,33.759,35.254999999999995,5.279,103.49,106.851,65.0,54.9,30.6,100.7,66.4,88.6,96.0,88.2,94.6,91.2,94.3,11.312000000000001,5,5,5,104.353
28.49,8.0,15.380999999999998,33.522,35.236999999999995,4.865,103.66799999999999,106.932,65.0,54.9,30.6,100.7,66.4,88.6,96.0,88.2,94.6,91.2,94.3,10.416,5,5,5,104.355
28.51,8.0,15.469000000000001,33.786,35.366,5.301,103.64200000000001,106.831,65.0,54.9,30.6,100.7,66.4,88.6,96.0,88.2,94.6,91.2,94.3,11.76,5,5,5,104.354
28.53,8.0,15.363,34.093,35.304,5.153,103.49,106.709,65.0,54.9,30.6,100.7,66.4,88.6,96.0,88.2,94.6,91.2,94.3,10.967,5,5,5,104.35600000000001
28.55,8.0,15.352,34.038,35.43,5.168,103.414,106.689,65.0,54.9,30.6,100.7,66.4,88.6,96.0,88.2,94.6,91.2,94.3,10.988,5,5,5,104.35799999999999
28.57,8.0,15.68,33.58,35.18,5.212,103.26100000000001,106.689,65.0,54.9,30.6,100.7,66.4,88.6,96.0,88.2,94.6,91.2,94.3,11.205,5,5,5,104.35700000000001
28.59,8.0,14.77,34.036,35.444,5.176,103.389,106.62799999999999,65.0,54.9,30.6,100.7,66.4,88.6,96.0,88.2,94.6,91.2,94.3,10.672999999999998,5,5,5,104.35700000000001
28.61,8.0,15.029,34.211,35.245000000000005,5.198,103.516,106.669,65.0,54.9,30.6,100.7,66.4,88.6,96.0,88.2,94.6,91.2,94.3,11.678999999999998,5,5,5,104.35799999999999
28.63,8.0,14.888,33.915,35.331,5.309,103.236,106.709,65.0,54.9,30.6,100.7,66.4,88.6,96.0,88.2,94.6,91.2,94.3,10.206,5,5,5,104.35600000000001
28.65,8.0,15.074,33.878,35.186,4.881,103.08200000000001,106.791,65.0,54.9,30.6,100.7,66.4,88.6,96.0,88.2,94.6,91.2,94.3,11.04,5,5,5,104.36
28.67,8.0,15.037,34.297,35.171,5.185,103.414,106.669,65.0,54.9,30.6,100.7,66.4,88.6,96.0,88.2,94.6,91.2,94.3,10.861,5,5,5,104.36
28.69,8.0,15.421,33.948,35.259,5.045,103.31200000000001,106.73,65.0,54.9,30.6,100.7,66.4,88.6,96.0,88.2,94.6,91.2,94.3,11.463999999999999,5,5,5,104.36
28.71,8.0,14.934,33.881,35.243,5.043,103.414,106.587,65.0,54.9,30.6,100.7,66.4,88.6,96.0,88.2,94.6,91.2,94.3,11.969999999999999,5,5,5,104.35799999999999
28.73,8.0,14.996,33.954,35.36,5.148,103.363,106.52600000000001,65.0,54.9,30.6,100.7,66.4,88.6,96.0,88.2,94.6,91.2,94.3,11.104,5,5,5,104.36200000000001
28.75,8.0,14.959,34.227,35.236999999999995,4.923,103.21,106.689,65.0,54.9,30.6,100.7,66.4,88.6,96.0,88.2,94.6,91.2,94.3,12.686,5,5,5,104.361
28.77,8.0,14.964,33.822,35.344,4.723,103.26100000000001,106.42399999999999,65.0,54.9,30.6,100.7,66.4,88.6,96.0,88.2,94.6,91.2,94.3,12.012,5,5,5,104.36
28.79,8.0,14.567,33.961,35.245000000000005,5.124,103.363,106.383,65.0,54.9,30.6,100.7,66.4,88.6,96.0,88.2,94.6,91.2,94.3,12.766,5,5,5,104.36
28.81,8.0,15.088,33.65,35.19199999999999,4.688,103.287,106.648,65.0,54.9,30.6,100.7,66.4,88.6,96.0,88.2,94.6,91.2,94.3,12.854,5,5,5,104.36200000000001
28.83,8.0,15.183,33.819,35.114999999999995,4.628,103.21,106.62799999999999,65.0,54.9,30.6,100.7,66.4,88.6,96.0,88.2,94.6,91.2,94.3,12.026,5,5,5,104.363
28.85,8.0,14.841000000000001,33.638999999999996,35.256,4.6370000000000005,103.236,106.669,65.0,54.9,30.6,100.7,66.4,88.6,96.0,88.2,94.6,91.2,94.3,13.736,5,5,5,104.365
28.87,8.0,14.804,34.008,35.337,4.831,103.133,106.42399999999999,65.0,54.9,30.6,100.7,66.4,88.6,96.0,88.2,94.6,91.2,94.3,12.678,5,5,5,104.36200000000001
28.89,8.0,14.888,33.689,35.249,4.649,103.26100000000001,106.40299999999999,65.0,54.9,30.6,100.7,66.4,88.6,96.0,88.2,94.6,91.2,94.3,13.408,5,5,5,104.35700000000001
28.91,8.0,14.665,33.244,35.245000000000005,4.496,103.21,106.60799999999999,65.0,54.9,30.6,100.7,66.4,88.6,96.0,88.2,94.6,91.2,94.3,13.543,5,5,5,104.361
28.93,8.0,14.948,33.29,35.31699999999999,4.894,103.236,106.689,65.0,54.9,30.6,100.7,66.4,88.6,96.0,88.2,94.6,91.2,94.3,12.331,5,5,5,104.359
28.95,8.0,14.202,33.476,35.234,5.288,103.133,106.42399999999999,65.0,54.9,30.6,100.7,66.4,88.6,96.0,88.2,94.6,91.2,94.3,13.875,5,5,5,104.366
28.97,8.0,14.615,33.883,35.099000000000004,5.029,103.185,106.444,65.0,54.9,30.6,100.7,66.4,88.6,96.0,88.2,94.6,91.2,94.3,13.008,5,5,5,104.363
28.99,8.0,14.522,33.325,35.251,4.785,103.133,106.506,65.0,54.9,30.6,100.7,66.4,88.6,96.0,88.2,94.6,91.2,94.3,13.52,5,5,5,104.361
29.01,8.0,14.408999999999999,33.448,35.336,5.333,103.15899999999999,106.465,65.0,54.9,30.6,100.7,66.4,88.6,96.0,88.2,94.6,91.2,94.3,13.792,5,5,5,104.36200000000001
29.03,8.0,14.468,33.614999999999995,35.195,5.05,102.928,106.301,65.0,54.9,30.6,100.7,66.4,88.6,96.0,88.2,94.6,91.2,94.3,12.619,5,5,5,104.363
29.05,8.0,14.495,33.603,35.215,5.052,103.10799999999999,106.26,65.0,54.9,30.6,100.7,66.4,88.6,96.0,88.2,94.6,91.2,94.3,13.952,5,5,5,104.361
29.07,8.0,14.309,33.706,35.079,5.079,102.979,106.219,65.0,54.9,30.6,100.7,66.4,88.6,96.0,88.2,94.6,91.2,94.3,13.15,5,5,5,104.363
29.09,8.0,14.193,33.596999999999994,35.345,5.195,103.005,106.28,65.0,54.9,30.6,100.7,66.4,88.6,96.0,88.2,94.6,91.2,94.3,13.879,5,5,5,104.359
29.11,8.0,14.222999999999999,33.813,35.282,5.088,102.979,106.198,65.0,54.9,30.6,100.7,66.4,88.6,96.0,88.2,94.6,91.2,94.3,13.927,5,5,5,104.363
29.13,8.0,14.699,33.248000000000005,35.074,5.127,103.10799999999999,106.03299999999999,65.0,54.9,30.6,100.7,66.4,88.6,96.0,88.2,94.6,91.2,94.3,12.781,5,5,5,104.363
29.15,8.0,14.298,33.209,35.204,5.386,102.979,106.075,65.0,54.9,30.6,100.7,66.4,88.6,96.0,88.2,94.6,91.2,94.3,14.185,5,5,5,104.36
29.17,8.0,14.277000000000001,33.485,35.096000000000004,5.065,102.928,106.075,65.0,54.9,30.6,100.7,66.4,88.6,96.0,88.2,94.6,91.2,94.3,13.361,5,5,5,104.35799999999999
29.19,8.0,14.092,33.249,35.278000000000006,4.998,102.95299999999999,106.301,65.0,54.9,30.6,100.7,66.4,88.6,96.0,88.2,94.6,91.2,94.3,13.836,5,5,5,104.35700000000001
29.21,8.0,14.261000000000001,33.368,35.096000000000004,5.14,102.928,106.198,65.0,54.9,30.6,100.7,66.4,88.6,96.0,88.2,94.6,91.2,94.3,14.133,5,5,5,104.35600000000001
29.23,8.0,14.345,33.620000000000005,35.079,5.012,102.979,106.23899999999999,65.0,54.9,30.6,100.7,66.4,88.6,96.0,88.2,94.6,91.2,94.3,12.966000000000001,5,5,5,104.35799999999999
29.25,8.0,14.578,33.3,35.055,5.301,102.902,106.095,65.0,54.9,30.6,100.7,66.4,88.6,96.0,88.2,94.6,91.2,94.3,14.147,5,5,5,104.36399999999999
29.27,8.0,13.849,33.083,35.294,5.143,102.902,106.054,65.0,54.9,30.6,100.7,66.4,88.6,96.0,88.2,94.6,91.2,94.3,13.445,5,5,5,104.361
29.29,8.0,14.227,33.611999999999995,35.066,5.394,102.85,106.198,65.0,54.9,30.6,100.7,66.4,88.6,96.0,88.2,94.6,91.2,94.3,13.832,5,5,5,104.359
29.31,8.0,14.399,33.260000000000005,35.022,5.225,102.979,106.137,65.0,54.9,30.6,100.7,66.4,88.6,96.0,88.2,94.6,91.2,94.3,14.059,5,5,5,104.35799999999999
29.33,8.0,14.46,32.823,35.164,5.156,102.876,106.26,65.0,54.9,30.6,100.7,66.4,88.6,96.0,88.2,94.6,91.2,94.3,13.002,5,5,5,104.361
29.35,8.0,13.734,32.999,35.311,5.402,102.95299999999999,106.116,65.0,54.9,30.6,100.7,66.4,88.6,96.0,88.2,94.6,91.2,94.3,14.24,5,5,5,104.36200000000001
29.37,8.0,14.168,33.289,35.177,5.26,102.85,106.095,65.0,54.9,30.6,100.7,66.4,88.6,96.0,88.2,94.6,91.2,94.3,13.418,5,5,5,104.361
29.39,8.0,13.809,32.730999999999995,35.111000000000004,5.269,103.005,105.992,65.0,54.9,30.6,100.7,66.4,88.6,96.0,88.2,94.6,91.2,94.3,13.896,5,5,5,104.363
29.41,8.0,13.658,32.658,35.327,5.336,102.74700000000001,105.889,65.0,54.9,30.6,100.7,66.4,88.6,96.0,88.2,94.6,91.2,94.3,14.251,5,5,5,104.361
29.43,8.0,14.082,33.299,35.212,4.735,102.721,105.93,65.0,54.9,30.6,100.7,66.4,88.6,96.0,88.2,94.6,91.2,94.3,13.176,5,5,5,104.361
29.45,8.0,14.305,32.897,35.171,4.87,102.74700000000001,106.116,65.0,54.9,30.6,100.7,66.4,88.6,95.95,88.2,94.6,91.2,94.3,14.315,5,5,5,104.359
29.47,8.0,13.809,32.678,35.057,5.491,102.74700000000001,105.93,65.0,54.9,30.6,100.7,66.4,88.6,95.884,88.2,94.6,91.2,94.3,13.581,5,5,5,104.36399999999999
29.49,8.0,14.232000000000001,32.361000000000004,35.15,4.994,102.461,105.90899999999999,65.0,54.9,30.6,100.7,66.4,88.6,95.847,88.2,94.6,91.2,94.3,14.242,5,5,5,104.35700000000001
29.51,8.0,13.808,32.735,35.028000000000006,5.073,102.64299999999999,105.743,65.0,54.9,30.6,100.7,66.4,88.6,95.827,88.2,94.6,91.2,94.3,14.369,5,5,5,104.35799999999999
29.53,8.0,13.552,32.635999999999996,35.14,5.218,102.565,105.868,65.0,54.9,30.6,100.7,66.4,88.6,95.815,88.2,94.6,91.2,94.3,13.203,5,5,5,104.363
29.55,8.0,13.395,32.727,35.171,5.099,102.59100000000001,105.93,65.0,54.9,30.6,100.7,66.4,88.6,95.808,88.2,94.6,91.2,94.3,14.607000000000001,5,5,5,104.35799999999999
29.57,8.0,13.502,32.813,35.174,5.447,102.74700000000001,105.889,65.0,54.9,30.6,100.7,66.4,88.6,95.805,88.2,94.512,91.2,94.3,13.655,5,5,5,104.354
29.59,8.0,13.881,32.678,35.167,5.183,102.435,105.764,65.0,54.9,30.6,100.7,66.4,88.6,95.803,88.2,94.46300000000001,91.2,94.3,14.201,5,5,5,104.354
29.61,8.0,13.95,32.711,34.980999999999995,4.847,102.565,105.806,65.0,54.9,30.6,100.7,66.4,88.6,95.801,88.2,94.436,91.2,94.3,14.577,5,5,5,104.352
29.63,8.0,13.572000000000001,33.116,35.31,5.313,102.669,105.639,65.0,54.9,30.6,100.7,66.4,88.6,95.801,88.2,94.42,91.2,94.3,13.229,5,5,5,104.355
29.65,8.0,13.915,32.929,34.824,5.324,102.51299999999999,105.84700000000001,65.0,54.9,30.6,100.7,66.4,88.6,95.8,88.2,94.411,91.2,94.3,14.448,5,5,5,104.35799999999999
29.67,8.0,13.667,32.919,35.234,5.379,102.435,105.93,65.0,54.9,30.6,100.7,66.4,88.6,95.8,88.2,94.406,91.2,94.3,15.065,5,5,5,104.35700000000001
29.69,8.0,13.311,32.489999999999995,35.196,4.912,102.721,105.992,65.0,54.9,30.6,100.7,66.4,88.6,95.8,88.2,94.404,91.2,94.3,14.793,5,5,5,104.361
29.71,8.0,13.619,32.967,35.039,5.073,102.539,105.723,65.0,54.9,30.6,100.7,66.4,88.6,95.8,88.2,94.402,91.2,94.3,14.323,5,5,5,104.355
29.73,8.0,13.539,32.559,35.08,5.612,102.304,105.868,65.0,54.9,30.6,100.7,66.4,88.6,95.8,88.2,94.40100000000001,91.2,94.3,14.426,5,5,5,104.35799999999999
29.75,8.0,13.037,32.563,35.169,5.181,102.382,105.723,65.0,54.9,30.6,100.7,66.4,88.6,95.8,88.2,94.40100000000001,91.2,94.3,15.398,5,5,5,104.35799999999999
29.77,8.0,13.343,32.334,35.274,4.824,102.435,105.681,65.0,54.9,30.6,100.7,66.4,88.6,95.8,88.2,94.4,91.2,94.3,16.066,5,5,5,104.35700000000001
29.79,8.0,13.075,32.818,35.211,4.927,102.35600000000001,105.57700000000001,65.0,54.9,30.6,100.7,66.4,88.6,95.8,88.2,94.4,91.2,94.3,16.424,5,5,5,104.35700000000001
29.81,8.0,12.713,32.577,35.233000000000004,4.762,102.33,105.639,65.0,54.9,30.6,100.7,66.4,88.6,95.8,88.2,94.4,91.2,94.3,15.718,5,5,5,104.363
29.83,8.0,13.365,32.784000000000006,35.206,5.535,102.146,105.43,65.0,54.9,30.6,100.7,66.4,88.6,95.8,88.2,94.4,91.2,94.3,15.36,5,5,5,104.36
29.85,8.0,13.182,32.024,35.129999999999995,4.814,102.51299999999999,105.556,65.0,54.9,30.6,100.7,66.4,88.6,95.8,88.2,94.4,91.2,94.3,15.520999999999999,5,5,5,104.353
29.87,8.0,12.873999999999999,32.521,35.159000000000006,5.37,102.35600000000001,105.43,65.0,54.9,30.6,100.7,66.4,88.6,95.8,88.2,94.4,91.2,94.3,16.384,5,5,5,104.359
29.89,8.0,13.297,32.204,35.156,4.667,102.199,105.66,65.0,54.9,30.6,100.7,66.4,88.6,95.8,88.2,94.4,91.2,94.3,17.155,5,5,5,104.35799999999999
29.91,8.0,13.276,32.458,35.358000000000004,4.938,102.277,105.535,65.0,54.9,30.6,100.7,66.4,88.6,95.8,88.2,94.4,91.2,94.3,16.968,5,5,5,104.363
29.93,8.0,13.356,32.559,35.185,4.84,102.35600000000001,105.598,65.0,54.9,30.6,100.7,66.4,88.6,95.8,88.2,94.4,91.2,94.3,16.095,5,5,5,104.36
29.95,8.0,13.429,32.445,34.96,4.902,102.33,105.28299999999999,65.1,55.0,30.6,101.2,66.5,88.6,95.8,88.2,94.4,91.2,94.3,15.911,5,5,5,104.35799999999999
29.97,8.0,12.912,32.394000000000005,35.379999999999995,5.174,102.277,105.723,65.1,55.0,30.6,101.2,66.5,88.6,95.8,88.2,94.4,91.2,94.3,16.089,5,5,5,104.361
29.99,8.0,12.882000000000001,32.492,35.257,5.037,102.435,105.556,65.1,55.0,30.6,101.2,66.5,88.6,95.8,88.2,94.4,91.2,94.3,16.934,5,5,5,104.36399999999999
30.01,8.0,13.367,32.456999999999994,35.149,5.185,102.225,105.262,65.1,55.0,30.6,101.2,66.5,88.6,95.8,88.2,94.4,91.2,94.3,17.014000000000003,5,5,5,104.363
30.03,8.0,13.195,32.214,35.122,5.038,102.277,105.38799999999999,65.1,55.0,30.6,101.2,66.5,88.6,95.8,88.2,94.4,91.2,94.3,17.127000000000002,5,5,5,104.36399999999999
30.05,8.0,12.785,32.444,35.168000000000006,5.196,102.09299999999999,105.367,65.1,55.0,30.6,101.2,66.5,88.6,95.8,88.2,94.4,91.2,94.3,16.421,5,5,5,104.359
30.07,8.0,12.888,32.369,35.061,5.421,101.988,105.199,65.1,55.0,30.6,101.2,66.5,88.6,95.8,88.2,94.4,91.2,94.3,16.182000000000002,5,5,5,104.35700000000001
30.09,8.0,12.895,32.432,35.031,5.625,101.988,105.009,65.1,55.0,30.6,101.2,66.5,88.6,95.8,88.2,94.4,91.2,94.3,16.636,5,5,5,104.366
30.11,8.0,13.088,32.323,35.167,4.922,101.855,105.28299999999999,65.1,55.0,30.6,101.2,66.5,88.6,95.8,88.2,94.4,91.2,94.3,17.296,5,5,5,104.367
30.13,8.0,12.785,32.408,35.0,5.138,102.09299999999999,105.304,65.1,55.0,30.6,101.2,66.5,88.6,95.8,88.2,94.4,91.2,94.3,17.329,5,5,5,104.363
30.15,8.0,12.995000000000001,32.434,35.295,5.782,102.199,105.28299999999999,65.1,55.0,30.6,101.2,66.5,88.6,95.8,88.2,94.4,91.2,94.3,17.014000000000003,5,5,5,104.363
30.17,8.0,13.165,32.206999999999994,35.165,5.459,102.146,105.241,65.1,55.0,30.6,101.2,66.5,88.6,95.8,88.2,94.4,91.2,94.3,16.599,5,5,5,104.365
30.19,8.0,13.121,32.286,35.224000000000004,5.499,101.961,105.22,65.1,55.0,30.6,101.2,66.5,88.6,95.8,88.2,94.4,91.2,94.3,16.240000000000002,5,5,5,104.365
30.21,8.0,12.932,32.194,35.096000000000004,5.61,102.12,105.346,65.1,55.0,30.6,101.2,66.5,88.6,95.8,88.2,94.4,91.2,94.3,17.228,5,5,5,104.361
30.23,8.0,12.407,32.288,35.008,5.339,102.014,105.262,65.1,55.0,30.6,101.2,66.5,88.6,95.8,88.2,94.4,91.2,94.3,17.59,5,5,5,104.35799999999999
30.25,8.0,12.507000000000001,31.840999999999998,35.165,5.312,101.90799999999999,105.199,65.1,55.0,30.6,101.2,66.5,88.6,95.8,88.2,94.4,91.2,94.3,17.576999999999998,5,5,5,104.361
30.27,8.0,12.762,31.976,35.135000000000005,5.208,102.014,105.241,65.1,55.0,30.6,101.2,66.5,88.6,95.8,88.2,94.4,91.2,94.3,16.951,5,5,5,104.361
30.29,8.0,12.794,31.845,35.144000000000005,5.345,101.961,105.178,65.1,55.0,30.6,101.2,66.5,88.6,95.8,88.2,94.4,91.2,94.3,16.58,5,5,5,104.361
30.31,8.0,12.695,32.010000000000005,35.053,5.302,101.82799999999999,104.90299999999999,65.1,55.0,30.6,101.2,66.5,88.6,95.8,88.2,94.4,91.2,94.3,16.528,5,5,5,104.363
30.33,8.0,12.588,31.888,34.971000000000004,4.957,101.90799999999999,105.009,65.1,55.0,30.6,101.2,66.5,88.6,95.8,88.2,94.4,91.2,94.3,17.89,5,5,5,104.361
30.35,8.0,12.969999999999999,32.321,35.301,5.66,102.09299999999999,105.094,65.1,55.0,30.6,101.2,66.5,88.6,95.8,88.2,94.4,91.2,94.3,17.587,5,5,5,104.35700000000001
30.37,8.0,12.761,31.816,35.095,5.054,101.961,105.115,65.1,55.0,30.6,101.2,66.5,88.6,95.8,88.2,94.4,91.2,94.3,17.567999999999998,5,5,5,104.363
30.39,8.0,12.567,32.08,35.024,4.58,101.775,105.009,65.1,55.0,30.6,101.2,66.5,88.6,95.8,88.2,94.4,91.2,94.3,16.95,5,5,5,104.367
30.41,8.0,12.594999999999999,31.825,35.134,5.032,101.882,105.009,65.1,55.0,30.6,101.2,66.5,88.6,95.8,88.2,94.4,91.2,94.3,16.64,5,5,5,104.36399999999999
30.43,8.0,12.803999999999998,31.941999999999997,35.179,4.914,101.988,105.051,65.1,55.0,30.6,101.2,66.5,88.6,95.8,88.2,94.4,91.2,94.3,16.672,5,5,5,104.36399999999999
30.45,8.0,12.654,32.102,35.184,4.907,101.72200000000001,104.92399999999999,65.1,55.0,30.6,101.2,66.5,88.6,95.8,88.2,94.4,91.2,94.3,17.982,5,5,5,104.35799999999999
30.47,8.0,12.331,31.759,35.11,4.9,101.961,105.009,65.1,55.0,30.6,101.2,66.5,88.6,95.8,88.2,94.4,91.2,94.3,17.814999999999998,5,5,5,104.366
30.49,8.0,12.837,31.54,35.086,4.92,101.855,104.96700000000001,65.1,55.0,30.6,101.2,66.5,88.6,95.8,88.2,94.4,91.2,94.3,17.595999999999997,5,5,5,104.36
30.51,8.0,12.945,32.06,35.079,4.956,101.855,105.073,65.1,55.0,30.6,101.2,66.5,88.6,95.8,88.2,94.4,91.2,94.3,16.778,5,5,5,104.355
30.53,8.0,12.538,31.906999999999996,34.956,5.167,101.589,105.094,65.1,55.0,30.6,101.2,66.5,88.6,95.8,88.2,94.4,91.2,94.3,16.633,5,5,5,104.359
30.55,8.0,12.573,31.986,35.186,4.882,101.775,105.073,65.1,55.0,30.6,101.2,66.5,88.6,95.8,88.2,94.4,91.2,94.3,17.044,5,5,5,104.355
30.57,8.0,12.809000000000001,31.447,34.882,5.092,101.90799999999999,104.988,65.1,55.0,30.6,101.2,66.5,88.6,95.8,88.2,94.4,91.2,94.3,17.859,5,5,5,104.361
30.59,8.0,12.097000000000001,31.479,35.033,5.284,101.695,105.22,65.1,55.0,30.6,101.2,66.5,88.6,95.8,88.2,94.4,91.2,94.3,17.764000000000003,5,5,5,104.36200000000001
30.61,8.0,12.294,31.81,35.006,5.36,101.64200000000001,104.73299999999999,65.1,55.0,30.6,101.2,66.5,88.6,95.8,88.2,94.4,91.2,94.3,17.284,5,5,5,104.363
30.63,8.0,12.463,31.628,34.93,5.256,101.749,104.90299999999999,65.1,55.0,30.6,101.2,66.5,88.6,95.8,88.2,94.4,91.2,94.3,16.755000000000003,5,5,5,104.359
30.65,8.0,12.74,31.776,35.072,5.393,101.669,104.861,65.1,55.0,30.6,101.2,66.5,88.6,95.8,88.175,94.4,91.2,94.3,16.6,5,5,5,104.354
30.67,8.0,11.667000000000002,31.375999999999998,35.144999999999996,5.496,101.749,104.73299999999999,65.1,55.0,30.6,101.2,66.5,88.6,95.8,88.098,94.4,91.2,94.3,16.712,5,5,5,104.35799999999999
30.69,8.0,12.312000000000001,31.753,35.148,5.353,101.589,104.584,65.1,55.0,30.6,101.2,66.5,88.6,95.8,88.055,94.4,91.2,94.3,17.231,5,5,5,104.36
30.71,8.0,12.43,31.839000000000002,35.061,5.266,101.749,104.69,65.1,55.0,30.6,101.2,66.5,88.6,95.8,88.031,94.4,91.2,94.3,17.295,5,5,5,104.36200000000001
30.73,8.0,12.498,31.881,34.939,5.499,101.72200000000001,104.79700000000001,65.1,55.0,30.6,101.2,66.5,88.6,95.8,88.018,94.4,91.2,94.3,17.712,5,5,5,104.36200000000001
30.75,8.0,12.353,31.826,35.024,5.101,101.428,104.669,65.1,55.0,30.6,101.2,66.5,88.6,95.8,88.01,94.4,91.2,94.3,18.086,5,5,5,104.355
30.77,8.0,12.18,31.193,34.968,5.05,101.695,104.712,65.1,55.0,30.6,101.2,66.5,88.6,95.8,88.006,94.4,91.2,94.3,18.425,5,5,5,104.35799999999999
30.79,8.0,11.788,31.205,35.056,5.53,101.615,104.75399999999999,65.1,55.0,30.6,101.2,66.5,88.6,95.8,88.003,94.4,91.2,94.3,18.669,5,5,5,104.36200000000001
30.81,8.0,11.565999999999999,31.766,35.062,5.045,101.508,104.712,65.1,55.0,30.6,101.2,66.5,88.6,95.8,88.002,94.4,91.2,94.3,19.148,5,5,5,104.365
30.83,8.0,11.506,31.31,35.105999999999995,5.024,101.428,104.56200000000001,65.1,55.0,30.6,101.2,66.5,88.6,95.8,88.001,94.4,91.2,94.3,18.929000000000002,5,5,5,104.36
30.85,8.0,11.992,31.635,35.122,5.181,101.454,104.92399999999999,65.1,55.0,30.6,101.2,66.5,88.6,95.8,88.001,94.4,91.2,94.3,19.293,5,5,5,104.35799999999999
30.87,8.0,12.068999999999999,31.195,35.019000000000005,5.194,101.56200000000001,104.712,65.1,55.0,30.6,101.2,66.5,88.6,95.8,88.0,94.4,91.2,94.3,19.39,5,5,5,104.36200000000001
30.89,8.0,12.097000000000001,31.436999999999998,35.022,5.446,101.374,104.648,65.1,55.0,30.6,101.2,66.5,88.6,95.8,88.0,94.4,91.2,94.3,19.363,5,5,5,104.36
30.91,8.0,11.782,31.291,35.061,5.085,101.29299999999999,104.412,65.1,55.0,30.6,101.2,66.5,88.6,95.8,88.0,94.4,91.2,94.3,19.413,5,5,5,104.361
30.93,8.0,12.169,31.47,34.965,5.234,101.428,104.669,65.1,55.0,30.6,101.2,66.5,88.6,95.8,88.0,94.4,91.2,94.3,19.794,5,5,5,104.355
30.95,8.0,11.676,31.307,35.061,5.404,101.40100000000001,104.477,65.1,55.0,30.6,101.2,66.5,88.6,95.8,88.0,94.4,91.2,94.3,19.517000000000003,5,5,5,104.36200000000001
30.97,8.0,12.059000000000001,31.155,34.992,5.129,101.40100000000001,104.79700000000001,65.1,55.0,30.6,101.2,66.5,88.6,95.8,88.0,94.4,91.2,94.3,19.685000000000002,5,5,5,104.36200000000001
30.99,8.0,12.308,31.326999999999998,35.044,5.198,101.40100000000001,104.584,65.1,55.0,30.6,101.2,66.5,88.6,95.8,88.0,94.4,91.2,94.3,19.654000000000003,5,5,5,104.35700000000001
31.01,8.0,11.718,30.675,34.961,4.892,101.40100000000001,104.626,65.1,55.0,30.6,101.2,66.5,88.6,95.8,88.0,94.4,91.2,94.3,19.663,5,5,5,104.35799999999999
31.03,8.0,11.794,31.405,34.946,4.975,101.34700000000001,104.648,65.1,55.0,30.6,101.2,66.5,88.6,95.8,88.0,94.4,91.2,94.3,19.438,5,5,5,104.36
31.05,8.0,12.148,31.213,35.03,5.211,101.15799999999999,104.818,65.1,55.0,30.6,101.2,66.5,88.6,95.8,88.0,94.4,91.2,94.3,19.523,5,5,5,104.35700000000001
31.07,8.0,11.779,31.19,34.918000000000006,5.183,101.07700000000001,104.69,65.1,55.0,30.6,101.2,66.5,88.6,95.8,88.0,94.4,91.2,94.3,19.33,5,5,5,104.363
31.09,8.0,11.267,31.031,34.931,4.892,101.374,104.584,65.1,55.0,30.6,101.2,66.5,88.6,95.8,88.0,94.4,91.15,94.3,19.153,5,5,5,104.355
31.11,8.0,12.079,31.081,35.007,5.097,101.32,104.51899999999999,65.1,55.0,30.6,101.2,66.5,88.6,95.8,88.0,94.4,91.084,94.3,19.000999999999998,5,5,5,104.353
31.13,8.0,12.273,31.155,34.956,5.427,101.15799999999999,104.412,65.1,55.0,30.6,101.2,66.5,88.6,95.8,88.0,94.4,91.047,94.3,18.855,5,5,5,104.36
31.15,8.0,11.861,31.177,34.934,5.298,101.185,104.455,65.1,55.0,30.6,101.2,66.5,88.6,95.8,88.0,94.4,91.027,94.3,18.845,5,5,5,104.36200000000001
31.17,8.0,11.739,31.335,34.935,5.119,101.212,104.51899999999999,65.1,55.0,30.6,101.2,66.5,88.6,95.8,88.0,94.4,91.015,94.3,18.915,5,5,5,104.35799999999999
31.19,8.0,11.541,31.068,34.967,5.118,100.995,104.391,65.1,55.0,30.6,101.2,66.5,88.6,95.8,88.0,94.4,91.008,94.3,18.778,5,5,5,104.35799999999999
31.21,8.0,11.995000000000001,30.691,35.03,5.124,101.185,104.541,65.1,55.0,30.6,101.2,66.5,88.6,95.8,88.0,94.4,91.005,94.3,18.739,5,5,5,104.35700000000001
31.23,8.0,11.768,30.677,34.81,4.929,100.995,104.32600000000001,65.1,55.0,30.6,101.2,66.5,88.6,95.8,88.0,94.4,91.003,94.3,18.756,5,5,5,104.365
31.25,8.0,11.767,30.851999999999997,34.85,4.547,101.185,104.21799999999999,65.1,55.0,30.6,101.2,66.5,88.6,95.8,88.0,94.4,91.001,94.3,18.768,5,5,5,104.359
31.27,8.0,11.751000000000001,30.924,34.883,4.662,100.96799999999999,104.584,65.1,55.0,30.6,101.2,66.5,88.6,95.8,88.0,94.4,91.001,94.3,18.677,5,5,5,104.369
31.29,8.0,11.847999999999999,30.558000000000003,35.012,4.436,101.04899999999999,104.369,65.1,55.0,30.6,101.2,66.5,88.6,95.8,88.0,94.4,91.0,94.3,18.828,5,5,5,104.359
31.31,8.0,11.440000000000001,31.49,34.944,4.386,100.995,104.21799999999999,65.1,55.0,30.6,101.2,66.5,88.6,95.8,88.0,94.4,91.0,94.3,18.726,5,5,5,104.363
31.36,18.0,11.454,31.49,34.937,4.734,100.995,104.175,65.1,55.0,30.6,101.2,66.5,88.6,95.8,88.0,94.4,91.0,94.3,18.697000000000003,5,5,5,104.36
31.41,18.0,11.21,30.905,34.9,4.117,101.23899999999999,104.28299999999999,65.1,55.0,30.6,101.2,66.5,88.6,95.8,88.0,94.4,91.0,94.3,20.011,5,5,5,104.353
31.46,18.0,11.51,30.65,34.885000000000005,4.72,101.185,104.477,65.1,55.0,30.6,101.2,66.5,88.6,95.8,88.0,94.4,91.0,94.3,19.208,5,5,5,104.359
31.51,18.0,11.539,30.987,34.876999999999995,5.333,101.212,104.412,65.1,55.0,30.6,101.2,66.5,88.6,95.8,88.0,94.4,91.0,94.3,19.244999999999997,5,5,5,104.361
31.56,18.0,11.4,30.94,34.784000000000006,5.405,101.185,104.28299999999999,65.1,55.0,30.6,101.2,66.5,88.6,95.8,88.0,94.4,91.0,94.3,20.037,5,5,5,104.36
31.61,18.0,10.825,30.635,34.954,35.34,101.212,104.455,65.1,55.0,30.6,101.2,66.5,88.6,95.8,88.0,94.4,91.0,94.3,19.117,5,5,5,104.36200000000001
31.66,18.0,11.824,31.02,34.768,57.035,101.32,104.32600000000001,65.1,55.0,30.6,101.2,66.5,88.6,95.8,88.0,94.4,91.0,94.3,19.922,5,5,5,104.361
31.71,18.0,10.492999999999999,30.663,34.049,61.975,101.23899999999999,104.24,65.1,55.0,30.6,101.2,66.5,88.6,95.8,88.0,94.4,91.0,94.3,19.637999999999998,5,5,5,104.354
31.76,18.0,10.49,30.693,33.95,67.062,101.104,104.089,65.1,55.0,30.6,101.2,66.5,88.6,95.8,88.0,94.4,91.0,94.3,17.752000000000002,5,5,5,104.35600000000001
31.81,18.0,10.940999999999999,30.546,33.534000000000006,98.219,101.104,104.045,65.1,55.0,30.6,101.2,66.5,88.6,95.8,88.0,94.4,91.0,94.3,17.558,5,5,5,104.35700000000001
31.86,18.0,11.184000000000001,30.849,33.6,121.775,101.022,104.045,65.1,55.0,30.6,101.2,66.5,88.6,95.8,88.0,94.4,91.0,94.3,17.499000000000002,5,5,5,104.35799999999999
31.91,18.0,10.6,30.517,33.823,140.308,100.941,104.024,65.1,55.0,30.6,101.2,66.5,88.6,95.8,88.0,94.4,91.0,94.3,15.667,5,5,5,104.35700000000001
31.96,18.0,10.767,30.006999999999998,33.55,154.937,100.96799999999999,103.89299999999999,65.1,55.0,30.6,101.2,66.5,88.6,95.8,88.0,94.4,91.0,94.3,16.162,5,5,5,104.359
32.01,18.0,10.997,30.019000000000002,33.534000000000006,166.317,100.749,104.00200000000001,65.2,55.0,30.6,101.1,66.7,88.6,95.8,88.0,94.4,91.0,94.3,15.672,5,5,5,104.354
32.06,18.0,10.838,30.267,33.510000000000005,174.558,101.022,103.93700000000001,65.2,55.0,30.6,101.1,66.7,88.6,95.8,88.0,94.4,91.0,94.3,14.633,5,5,5,104.35600000000001
32.11,18.0,10.675,30.219,33.346000000000004,179.252,100.913,103.89299999999999,65.2,55.0,30.6,101.1,66.7,88.6,95.8,88.0,94.4,91.0,94.3,15.707,5,5,5,104.35700000000001
32.16,18.0,10.463,29.997,33.506,178.615,100.694,103.82799999999999,65.2,55.0,30.6,101.1,66.7,88.6,95.8,88.0,94.4,91.0,94.3,14.907,5,5,5,104.355
32.21,18.0,10.994,30.063000000000002,33.297,174.013,100.694,103.806,65.2,55.0,30.6,101.1,66.7,88.6,95.8,88.0,94.4,91.0,94.3,14.607999999999999,5,5,5,104.354
32.26,18.0,10.314,30.415,33.340999999999994,175.63,100.557,103.959,65.2,55.0,30.6,101.1,66.7,88.6,95.8,88.0,94.4,91.0,94.184,15.624,5,5,5,104.36
32.31,18.0,10.443,29.525,33.45,175.669,100.777,103.82799999999999,65.2,55.0,30.6,101.1,66.7,88.6,95.8,88.0,94.4,91.0,94.12,14.657,5,5,5,104.355
32.36,18.0,10.594,29.559,33.196,173.17700000000002,100.913,103.741,65.2,55.0,30.6,101.1,66.7,88.6,95.8,88.0,94.4,91.0,94.105,14.994,5,5,5,104.355
32.41,18.0,10.615,29.959,33.218,173.976,100.749,103.82799999999999,65.2,55.0,30.6,101.1,66.7,88.6,95.8,88.0,94.4,91.0,94.101,15.459000000000001,5,5,5,104.352
32.46,18.0,10.658,29.925,33.383,175.764,100.72200000000001,103.456,65.2,55.0,30.6,101.1,66.7,88.6,95.75,88.0,94.4,91.0,94.1,14.152999999999999,5,5,5,104.35600000000001
32.51,10.0,10.364,29.87,33.25,145.976,100.777,103.522,65.2,55.0,30.6,101.1,66.7,88.6,95.63600000000001,88.0,94.4,91.0,94.1,15.265,5,5,5,104.35799999999999
32.56,10.0,10.120000000000001,29.488000000000003,33.161,103.156,100.47399999999999,103.89299999999999,65.2,55.0,30.6,101.1,66.7,88.6,95.608,88.0,94.4,91.0,94.1,14.908,5,5,5,104.35799999999999
32.61,10.0,10.693,29.923000000000002,33.215999999999994,62.75,100.419,103.544,65.2,55.0,30.6,101.1,66.7,88.6,95.602,88.0,94.4,91.0,94.1,14.137,5,5,5,104.35799999999999
32.66,10.0,10.384,30.049,33.393,34.45,100.391,103.39,65.2,55.0,30.6,101.1,66.7,88.6,95.6,88.0,94.4,91.0,94.1,15.433,5,5,5,104.36200000000001
32.71,10.0,10.362,29.593000000000004,33.137,50.125,100.585,103.588,65.2,55.0,30.6,101.1,66.7,88.6,95.6,88.0,94.4,91.0,94.1,14.186,5,5,5,104.35600000000001
32.76,10.0,10.507000000000001,30.088,32.986999999999995,56.466,100.64,103.675,65.2,55.0,30.6,101.1,66.7,88.6,95.6,88.0,94.4,91.0,94.1,12.323,5,5,5,104.36200000000001
32.81,10.0,10.382000000000001,29.486,33.131,54.367,100.47399999999999,103.544,65.2,55.0,30.6,101.1,66.7,88.6,95.6,88.0,94.4,91.0,94.1,12.367999999999999,5,5,5,104.359
32.86,10.0,9.914,30.011,33.338,47.703,100.225,103.478,65.2,55.0,30.6,101.1,66.7,88.6,95.6,88.0,94.4,91.0,94.1,11.2,5,5,5,104.36399999999999
32.91,10.0,10.487,29.927,33.248000000000005,57.062,100.36399999999999,103.588,65.2,55.0,30.6,101.1,66.7,88.6,95.6,88.0,94.4,91.0,94.1,10.381,5,5,5,104.35600000000001
32.96,10.0,10.513,30.32,33.730000000000004,68.016,100.391,103.346,65.2,55.0,30.6,101.1,66.7,88.6,95.6,88.0,94.4,91.0,94.1,10.690999999999999,5,5,5,104.36399999999999
33.01,10.0,10.073,30.614,33.042,74.92,100.391,103.39,65.2,55.0,30.6,101.1,66.7,88.6,95.6,88.0,94.4,91.0,94.1,10.17,5,5,5,104.38799999999999
33.06,10.0,9.198,30.208000000000002,33.449,75.539,100.113,103.434,65.2,55.0,30.6,101.1,66.7,88.6,95.6,88.0,94.4,91.0,94.1,9.123999999999999,5,5,5,104.382
33.11,10.0,8.211,29.56,32.848,65.87,100.169,103.39,65.2,55.0,30.6,101.1,66.7,88.512,95.6,88.0,94.4,91.0,94.1,9.748000000000001,5,5,5,104.38799999999999
33.16,10.0,6.352,27.683000000000003,28.406,41.658,100.391,103.368,65.2,55.0,30.6,101.1,66.7,88.42699999999999,95.6,88.0,94.4,91.0,94.1,9.282,5,5,5,104.395
33.21,10.0,6.17,23.47,26.061999999999998,26.590999999999998,100.085,103.456,65.2,55.0,30.6,101.1,66.7,88.406,95.6,88.0,94.4,91.0,94.1,8.831,5,5,5,104.39299999999999
33.26,10.0,6.621,17.094,18.258,13.322000000000001,99.805,103.036,65.2,55.0,30.6,101.1,66.7,88.402,95.6,88.0,94.263,91.0,94.1,9.421,5,5,5,104.429
33.31,10.0,6.611,9.52,7.986000000000001,24.971,99.833,102.92399999999999,65.2,55.0,30.6,101.1,66.7,88.4,95.6,88.0,94.215,91.0,94.1,9.047,5,5,5,104.40899999999999
33.36,10.0,6.861,5.465,5.018,33.379000000000005,99.861,102.79,65.2,55.0,30.6,101.1,66.7,88.4,95.6,88.0,94.204,91.0,94.1,8.814,5,5,5,104.415
33.41,10.0,6.694,5.443,5.004,61.688,99.861,102.40799999999999,65.2,55.0,30.6,101.1,66.7,88.4,95.6,88.0,94.20100000000001,91.0,94.1,9.309999999999999,5,5,5,104.42
33.46,10.0,7.057,5.46,5.192,62.419,99.861,102.49799999999999,65.2,55.0,30.6,101.1,66.7,88.4,95.6,88.0,94.2,90.975,94.1,8.976,5,5,5,104.40700000000001
33.51,10.0,7.182,5.441,5.122,61.108999999999995,99.889,102.566,65.2,55.0,30.6,101.1,66.7,88.4,95.513,88.0,94.2,90.842,94.1,9.16,5,5,5,104.41799999999999
33.56,10.0,6.68,5.462,5.189,62.123999999999995,99.97399999999999,102.272,65.2,55.0,30.6,101.1,66.7,88.4,95.42699999999999,87.95,94.2,90.81,94.1,9.402000000000001,5,5,5,104.42399999999999
33.61,10.0,7.279,5.44,5.001,62.422,99.97399999999999,102.611,65.2,55.0,30.6,101.1,66.7,88.4,95.406,87.836,94.2,90.80199999999999,94.1,9.11,5,5,5,104.419
33.66,10.0,7.345000000000001,5.46,5.0,63.521,99.833,102.204,65.2,55.0,30.6,101.1,66.7,88.4,95.402,87.808,94.2,90.801,94.1,9.119,5,5,5,104.429
33.71,10.0,7.038,5.506,5.001,63.288999999999994,99.352,102.182,65.2,55.0,30.6,101.1,66.7,88.4,95.4,87.80199999999999,94.2,90.8,94.1,9.001999999999999,5,5,5,104.42399999999999
33.76,10.0,6.511,5.459,5.0,63.494,99.777,101.977,65.2,55.0,30.6,101.1,66.7,88.4,95.4,87.8,94.2,90.8,94.1,8.816,5,5,5,104.42
33.81,10.0,7.029999999999999,5.439,5.001,98.625,99.664,102.022,65.2,55.0,30.6,101.1,66.7,88.4,95.4,87.8,94.2,90.8,94.1,8.594,5,5,5,104.42399999999999
33.86,10.0,6.723,5.458,5.008,120.305,99.749,102.15899999999999,65.2,55.0,30.6,101.1,66.7,88.4,95.4,87.8,94.2,90.8,94.1,8.59,5,5,5,104.412
33.91,10.0,6.781,5.441,5.001,130.57799999999997,99.69200000000001,102.204,65.2,55.0,30.6,101.1,66.7,88.4,95.4,87.8,94.2,90.8,94.1,8.235,5,5,5,104.419
33.96,10.0,6.859,5.518,5.0,140.215,99.69200000000001,102.272,65.2,55.0,30.6,101.1,66.7,88.4,95.4,87.8,94.2,90.8,94.1,8.28,5,5,5,104.413
34.01,10.0,6.705,5.442,5.001,148.721,99.579,101.90799999999999,65.1,55.1,30.6,101.1,66.9,88.4,95.4,87.8,94.2,90.8,94.1,8.452,5,5,5,104.414
34.06,10.0,6.852,5.475,5.0,154.168,99.69200000000001,102.09100000000001,65.1,55.1,30.6,101.1,66.9,88.4,95.4,87.8,94.2,90.8,94.1,7.864,5,5,5,104.415
34.11,10.0,7.115,5.441,5.0,158.399,99.69200000000001,102.15899999999999,65.1,55.1,30.6,101.1,66.9,88.4,95.4,87.8,94.2,90.8,94.1,8.798,5,5,5,104.41
34.16,10.0,6.959,5.456,5.022,160.817,99.579,102.13600000000001,65.1,55.1,30.6,101.1,66.9,88.4,95.4,87.8,94.2,90.8,94.1,7.284000000000001,5,5,5,104.40700000000001
34.21,10.0,7.096,5.443,5.0,155.516,99.43700000000001,102.38600000000001,65.1,55.1,30.6,101.1,66.9,88.4,95.4,87.8,94.2,90.8,94.1,9.181999999999999,5,5,5,104.40299999999999
34.26,10.0,7.2,5.47,5.0,112.7,99.889,102.38600000000001,65.1,55.1,30.6,101.1,66.9,88.4,95.4,87.8,94.2,90.8,94.1,7.668,5,5,5,104.412
34.31,10.0,6.87,5.442,5.0,70.42699999999999,99.721,102.38600000000001,65.1,55.1,30.6,101.1,66.9,88.4,95.4,87.8,94.2,90.8,94.1,8.587,5,5,5,104.412
34.36,10.0,6.779,5.457,5.0,45.258,99.295,102.295,65.1,55.1,30.6,101.1,66.9,88.4,95.4,87.8,94.2,90.8,94.1,7.9350000000000005,5,5,5,104.416
34.41,10.0,6.936999999999999,5.444,5.0,27.061999999999998,98.77600000000001,101.678,65.1,55.1,30.6,101.1,66.9,88.4,95.4,87.8,94.2,90.8,93.96300000000001,8.26,5,5,5,104.411
34.46,11.0,7.2219999999999995,5.458,5.0,13.323,99.38,102.022,65.1,55.1,30.6,101.1,66.9,88.4,95.4,87.8,94.2,90.8,93.915,7.806,5,5,5,104.417
34.51,11.0,7.475,5.455,5.0,7.776,99.065,101.72399999999999,65.1,55.1,30.6,101.1,66.9,88.4,95.4,87.8,94.2,90.8,93.904,7.805,5,5,5,104.412
34.56,11.0,7.135,5.463,5.0,6.339,99.323,101.51700000000001,65.1,55.1,30.6,101.1,66.9,88.4,95.4,87.8,94.2,90.8,93.90100000000001,7.901999999999999,5,5,5,104.416
34.61,11.0,6.76,5.442,5.001,5.646,99.008,101.471,65.1,55.1,30.6,101.1,66.9,88.4,95.4,87.8,94.2,90.8,93.9,7.796,5,5,5,104.411
34.66,11.0,7.114,5.457,5.0,5.072,99.18,101.655,65.1,55.1,30.6,101.1,66.9,88.4,95.4,87.8,94.2,90.8,93.9,7.9399999999999995,5,5,5,104.421
34.71,11.0,7.372,5.444,5.0,4.967,98.95,101.678,65.1,55.1,30.6,101.1,66.9,88.4,95.4,87.8,94.2,90.8,93.9,8.664,5,5,5,104.416
34.76,11.0,7.261,5.519,5.0,5.264,99.18,101.816,65.1,55.1,30.6,101.1,66.9,88.4,95.4,87.8,94.063,90.8,93.9,7.916,5,5,5,104.426
34.81,11.0,7.0489999999999995,5.447,5.0,4.711,99.036,101.70100000000001,65.1,55.1,30.6,101.1,66.9,88.4,95.4,87.8,94.015,90.8,93.9,8.151,5,5,5,104.42399999999999
34.86,11.0,7.0120000000000005,5.523,5.0,5.227,99.323,101.655,65.1,55.1,30.6,101.1,66.9,88.4,95.4,87.8,94.00399999999999,90.8,93.9,8.31,5,5,5,104.429
34.91,11.0,7.104,5.443,5.0,4.409,99.15100000000001,101.74700000000001,65.1,55.1,30.6,101.1,66.9,88.4,95.4,87.8,94.001,90.8,93.9,8.115,5,5,5,104.41799999999999
34.96,11.0,7.048,5.457,5.0,4.633,99.12299999999999,101.471,65.1,55.1,30.6,101.1,66.9,88.4,95.4,87.8,94.0,90.8,93.9,8.875,5,5,5,104.428
35.01,11.0,7.181,5.446,5.0,4.992,99.266,101.954,65.1,55.1,30.6,101.1,66.9,88.4,95.4,87.8,94.0,90.8,93.9,8.53,5,5,5,104.425
35.06,11.0,7.218,5.456,5.0,36.608000000000004,99.266,101.931,65.1,55.1,30.6,101.1,66.9,88.4,95.4,87.8,94.0,90.8,93.9,8.643,5,5,5,104.431
35.11,11.0,7.082,5.567,5.001,49.291000000000004,99.209,101.79299999999999,65.1,55.1,30.6,101.1,66.9,88.4,95.4,87.8,94.0,90.8,93.9,8.707,5,5,5,104.42200000000001
35.16,11.0,6.857,5.457,5.0,54.332,99.295,101.90799999999999,65.1,55.1,30.6,101.1,66.9,88.4,95.4,87.8,94.0,90.8,93.9,7.997,5,5,5,104.427
35.21,11.0,7.522,5.451,5.008,65.521,99.46600000000001,102.113,65.1,55.1,30.6,101.1,66.9,88.4,95.4,87.8,94.0,90.8,93.9,8.811,5,5,5,104.42
35.26,11.0,7.225,5.494,5.057,73.016,99.46600000000001,102.182,65.1,55.1,30.6,101.1,66.9,88.4,95.4,87.8,94.0,90.8,93.9,8.928,5,5,5,104.42
35.31,11.0,7.353,5.443,5.013,47.611999999999995,99.15100000000001,102.34,65.1,55.1,30.6,101.1,66.9,88.4,95.4,87.8,94.0,90.8,93.9,8.833,5,5,5,104.413
35.36,11.0,7.273,5.481,5.0,42.175,98.71799999999999,101.86200000000001,65.1,55.1,30.6,101.1,66.9,88.4,95.4,87.8,94.0,90.8,93.9,9.539,5,5,5,104.417
35.41,11.0,6.893,5.445,5.045,42.739000000000004,98.132,101.471,65.1,55.1,30.6,101.1,66.9,88.4,95.4,87.8,94.0,90.8,93.9,8.69,5,5,5,104.415
35.46,11.0,7.042,5.55,5.032,46.728,97.805,101.37799999999999,65.1,55.1,30.6,101.1,66.9,88.4,95.4,87.8,94.0,90.8,93.9,8.688,5,5,5,104.41799999999999
35.51,12.0,7.446,5.487,5.024,67.062,97.715,101.005,65.1,55.1,30.6,101.1,66.9,88.4,95.4,87.8,94.0,90.8,93.9,8.995000000000001,5,5,5,104.417
35.56,12.0,7.309,5.457,5.075,39.318000000000005,97.354,101.145,65.1,55.1,30.6,101.1,66.9,88.4,95.4,87.8,94.0,90.8,93.9,8.554,5,5,5,104.414
35.61,12.0,7.292,5.505,5.035,31.079,97.685,101.16799999999999,65.1,55.1,30.6,101.1,66.9,88.4,95.4,87.8,94.0,90.8,93.9,10.006,5,5,5,104.415
35.66,12.0,7.65,5.531,5.017,16.982999999999997,97.595,101.005,65.1,55.1,30.6,101.1,66.9,88.4,95.4,87.8,94.0,90.8,93.9,9.479,5,5,5,104.42299999999999
35.71,12.0,7.703,5.446,5.001,9.215,97.324,100.62799999999999,65.1,55.1,30.6,101.1,66.9,88.4,95.4,87.8,94.0,90.8,93.9,10.547999999999998,5,5,5,104.421
35.76,12.0,7.140000000000001,5.506,5.004,6.089,97.595,100.934,65.1,55.1,30.6,101.1,66.9,88.4,95.4,87.8,94.0,90.8,93.9,12.497,5,5,5,104.42200000000001
35.81,12.0,7.135,5.444,5.007,5.4879999999999995,97.535,100.958,65.1,55.1,30.6,101.1,66.9,88.4,95.4,87.8,94.0,90.8,93.9,10.873,5,5,5,104.42200000000001
35.86,12.0,7.266,5.5,5.007,5.338,97.535,100.675,65.1,55.1,30.6,101.1,66.9,88.4,95.4,87.8,94.0,90.8,93.9,10.781,5,5,5,104.42299999999999
35.91,12.0,7.264,5.445,5.0,4.708,97.354,101.16799999999999,65.1,55.1,30.6,101.1,66.9,88.4,95.4,87.8,94.0,90.8,93.9,12.094,5,5,5,104.42200000000001
35.96,12.0,7.0440000000000005,5.472,5.038,5.195,97.685,101.145,65.1,55.1,30.6,101.1,66.9,88.263,95.4,87.8,94.0,90.8,93.9,11.865,5,5,5,104.426
36.01,12.0,7.505,5.467,5.0,4.716,97.08,100.98100000000001,65.1,55.0,30.6,101.1,67.1,88.215,95.4,87.8,94.0,90.8,93.9,11.492999999999999,5,5,5,104.42
36.06,12.0,7.426,5.504,5.04,5.105,96.619,100.77,65.1,55.0,30.6,101.1,67.1,88.204,95.4,87.8,94.0,90.8,93.9,12.568,5,5,5,104.426
36.11,12.0,7.431,5.498,5.001,4.591,96.495,100.199,65.1,55.0,30.6,101.1,67.1,88.20100000000001,95.4,87.8,94.0,90.8,93.9,12.082999999999998,5,5,5,104.419
36.16,12.0,7.428,5.455,5.0,5.102,96.339,97.412,65.1,55.0,30.6,101.1,67.1,88.2,95.4,87.8,94.0,90.8,93.9,11.632000000000001,5,5,5,104.427
36.21,12.0,7.354,5.478,5.001,4.678,93.225,93.523,65.1,55.0,30.6,101.1,67.1,88.2,95.4,87.663,94.0,90.8,93.9,12.469,5,5,5,104.417
36.26,12.0,7.32,5.458,5.001,5.025,92.773,93.436,65.1,55.0,30.6,101.1,67.1,88.2,95.4,87.615,94.0,90.8,93.9,12.414,5,5,5,104.42399999999999
36.31,12.0,7.569,5.55,5.002,4.863,92.633,92.61,65.1,55.0,30.6,101.1,67.1,88.2,95.4,87.604,94.0,90.8,93.9,11.582999999999998,5,5,5,104.414
36.36,12.0,7.692,5.487,5.0,4.839,92.633,92.61,65.1,55.0,30.6,101.1,67.1,88.2,95.4,87.601,94.0,90.8,93.9,12.297,5,5,5,104.42299999999999
36.41,12.0,7.534000000000001,5.445,5.001,4.711,92.528,92.61,65.1,55.0,30.6,101.1,67.1,88.2,95.4,87.6,94.0,90.8,93.9,12.542000000000002,5,5,5,104.413
36.46,12.0,7.311,5.546,5.0,5.074,92.598,92.098,65.1,55.0,30.6,101.1,67.1,88.2,95.28399999999999,87.6,94.0,90.8,93.9,11.789,5,5,5,104.41799999999999
36.51,12.0,7.411,5.517,5.001,4.87,92.351,91.82300000000001,65.1,55.0,30.6,101.1,67.1,88.2,95.22,87.6,94.0,90.8,93.9,12.225999999999999,5,5,5,104.40799999999999
36.56,12.0,7.3309999999999995,5.506,5.002,5.429,92.315,92.249,65.1,55.0,30.6,101.1,67.1,88.2,95.205,87.6,94.0,90.663,93.9,12.783,5,5,5,104.414
36.61,12.0,7.293,5.444,5.0,5.293,92.528,92.52,65.1,55.0,30.6,101.1,67.1,88.2,95.20100000000001,87.6,94.0,90.615,93.9,11.742999999999999,5,5,5,104.414
36.66,12.0,7.261,5.458,5.0,6.015,92.528,92.49,65.1,55.0,30.6,101.1,67.1,88.2,95.2,87.6,94.0,90.604,93.9,12.445,5,5,5,104.42399999999999
36.71,12.0,7.322,5.577,5.004,5.814,92.633,92.189,65.1,55.0,30.6,101.1,67.1,88.2,95.2,87.6,94.0,90.601,93.9,13.867,5,5,5,104.40799999999999
36.76,12.0,6.889,5.469,5.002,5.7490000000000006,92.38600000000001,92.309,65.1,55.0,30.6,101.1,67.1,88.2,95.2,87.6,94.0,90.6,93.9,15.520999999999999,5,5,5,104.42399999999999
36.81,12.0,7.183,5.479,5.001,4.93,92.315,92.249,65.1,55.0,30.6,101.1,67.1,88.2,95.2,87.6,94.0,90.6,93.9,15.868,5,5,5,104.415
36.86,12.0,6.912,5.457,5.054,4.658,92.137,92.006,65.1,55.0,30.6,101.1,67.1,88.2,95.2,87.6,94.0,90.6,93.9,15.880999999999998,5,5,5,104.43
36.91,12.0,7.2219999999999995,5.444,5.001,4.535,92.315,92.189,65.1,55.0,30.6,101.1,67.1,88.2,95.2,87.6,94.0,90.6,93.9,16.732,5,5,5,104.42200000000001
36.96,12.0,7.319,5.5,5.002,4.821,92.28,92.03699999999999,65.1,55.0,30.6,101.1,67.1,88.2,95.2,87.6,94.0,90.6,93.9,17.705,5,5,5,104.42299999999999
37.01,12.0,7.377,5.464,5.004,4.218,92.422,92.098,65.1,55.0,30.6,101.1,67.1,88.2,95.2,87.6,94.0,90.6,93.9,17.238,5,5,5,104.41799999999999
37.06,12.0,7.426,5.57,5.004,4.797,92.913,92.64,65.1,55.0,30.6,101.1,67.1,88.2,95.2,87.6,94.0,90.6,93.9,17.235,5,5,5,104.42399999999999
37.11,12.0,6.949,5.506,5.001,11.272,92.94800000000001,92.43,65.1,55.0,30.6,101.1,67.1,88.2,95.2,87.6,94.0,90.6,93.9,18.161,5,5,5,104.417
37.16,12.0,7.2509999999999994,5.513,5.058,25.53,92.773,92.279,65.1,55.0,30.6,101.1,67.1,88.2,95.2,87.6,94.0,90.6,93.9,18.564999999999998,5,5,5,104.42299999999999
37.21,12.0,7.5489999999999995,5.482,5.029,38.499,92.598,92.279,65.1,55.0,30.6,101.1,67.1,88.2,95.2,87.6,94.0,90.6,93.9,17.761,5,5,5,104.41799999999999
37.26,12.0,7.313000000000001,5.487,5.113,65.333,92.598,92.03699999999999,65.1,55.0,30.6,101.1,67.1,88.2,95.2,87.6,94.0,90.6,93.812,17.493000000000002,5,5,5,104.421
37.31,12.0,7.878,5.446,5.014,87.088,92.668,91.976,65.1,55.0,30.6,101.1,67.1,88.2,95.2,87.6,94.0,90.6,93.727,18.124000000000002,5,5,5,104.415
37.36,12.0,7.252,5.63,5.006,99.896,92.563,92.309,65.1,55.0,30.6,101.1,67.1,88.2,95.2,87.6,94.0,90.6,93.706,18.552,5,5,5,104.431
