SampleTime,Phase,Sensor1,Sensor2,Sensor3,IJ,Sensor5,Sensor6,MouldTemp1,MouldTemp2,MouldTemp3,MouldTemp4,MouldTemp5,MouldTemp9,MouldTemp10,MouldTemp11,MouldTemp12,MouldTemp13,MouldTemp14,Sensor8,MouldFlow1,MouldFlow2,MouldFlow3,SP
0.0,1.0,9.665,5.531,5.289,97.43299999999999,92.613,92.403,65.0,55.0,30.7,99.2,64.0,87.1,94.0,86.506,93.8,90.2,93.2,18.672,5,5,5,104.72
0.05,1.0,9.841000000000001,5.7490000000000006,5.326,67.043,92.681,92.17,65.0,55.0,30.7,99.2,64.0,87.1,94.0,86.501,93.8,90.2,93.2,18.761,5,5,5,104.72200000000001
0.1,1.0,9.689,5.728,5.235,45.095,92.237,92.28699999999999,65.0,55.0,30.7,99.2,64.0,87.1,94.0,86.5,93.67399999999999,90.2,93.2,18.773,5,5,5,104.715
0.15,1.0,10.237,5.68,5.166,29.199,92.306,91.935,65.0,55.0,30.7,99.2,64.0,87.1,94.0,86.5,93.618,90.2,93.2,18.826999999999998,5,5,5,104.708
0.2,1.0,9.788,5.502,5.269,16.07,92.306,92.432,65.0,55.0,30.7,99.2,64.0,87.1,94.0,86.5,93.604,90.2,93.2,19.14,5,5,5,104.72200000000001
0.25,1.0,9.713000000000001,5.64,5.395,31.662,92.579,92.49,65.0,55.0,30.7,99.2,64.0,87.1,94.0,86.5,93.601,90.2,93.2,19.186,5,5,5,104.71700000000001
0.3,1.0,9.634,5.4879999999999995,5.124,30.914,92.375,92.374,65.0,55.0,30.7,99.2,64.0,87.1,94.0,86.5,93.6,90.2,93.2,19.165999999999997,5,5,5,104.727
0.35,1.0,9.702,5.683,5.302,39.145,92.681,92.432,65.0,55.0,30.7,99.2,64.0,87.1,93.95,86.5,93.6,90.2,93.2,19.490000000000002,5,5,5,104.719
0.4,1.0,9.498000000000001,5.564,5.094,51.431999999999995,92.95100000000001,92.60600000000001,65.0,55.0,30.7,99.2,64.0,87.1,93.836,86.5,93.6,90.2,93.2,19.277,5,5,5,104.728
0.45,1.0,9.835,5.802,5.234,59.092,93.018,92.89399999999999,65.0,55.0,30.7,99.2,64.0,87.1,93.808,86.5,93.6,90.2,93.2,19.740000000000002,5,5,5,104.726
0.5,1.0,9.707,5.569,5.045,61.158,93.05199999999999,93.15,65.0,55.0,30.7,99.2,64.0,87.1,93.80199999999999,86.5,93.6,90.2,93.2,19.23,5,5,5,104.71799999999999
0.55,1.0,10.122,5.546,5.45,60.011,93.186,93.065,65.0,55.0,30.7,99.2,64.0,87.1,93.8,86.5,93.6,90.2,93.2,19.648,5,5,5,104.719
0.6,1.0,9.567,5.495,5.037,57.543,93.517,93.036,65.0,55.0,30.7,99.2,64.0,87.1,93.8,86.5,93.6,90.2,93.2,19.175,5,5,5,104.72399999999999
0.65,1.0,9.968,5.471,5.449,51.229,93.715,93.433,65.0,55.0,30.7,99.2,64.0,87.1,93.8,86.5,93.6,90.2,93.2,19.845,5,5,5,104.715
0.7,1.0,9.292,5.506,5.282,28.693,93.748,93.741,65.0,55.0,30.7,99.2,64.0,87.1,93.8,86.5,93.6,90.2,93.2,19.519,5,5,5,104.725
0.75,1.0,9.498999999999999,5.55,5.121,14.139,93.846,93.517,65.0,55.0,30.7,99.2,64.0,87.1,93.8,86.5,93.6,90.2,93.2,19.226,5,5,5,104.72200000000001
0.8,1.0,9.692,5.465,5.074,19.853,94.009,93.433,65.0,55.0,30.7,99.2,64.0,86.984,93.8,86.5,93.6,90.2,93.2,20.341,5,5,5,104.72200000000001
0.85,1.0,9.879999999999999,5.622,5.237,21.663,94.171,94.047,65.0,55.0,30.7,99.2,64.0,86.92,93.8,86.5,93.6,90.2,93.2,19.183,5,5,5,104.71799999999999
0.9,1.0,9.834,5.54,5.22,32.861999999999995,93.846,94.12899999999999,65.0,55.0,30.7,99.2,64.0,86.905,93.8,86.5,93.6,90.2,93.2,20.130000000000003,5,5,5,104.73
0.95,1.0,9.651,5.695,5.221,24.648,94.07300000000001,94.12899999999999,65.0,55.0,30.7,99.2,64.0,86.90100000000001,93.8,86.5,93.6,90.2,93.2,18.926,5,5,5,104.721
1.0,1.0,9.631,5.784,5.051,23.682000000000002,94.235,93.936,65.0,55.0,30.7,99.2,64.0,86.9,93.8,86.5,93.6,90.2,93.2,20.355,5,5,5,104.721
1.05,1.0,9.865,5.547,5.164,27.596999999999998,94.747,94.184,65.0,55.0,30.7,99.2,64.0,86.9,93.8,86.5,93.6,90.2,93.2,19.154000000000003,5,5,5,104.711
1.1,1.0,9.524000000000001,5.579,5.261,26.631,94.3,94.12899999999999,65.0,55.0,30.7,99.2,64.0,86.9,93.8,86.5,93.6,90.2,93.2,20.484,5,5,5,104.71600000000001
1.15,1.0,9.709,5.7059999999999995,5.269,26.858,94.36399999999999,94.212,65.0,55.0,30.7,99.2,64.0,86.9,93.8,86.5,93.6,90.2,93.2,19.342,5,5,5,104.70700000000001
1.2,1.0,9.698,5.552,5.133,26.675,94.524,94.102,65.0,55.0,30.7,99.2,64.0,86.9,93.8,86.5,93.6,90.2,93.2,20.671,5,5,5,104.714
1.25,1.0,9.725,5.644,5.393,26.77,94.46,94.212,65.0,55.0,30.7,99.2,64.0,86.9,93.8,86.5,93.6,90.2,93.2,19.342,5,5,5,104.714
1.3,1.0,10.123,5.698,5.081,26.509,94.58800000000001,94.567,65.0,55.0,30.7,99.2,64.0,86.9,93.8,86.5,93.6,90.2,93.2,20.375999999999998,5,5,5,104.71
1.35,1.0,9.978,5.628,5.321,26.261999999999997,94.428,94.513,65.0,55.0,30.7,99.2,64.0,86.9,93.8,86.5,93.6,90.2,93.2,19.398,5,5,5,104.713
1.4,1.0,9.52,5.522,5.398,26.469,94.62,94.54,64.9,54.9,30.6,98.8,64.0,86.9,93.8,86.5,93.6,90.2,93.2,20.368000000000002,5,5,5,104.728
1.45,1.0,9.165,5.626,5.38,26.373,94.492,94.973,64.9,54.9,30.6,98.8,64.0,86.9,93.8,86.5,93.6,90.2,93.2,18.922,5,5,5,104.72
1.5,1.0,9.434999999999999,5.78,5.216,26.57,94.747,94.865,64.9,54.9,30.6,98.8,64.0,86.9,93.8,86.5,93.6,90.2,93.2,20.33,5,5,5,104.72200000000001
1.55,1.0,9.647,5.6129999999999995,5.2780000000000005,26.55,94.905,94.83800000000001,64.9,54.9,30.6,98.8,64.0,86.9,93.8,86.5,93.6,90.2,93.2,18.867,5,5,5,104.713
1.6,1.0,9.708,5.692,5.327,27.291,94.969,95.268,64.9,54.9,30.6,98.8,64.0,86.9,93.8,86.5,93.6,90.2,93.2,20.519,5,5,5,104.71799999999999
1.65,1.0,9.706,5.734,5.236,26.72,94.905,94.83800000000001,64.9,54.9,30.6,98.8,64.0,86.9,93.8,86.305,93.6,90.2,93.2,19.326,5,5,5,104.715
1.7,1.0,9.791,5.642,5.121,26.96,95.22,95.161,64.9,54.9,30.6,98.8,64.0,86.9,93.8,86.225,93.6,90.2,93.2,20.658,5,5,5,104.71600000000001
1.75,1.0,9.148,5.578,5.223,26.537,94.874,95.107,64.9,54.9,30.6,98.8,64.0,86.9,93.8,86.206,93.6,90.2,93.2,20.442,5,5,5,104.71
1.8,1.0,9.363,5.482,5.326,26.054000000000002,95.0,95.374,64.9,54.9,30.6,98.8,64.0,86.9,93.8,86.20100000000001,93.6,90.2,93.2,19.225,5,5,5,104.723
1.85,1.0,9.559000000000001,5.642,5.254,25.142,95.251,95.744,64.9,54.9,30.6,98.8,64.0,86.9,93.8,86.2,93.6,90.113,93.2,20.8,5,5,5,104.723
1.9,1.0,9.808,5.514,5.177,24.842,95.22,95.665,64.9,54.9,30.6,98.8,64.0,86.9,93.775,86.2,93.6,90.027,93.047,19.8,5,5,5,104.72399999999999
1.95,1.0,9.667,5.721,5.196,24.867,95.345,95.639,64.9,54.9,30.6,98.8,64.0,86.9,93.642,86.2,93.6,90.006,93.01100000000001,20.673000000000002,5,5,5,104.723
2.0,1.0,9.834,5.72,5.17,23.955,95.5,95.82300000000001,64.9,54.9,30.6,98.8,64.0,86.9,93.61,86.2,93.6,90.001,93.003,19.369,5,5,5,104.723
2.05,1.0,9.951,5.8100000000000005,5.3629999999999995,24.702,95.376,95.691,64.9,54.9,30.6,98.8,64.0,86.9,93.602,86.2,93.46300000000001,90.0,93.001,20.199,5,5,5,104.723
2.1,1.0,10.119,5.505,5.182,24.347,95.438,95.84899999999999,64.9,54.9,30.6,98.8,64.0,86.9,93.601,86.2,93.415,90.0,93.0,19.347,5,5,5,104.723
2.15,1.0,9.626999999999999,5.595,5.404,24.275,95.562,95.875,64.9,54.9,30.6,98.8,64.0,86.9,93.6,86.2,93.404,90.0,93.0,20.131,5,5,5,104.721
2.2,1.0,9.424,5.449,5.26,24.131,95.438,95.796,64.9,54.9,30.6,98.8,64.0,86.9,93.6,86.2,93.40100000000001,90.0,93.0,19.334000000000003,5,5,5,104.71700000000001
2.25,1.0,9.593,5.551,5.369,24.994,95.5,95.796,64.9,54.9,30.6,98.8,64.0,86.9,93.6,86.2,93.4,90.0,93.0,20.164,5,5,5,104.72399999999999
2.3,1.0,9.376999999999999,5.525,5.251,25.070999999999998,95.345,95.559,64.9,54.9,30.6,98.8,64.0,86.9,93.6,86.2,93.4,90.0,93.0,19.369999999999997,5,5,5,104.71799999999999
2.35,1.0,9.353,5.591,5.221,23.89,95.5,95.612,64.9,54.9,30.6,98.8,64.0,86.9,93.6,86.2,93.4,90.0,93.0,20.292,5,5,5,104.712
2.4,1.0,9.437000000000001,5.433,5.28,23.288,95.22,95.347,64.9,54.9,30.6,98.8,64.0,86.9,93.6,86.2,93.4,90.0,93.0,19.651,5,5,5,104.728
2.45,1.0,9.652000000000001,5.704,5.429,40.622,95.282,95.507,64.9,54.9,30.6,98.8,64.0,86.9,93.6,86.2,93.4,90.0,93.0,20.619,5,5,5,104.721
2.5,1.0,9.689,5.75,5.2620000000000005,67.24600000000001,95.593,95.718,64.9,54.9,30.6,98.8,64.0,86.9,93.6,86.2,93.4,90.0,93.0,19.599,5,5,5,104.72399999999999
2.55,1.0,9.799,5.53,5.235,101.96600000000001,95.655,95.188,64.9,54.9,30.6,98.8,64.0,86.9,93.6,86.2,93.4,90.0,93.0,20.526,5,5,5,104.72
2.6,1.0,9.526,5.617,5.336,136.049,95.438,95.40100000000001,64.9,54.9,30.6,98.8,64.0,86.9,93.6,86.2,93.4,90.0,93.0,19.404000000000003,5,5,5,104.73
2.65,1.0,9.696000000000002,5.819,5.128,161.454,95.438,95.559,64.9,54.9,30.6,98.8,64.0,86.9,93.6,86.2,93.4,90.0,93.0,19.978,5,5,5,104.711
2.7,1.0,9.283000000000001,5.548,5.142,175.584,95.376,95.691,64.9,54.9,30.6,98.8,64.0,86.9,93.6,86.2,93.4,90.0,93.0,19.307000000000002,5,5,5,104.713
2.75,1.0,9.486,5.526,5.37,179.555,94.969,95.241,64.9,54.9,30.6,98.8,64.0,86.9,93.6,86.2,93.4,90.0,93.0,19.816,5,5,5,104.705
2.8,1.0,9.618,5.523,5.142,175.90099999999998,95.282,95.612,64.9,54.9,30.6,98.8,64.0,86.9,93.6,86.2,93.4,90.0,93.0,19.845,5,5,5,104.723
2.85,1.0,9.457,5.5120000000000005,5.474,158.822,95.094,95.241,64.9,54.9,30.6,98.8,64.0,86.9,93.6,86.2,93.4,90.0,93.0,19.954,5,5,5,104.713
2.9,1.0,9.283000000000001,5.687,5.171,130.43,95.188,95.718,64.9,54.9,30.6,98.8,64.0,86.9,93.6,86.2,93.4,90.0,93.0,19.9,5,5,5,104.71700000000001
2.95,1.0,9.603,5.555,5.213,98.069,95.282,95.161,64.9,54.9,30.6,98.8,64.0,86.9,93.6,86.2,93.4,90.0,93.0,19.854,5,5,5,104.71600000000001
3.0,1.0,9.48,5.473,5.146,73.49,95.157,95.027,64.9,54.9,30.6,98.8,64.0,86.9,93.6,86.2,93.4,90.0,93.0,19.625,5,5,5,104.712
3.05,1.0,9.648,5.888,5.326,56.169,95.345,95.294,64.9,54.9,30.6,98.8,64.0,86.9,93.6,86.2,93.4,90.0,93.0,19.781,5,5,5,104.712
3.1,14.0,9.266,5.732,5.188,96.99600000000001,95.376,95.347,64.9,54.9,30.6,98.8,64.0,86.9,93.6,86.2,93.4,90.0,93.0,19.601,5,5,5,104.715
3.15,14.0,9.95,5.575,5.146,113.234,95.188,95.347,64.9,54.9,30.6,98.8,64.0,86.9,93.6,86.2,93.4,90.0,93.0,19.574,5,5,5,104.71600000000001
3.2,14.0,9.317,5.47,5.27,82.763,95.157,95.294,64.9,54.9,30.6,98.8,64.0,86.9,93.6,86.2,93.4,90.0,93.0,19.497,5,5,5,104.712
3.25,14.0,9.361,5.57,5.312,63.968,95.094,95.48,64.9,54.9,30.6,98.8,64.0,86.9,93.6,86.2,93.4,90.0,93.0,20.023,5,5,5,104.713
3.3,14.0,9.64,5.656,5.194,39.381,94.747,94.703,64.9,54.9,30.6,98.8,64.0,86.9,93.6,86.2,93.4,90.0,93.0,19.383,5,5,5,104.719
3.35,14.0,9.065000000000001,5.635,5.369,48.605,95.22,95.107,64.9,54.9,30.6,98.8,64.0,86.9,93.6,86.2,93.4,90.0,93.0,19.944000000000003,5,5,5,104.71
3.4,14.0,9.41,5.476,5.227,55.705,95.22,95.054,64.7,54.9,30.6,98.6,63.9,86.9,93.6,86.2,93.4,90.0,93.0,19.521,5,5,5,104.715
3.45,14.0,9.452,5.627,5.244,69.21,95.313,95.214,64.7,54.9,30.6,98.6,63.9,86.9,93.6,86.2,93.4,90.0,93.0,19.661,5,5,5,104.715
3.5,14.0,9.529,5.598,5.4,88.31299999999999,95.282,95.268,64.7,54.9,30.6,98.6,63.9,86.9,93.6,86.2,93.4,90.0,93.0,19.343,5,5,5,104.714
3.55,14.0,9.577,5.477,5.307,107.969,95.251,95.533,64.7,54.9,30.6,98.6,63.9,86.9,93.6,86.2,93.4,90.0,93.0,19.977,5,5,5,104.711
3.6,14.0,9.582,5.486,5.183,128.58499999999998,95.5,95.268,64.7,54.9,30.6,98.6,63.9,86.9,93.6,86.2,93.4,90.0,93.0,19.269,5,5,5,104.71700000000001
3.65,14.0,8.98,5.5,5.487,146.184,95.282,95.0,64.7,54.9,30.6,98.6,63.9,86.812,93.6,86.2,93.4,90.0,93.0,19.912,5,5,5,104.71799999999999
3.7,14.0,9.551,5.47,5.217,159.33,95.0,95.0,64.7,54.9,30.6,98.6,63.9,86.727,93.6,86.2,93.4,90.0,93.0,19.418,5,5,5,104.715
3.75,14.0,9.354,5.791,5.2780000000000005,169.43900000000002,95.22,94.865,64.7,54.9,30.6,98.6,63.9,86.706,93.6,86.2,93.4,90.0,93.0,19.165999999999997,5,5,5,104.711
3.8,14.0,9.279,5.496,5.256,176.908,95.031,95.054,64.7,54.9,30.6,98.6,63.9,86.70100000000001,93.6,86.2,93.4,90.0,93.0,20.070999999999998,5,5,5,104.71799999999999
3.85,14.0,9.586,5.477,5.102,177.0,95.22,95.294,64.7,54.9,30.6,98.6,63.9,86.7,93.47399999999999,86.2,93.4,90.0,93.0,19.187,5,5,5,104.712
3.9,14.0,9.213999999999999,5.636,5.253,178.361,95.188,95.054,64.7,54.9,30.6,98.6,63.9,86.7,93.418,86.2,93.4,90.0,93.0,20.177,5,5,5,104.713
3.95,14.0,9.463000000000001,5.477,5.339,175.162,94.969,94.865,64.7,54.9,30.6,98.6,63.9,86.7,93.404,86.2,93.4,90.0,93.0,19.125999999999998,5,5,5,104.711
4.0,14.0,9.025,5.442,5.14,173.77900000000002,95.251,95.027,64.7,54.9,30.6,98.6,63.9,86.7,93.40100000000001,86.063,93.4,90.0,93.0,20.206,5,5,5,104.70299999999999
4.05,14.0,9.408999999999999,5.517,5.284,175.206,95.063,94.946,64.7,54.9,30.6,98.6,63.9,86.7,93.4,86.015,93.4,90.0,93.0,19.034,5,5,5,104.706
4.1,14.0,9.083,5.5809999999999995,5.4,175.01,95.376,95.027,64.7,54.9,30.6,98.6,63.9,86.7,93.4,86.00399999999999,93.4,90.0,93.0,20.148,5,5,5,104.705
4.15,14.0,9.472999999999999,5.486,5.322,172.298,95.282,95.107,64.7,54.9,30.6,98.6,63.9,86.7,93.4,86.001,93.4,90.0,93.0,18.997999999999998,5,5,5,104.706
4.17,3.0,9.164,5.553,5.374,175.727,94.874,95.027,64.7,54.9,30.6,98.6,63.9,86.7,93.4,86.0,93.4,90.0,93.0,20.14,5,5,5,104.70299999999999
4.19,3.0,9.498000000000001,5.457,5.152,170.25900000000001,94.493,93.908,64.7,54.9,30.6,98.6,63.9,86.7,93.4,86.0,93.35,90.0,93.0,20.191,5,5,5,104.70299999999999
4.21,3.0,9.617,5.434,5.116,153.487,94.937,95.081,64.7,54.9,30.6,98.6,63.9,86.7,93.4,86.0,93.28399999999999,90.0,93.0,20.165999999999997,5,5,5,104.709
4.23,3.0,9.283000000000001,5.518,5.064,137.001,94.937,94.83800000000001,64.7,54.9,30.6,98.6,63.9,86.7,93.4,86.0,93.247,90.0,93.0,20.024,5,5,5,104.71
4.25,3.0,9.33,5.457,5.207,119.919,94.937,94.973,64.7,54.9,30.6,98.6,63.9,86.7,93.4,86.0,93.227,89.931,93.0,20.246,5,5,5,104.70700000000001
4.27,3.0,9.143,5.623,5.253,100.49,94.779,95.027,64.7,54.9,30.6,98.6,63.9,86.7,93.4,86.0,93.215,89.874,93.0,20.249000000000002,5,5,5,104.709
4.29,3.0,9.321000000000002,5.452,5.228,85.305,94.779,95.107,64.7,54.9,30.6,98.6,63.9,86.7,93.4,86.0,93.208,89.842,92.95,20.144,5,5,5,104.704
4.31,3.0,5.871,5.662,5.271,88.413,95.031,94.676,64.7,54.9,30.6,98.6,63.9,86.7,93.4,86.0,93.205,89.82300000000001,92.884,20.116,5,5,5,104.705
4.33,3.0,5.721,6.2170000000000005,5.29,78.53,95.0,94.757,64.7,54.9,30.6,98.6,63.9,86.7,93.4,86.0,93.203,89.813,92.847,20.310000000000002,5,5,5,104.359
4.35,3.0,5.622,6.5009999999999994,5.467,74.722,95.094,95.081,64.7,54.9,30.6,98.6,63.9,86.7,93.4,86.0,93.20100000000001,89.807,92.827,19.879,5,5,5,103.566
4.37,3.0,5.718,6.144,5.119,58.903,95.219,95.134,64.7,54.9,30.6,98.6,63.9,86.7,93.4,86.0,93.20100000000001,89.804,92.815,20.155,5,5,5,102.041
4.39,3.0,5.474,6.172,5.229,47.343999999999994,95.344,95.081,64.7,54.9,30.6,98.6,63.9,86.7,93.4,86.0,93.2,89.80199999999999,92.808,20.131999999999998,5,5,5,101.05799999999999
4.41,3.0,5.727,6.046,5.175,51.832,95.375,95.0,64.7,54.9,30.6,98.6,63.9,86.7,93.4,86.0,93.2,89.801,92.805,20.161,5,5,5,99.781
4.43,3.0,5.317,5.989,5.275,40.318000000000005,95.157,95.054,64.7,54.9,30.6,98.6,63.9,86.7,93.4,86.0,93.2,89.801,92.803,20.163,5,5,5,98.62899999999999
4.45,3.0,5.443,5.86,5.14,45.216,95.188,94.865,64.7,54.9,30.6,98.6,63.9,86.7,93.4,86.0,93.2,89.8,92.801,20.027,5,5,5,97.475
4.47,3.0,5.601,6.317,5.304,48.461000000000006,95.094,95.054,64.7,54.9,30.6,98.6,63.9,86.7,93.4,86.0,93.2,89.8,92.801,20.129,5,5,5,96.527
4.49,3.0,5.771,6.454,5.24,52.501000000000005,95.0,94.811,64.7,54.9,30.6,98.6,63.9,86.7,93.4,86.0,93.2,89.8,92.8,20.3,5,5,5,95.616
4.51,3.0,5.583,6.519,5.153,55.8,94.937,95.161,64.7,54.9,30.6,98.6,63.9,86.7,93.4,86.0,93.2,89.8,92.8,20.018,5,5,5,94.742
4.53,3.0,5.445,6.633,5.12,59.16,95.219,95.374,64.7,54.9,30.6,98.6,63.9,86.7,93.4,86.0,93.2,89.8,92.8,20.134,5,5,5,93.84899999999999
4.55,3.0,5.609,6.188,5.128,63.098,95.375,95.027,64.7,54.9,30.6,98.6,63.9,86.7,93.4,86.0,93.2,89.8,92.8,20.112000000000002,5,5,5,92.973
4.57,3.0,5.705,6.333,5.192,67.636,95.188,95.134,64.7,54.9,30.6,98.6,63.9,86.7,93.4,86.0,93.2,89.8,92.8,20.27,5,5,5,92.104
4.59,3.0,5.5809999999999995,6.4719999999999995,5.142,72.176,95.126,95.188,64.7,54.9,30.6,98.6,63.9,86.7,93.4,86.0,93.2,89.8,92.8,20.169,5,5,5,91.296
4.61,3.0,5.395,6.417,5.332,77.16,95.094,94.78399999999999,64.7,54.9,30.6,98.6,63.9,86.7,93.4,86.0,93.2,89.8,92.8,20.250999999999998,5,5,5,90.468
4.63,3.0,5.346,6.037,5.254,81.756,94.937,95.081,64.7,54.9,30.6,98.6,63.9,86.7,93.4,86.0,93.2,89.8,92.8,20.125999999999998,5,5,5,89.643
4.65,3.0,5.632,6.019,5.134,83.748,95.031,95.134,64.7,54.9,30.6,98.6,63.9,86.7,93.4,86.0,93.2,89.8,92.8,20.073,5,5,5,88.858
4.67,3.0,5.677,6.07,5.082,86.59899999999999,94.905,95.321,64.7,54.9,30.6,98.6,63.9,86.7,93.4,86.0,93.2,89.8,92.8,20.197000000000003,5,5,5,88.08800000000001
4.69,3.0,5.513,6.293,5.318,84.988,95.031,95.454,64.7,54.9,30.6,98.6,63.9,86.7,93.4,86.0,93.2,89.8,92.8,19.552999999999997,5,5,5,87.218
4.71,3.0,5.468,6.162,5.214,84.017,95.063,95.98,64.7,54.9,30.6,98.6,63.9,86.7,93.4,86.0,93.2,89.8,92.8,19.292,5,5,5,86.319
4.73,3.0,5.458,6.188,5.135,82.57600000000001,94.747,96.472,64.7,54.9,30.6,98.6,63.9,86.7,93.4,86.0,93.2,89.8,92.8,19.253,5,5,5,85.431
4.75,3.0,5.375,6.452,5.334,82.078,95.031,96.98299999999999,64.7,54.9,30.6,98.6,63.9,86.7,93.4,86.0,93.2,89.8,92.8,19.256999999999998,5,5,5,84.54
4.77,3.0,5.416,6.586,5.257,80.491,95.0,97.811,64.7,54.9,30.6,98.6,63.9,86.7,93.4,86.0,93.2,89.8,92.8,19.316,5,5,5,83.645
4.79,3.0,5.508,6.192,5.075,79.78399999999999,95.031,98.885,64.7,54.9,30.6,98.6,63.9,86.7,93.4,86.0,93.2,89.8,92.8,19.403,5,5,5,82.755
4.81,3.0,5.453,5.994,5.244,78.875,95.063,100.439,64.7,54.9,30.6,98.6,63.9,86.7,93.4,86.0,93.2,89.8,92.8,19.398,5,5,5,81.902
4.83,3.0,5.479,5.878,5.092,78.833,94.969,102.679,64.7,54.9,30.6,98.6,63.9,86.7,93.4,86.0,93.2,89.8,92.8,19.353,5,5,5,81.018
4.85,3.0,5.7,5.823,5.186,78.773,95.0,105.49600000000001,64.7,54.9,30.6,98.6,63.9,86.7,93.4,86.0,93.2,89.8,92.8,19.354,5,5,5,80.131
4.87,3.0,5.393,6.29,5.233,78.914,95.0,110.46600000000001,64.7,54.9,30.6,98.6,63.9,86.7,93.4,86.0,93.2,89.8,92.8,19.339,5,5,5,79.285
4.89,3.0,5.537,6.861,5.344,78.685,94.969,119.415,64.7,54.9,30.6,98.6,63.9,86.7,93.4,86.0,93.2,89.8,92.8,19.472,5,5,5,78.404
4.91,3.0,5.7059999999999995,6.313000000000001,5.136,79.17,95.157,131.651,64.7,54.9,30.6,98.6,63.9,86.7,93.4,86.0,93.2,89.8,92.8,19.442999999999998,5,5,5,77.554
4.93,3.0,5.515,6.807,5.432,79.223,95.157,151.063,64.7,54.9,30.6,98.6,63.9,86.7,93.4,86.0,93.2,89.8,92.8,19.42,5,5,5,76.715
4.95,3.0,5.649,7.136,5.248,79.634,95.468,193.24099999999999,64.7,54.9,30.6,98.6,63.9,86.7,93.4,86.0,93.2,89.8,92.8,19.505000000000003,5,5,5,75.88600000000001
4.97,3.0,5.444,7.269,5.335,79.50399999999999,96.234,244.40900000000002,64.7,54.9,30.6,98.6,63.9,86.7,93.4,86.0,93.2,89.8,92.8,19.689,5,5,5,75.048
4.99,3.0,5.657,7.227,5.169,80.079,98.146,239.38299999999998,64.7,54.9,30.6,98.6,63.9,86.7,93.4,86.0,93.2,89.8,92.8,19.549,5,5,5,74.204
5.01,3.0,5.844,7.728,5.267,80.072,100.38600000000001,236.155,64.7,54.9,30.6,98.6,63.9,86.7,93.4,86.0,93.2,89.8,92.8,19.723,5,5,5,73.333
5.03,3.0,5.432,8.457,5.192,80.472,103.01899999999999,234.93599999999998,64.7,54.9,30.6,98.6,63.9,86.7,93.4,86.0,93.2,89.8,92.8,19.725,5,5,5,72.507
5.05,3.0,5.462,8.69,5.18,80.809,106.40100000000001,234.21,64.7,54.9,30.6,98.6,63.9,86.7,93.4,86.0,93.2,89.8,92.8,19.747999999999998,5,5,5,71.675
5.07,3.0,5.505,9.144,5.097,80.858,110.396,234.18400000000003,64.7,54.9,30.6,98.6,63.9,86.7,93.4,86.0,93.2,89.8,92.8,19.642000000000003,5,5,5,70.812
5.09,3.0,5.8,9.584,5.196,81.195,115.39299999999999,234.422,64.7,54.9,30.6,98.6,63.9,86.7,93.4,86.0,93.2,89.8,92.8,19.654000000000003,5,5,5,69.97200000000001
5.11,3.0,5.608,9.91,5.177,81.487,121.458,234.46,64.7,54.9,30.6,98.6,63.9,86.7,93.4,86.0,93.2,89.8,92.8,19.465,5,5,5,69.137
5.13,3.0,5.54,10.406,5.381,81.975,129.251,234.247,64.7,54.9,30.6,98.6,63.9,86.7,93.4,86.0,93.2,89.8,92.8,19.537,5,5,5,68.28899999999999
5.15,3.0,5.6,10.344999999999999,5.242,82.13,139.793,233.872,64.7,54.9,30.6,98.6,63.9,86.7,93.4,86.0,93.2,89.8,92.8,19.552999999999997,5,5,5,67.44399999999999
5.17,3.0,5.48,10.513,5.051,81.627,150.82399999999998,233.27200000000002,64.7,54.9,30.6,98.6,63.9,86.7,93.4,86.0,93.2,89.8,92.8,19.639000000000003,5,5,5,66.559
5.19,3.0,5.729,11.338999999999999,5.178,79.575,162.595,232.363,64.7,54.9,30.6,98.6,63.9,86.7,93.4,86.0,93.2,89.8,92.8,19.542,5,5,5,65.628
5.21,3.0,5.782,12.15,5.21,77.488,186.237,231.34400000000002,64.7,54.9,30.6,98.6,63.9,86.7,93.4,86.0,93.2,89.8,92.8,19.558,5,5,5,64.71600000000001
5.23,3.0,5.498,12.385,5.361,74.795,246.425,230.25400000000002,64.7,54.9,30.6,98.6,63.9,86.7,93.4,86.0,93.2,89.8,92.8,19.398,5,5,5,63.736999999999995
5.25,3.0,5.7490000000000006,12.738,5.236,73.81,242.812,229.25400000000002,64.7,54.9,30.6,98.6,63.9,86.7,93.312,86.0,93.2,89.8,92.8,19.442999999999998,5,5,5,62.817
5.27,3.0,5.882,13.202,5.359,72.222,239.06099999999998,228.208,64.7,54.9,30.6,98.6,63.9,86.7,93.263,86.0,93.2,89.8,92.8,19.389000000000003,5,5,5,61.908
5.29,3.0,5.893,13.767000000000001,5.943,72.008,236.47799999999998,227.165,64.7,54.9,30.6,98.6,63.9,86.7,93.236,86.0,93.2,89.8,92.8,19.413,5,5,5,61.005
5.31,3.0,6.022,14.157,6.383,71.421,234.418,226.12599999999998,64.7,54.9,30.6,98.6,63.9,86.7,93.22,86.0,93.2,89.8,92.8,19.425,5,5,5,60.111000000000004
5.33,3.0,6.102,14.228,6.701,71.43,232.63400000000001,225.54,64.7,54.9,30.6,98.6,63.9,86.7,93.211,86.0,93.2,89.8,92.8,19.414,5,5,5,59.248000000000005
5.35,3.0,6.286,15.243,7.328,71.17,231.00799999999998,224.324,64.7,54.9,30.6,98.5,63.7,86.7,93.206,86.0,93.2,89.8,92.8,19.4,5,5,5,58.398
5.37,3.0,6.645,15.782,7.651999999999999,71.79,229.577,223.426,64.7,54.9,30.6,98.5,63.7,86.7,93.204,86.0,93.2,89.8,92.8,19.442999999999998,5,5,5,57.536
5.39,3.0,6.461,15.869000000000002,8.189,71.672,228.33700000000002,224.105,64.7,54.9,30.6,98.5,63.7,86.7,93.202,86.0,93.2,89.8,92.8,19.576,5,5,5,56.693000000000005
5.41,3.0,6.191,16.701,8.683,72.2,227.34900000000002,224.312,64.7,54.9,30.6,98.5,63.7,86.7,93.20100000000001,86.0,93.2,89.8,92.8,19.357,5,5,5,55.835
5.43,3.0,6.958,17.357,9.184000000000001,72.28399999999999,226.264,223.984,64.7,54.9,30.6,98.5,63.7,86.7,93.20100000000001,86.0,93.2,89.8,92.8,19.415,5,5,5,54.998000000000005
5.45,3.0,6.882,17.413,9.577,72.794,225.085,223.669,64.7,54.9,30.6,98.5,63.7,86.7,93.2,86.0,93.2,89.8,92.8,19.482,5,5,5,54.146
5.47,3.0,7.231999999999999,17.621,10.182,72.532,224.15400000000002,223.45,64.7,54.9,30.6,98.5,63.7,86.7,93.2,86.0,93.2,89.8,92.8,19.478,5,5,5,53.299
5.49,3.0,7.224,18.374000000000002,10.545,73.154,223.372,223.329,64.7,54.9,30.6,98.5,63.7,86.7,93.2,86.0,93.2,89.8,92.8,19.535,5,5,5,52.448
5.51,3.0,7.279999999999999,18.75,10.867999999999999,73.48899999999999,222.885,223.18400000000003,64.7,54.9,30.6,98.5,63.7,86.7,93.2,86.0,93.2,89.8,92.8,19.462,5,5,5,51.6
5.53,3.0,7.4719999999999995,19.43,11.463,70.777,222.385,222.882,64.7,54.9,30.6,98.5,63.7,86.7,93.2,86.0,93.2,89.8,92.8,19.561,5,5,5,50.792
5.55,3.0,7.369,19.891,11.669,71.578,222.045,222.37400000000002,64.7,54.9,30.6,98.5,63.7,86.7,93.2,86.0,93.2,89.8,92.8,19.605,5,5,5,50.068000000000005
5.57,3.0,7.279,19.409,12.019,68.999,221.947,221.699,64.7,54.9,30.6,98.5,63.7,86.7,93.2,86.0,93.2,89.8,92.8,19.497,5,5,5,49.344
5.59,3.0,7.716,19.79,11.911000000000001,70.418,222.02,220.892,64.7,54.9,30.6,98.5,63.7,86.7,93.2,86.0,93.2,89.8,92.8,19.467,5,5,5,48.672
5.61,3.0,7.904,20.027,12.332999999999998,68.707,222.312,220.016,64.7,54.9,30.6,98.5,63.7,86.7,93.2,86.0,93.2,89.8,92.8,19.719,5,5,5,47.979
5.63,3.0,7.6,20.653,12.591000000000001,69.98899999999999,222.34900000000002,219.093,64.7,54.9,30.6,98.5,63.7,86.7,93.2,86.0,93.2,89.8,92.8,19.59,5,5,5,47.294000000000004
5.65,3.0,8.177,20.272,13.024,69.321,221.972,218.19799999999998,64.7,54.9,30.6,98.5,63.7,86.7,93.2,86.0,93.2,89.8,92.8,19.432000000000002,5,5,5,46.609
5.67,3.0,8.196,20.566,13.064,70.374,221.558,217.268,64.7,54.9,30.6,98.5,63.7,86.7,93.2,86.0,93.2,89.8,92.8,19.665,5,5,5,45.939
5.69,3.0,8.583,21.252,13.441,69.757,221.51,216.43599999999998,64.7,54.9,30.6,98.5,63.7,86.7,93.2,86.0,93.2,89.8,92.8,19.594,5,5,5,45.25
5.71,3.0,9.389,21.639,14.005,70.875,221.692,215.713,64.7,54.9,30.6,98.5,63.7,86.7,93.2,86.0,93.2,89.8,92.8,19.27,5,5,5,44.601
5.73,3.0,13.748,23.594,14.69,70.623,221.886,215.12099999999998,64.7,54.9,30.6,98.5,63.7,86.7,93.2,86.0,93.2,89.8,92.8,19.356,5,5,5,43.942
5.75,3.0,16.494,25.875999999999998,15.902000000000001,68.488,221.364,214.542,64.7,54.9,30.6,98.5,63.7,86.7,93.2,86.0,93.2,89.8,92.8,19.309,5,5,5,43.28
5.77,3.0,18.458,26.909000000000002,16.720999999999997,67.05699999999999,220.576,213.988,64.7,54.9,30.6,98.5,63.7,86.7,93.2,86.0,93.2,89.8,92.8,19.427999999999997,5,5,5,42.804
5.79,3.0,19.587,27.531999999999996,17.487000000000002,66.862,219.81400000000002,213.387,64.7,54.9,30.6,98.5,63.7,86.7,93.2,86.0,93.2,89.8,92.8,19.381,5,5,5,42.421
5.81,3.0,20.433,28.166,18.129,66.28,219.234,212.799,64.7,54.9,30.6,98.5,63.7,86.7,93.2,86.0,93.2,89.8,92.8,19.485,5,5,5,42.024
5.83,4.0,21.243,28.921,18.824,66.109,218.378,212.27,64.7,54.9,30.6,98.5,63.7,86.7,93.2,86.0,93.2,89.8,92.8,19.447000000000003,5,5,5,41.664
5.85,4.0,22.125999999999998,29.451999999999998,19.784,56.773,217.044,211.707,64.7,54.9,30.6,98.5,63.7,86.7,93.2,86.0,93.2,89.8,92.8,19.005000000000003,5,5,5,41.376999999999995
5.87,4.0,22.875999999999998,31.37,24.038,57.513999999999996,215.798,211.169,64.7,54.9,30.6,98.5,63.7,86.7,93.2,86.0,93.2,89.8,92.8,19.198,5,5,5,41.412
5.89,4.0,23.562,31.035,26.028000000000002,51.763000000000005,214.86599999999999,210.549,64.7,54.9,30.6,98.5,63.7,86.7,93.2,86.0,93.2,89.8,92.8,19.558,5,5,5,41.489000000000004
5.91,4.0,23.417,31.243000000000002,26.823,50.406000000000006,214.24599999999998,209.93,64.7,54.9,30.6,98.5,63.7,86.7,93.2,86.0,93.2,89.8,92.8,19.322000000000003,5,5,5,41.596999999999994
5.93,4.0,23.278,30.71,27.002,47.471000000000004,213.77,209.28900000000002,64.7,54.9,30.6,98.5,63.7,86.7,93.2,86.0,93.2,89.8,92.8,19.402,5,5,5,41.730999999999995
5.95,4.0,23.201,30.745,26.234,45.298,213.34099999999998,208.708,64.7,54.9,30.6,98.5,63.7,86.7,93.2,86.0,93.2,89.8,92.8,19.506999999999998,5,5,5,41.836
5.97,4.0,23.971,31.038,25.445999999999998,43.12,212.937,208.243,64.7,54.9,30.6,98.5,63.7,86.7,93.2,86.0,93.2,89.8,92.8,19.462,5,5,5,41.979
5.99,4.0,25.879,31.018,24.82,41.35,212.486,207.74400000000003,64.7,54.9,30.6,98.5,63.7,86.7,93.2,86.0,93.2,89.8,92.8,19.473,5,5,5,42.121
6.01,4.0,26.82,31.173000000000002,27.035999999999998,39.946,212.0,207.292,64.7,54.9,30.6,98.5,63.7,86.7,93.2,86.0,93.2,89.8,92.8,19.695,5,5,5,42.274
6.03,4.0,26.988000000000003,32.075,28.454,38.019,211.52700000000002,206.794,64.7,54.9,30.6,98.5,63.7,86.7,93.2,85.913,93.2,89.8,92.8,19.52,5,5,5,42.429
6.05,4.0,27.563000000000002,31.628,29.296999999999997,36.788,210.983,206.285,64.7,54.9,30.6,98.5,63.7,86.7,93.2,85.863,93.2,89.8,92.8,19.305999999999997,5,5,5,42.573
6.07,4.0,27.393,31.93,29.299,35.402,210.498,205.812,64.7,54.9,30.6,98.5,63.7,86.7,93.2,85.836,93.2,89.8,92.8,19.534,5,5,5,42.74
6.09,4.0,27.346,32.046,29.195,33.778999999999996,209.873,205.235,64.7,54.9,30.6,98.5,63.7,86.7,93.2,85.82,93.15,89.8,92.8,19.484,5,5,5,42.896
6.11,4.0,26.503,30.816,28.988000000000003,36.288,209.378,204.671,64.7,54.9,30.6,98.5,63.7,86.7,93.2,85.811,93.084,89.8,92.8,19.276,5,5,5,43.025
6.13,4.0,26.055,30.759,28.763,33.177,208.93099999999998,204.199,64.7,54.9,30.6,98.5,63.7,86.7,93.2,85.806,93.047,89.8,92.8,19.289,5,5,5,43.039
6.15,4.0,26.514,30.535999999999998,28.409000000000002,36.399,208.484,203.74,64.7,54.9,30.6,98.5,63.7,86.7,93.2,85.804,93.027,89.8,92.8,19.341,5,5,5,43.037
6.17,4.0,26.479,30.358,28.303,35.697,208.014,203.269,64.7,54.9,30.6,98.5,63.7,86.613,93.2,85.80199999999999,93.015,89.8,92.8,19.368000000000002,5,5,5,42.984
6.19,4.0,26.836,30.565,27.913,37.461,207.533,202.799,64.7,54.9,30.6,98.5,63.7,86.563,93.2,85.801,93.008,89.8,92.8,19.319000000000003,5,5,5,42.946
6.21,4.0,26.853,29.967,27.754,37.726,207.05200000000002,202.387,64.7,54.9,30.6,98.5,63.7,86.536,93.2,85.801,93.005,89.8,92.8,19.302,5,5,5,42.893
6.23,4.0,27.136999999999997,30.070999999999998,27.796,38.436,206.59599999999998,201.963,64.7,54.9,30.6,98.5,63.7,86.52,93.2,85.8,93.003,89.8,92.8,19.153,5,5,5,42.801
6.25,4.0,27.075,29.968000000000004,27.553,38.99,206.11599999999999,201.52900000000002,64.7,54.9,30.6,98.5,63.7,86.51100000000001,93.2,85.8,93.001,89.8,92.8,19.274,5,5,5,42.734
6.27,4.0,27.325,30.175,27.612,39.326,205.66,201.095,64.7,54.9,30.6,98.5,63.7,86.506,93.2,85.8,93.001,89.8,92.8,19.1,5,5,5,42.66
6.29,4.0,26.771,30.526,27.675,40.156,205.19400000000002,200.707,64.7,54.9,30.6,98.5,63.7,86.50399999999999,93.2,85.8,93.0,89.8,92.8,19.176,5,5,5,42.554
6.31,4.0,27.087,30.174,27.678,40.566,204.75,200.343,64.7,54.9,30.6,98.5,63.7,86.502,93.2,85.8,93.0,89.8,92.8,19.146,5,5,5,42.423
6.33,4.0,27.026,30.736,27.719,42.124,204.31900000000002,199.955,64.7,54.9,30.6,98.5,63.7,86.501,93.2,85.8,93.0,89.756,92.8,19.0,5,5,5,42.325
6.35,4.0,27.371,30.654,27.805,42.330999999999996,203.889,199.56900000000002,64.7,54.9,30.6,98.5,63.7,86.501,93.2,85.8,93.0,89.732,92.8,18.939,5,5,5,42.207
6.37,4.0,27.713,30.737,27.755,42.705999999999996,203.47,199.21599999999998,64.7,54.9,30.6,98.5,63.7,86.5,93.2,85.8,93.0,89.718,92.8,19.368000000000002,5,5,5,42.089
6.39,4.0,27.627,30.815,28.226999999999997,40.476,203.017,198.875,64.7,54.9,30.6,98.5,63.7,86.5,93.2,85.8,93.0,89.71,92.8,18.849,5,5,5,42.047
6.41,4.0,27.564,31.193,28.456999999999997,44.465,202.622,198.535,64.7,54.9,30.6,98.5,63.7,86.5,93.2,85.8,93.0,89.706,92.8,18.993000000000002,5,5,5,42.062
6.43,4.0,28.006999999999998,31.51,28.752,43.068000000000005,202.19299999999998,198.19400000000002,64.7,54.9,30.6,98.5,63.7,86.5,93.2,85.8,93.0,89.703,92.8,19.183,5,5,5,41.964
6.45,4.0,28.169,31.265,28.826999999999998,44.705,201.775,197.843,64.7,54.9,30.6,98.5,63.7,86.5,93.2,85.8,93.0,89.702,92.8,19.095,5,5,5,41.870000000000005
6.47,4.0,28.316,31.829,28.936999999999998,45.571999999999996,201.382,197.503,64.7,54.9,30.6,98.5,63.7,86.5,93.2,85.8,93.0,89.70100000000001,92.73100000000001,19.225,5,5,5,41.788
6.49,4.0,28.561999999999998,31.838,29.204,45.23,200.988,197.18599999999998,64.7,54.9,30.6,98.5,63.7,86.5,93.2,85.8,93.0,89.70100000000001,92.67399999999999,19.569000000000003,5,5,5,41.641999999999996
6.51,4.0,28.691999999999997,32.318,29.524,47.403,200.595,196.86900000000003,64.7,54.9,30.6,98.5,63.7,86.5,93.2,85.8,93.0,89.7,92.642,19.177999999999997,5,5,5,41.509
6.53,4.0,28.94,32.436,29.819000000000003,40.97,200.202,196.553,64.7,54.9,30.6,98.5,63.7,86.5,93.2,85.8,93.0,89.7,92.623,19.328,5,5,5,41.435
6.55,4.0,29.246,33.34,30.203000000000003,44.135,199.84400000000002,196.282,64.7,54.9,30.6,98.5,63.7,86.5,93.2,85.8,93.0,89.7,92.613,19.198,5,5,5,41.485
6.57,4.0,29.824,33.590999999999994,30.267,37.129,199.394,195.96599999999998,64.7,54.9,30.6,98.5,63.7,86.5,93.2,85.8,93.0,89.7,92.607,19.2,5,5,5,41.545
6.59,4.0,30.05,33.545,30.641,43.486999999999995,199.05900000000003,195.571,64.7,54.9,30.6,98.5,63.7,86.5,93.2,85.8,93.0,89.7,92.604,19.341,5,5,5,41.724000000000004
6.61,4.0,29.855,33.387,30.928,39.871,198.69099999999997,195.32299999999998,64.7,54.9,30.6,98.5,63.7,86.5,93.2,85.8,93.0,89.7,92.602,19.414,5,5,5,41.743
6.63,4.0,30.034000000000002,33.894000000000005,31.054000000000002,42.292,198.334,194.984,64.7,54.9,30.6,98.5,63.7,86.5,93.2,85.8,93.0,89.7,92.601,19.512,5,5,5,41.715
6.65,4.0,29.974,33.480999999999995,30.820999999999998,35.85,197.988,194.658,64.7,54.9,30.6,98.5,63.7,86.5,93.2,85.8,93.0,89.7,92.601,19.16,5,5,5,41.706
6.67,4.0,30.458000000000002,34.166,30.963,39.2,197.632,194.32,64.7,54.9,30.6,98.5,63.7,86.5,93.2,85.8,93.0,89.7,92.6,19.463,5,5,5,41.836
6.69,4.0,30.272,34.326,31.116999999999997,32.219,197.24099999999999,193.972,64.7,54.9,30.6,98.5,63.7,86.5,93.2,85.8,93.0,89.7,92.6,20.566,5,5,5,41.973
6.71,4.0,30.509,34.111999999999995,31.003,33.314,196.896,193.702,64.7,54.9,30.6,98.5,63.7,86.5,93.2,85.8,93.0,89.7,92.6,20.319000000000003,5,5,5,42.138000000000005
6.73,4.0,30.753,34.289,30.819000000000003,31.159000000000002,196.563,193.35299999999998,64.7,54.9,30.6,98.5,63.7,86.5,93.2,85.8,93.0,89.7,92.6,20.491,5,5,5,42.303000000000004
6.75,4.0,30.833000000000002,34.345,30.875999999999998,30.715999999999998,196.196,192.99400000000003,64.7,54.9,30.6,98.5,63.7,86.5,93.2,85.8,93.0,89.7,92.6,20.313,5,5,5,42.469
6.77,4.0,30.771,33.491,30.778000000000002,29.796,195.863,192.702,64.7,54.9,30.6,98.5,63.7,86.5,93.2,85.8,93.0,89.7,92.6,20.393,5,5,5,42.619
6.79,4.0,30.480999999999998,33.469,30.474,32.2,195.50799999999998,192.34400000000002,64.7,54.9,30.6,98.5,63.7,86.5,93.2,85.8,93.0,89.7,92.6,21.160999999999998,5,5,5,42.764
6.81,4.0,30.904,33.242,30.041999999999998,31.592,195.176,192.041,64.7,54.9,30.6,98.5,63.7,86.5,93.2,85.8,93.0,89.7,92.6,20.782,5,5,5,42.792
6.83,4.0,30.248,33.133,30.014,32.370999999999995,194.84400000000002,191.71599999999998,64.7,54.9,30.6,98.5,63.7,86.5,93.2,85.8,93.0,89.7,92.6,20.264000000000003,5,5,5,42.791
6.85,4.0,30.487,32.983000000000004,29.741999999999997,32.081,194.46599999999998,191.38,64.7,54.9,30.6,98.5,63.7,86.5,93.2,85.8,93.0,89.7,92.6,20.484,5,5,5,42.747
6.87,4.0,30.354,32.623000000000005,29.491999999999997,34.953,194.146,191.067,64.7,54.9,30.6,98.5,63.7,86.5,93.2,85.8,93.0,89.7,92.6,20.317,5,5,5,42.698
6.89,4.0,30.636999999999997,32.446,29.217,34.221999999999994,193.84799999999998,190.732,64.7,54.9,30.6,98.5,63.7,86.5,93.2,85.8,93.0,89.7,92.6,20.295,5,5,5,42.594
6.91,4.0,29.730999999999998,32.638999999999996,29.070999999999998,31.037,193.47099999999998,190.419,64.7,54.9,30.6,98.5,63.7,86.5,93.2,85.8,93.0,89.7,92.6,21.249000000000002,5,5,5,42.512
6.93,4.0,29.872,31.903000000000002,28.951999999999998,32.772,193.12900000000002,190.128,64.7,54.9,30.6,98.5,63.7,86.5,93.2,85.8,93.0,89.7,92.6,20.805999999999997,5,5,5,42.553000000000004
6.95,4.0,29.798000000000002,32.131,28.837,30.054000000000002,192.832,189.86,64.7,54.9,30.6,98.5,63.7,86.5,93.2,85.8,93.0,89.7,92.6,20.393,5,5,5,42.625
6.97,4.0,29.285999999999998,32.162,28.645,31.163,192.535,189.52599999999998,64.7,54.9,30.6,98.5,63.7,86.5,93.2,85.8,93.0,89.7,92.6,20.436,5,5,5,42.736999999999995
6.99,4.0,29.219,31.811,28.66,29.144000000000002,192.204,189.236,64.7,54.9,30.6,98.5,63.7,86.5,93.2,85.8,93.0,89.7,92.6,21.185,5,5,5,42.793
7.01,4.0,29.111,31.785,28.416999999999998,33.328,191.87400000000002,188.968,64.7,54.9,30.6,98.5,63.7,86.5,93.2,85.8,93.0,89.7,92.6,20.339,5,5,5,42.894
7.03,4.0,28.809,31.604,28.217,30.329,191.6,188.667,64.7,54.9,30.6,98.5,63.7,86.5,93.2,85.8,93.0,89.7,92.6,20.317,5,5,5,42.839
7.05,4.0,28.607,31.351999999999997,28.107,34.429,191.327,188.34400000000002,64.7,54.9,30.6,98.5,63.7,86.5,93.2,85.8,93.0,89.7,92.6,20.357,5,5,5,42.78
7.07,4.0,28.078000000000003,31.553,27.891,34.073,190.99599999999998,188.044,64.7,54.9,30.6,98.5,63.7,86.5,93.2,85.8,93.0,89.7,92.6,20.622,5,5,5,42.659
7.09,4.0,28.193,30.858,27.774,37.004,190.655,187.821,64.7,54.9,30.6,98.5,63.7,86.5,93.113,85.8,93.0,89.7,92.6,20.911,5,5,5,42.548
7.11,4.0,27.825,31.156,27.644000000000002,37.988,190.37,187.554,64.7,54.9,30.6,98.5,63.7,86.5,93.063,85.8,93.0,89.7,92.6,21.113,5,5,5,42.395
7.13,4.0,28.069000000000003,30.357,27.435,40.027,190.12,187.243,64.7,54.9,30.6,98.5,63.7,86.5,93.036,85.8,93.0,89.7,92.6,21.037,5,5,5,42.199
7.15,4.0,28.016,30.275,27.554000000000002,40.616,189.813,186.998,64.7,54.9,30.6,98.5,63.7,86.5,93.02,85.8,93.0,89.7,92.6,20.887,5,5,5,42.008
7.17,4.0,27.974,30.987,27.533,42.543,189.472,186.765,64.7,54.9,30.6,98.5,63.7,86.5,93.01100000000001,85.8,93.0,89.7,92.6,20.872,5,5,5,41.816
7.19,4.0,27.655,30.642,27.733,43.843,189.25599999999997,186.554,64.7,54.9,30.6,98.5,63.7,86.5,93.006,85.8,93.0,89.7,92.6,20.89,5,5,5,41.631
7.21,4.0,27.398000000000003,30.563000000000002,27.839000000000002,46.105,188.983,186.30900000000003,64.7,54.9,30.6,98.5,63.7,86.5,93.00399999999999,85.8,93.0,89.7,92.6,20.848,5,5,5,41.44199999999999
7.23,4.0,28.015,31.211,27.781999999999996,47.5,188.722,186.143,64.7,54.9,30.6,98.5,63.7,86.5,93.002,85.8,93.0,89.7,92.6,20.767000000000003,5,5,5,41.226
7.25,4.0,27.772,30.631,28.499000000000002,49.43,188.449,185.99900000000002,64.7,54.9,30.6,98.5,63.7,86.5,93.001,85.8,93.0,89.7,92.6,20.913,5,5,5,41.046
7.27,4.0,27.636,31.604,28.763,49.732,188.222,185.77700000000002,64.7,54.9,30.6,98.5,63.7,86.5,93.001,85.8,93.0,89.7,92.6,20.947000000000003,5,5,5,40.846999999999994
7.29,4.0,28.019000000000002,32.046,29.055999999999997,46.203,187.972,185.61,64.7,54.9,30.6,98.5,63.7,86.5,93.0,85.8,93.0,89.7,92.6,20.981,5,5,5,40.762
7.31,4.0,28.208000000000002,32.485,29.754,46.648999999999994,187.745,185.455,64.7,54.9,30.6,98.5,63.7,86.5,93.0,85.8,93.0,89.7,92.6,20.845,5,5,5,40.78
7.33,4.0,28.662,32.516999999999996,30.224,43.113,187.53,185.31099999999998,64.7,54.9,30.6,98.5,63.7,86.5,93.0,85.8,93.0,89.7,92.6,20.875,5,5,5,40.822
7.35,4.0,28.758000000000003,33.339,30.601999999999997,41.217,187.291,185.1,64.7,54.9,30.6,98.5,63.5,86.5,93.0,85.8,93.0,89.7,92.6,20.595,5,5,5,40.894000000000005
7.37,4.0,29.095,33.525,30.859,39.879,187.08700000000002,184.967,64.7,54.9,30.6,98.5,63.5,86.5,93.0,85.8,93.0,89.7,92.6,20.843,5,5,5,41.024
7.39,4.0,29.201,34.016,31.186,37.104,186.88299999999998,184.72299999999998,64.7,54.9,30.6,98.5,63.5,86.5,93.0,85.8,93.0,89.7,92.6,21.17,5,5,5,41.173
7.41,4.0,29.605999999999998,34.028999999999996,31.269000000000002,41.079,186.65599999999998,184.524,64.7,54.9,30.6,98.5,63.5,86.5,93.0,85.8,93.0,89.7,92.6,20.822000000000003,5,5,5,41.298
7.43,4.0,29.566,34.187,31.4,37.293,186.452,184.28,64.7,54.9,30.6,98.5,63.5,86.5,93.0,85.8,93.0,89.7,92.6,20.802999999999997,5,5,5,41.301
7.45,4.0,30.33,34.388000000000005,31.279,42.41,186.192,184.081,64.7,54.9,30.6,98.5,63.5,86.5,93.0,85.8,93.0,89.7,92.6,21.15,5,5,5,41.271
7.47,4.0,30.32,33.827,31.386999999999997,35.616,185.965,183.83700000000002,64.7,54.9,30.6,98.5,63.5,86.5,93.0,85.8,93.0,89.7,92.6,21.139,5,5,5,41.195
7.49,4.0,30.094,34.467,31.357,44.361999999999995,185.727,183.738,64.7,54.9,30.6,98.5,63.5,86.5,93.0,85.8,93.0,89.7,92.6,20.289,5,5,5,41.253
7.51,4.0,30.028000000000002,34.439,31.375,36.977,185.512,183.43900000000002,64.7,54.9,30.6,98.5,63.5,86.5,93.0,85.8,93.0,89.7,92.6,20.363,5,5,5,41.177
7.53,4.0,30.418000000000003,33.802,31.385,38.83,185.285,183.196,64.7,54.9,30.6,98.5,63.5,86.5,93.0,85.8,93.0,89.7,92.6,21.305999999999997,5,5,5,41.166
7.55,4.0,30.625,34.073,31.309,39.815,185.07,182.997,64.7,54.9,30.6,98.5,63.5,86.5,93.0,85.8,93.0,89.7,92.6,20.482999999999997,5,5,5,41.188
7.57,4.0,30.679000000000002,34.25,31.573,36.519000000000005,184.81,182.842,64.7,54.9,30.6,98.5,63.5,86.5,93.0,85.8,93.0,89.7,92.6,20.087,5,5,5,41.322
7.59,4.0,30.803,34.465,31.326,37.496,184.606,182.576,64.7,54.9,30.6,98.5,63.5,86.5,93.0,85.8,93.0,89.7,92.6,20.394,5,5,5,41.498000000000005
7.61,4.0,30.98,34.30800000000001,31.075,31.678,184.334,182.389,64.7,54.9,30.6,98.5,63.5,86.5,93.0,85.8,93.0,89.7,92.6,21.486,5,5,5,41.653999999999996
7.63,4.0,30.677,34.164,31.198,32.775,184.13099999999997,182.123,64.7,54.9,30.6,98.5,63.5,86.5,93.0,85.8,93.0,89.7,92.6,19.990000000000002,5,5,5,41.782
7.65,4.0,30.844,34.150999999999996,31.296999999999997,29.342,183.90400000000002,181.947,64.7,54.9,30.6,98.5,63.5,86.5,93.0,85.8,93.0,89.7,92.6,20.7,5,5,5,41.89
7.67,4.0,30.965,34.134,30.861,33.438,183.667,181.68200000000002,64.7,54.9,30.6,98.5,63.5,86.5,93.0,85.8,93.0,89.7,92.6,20.109,5,5,5,42.053000000000004
7.69,4.0,31.263,33.616,30.894000000000002,32.245000000000005,183.429,181.472,64.7,54.9,30.6,98.5,63.5,86.5,93.0,85.8,93.0,89.7,92.6,19.831,5,5,5,42.091
7.71,4.0,30.941,33.986999999999995,30.683000000000003,34.61,183.21400000000003,181.24,64.7,54.9,30.6,98.5,63.5,86.5,93.0,85.8,93.0,89.7,92.6,19.255000000000003,5,5,5,42.093
7.73,4.0,31.412,34.295,30.301,34.979,182.977,180.997,64.7,54.9,30.6,98.5,63.5,86.5,93.0,85.8,93.0,89.7,92.6,19.118000000000002,5,5,5,42.054
7.75,4.0,30.884,33.829,30.357,31.215,182.762,180.765,64.7,54.9,30.6,98.5,63.5,86.5,93.0,85.8,93.0,89.7,92.6,19.137999999999998,5,5,5,42.014
7.77,4.0,30.326999999999998,34.009,30.288,33.829,182.53599999999997,180.55599999999998,64.7,54.9,30.6,98.5,63.5,86.5,93.0,85.8,93.0,89.7,92.6,19.279000000000003,5,5,5,41.979
7.79,4.0,30.569000000000003,33.477,30.021,36.620000000000005,182.253,180.335,64.7,54.9,30.6,98.5,63.5,86.5,93.0,85.8,93.0,89.7,92.6,19.812,5,5,5,41.876999999999995
7.81,4.0,30.576999999999998,33.144000000000005,29.995,36.674,182.03799999999998,180.104,64.7,54.9,30.6,98.5,63.5,86.5,93.0,85.8,93.0,89.7,92.6,19.314999999999998,5,5,5,41.728
7.83,4.0,30.421,33.177,29.728,39.843,181.812,179.894,64.7,54.9,30.6,98.5,63.5,86.5,93.0,85.8,93.0,89.7,92.6,19.544,5,5,5,41.58
7.85,4.0,30.131,32.705,29.663,40.034,181.597,179.685,64.7,54.9,30.6,98.5,63.5,86.5,93.0,85.8,93.0,89.7,92.6,19.546,5,5,5,41.43
7.87,4.0,30.480999999999998,33.561,29.679000000000002,42.931999999999995,181.37099999999998,179.497,64.7,54.9,30.6,98.5,63.5,86.5,93.0,85.8,93.0,89.7,92.6,19.516,5,5,5,41.257
7.89,4.0,30.384,32.985,29.691,42.639,181.145,179.321,64.7,54.9,30.6,98.5,63.5,86.5,93.0,85.8,93.0,89.7,92.6,19.518,5,5,5,41.090999999999994
7.91,4.0,29.932,33.617,29.888,45.298,180.93099999999998,179.13400000000001,64.7,54.9,30.6,98.5,63.5,86.5,93.0,85.8,93.0,89.7,92.6,19.496,5,5,5,40.9
7.93,4.0,30.041,33.088,29.951999999999998,45.58,180.75,178.968,64.7,54.9,30.6,98.5,63.5,86.5,93.0,85.8,93.0,89.7,92.6,19.317,5,5,5,40.717
7.95,4.0,29.65,33.249,30.131999999999998,47.842,180.535,178.825,64.7,54.9,30.6,98.5,63.5,86.5,93.0,85.8,93.0,89.7,92.6,19.159,5,5,5,40.576
7.97,4.0,29.826999999999998,34.056,30.441999999999997,49.433,180.332,178.704,64.7,54.9,30.6,98.5,63.5,86.5,93.0,85.8,93.0,89.7,92.6,19.180999999999997,5,5,5,40.422
7.99,4.0,30.256999999999998,33.553,30.596999999999998,50.997,180.15099999999998,178.539,64.7,54.9,30.6,98.5,63.5,86.5,93.0,85.8,93.0,89.7,92.6,19.239,5,5,5,40.269999999999996
8.01,4.0,30.046999999999997,33.603,31.055,52.01,179.959,178.429,64.7,54.9,30.6,98.5,63.5,86.5,93.0,85.8,93.0,89.7,92.6,19.072000000000003,5,5,5,40.08
8.03,4.0,30.66,34.432,31.353,53.365,179.755,178.30700000000002,64.7,54.9,30.6,98.5,63.5,86.5,93.0,85.8,93.0,89.7,92.6,18.987000000000002,5,5,5,39.947
8.05,4.0,30.564,35.187,32.227,53.916000000000004,179.62,178.208,64.7,54.9,30.6,98.5,63.5,86.5,93.0,85.8,93.0,89.7,92.6,18.966,5,5,5,39.760999999999996
8.07,4.0,30.622,35.829,32.54,53.851000000000006,179.45,178.09799999999998,64.7,54.9,30.6,98.5,63.5,86.5,93.0,85.8,93.0,89.7,92.6,19.307000000000002,5,5,5,39.635999999999996
8.09,4.0,30.624000000000002,36.019999999999996,33.384,54.001999999999995,179.315,177.988,64.7,54.9,30.6,98.5,63.5,86.5,93.0,85.8,93.0,89.7,92.6,19.203,5,5,5,39.452
8.11,4.0,31.219,36.436,33.926,54.635,179.168,177.944,64.7,54.9,30.6,98.5,63.5,86.5,93.0,85.8,93.0,89.7,92.6,19.219,5,5,5,39.322
8.13,4.0,31.865,37.238,34.742,54.655,179.01,177.82299999999998,64.7,54.9,30.6,98.5,63.5,86.5,93.0,85.8,93.0,89.7,92.6,19.314,5,5,5,39.21
8.15,4.0,31.673000000000002,38.161,35.343,55.513999999999996,178.908,177.735,64.7,54.9,30.6,98.5,63.5,86.5,93.0,85.8,93.0,89.7,92.6,19.409,5,5,5,39.120000000000005
8.17,4.0,32.393,38.933,36.086,55.058,178.727,177.636,64.7,54.9,30.6,98.5,63.5,86.5,93.0,85.8,93.0,89.7,92.6,19.363,5,5,5,38.989000000000004
8.19,4.0,32.806,39.109,36.91,55.846000000000004,178.558,177.515,64.7,54.9,30.6,98.5,63.5,86.5,93.0,85.8,93.0,89.7,92.6,19.403,5,5,5,38.947
8.21,4.0,33.730999999999995,40.192,37.403,55.25899999999999,178.422,177.372,64.7,54.9,30.6,98.5,63.5,86.5,93.0,85.8,93.0,89.7,92.6,19.337,5,5,5,38.855999999999995
8.23,4.0,33.93,40.204,37.99,56.549,178.287,177.25,64.7,54.9,30.6,98.5,63.5,86.5,93.0,85.8,93.0,89.7,92.6,19.331,5,5,5,38.807
8.25,4.0,34.719,41.086999999999996,38.788000000000004,56.001999999999995,178.174,177.173,64.7,54.9,30.6,98.5,63.5,86.5,93.0,85.8,93.0,89.7,92.6,19.307000000000002,5,5,5,38.730999999999995
8.27,4.0,35.224000000000004,41.864000000000004,39.16,56.346000000000004,178.004,177.041,64.7,54.9,30.6,98.5,63.5,86.5,93.0,85.8,93.0,89.7,92.6,19.329,5,5,5,38.675
8.29,4.0,35.47,42.556,39.653,56.063,177.88,176.931,64.7,54.9,30.6,98.5,63.5,86.5,93.0,85.8,93.0,89.7,92.6,19.454,5,5,5,38.668000000000006
8.31,4.0,36.177,42.616,40.159,56.258,177.71,176.744,64.7,54.9,30.6,98.5,63.5,86.5,93.0,85.8,93.0,89.7,92.6,19.34,5,5,5,38.649
8.33,4.0,36.85,43.223,40.371,55.586000000000006,177.564,176.524,64.7,54.9,30.6,98.5,63.5,86.5,93.0,85.8,93.0,89.7,92.6,19.256999999999998,5,5,5,38.59
8.35,4.0,36.928,42.969,40.415,55.461000000000006,177.338,176.392,64.7,54.9,30.6,98.5,63.5,86.5,93.0,85.8,93.0,89.7,92.6,19.195,5,5,5,38.575
8.37,4.0,37.325,43.623000000000005,40.696,49.938,177.225,176.216,64.7,54.9,30.6,98.5,63.5,86.5,93.0,85.8,93.0,89.7,92.6,19.197000000000003,5,5,5,38.562
8.39,4.0,37.213,43.826,40.904,50.468,177.04399999999998,176.062,64.7,54.9,30.6,98.5,63.5,86.5,93.0,85.8,93.0,89.7,92.6,19.212,5,5,5,38.688
8.41,4.0,37.777,44.702,41.472,49.464,176.89700000000002,175.908,64.7,54.9,30.6,98.5,63.5,86.5,93.0,85.8,93.0,89.7,92.6,19.201999999999998,5,5,5,38.833
8.43,4.0,38.43,44.657,41.455,46.95,176.761,175.743,64.7,54.9,30.6,98.5,63.5,86.5,93.0,85.8,93.0,89.7,92.6,19.266,5,5,5,38.956
8.45,4.0,38.616,44.605,41.632,46.244,176.558,175.567,64.7,54.9,30.6,98.5,63.5,86.5,93.0,85.8,93.0,89.7,92.6,19.364,5,5,5,39.146
8.47,4.0,39.207,44.818000000000005,41.501999999999995,46.431999999999995,176.388,175.358,64.7,54.9,30.6,98.5,63.5,86.5,93.0,85.8,93.0,89.7,92.6,19.076999999999998,5,5,5,39.230000000000004
8.49,4.0,39.496,45.224000000000004,41.718,45.351,176.23,175.215,64.7,54.9,30.6,98.5,63.5,86.5,93.0,85.8,93.0,89.7,92.6,19.180999999999997,5,5,5,39.236000000000004
8.51,4.0,39.57,45.066,41.716,46.019,176.03799999999998,174.995,64.7,54.9,30.6,98.5,63.5,86.5,93.0,85.8,93.0,89.7,92.6,19.305,5,5,5,39.233000000000004
8.53,4.0,39.773,45.048,41.731,46.378,175.868,174.819,64.7,54.9,30.6,98.5,63.5,86.5,93.0,85.8,93.0,89.7,92.6,19.086,5,5,5,39.234
8.55,4.0,40.14,44.919000000000004,41.708,41.133,175.687,174.67600000000002,64.7,54.9,30.6,98.5,63.5,86.5,93.0,85.8,93.0,89.7,92.6,19.148,5,5,5,39.224000000000004
8.57,4.0,39.684,44.853,41.624,43.245,175.518,174.446,64.7,54.9,30.6,98.5,63.5,86.5,93.0,85.8,93.0,89.7,92.6,19.168,5,5,5,39.391
8.59,4.0,39.887,45.088,41.528,40.556999999999995,175.314,174.259,64.7,54.9,30.6,98.5,63.5,86.5,93.0,85.8,93.0,89.7,92.6,19.228,5,5,5,39.596000000000004
8.61,4.0,40.396,44.775,41.338,42.781,175.145,174.061,64.7,54.9,30.6,98.5,63.5,86.5,93.0,85.8,93.0,89.7,92.6,19.296,5,5,5,39.721000000000004
8.63,4.0,40.208,44.948,41.383,34.239999999999995,174.998,173.852,64.7,54.9,30.6,98.5,63.5,86.5,93.0,85.8,93.0,89.7,92.6,19.240000000000002,5,5,5,39.760000000000005
8.65,4.0,39.833,45.281,41.246,40.357,174.76,173.687,64.7,54.9,30.6,98.5,63.5,86.5,93.0,85.8,93.0,89.7,92.6,19.427999999999997,5,5,5,39.988
8.67,4.0,40.271,44.638000000000005,40.885,38.751999999999995,174.55700000000002,173.511,64.7,54.9,30.6,98.5,63.5,86.5,93.0,85.8,93.0,89.7,92.6,19.256999999999998,5,5,5,40.042
8.69,4.0,40.314,44.476,40.821,39.007,174.398,173.32399999999998,64.7,54.9,30.6,98.5,63.5,86.5,93.0,85.8,93.0,89.7,92.6,19.044,5,5,5,40.063
8.71,4.0,40.098,43.931,40.648,38.385,174.195,173.10399999999998,64.7,54.9,30.6,98.5,63.5,86.5,93.0,85.8,93.0,89.7,92.6,19.066,5,5,5,40.025999999999996
8.73,4.0,40.296,44.126,40.249,37.464,173.991,172.939,64.7,54.9,30.6,98.5,63.5,86.5,93.0,85.8,93.0,89.7,92.6,19.044,5,5,5,40.007
8.75,4.0,39.833,44.145,40.095,42.884,173.844,172.752,64.7,54.9,30.6,98.5,63.5,86.5,93.0,85.8,93.0,89.7,92.6,19.076,5,5,5,40.0
8.77,4.0,40.234,44.317,39.951,42.466,173.61700000000002,172.577,64.7,54.9,30.6,98.5,63.5,86.5,93.0,85.8,93.0,89.7,92.6,19.184,5,5,5,39.961
8.79,4.0,39.745,43.79,39.911,44.395,173.436,172.434,64.7,54.9,30.6,98.5,63.5,86.5,93.0,85.8,93.0,89.7,92.6,19.171,5,5,5,39.907
8.81,4.0,40.343,43.731,39.623000000000005,43.821999999999996,173.278,172.225,64.7,54.9,30.6,98.5,63.5,86.5,93.0,85.8,93.0,89.7,92.6,19.185000000000002,5,5,5,39.818
8.83,4.0,40.126999999999995,43.348,39.666,45.113,173.07399999999998,172.10399999999998,64.7,54.9,30.6,98.5,63.5,86.5,93.0,85.8,93.0,89.7,92.6,19.16,5,5,5,39.739999999999995
8.85,4.0,39.849000000000004,43.946,39.645,40.215,172.87,171.873,64.7,54.9,30.6,98.5,63.5,86.5,93.0,85.8,93.0,89.7,92.6,18.997999999999998,5,5,5,39.676
8.87,4.0,40.108000000000004,43.35,39.583,41.304,172.71200000000002,171.664,64.7,54.9,30.6,98.5,63.5,86.5,93.0,85.8,93.0,89.7,92.6,19.32,5,5,5,39.733000000000004
8.89,4.0,39.982,43.536,39.439,37.510999999999996,172.50799999999998,171.488,64.7,54.9,30.6,98.5,63.5,86.5,93.0,85.8,93.0,89.7,92.6,19.29,5,5,5,39.846999999999994
8.91,4.0,39.941,43.64,39.343,43.598,172.338,171.334,64.7,54.9,30.6,98.5,63.5,86.5,93.0,85.8,93.0,89.7,92.6,19.413,5,5,5,39.968
8.93,4.0,40.439,43.944,39.189,38.335,172.202,171.16899999999998,64.7,54.9,30.6,98.5,63.5,86.5,93.0,85.8,93.0,89.7,92.6,19.345,5,5,5,39.939
8.95,4.0,39.919000000000004,42.728,39.301,43.561,171.987,171.004,64.7,54.9,30.6,98.5,63.5,86.5,93.0,85.8,93.0,89.7,92.6,19.364,5,5,5,39.898
8.97,4.0,40.018,43.407,39.169000000000004,42.381,171.805,170.839,64.7,54.9,30.6,98.5,63.5,86.5,93.0,85.8,93.0,89.7,92.6,19.371,5,5,5,39.806
8.99,4.0,39.707,43.266999999999996,39.137,44.635,171.601,170.697,64.7,54.9,30.6,98.5,63.5,86.5,93.0,85.8,93.0,89.7,92.6,19.405,5,5,5,39.745000000000005
9.01,4.0,39.625,43.119,38.972,43.345,171.431,170.499,64.7,54.9,30.6,98.5,63.5,86.5,93.0,85.8,93.0,89.7,92.6,19.237000000000002,5,5,5,39.68300000000001
9.03,4.0,39.891,42.902,38.986,40.384,171.227,170.279,64.7,54.9,30.6,98.5,63.5,86.5,93.0,85.8,93.0,89.7,92.6,19.378,5,5,5,39.664
9.05,4.0,40.162,42.61,38.746,41.177,171.05700000000002,170.158,64.7,54.9,30.6,98.5,63.5,86.5,93.0,85.8,93.0,89.7,92.6,19.351,5,5,5,39.759
9.07,4.0,39.38,42.501,38.906,38.495,170.875,169.982,64.7,54.9,30.6,98.5,63.5,86.5,93.0,85.8,93.0,89.7,92.6,19.262999999999998,5,5,5,39.898
9.09,4.0,39.328,42.871,38.827,38.811,170.705,169.817,64.7,54.9,30.6,98.5,63.5,86.5,93.0,85.8,93.0,89.7,92.6,19.274,5,5,5,40.046
9.11,4.0,39.418,42.954,38.732,35.471000000000004,170.535,169.65200000000002,64.7,54.9,30.6,98.5,63.5,86.5,93.0,85.8,93.0,89.7,92.6,19.296,5,5,5,40.18
9.13,4.0,39.493,42.98,38.73,34.537,170.35299999999998,169.476,64.7,54.9,30.6,98.5,63.5,86.5,93.0,85.8,93.0,89.7,92.6,19.185000000000002,5,5,5,40.375
9.15,4.0,39.257,42.472,38.648,38.29,170.115,169.22299999999998,64.7,54.9,30.6,98.5,63.5,86.5,93.0,85.8,93.0,89.7,92.6,18.991,5,5,5,40.494
9.17,4.0,38.854,42.613,38.606,36.227,170.013,169.135,64.7,54.9,30.6,98.5,63.5,86.5,93.0,85.8,93.0,89.7,92.6,19.11,5,5,5,40.509
9.19,4.0,39.196999999999996,42.391999999999996,38.306,38.692,169.808,168.97,64.7,54.9,30.6,98.5,63.5,86.5,93.0,85.8,93.0,89.7,92.6,19.134,5,5,5,40.499
9.21,4.0,39.219,41.944,37.871,37.418,169.66,168.793,64.7,54.9,30.6,98.5,63.5,86.5,93.0,85.8,93.0,89.7,92.6,19.223,5,5,5,40.424
9.23,4.0,38.845,42.103,37.701,39.955,169.47899999999998,168.628,64.7,54.9,30.6,98.5,63.5,86.5,93.0,85.8,93.0,89.7,92.6,19.209000000000003,5,5,5,40.336
9.25,4.0,39.145,41.858000000000004,37.256,32.512,169.263,168.507,64.7,54.9,30.6,98.5,63.5,86.5,93.0,85.8,93.0,89.7,92.6,19.232,5,5,5,40.283
9.27,4.0,38.813,41.919000000000004,37.311,34.902,169.115,168.298,64.7,54.9,30.6,98.5,63.5,86.5,93.0,85.8,93.0,89.7,92.6,19.325,5,5,5,40.414
9.29,4.0,38.773,41.775,37.1,32.135000000000005,168.933,168.1,64.7,54.9,30.6,98.5,63.5,86.5,93.0,85.8,93.0,89.7,92.6,19.305999999999997,5,5,5,40.516999999999996
9.31,4.0,38.565,41.723,37.288000000000004,36.533,168.717,167.946,64.7,54.9,30.6,98.5,63.5,86.5,93.0,85.8,93.0,89.7,92.6,19.009,5,5,5,40.647
9.33,4.0,38.718,41.499,37.058,33.684,168.58,167.803,64.7,54.9,30.6,98.5,63.5,86.5,93.0,85.8,93.0,89.7,92.6,19.305,5,5,5,40.618
9.35,4.0,38.622,41.129,36.730999999999995,36.995999999999995,168.421,167.637,64.7,54.9,30.5,98.8,63.5,86.5,93.0,85.8,93.0,89.7,92.6,19.159,5,5,5,40.531
9.37,4.0,37.824,41.352,36.881,35.916,168.239,167.483,64.7,54.9,30.5,98.8,63.5,86.5,93.0,85.8,93.0,89.7,92.6,19.250999999999998,5,5,5,40.423
9.39,4.0,37.939,41.053000000000004,36.614999999999995,37.937,168.079,167.34,64.7,54.9,30.5,98.8,63.5,86.5,93.0,85.8,93.0,89.7,92.6,19.538,5,5,5,40.33
9.41,4.0,37.782,41.012,36.620000000000005,40.387,167.863,167.164,64.7,54.9,30.5,98.8,63.5,86.5,93.0,85.8,93.0,89.7,92.6,19.285,5,5,5,40.195
9.43,4.0,37.989000000000004,40.994,36.44,40.782,167.715,166.976,64.7,54.9,30.5,98.8,63.5,86.5,93.0,85.8,93.0,89.7,92.6,19.175,5,5,5,40.047
9.45,4.0,37.293,40.66,36.288,44.482,167.464,166.877,64.7,54.9,30.5,98.8,63.5,86.5,93.0,85.8,93.0,89.7,92.6,19.354,5,5,5,39.993
9.47,4.0,37.611,40.485,36.233000000000004,45.125,167.384,166.72299999999998,64.7,54.9,30.5,98.8,63.5,86.5,93.0,85.8,93.0,89.7,92.6,19.367,5,5,5,39.97
9.49,4.0,37.904,40.681,36.243,47.052,167.213,166.569,64.7,54.9,30.5,98.8,63.5,86.5,93.0,85.8,93.0,89.7,92.6,19.169,5,5,5,39.872
9.51,4.0,37.407,40.641,36.417,46.428999999999995,167.019,166.425,64.7,54.9,30.5,98.8,63.5,86.5,93.0,85.8,93.0,89.7,92.6,19.243000000000002,5,5,5,39.706999999999994
9.53,4.0,37.532,40.241,36.437,47.645,166.859,166.238,64.7,54.9,30.5,98.8,63.5,86.5,93.0,85.8,93.0,89.7,92.6,19.229,5,5,5,39.598
9.55,4.0,37.244,40.938,36.406,47.016000000000005,166.67700000000002,166.128,64.7,54.9,30.5,98.8,63.5,86.5,93.0,85.8,93.0,89.7,92.6,19.149,5,5,5,39.422
9.57,4.0,36.967,40.692,36.405,47.77,166.494,165.984,64.7,54.9,30.5,98.8,63.5,86.5,93.0,85.8,93.0,89.7,92.6,19.07,5,5,5,39.314
9.59,4.0,36.879000000000005,40.431,36.649,47.306000000000004,166.38,165.841,64.7,54.9,30.5,98.8,63.5,86.5,93.0,85.8,93.0,89.7,92.6,19.106,5,5,5,39.193
9.61,4.0,36.546,41.148,36.61,49.902,166.22,165.72,64.7,54.9,30.5,98.8,63.5,86.5,93.0,85.8,93.0,89.7,92.6,19.098,5,5,5,39.096999999999994
9.63,4.0,37.171,40.925,36.572,50.765,166.003,165.576,64.7,54.9,30.5,98.8,63.5,86.5,93.0,85.8,93.0,89.7,92.6,19.115000000000002,5,5,5,38.968
9.65,4.0,36.584,41.275999999999996,36.934,52.266000000000005,165.82,165.455,64.7,54.9,30.5,98.8,63.5,86.5,93.0,85.8,93.0,89.7,92.6,19.214,5,5,5,38.882
9.67,4.0,36.523,41.255,37.159,52.69,165.717,165.322,64.7,54.9,30.5,98.8,63.5,86.5,93.0,85.8,93.0,89.7,92.6,20.047,5,5,5,38.778000000000006
9.69,4.0,36.501999999999995,41.368,37.521,53.2,165.58,165.19,64.7,54.9,30.5,98.8,63.5,86.5,93.0,85.8,93.0,89.7,92.6,20.142000000000003,5,5,5,38.669
9.71,4.0,36.732,41.794000000000004,37.82,53.18899999999999,165.374,165.08,64.7,54.9,30.5,98.8,63.5,86.5,93.0,85.8,93.0,89.7,92.6,20.503,5,5,5,38.61
9.73,4.0,37.051,41.677,38.271,54.038000000000004,165.27100000000002,164.969,64.7,54.9,30.5,98.8,63.5,86.5,93.0,85.8,93.0,89.7,92.6,20.2,5,5,5,38.516
9.75,4.0,36.628,41.922,38.43,53.919,165.122,164.84799999999998,64.7,54.9,30.5,98.8,63.5,86.5,93.0,85.8,93.0,89.7,92.6,20.437,5,5,5,38.463
9.77,4.0,36.81,42.586,38.637,54.705,165.007,164.69299999999998,64.7,54.9,30.5,98.8,63.5,86.5,93.0,85.8,93.0,89.7,92.6,20.284,5,5,5,38.451
9.79,4.0,36.905,42.996,39.088,54.792,164.835,164.572,64.7,54.9,30.5,98.8,63.5,86.5,93.0,85.8,93.0,89.7,92.6,20.542,5,5,5,38.379000000000005
9.81,4.0,36.79,43.125,39.248000000000005,55.036,164.69799999999998,164.439,64.7,54.9,30.5,98.8,63.5,86.5,93.0,85.8,93.0,89.7,92.6,20.415,5,5,5,38.333
9.83,4.0,37.063,42.853,39.547,54.723,164.56,164.328,64.7,54.9,30.5,98.8,63.5,86.5,93.0,85.8,93.0,89.7,92.6,20.357,5,5,5,38.285
9.85,4.0,37.138000000000005,43.559,39.891,54.348,164.4,164.15200000000002,64.7,54.9,30.5,98.8,63.5,86.5,93.0,85.8,93.0,89.7,92.6,20.392000000000003,5,5,5,38.278000000000006
9.87,4.0,37.35,43.673,40.099000000000004,53.963,164.274,164.041,64.7,54.9,30.5,98.8,63.5,86.5,93.0,85.8,93.0,89.7,92.6,20.425,5,5,5,38.263999999999996
9.89,4.0,37.501999999999995,44.241,40.321999999999996,53.782,164.124,163.92,64.7,54.9,30.5,98.8,63.5,86.5,93.0,85.8,93.0,89.7,92.6,20.42,5,5,5,38.251
9.91,4.0,37.065,43.321,40.561,53.901,164.01,163.82,64.7,54.9,30.5,98.8,63.5,86.5,93.0,85.8,93.0,89.7,92.6,20.578,5,5,5,38.245999999999995
9.93,4.0,37.349000000000004,44.028,40.708,53.716,163.83700000000002,163.69799999999998,64.7,54.9,30.5,98.8,63.5,86.5,93.0,85.8,93.0,89.7,92.6,20.479,5,5,5,38.236000000000004
9.95,4.0,37.633,44.489000000000004,40.799,53.456,163.72299999999998,163.51,64.7,54.9,30.5,98.8,63.5,86.5,93.0,85.8,93.0,89.7,92.6,20.238,5,5,5,38.234
9.97,4.0,37.196999999999996,44.528,40.91,52.998000000000005,163.608,163.356,64.7,54.9,30.5,98.8,63.5,86.5,93.0,85.8,93.0,89.7,92.6,20.435000000000002,5,5,5,38.236999999999995
9.99,4.0,37.455,44.859,41.097,52.724,163.447,163.19,64.7,54.9,30.5,98.8,63.5,86.5,93.0,85.8,93.0,89.7,92.6,20.462,5,5,5,38.236999999999995
10.01,4.0,38.196,44.895,41.211999999999996,52.20399999999999,163.274,163.101,64.7,54.9,30.5,98.8,63.5,86.5,93.0,85.8,93.0,89.7,92.6,20.294,5,5,5,38.230999999999995
10.03,4.0,37.999,44.965,41.496,51.528999999999996,163.171,162.946,64.7,54.9,30.5,98.8,63.5,86.5,93.0,85.8,93.0,89.7,92.6,20.156,5,5,5,38.238
10.05,4.0,38.085,45.317,41.597,51.227,163.033,162.835,64.7,54.9,30.5,98.8,63.5,86.5,93.0,85.8,93.0,89.7,92.6,20.1,5,5,5,38.236999999999995
10.07,4.0,38.162,44.96,41.804,50.641000000000005,162.88299999999998,162.614,64.7,54.9,30.5,98.8,63.5,86.5,93.0,85.8,93.0,89.7,92.6,20.308,5,5,5,38.239999999999995
10.09,4.0,38.443000000000005,45.73,41.795,49.895,162.745,162.60299999999998,64.7,54.9,30.5,98.8,63.5,86.5,93.0,85.8,93.0,89.7,92.6,20.182000000000002,5,5,5,38.254000000000005
10.11,4.0,38.474000000000004,45.734,41.996,49.873999999999995,162.607,162.33700000000002,64.7,54.9,30.5,98.8,63.5,86.5,93.0,85.8,93.0,89.7,92.6,19.781,5,5,5,38.256
10.13,4.0,38.177,46.165,41.884,49.888000000000005,162.526,162.171,64.7,54.9,30.5,98.8,63.5,86.5,93.0,85.8,93.0,89.7,92.6,20.907,5,5,5,38.265
10.15,4.0,38.423,45.611,42.054,49.613,162.33,162.071,64.7,54.9,30.5,98.8,63.5,86.5,93.05,85.8,93.0,89.7,92.6,20.765,5,5,5,38.273
10.17,4.0,39.008,46.158,42.099000000000004,49.173,162.203,161.993,64.7,54.9,30.5,98.8,63.5,86.5,93.116,85.8,93.0,89.7,92.6,20.310000000000002,5,5,5,38.266
10.19,4.0,38.708,45.897,42.164,49.153,162.065,161.79399999999998,64.7,54.9,30.5,98.8,63.5,86.5,93.153,85.8,93.0,89.7,92.6,20.725,5,5,5,38.266999999999996
10.21,4.0,38.926,45.8,42.185,48.94,161.903,161.627,64.7,54.9,30.5,98.8,63.5,86.5,93.173,85.8,93.0,89.7,92.6,20.642000000000003,5,5,5,38.269999999999996
10.23,4.0,38.94,45.588,42.156,49.021,161.765,161.516,64.7,54.9,30.5,98.8,63.5,86.5,93.185,85.8,93.0,89.7,92.6,20.408,5,5,5,38.29
10.25,4.0,39.124,45.795,42.243,48.888999999999996,161.638,161.317,64.7,54.9,30.5,98.8,63.5,86.5,93.192,85.8,93.0,89.7,92.6,20.583,5,5,5,38.304
10.27,4.0,38.887,46.466,42.254,48.873000000000005,161.464,161.217,64.7,54.9,30.5,98.8,63.5,86.5,93.195,85.8,93.0,89.7,92.6,20.720999999999997,5,5,5,38.306
10.29,4.0,39.497,45.783,42.209,49.025,161.326,161.106,64.7,54.9,30.5,98.8,63.5,86.5,93.197,85.8,93.0,89.7,92.6,20.418,5,5,5,38.303
10.31,4.0,39.356,46.111000000000004,42.291,48.856,161.233,160.961,64.7,54.9,30.5,98.8,63.5,86.5,93.199,85.8,93.0,89.7,92.6,20.360999999999997,5,5,5,38.306
10.33,4.0,39.28,45.848,42.24,49.05,161.094,160.839,64.7,54.9,30.5,98.8,63.5,86.5,93.199,85.8,93.0,89.7,92.6,20.371,5,5,5,38.306
10.35,4.0,39.047,46.317,42.111,49.215,160.909,160.683,64.7,54.9,30.5,98.8,63.5,86.5,93.2,85.8,93.0,89.7,92.6,20.449,5,5,5,38.306
10.37,4.0,39.402,46.313,42.348,49.176,160.747,160.561,64.7,54.9,30.5,98.8,63.5,86.5,93.2,85.8,93.0,89.7,92.6,20.267000000000003,5,5,5,38.306
10.39,4.0,39.482,46.22,42.228,48.79600000000001,160.689,160.38299999999998,64.7,54.9,30.5,98.8,63.5,86.5,93.2,85.8,93.0,89.7,92.6,20.601,5,5,5,38.306
10.41,4.0,39.211999999999996,45.997,42.184,48.928999999999995,160.504,160.239,64.7,54.9,30.5,98.8,63.5,86.5,93.2,85.8,93.0,89.7,92.6,20.549,5,5,5,38.306
10.43,4.0,39.288000000000004,46.23,42.368,49.215,160.35299999999998,160.15,64.7,54.9,30.5,98.8,63.5,86.5,93.2,85.8,93.0,89.7,92.6,20.494,5,5,5,38.30800000000001
10.45,4.0,39.205,46.25,42.418,49.387,160.214,159.994,64.7,54.9,30.5,98.8,63.5,86.5,93.2,85.8,93.0,89.7,92.6,20.264000000000003,5,5,5,38.309
10.47,4.0,39.754,46.272,42.333,49.568000000000005,160.09799999999998,159.805,64.7,54.9,30.5,98.8,63.5,86.5,93.2,85.8,93.0,89.7,92.6,20.375999999999998,5,5,5,38.307
10.49,4.0,39.599000000000004,46.008,42.235,49.628,159.901,159.727,64.7,54.9,30.5,98.8,63.5,86.5,93.2,85.8,93.0,89.7,92.6,20.232999999999997,5,5,5,38.304
10.51,4.0,39.93,46.823,42.055,49.535,159.796,159.60399999999998,64.7,54.9,30.5,98.8,63.5,86.5,93.2,85.8,93.0,89.7,92.6,20.491,5,5,5,38.31
10.53,4.0,39.64,46.077,42.361,49.341,159.692,159.471,64.7,54.9,30.5,98.8,63.5,86.5,93.2,85.8,93.0,89.7,92.6,20.124000000000002,5,5,5,38.30800000000001
10.55,4.0,39.716,46.093999999999994,42.242,49.088,159.564,159.359,64.7,54.9,30.5,98.8,63.5,86.5,93.2,85.8,93.0,89.7,92.6,20.406,5,5,5,38.309
10.57,4.0,39.771,46.32,41.985,49.058,159.366,159.192,64.7,54.9,30.5,98.8,63.5,86.5,93.2,85.8,93.0,89.744,92.6,20.343,5,5,5,38.306
10.59,4.0,39.726,46.629,42.351,49.35,159.192,159.002,64.7,54.9,30.5,98.8,63.5,86.5,93.2,85.8,93.0,89.768,92.6,20.119999999999997,5,5,5,38.309
10.61,4.0,39.258,46.317,42.099000000000004,49.513000000000005,159.075,158.90200000000002,64.7,54.9,30.5,98.8,63.5,86.5,93.2,85.8,93.0,89.782,92.6,20.314,5,5,5,38.309
10.63,4.0,39.921,46.445,42.187,49.611999999999995,158.901,158.757,64.7,54.9,30.5,98.8,63.5,86.5,93.2,85.8,93.0,89.79,92.6,20.401,5,5,5,38.30800000000001
10.65,4.0,39.366,46.273999999999994,42.208,49.512,158.819,158.634,64.7,54.9,30.5,98.8,63.5,86.5,93.2,85.8,93.0,89.794,92.6,19.588,5,5,5,38.307
10.67,4.0,39.391,46.475,42.19,49.355,158.691,158.489,64.7,54.9,30.5,98.8,63.5,86.5,93.2,85.8,93.0,89.797,92.6,19.35,5,5,5,38.313
10.69,4.0,39.305,46.158,42.117,49.381,158.539,158.377,64.7,54.9,30.5,98.8,63.5,86.5,93.2,85.8,93.0,89.798,92.6,19.156,5,5,5,38.309
10.71,4.0,39.571999999999996,45.983000000000004,42.229,49.141000000000005,158.434,158.19899999999998,64.7,54.9,30.5,98.8,63.5,86.5,93.2,85.8,93.0,89.79899999999999,92.6,19.281,5,5,5,38.306
10.73,4.0,39.491,46.318000000000005,42.268,49.143,158.189,158.154,64.7,54.9,30.5,98.8,63.5,86.5,93.2,85.8,93.0,89.79899999999999,92.6,19.125999999999998,5,5,5,38.315
10.75,4.0,39.906,46.102,41.874,49.244,158.107,158.009,64.7,54.9,30.5,98.8,63.5,86.5,93.2,85.8,93.0,89.8,92.6,19.442,5,5,5,38.306
10.77,4.0,39.811,46.243,42.168,49.349,158.002,157.875,64.7,54.9,30.5,98.8,63.5,86.5,93.2,85.8,93.0,89.8,92.6,19.195,5,5,5,38.311
10.79,4.0,39.748000000000005,46.528,42.168,49.714,157.757,157.707,64.7,54.9,30.5,98.8,63.5,86.5,93.2,85.8,93.0,89.8,92.6,19.083,5,5,5,38.303
10.81,4.0,39.939,46.357,42.178000000000004,48.507,157.616,157.44899999999998,64.7,54.9,30.5,98.8,63.5,86.5,93.2,85.8,93.0,89.8,92.6,19.216,5,5,5,38.304
10.83,4.0,40.094,46.269,42.028,49.324,157.569,157.405,64.7,54.9,30.5,98.8,63.5,86.5,93.2,85.8,93.0,89.8,92.6,19.314,5,5,5,38.340999999999994
10.85,4.0,39.763000000000005,46.078,42.283,48.081,157.394,157.248,64.7,54.9,30.5,98.8,63.5,86.5,93.2,85.8,93.0,89.8,92.6,19.168,5,5,5,38.335
10.87,4.0,39.865,46.758,41.997,47.205,157.27700000000002,157.181,64.7,54.9,30.5,98.8,63.5,86.5,93.2,85.8,93.0,89.8,92.6,19.240000000000002,5,5,5,38.344
10.89,4.0,39.652,46.76,41.912,48.342,157.113,157.013,64.7,54.9,30.5,98.8,63.5,86.5,93.2,85.8,93.0,89.8,92.6,19.049,5,5,5,38.346999999999994
10.91,4.0,39.586,46.746,41.957,47.088,157.007,156.923,64.7,54.9,30.5,98.8,63.5,86.5,93.2,85.8,93.0,89.8,92.6,19.054000000000002,5,5,5,38.345
10.93,4.0,39.872,46.315,41.836,48.553999999999995,156.866,156.755,64.7,54.9,30.5,98.8,63.5,86.5,93.2,85.8,93.0,89.8,92.6,19.141,5,5,5,38.35
10.95,4.0,39.788000000000004,46.255,41.907,48.32899999999999,156.77200000000002,156.654,64.7,54.9,30.5,98.8,63.5,86.5,93.2,85.8,93.0,89.8,92.6,19.254,5,5,5,38.351
10.97,4.0,39.607,46.558,41.919000000000004,48.455,156.596,156.542,64.7,54.9,30.5,98.8,63.5,86.5,93.2,85.8,93.0,89.8,92.6,19.182000000000002,5,5,5,38.345
10.99,4.0,39.876999999999995,45.900999999999996,41.821999999999996,48.7,156.455,156.362,64.7,54.9,30.5,98.8,63.5,86.5,93.2,85.8,93.0,89.8,92.6,19.264000000000003,5,5,5,38.351
11.01,4.0,39.537,45.934,41.91,48.331,156.314,156.283,64.7,54.9,30.5,98.8,63.5,86.5,93.2,85.8,93.0,89.8,92.6,19.238,5,5,5,38.352
11.03,4.0,39.503,46.224,41.931999999999995,49.318999999999996,156.161,156.171,64.7,54.9,30.5,98.8,63.5,86.5,93.2,85.8,93.0,89.8,92.6,19.371,5,5,5,38.35
11.05,4.0,40.0,46.178999999999995,41.835,44.878,156.055,156.036,64.7,54.9,30.5,98.8,63.5,86.5,93.2,85.8,93.0,89.8,92.6,19.278,5,5,5,38.343
11.07,4.0,39.713,46.623000000000005,41.922,44.305,155.925,155.879,64.7,54.9,30.5,98.8,63.5,86.5,93.2,85.8,93.0,89.8,92.6,19.15,5,5,5,38.454
11.09,4.0,39.748000000000005,46.292,41.84,42.652,155.808,155.767,64.7,54.9,30.5,98.8,63.5,86.5,93.2,85.8,93.0,89.8,92.6,19.353,5,5,5,38.631
11.11,4.0,39.577,46.211999999999996,41.876999999999995,41.324,155.631,155.59799999999998,64.7,54.9,30.5,98.8,63.5,86.5,93.2,85.8,93.0,89.8,92.6,19.415999999999997,5,5,5,38.796
11.13,4.0,39.905,46.42,41.778,40.427,155.454,155.50799999999998,64.7,54.9,30.5,98.8,63.5,86.5,93.2,85.8,93.0,89.8,92.6,19.45,5,5,5,38.958
11.15,4.0,39.759,46.04600000000001,41.738,42.505,155.32399999999998,155.29399999999998,64.7,54.9,30.5,98.8,63.5,86.5,93.2,85.8,93.0,89.8,92.6,19.377000000000002,5,5,5,39.081
11.17,4.0,39.701,46.516999999999996,41.513000000000005,40.034,155.253,155.238,64.7,54.9,30.5,98.8,63.5,86.5,93.2,85.8,93.0,89.8,92.6,19.339,5,5,5,39.101
11.19,4.0,39.711,45.857,41.358000000000004,43.315,155.099,155.114,64.7,54.9,30.5,98.8,63.5,86.5,93.2,85.8,93.0,89.8,92.6,19.399,5,5,5,39.090999999999994
11.21,4.0,39.438,45.863,41.373000000000005,42.175,154.969,154.99,64.7,54.9,30.5,98.8,63.5,86.5,93.2,85.8,93.0,89.8,92.6,19.391,5,5,5,39.008
11.23,4.0,39.621,45.927,41.291,39.491,154.839,154.877,64.7,54.9,30.5,98.8,63.5,86.5,93.2,85.8,93.0,89.8,92.6,19.338,5,5,5,39.001999999999995
11.25,4.0,39.696,45.46,40.986,40.579,154.673,154.73,64.7,54.9,30.5,98.8,63.5,86.5,93.2,85.8,93.0,89.8,92.6,19.430999999999997,5,5,5,39.103
11.27,4.0,39.150999999999996,45.418,40.765,37.052,154.602,154.606,64.7,54.9,30.5,98.8,63.5,86.5,93.2,85.8,93.0,89.8,92.6,19.349,5,5,5,39.25
11.29,4.0,39.37,45.654,40.74,37.931999999999995,154.44799999999998,154.392,64.7,54.9,30.5,98.8,63.5,86.5,93.25,85.8,93.0,89.8,92.6,19.544,5,5,5,39.415
11.31,4.0,39.593,45.77,40.711999999999996,38.461,154.247,154.267,64.7,54.9,30.5,98.8,63.5,86.5,93.316,85.8,93.0,89.8,92.6,19.232999999999997,5,5,5,39.55800000000001
11.33,4.0,39.687,45.135,40.421,37.989000000000004,154.16299999999998,154.17700000000002,64.7,54.9,30.5,98.8,63.5,86.5,93.35300000000001,85.8,93.0,89.8,92.6,19.326999999999998,5,5,5,39.569
11.35,4.0,39.708,45.025,40.263000000000005,39.501999999999995,154.05700000000002,154.053,64.8,55.0,30.5,99.0,63.3,86.5,93.373,85.8,93.0,89.8,92.65,19.305,5,5,5,39.518
11.37,4.0,39.483000000000004,44.974000000000004,40.055,40.025,153.89,153.928,64.8,55.0,30.5,99.0,63.3,86.5,93.385,85.8,93.08800000000001,89.8,92.71600000000001,19.599,5,5,5,39.465999999999994
11.39,4.0,39.459,44.644,40.098,41.082,153.77100000000002,153.792,64.8,55.0,30.5,99.0,63.3,86.5,93.392,85.8,93.137,89.8,92.753,19.447000000000003,5,5,5,39.402
11.41,4.0,38.879,44.728,39.853,42.272,153.629,153.623,64.8,55.0,30.5,99.0,63.3,86.5,93.395,85.8,93.164,89.8,92.773,19.472,5,5,5,39.354
11.43,4.0,39.015,44.514,39.559,42.63,153.509,153.577,64.8,55.0,30.5,99.0,63.3,86.5,93.39699999999999,85.8,93.18,89.8,92.785,19.419,5,5,5,39.284000000000006
11.45,4.0,39.217,44.626999999999995,39.594,44.302,153.355,153.385,64.8,55.0,30.5,99.0,63.3,86.5,93.398,85.8,93.189,89.8,92.792,19.328,5,5,5,39.229
11.47,4.0,39.349000000000004,44.435,39.431,44.249,153.22299999999998,153.27100000000002,64.8,55.0,30.5,99.0,63.3,86.5,93.399,85.825,93.194,89.8,92.795,19.442999999999998,5,5,5,39.135999999999996
11.49,4.0,39.216,44.473,39.512,45.878,153.06799999999998,153.101,64.8,55.0,30.5,99.0,63.3,86.5,93.4,85.902,93.196,89.8,92.797,19.466,5,5,5,39.05
11.51,4.0,38.952,44.258,39.359,45.708,152.985,153.02200000000002,64.8,55.0,30.5,99.0,63.3,86.5,93.4,85.945,93.19800000000001,89.8,92.79899999999999,19.576999999999998,5,5,5,38.965999999999994
11.53,4.0,38.975,44.115,39.183,47.071000000000005,152.842,152.931,64.8,55.0,30.5,99.0,63.3,86.5,93.4,85.969,93.199,89.8,92.79899999999999,19.491,5,5,5,38.891999999999996
11.55,4.0,39.101,44.169000000000004,39.191,46.645,152.69799999999998,152.806,64.8,55.0,30.5,99.0,63.3,86.5,93.4,85.982,93.199,89.8,92.8,19.586,5,5,5,38.797
11.57,4.0,39.049,43.661,39.169000000000004,47.535,152.567,152.704,64.8,55.0,30.5,99.0,63.3,86.5,93.4,85.99,93.2,89.8,92.8,19.28,5,5,5,38.7
11.59,4.0,39.25,44.249,39.144,48.73,152.447,152.613,64.8,55.0,30.5,99.0,63.3,86.5,93.4,85.994,93.2,89.8,92.8,19.418,5,5,5,38.638000000000005
11.61,4.0,38.806,44.058,39.306999999999995,49.885,152.255,152.44299999999998,64.8,55.0,30.5,99.0,63.3,86.5,93.4,85.997,93.2,89.8,92.8,19.9,5,5,5,38.527
11.63,4.0,38.564,44.152,39.355,50.472,152.14700000000002,152.363,64.8,55.0,30.5,99.0,63.3,86.5,93.4,85.998,93.2,89.8,92.8,19.71,5,5,5,38.447
11.65,4.0,38.601,44.193000000000005,39.352,50.717,152.063,152.227,64.8,55.0,30.5,99.0,63.3,86.5,93.4,85.999,93.2,89.8,92.8,19.616,5,5,5,38.385000000000005
11.67,4.0,38.263000000000005,44.047,39.355,51.102,151.907,152.124,64.8,55.0,30.5,99.0,63.3,86.5,93.4,85.999,93.2,89.8,92.8,19.482999999999997,5,5,5,38.327
11.69,4.0,38.845,44.39,39.378,51.577,151.811,151.987,64.8,55.0,30.5,99.0,63.3,86.5,93.4,86.0,93.2,89.8,92.8,19.324,5,5,5,38.269000000000005
11.71,4.0,38.324,43.624,39.641999999999996,51.876999999999995,151.679,151.91899999999998,64.8,55.0,30.5,99.0,63.3,86.5,93.4,86.0,93.2,89.8,92.8,19.307000000000002,5,5,5,38.239999999999995
11.73,4.0,38.102,43.857,39.518,52.263999999999996,151.535,151.828,64.8,55.0,30.5,99.0,63.3,86.5,93.4,86.0,93.2,89.8,92.8,19.437,5,5,5,38.202
11.75,4.0,38.538000000000004,43.579,39.725,52.783,151.403,151.725,64.8,55.0,30.5,99.0,63.3,86.5,93.4,86.0,93.2,89.8,92.8,19.641,5,5,5,38.153999999999996
11.77,4.0,38.611999999999995,43.949,39.749,52.585,151.282,151.589,64.8,55.0,30.5,99.0,63.3,86.5,93.4,86.0,93.2,89.8,92.8,19.430999999999997,5,5,5,38.077
11.79,4.0,38.232,43.878,39.83,52.716,151.138,151.486,64.8,55.0,30.5,99.0,63.3,86.5,93.4,86.0,93.2,89.8,92.8,19.576999999999998,5,5,5,38.061
11.81,4.0,38.673,44.169000000000004,39.952,52.418,151.041,151.38299999999998,64.8,55.0,30.5,99.0,63.3,86.5,93.4,86.0,93.2,89.8,92.8,19.43,5,5,5,38.076
11.83,4.0,38.119,44.985,40.034,54.291000000000004,150.89600000000002,151.303,64.8,55.0,30.5,99.0,63.3,86.5,93.4,86.0,93.2,89.8,92.8,19.293,5,5,5,38.078
11.85,4.0,38.52,44.193000000000005,39.916,54.645,150.776,151.2,64.8,55.0,30.5,99.0,63.3,86.5,93.4,86.0,93.2,89.8,92.8,19.195999999999998,5,5,5,37.978
11.87,4.0,38.028,44.455999999999996,40.159,55.898999999999994,150.691,151.086,64.8,55.0,30.5,99.0,63.3,86.5,93.4,86.0,93.2,89.8,92.8,19.445999999999998,5,5,5,37.884
11.89,4.0,38.464,44.391999999999996,40.22,55.949,150.52200000000002,150.995,64.8,55.0,30.5,99.0,63.3,86.5,93.4,86.0,93.2,89.8,92.8,19.232,5,5,5,37.715
11.91,4.0,37.93,44.724000000000004,40.375,57.27,150.389,150.88,64.8,55.0,30.5,99.0,63.3,86.5,93.4,86.0,93.2,89.8,92.8,19.220999999999997,5,5,5,37.628
11.93,4.0,37.846,44.768,40.305,57.966,150.292,150.77700000000002,64.8,55.0,30.5,99.0,63.3,86.5,93.4,86.0,93.2,89.8,92.8,19.484,5,5,5,37.510000000000005
11.95,4.0,37.703,44.573,40.625,59.155,150.183,150.709,64.8,55.0,30.5,99.0,63.3,86.5,93.4,86.0,93.2,89.8,92.8,19.326999999999998,5,5,5,37.373000000000005
11.97,4.0,37.76,45.235,40.727,59.63399999999999,150.07399999999998,150.583,64.8,55.0,30.5,99.0,63.3,86.5,93.4,86.0,93.2,89.8,92.8,19.345,5,5,5,37.257
11.99,4.0,37.735,45.185,40.824,60.193000000000005,149.94,150.56,64.8,55.0,30.5,99.0,63.3,86.5,93.4,86.0,93.2,89.8,92.8,19.557000000000002,5,5,5,37.129000000000005
12.01,4.0,37.963,45.083,41.004,61.052,149.795,150.422,64.8,55.0,30.5,99.0,63.3,86.5,93.4,86.0,93.2,89.8,92.8,19.351,5,5,5,37.010000000000005
12.03,4.0,38.242,45.433,41.111999999999995,61.913000000000004,149.685,150.388,64.8,55.0,30.5,99.0,63.3,86.5,93.4,86.0,93.2,89.8,92.8,19.473,5,5,5,36.881
12.05,4.0,37.972,45.573,41.532,62.395,149.576,150.262,64.8,55.0,30.5,99.0,63.3,86.5,93.4,86.0,93.2,89.8,92.8,19.57,5,5,5,36.787
12.07,4.0,37.888000000000005,46.297,41.546,62.795,149.454,150.204,64.8,55.0,30.5,99.0,63.3,86.5,93.4,86.0,93.2,89.8,92.8,19.409,5,5,5,36.699
12.09,4.0,38.034,46.261,41.830999999999996,63.324,149.369,150.14700000000002,64.8,55.0,30.5,99.0,63.3,86.5,93.4,86.0,93.2,89.8,92.8,19.493000000000002,5,5,5,36.608000000000004
12.11,4.0,37.506,46.405,41.937,64.07300000000001,149.247,150.009,64.8,55.0,30.5,99.0,63.3,86.5,93.4,86.0,93.2,89.8,92.8,19.391,5,5,5,36.507
12.13,4.0,37.897,46.784,42.259,64.412,149.162,149.975,64.8,55.0,30.5,99.0,63.3,86.5,93.4,86.0,93.2,89.8,92.8,19.397,5,5,5,36.409000000000006
12.15,4.0,37.826,47.17100000000001,42.681999999999995,65.382,149.016,149.84799999999998,64.8,55.0,30.5,99.0,63.3,86.5,93.4,86.0,93.2,89.85,92.8,19.465,5,5,5,36.348
12.17,4.0,38.024,47.938,42.849000000000004,64.857,148.894,149.768,64.8,55.0,30.5,99.0,63.3,86.5,93.4,86.0,93.2,89.916,92.8,19.261,5,5,5,36.299
12.19,4.0,37.728,47.466,42.779,65.56800000000001,148.784,149.688,64.8,55.0,30.5,99.0,63.3,86.5,93.4,86.0,93.2,89.953,92.8,19.365000000000002,5,5,5,36.211
12.21,4.0,37.974000000000004,48.567,43.423,64.765,148.674,149.665,64.8,55.0,30.5,99.0,63.3,86.5,93.4,86.0,93.2,89.973,92.8,19.487000000000002,5,5,5,36.144000000000005
12.23,4.0,37.896,48.518,43.654,65.162,148.588,149.53799999999998,64.8,55.0,30.5,99.0,63.3,86.5,93.4,86.0,93.2,89.985,92.8,19.391,5,5,5,36.092
12.25,4.0,37.851,49.523,43.596,65.477,148.503,149.526,64.8,55.0,30.5,99.0,63.3,86.5,93.4,86.0,93.2,89.992,92.8,19.437,5,5,5,36.07
12.27,4.0,37.861,49.545,43.967,65.93100000000001,148.405,149.4,64.8,55.0,30.5,99.0,63.3,86.5,93.4,86.0,93.2,89.995,92.8,19.179000000000002,5,5,5,36.012
12.29,4.0,37.623000000000005,49.961999999999996,44.419000000000004,65.387,148.27,149.342,64.8,55.0,30.5,99.0,63.3,86.5,93.4,86.0,93.2,89.997,92.8,19.187,5,5,5,35.973
12.31,4.0,37.931999999999995,50.24,44.482,65.507,148.09799999999998,149.216,64.8,55.0,30.5,99.0,63.3,86.5,93.4,86.0,93.2,89.999,92.8,19.189999999999998,5,5,5,35.954
12.33,4.0,37.863,50.693999999999996,44.875,65.295,148.012,149.135,64.8,55.0,30.5,99.0,63.3,86.5,93.4,86.0,93.2,89.999,92.8,19.399,5,5,5,35.946
12.35,4.0,38.275999999999996,51.065,44.793,65.12100000000001,147.951,149.1,64.8,55.0,30.5,99.0,63.3,86.5,93.4,86.0,93.2,90.0,92.8,19.426,5,5,5,35.944
12.37,4.0,38.268,51.91,45.117,64.956,147.828,148.997,64.8,55.0,30.5,99.0,63.3,86.5,93.4,86.0,93.2,90.0,92.8,19.465,5,5,5,35.934
12.39,4.0,37.988,51.841,45.344,64.74000000000001,147.717,148.881,64.8,55.0,30.5,99.0,63.3,86.5,93.4,86.0,93.2,90.0,92.8,19.294,5,5,5,35.916
12.41,4.0,38.508,52.181000000000004,45.436,64.672,147.582,148.754,64.8,55.0,30.5,99.0,63.3,86.5,93.45,86.0,93.2,90.0,92.8,19.345,5,5,5,35.914
12.43,4.0,38.46,52.458999999999996,45.696,63.995,147.55700000000002,148.754,64.8,55.0,30.5,99.0,63.3,86.55,93.516,86.0,93.2,90.0,92.8,19.383,5,5,5,35.913
12.45,4.0,38.661,53.246,45.762,63.6,147.385,148.616,64.8,55.0,30.5,99.0,63.3,86.616,93.553,86.0,93.2,90.0,92.8,19.307000000000002,5,5,5,35.913
12.47,4.0,38.156,53.177,45.967,62.805,147.34799999999998,148.558,64.8,55.0,30.5,99.0,63.3,86.653,93.57300000000001,86.0,93.2,90.0,92.8,19.618000000000002,5,5,5,35.903000000000006
12.49,4.0,38.715,53.693000000000005,46.181000000000004,62.22,147.299,148.465,64.8,55.0,30.5,99.0,63.3,86.673,93.585,86.0,93.2,90.0,92.8,19.549,5,5,5,35.906
12.51,4.0,38.736999999999995,53.475,45.979,62.053000000000004,147.101,148.373,64.8,55.0,30.5,99.0,63.3,86.685,93.592,86.0,93.2,90.0,92.8,19.67,5,5,5,35.908
12.53,4.0,38.68,53.672,46.49100000000001,61.806999999999995,147.015,148.257,64.8,55.0,30.5,99.0,63.3,86.692,93.595,86.0,93.2,90.0,92.8,19.506,5,5,5,35.909000000000006
12.55,4.0,39.148,53.876999999999995,46.387,61.776,146.903,148.19899999999998,64.8,55.0,30.5,99.0,63.3,86.695,93.597,86.0,93.2,90.0,92.8,19.491,5,5,5,35.909000000000006
12.57,4.0,39.015,54.776,46.555,61.7,146.829,148.141,64.8,55.0,30.5,99.0,63.3,86.697,93.598,86.0,93.2,90.0,92.8,19.616,5,5,5,35.912
12.59,4.0,39.236,54.477,46.525,61.593,146.681,147.95600000000002,64.8,55.0,30.5,99.0,63.3,86.699,93.59899999999999,86.0,93.2,90.0,92.8,19.524,5,5,5,35.912
12.61,4.0,39.658,54.493,46.733000000000004,61.489,146.55700000000002,147.875,64.8,55.0,30.5,99.0,63.3,86.699,93.6,86.0,93.2,90.0,92.8,19.310000000000002,5,5,5,35.914
12.63,4.0,39.504,54.946000000000005,46.596000000000004,61.364,146.482,147.79399999999998,64.8,55.0,30.5,99.0,63.3,86.7,93.6,86.0,93.2,90.0,92.8,19.464,5,5,5,35.911
12.65,4.0,39.879,54.977,46.678000000000004,61.476000000000006,146.358,147.71200000000002,64.8,55.0,30.5,99.0,63.3,86.7,93.6,86.0,93.2,90.0,92.8,20.457,5,5,5,35.912
12.67,4.0,39.065,55.365,46.73,61.044,146.284,147.608,64.8,55.0,30.5,99.0,63.3,86.7,93.6,86.0,93.2,90.0,92.8,20.324,5,5,5,35.908
12.69,4.0,39.902,55.53,46.861000000000004,61.443999999999996,146.172,147.515,64.8,55.0,30.5,99.0,63.3,86.7,93.6,86.0,93.2,90.0,92.8,20.371,5,5,5,35.91
12.71,4.0,39.604,55.708999999999996,47.007,61.358000000000004,146.097,147.387,64.8,55.0,30.5,99.0,63.3,86.7,93.6,86.0,93.2,90.0,92.8,20.192,5,5,5,35.913
12.73,4.0,39.893,56.218,46.871,61.507,145.961,147.306,64.8,55.0,30.5,99.0,63.3,86.7,93.6,86.05,93.2,90.0,92.8,20.149,5,5,5,35.912
12.75,4.0,40.139,55.501000000000005,47.1,61.903999999999996,145.836,147.189,64.8,55.0,30.5,99.0,63.3,86.7,93.6,86.116,93.28699999999999,90.0,92.8,20.333,5,5,5,35.914
12.77,4.0,39.891,56.016000000000005,47.071000000000005,61.833,145.774,147.03799999999998,64.8,55.0,30.5,99.0,63.3,86.7,93.6,86.153,93.337,90.0,92.8,20.594,5,5,5,35.915
12.79,4.0,39.914,55.738,47.001999999999995,62.03,145.674,147.003,64.8,55.0,30.5,99.0,63.3,86.7,93.6,86.173,93.36399999999999,90.0,92.8,20.326999999999998,5,5,5,35.913
12.81,4.0,40.305,56.324,47.153999999999996,62.105,145.512,146.91,64.8,55.0,30.5,99.0,63.3,86.7,93.6,86.185,93.38,90.0,92.8,20.334000000000003,5,5,5,35.909000000000006
12.83,4.0,40.089,56.309,47.088,61.754,145.44899999999998,146.77,64.8,55.0,30.5,99.0,63.3,86.7,93.6,86.192,93.389,90.0,92.8,20.656,5,5,5,35.914
12.85,4.0,40.43,56.566,47.118,62.081,145.299,146.665,64.8,55.0,30.5,99.0,63.3,86.7,93.6,86.195,93.39399999999999,90.0,92.8,20.731,5,5,5,35.912
12.87,4.0,40.325,55.905,46.916000000000004,62.195,145.237,146.572,64.8,55.0,30.5,99.0,63.3,86.7,93.6,86.197,93.396,90.0,92.869,20.515,5,5,5,35.912
12.89,4.0,40.619,56.433,47.165,62.434,145.162,146.47799999999998,64.8,55.0,30.5,99.0,63.3,86.7,93.6,86.199,93.398,90.0,92.926,20.380000000000003,5,5,5,35.917
12.91,4.0,40.545,56.56,46.983000000000004,62.475,145.024,146.362,64.8,55.0,30.5,99.0,63.3,86.7,93.6,86.199,93.399,90.0,92.958,20.454,5,5,5,35.921
12.93,4.0,40.762,56.416000000000004,47.22,61.721000000000004,144.911,146.268,64.8,55.0,30.5,99.0,63.3,86.7,93.6,86.2,93.399,90.0,92.977,20.485,5,5,5,35.919
12.95,4.0,40.215,56.318000000000005,47.208999999999996,60.924,144.82299999999998,146.16299999999998,64.8,55.0,30.5,99.0,63.3,86.7,93.6,86.2,93.4,90.0,92.987,20.729,5,5,5,35.915
12.97,4.0,40.958,56.535,47.23,60.684,144.648,146.011,64.8,55.0,30.5,99.0,63.3,86.7,93.6,86.2,93.4,90.0,92.993,20.945999999999998,5,5,5,35.917
12.99,4.0,40.766,56.185,47.218,61.218999999999994,144.597,145.964,64.8,55.0,30.5,99.0,63.3,86.7,93.6,86.2,93.4,90.0,92.99600000000001,21.375999999999998,5,5,5,35.915
13.01,4.0,41.006,56.907,47.261,61.273999999999994,144.484,145.858,64.8,55.0,30.5,99.0,63.3,86.7,93.6,86.2,93.4,90.0,92.998,21.115,5,5,5,35.916
13.03,4.0,40.711999999999996,56.876000000000005,47.181999999999995,61.358000000000004,144.358,145.78799999999998,64.8,55.0,30.5,99.0,63.3,86.7,93.6,86.2,93.4,90.0,92.999,20.822000000000003,5,5,5,35.915
13.05,4.0,41.047,56.893,47.303000000000004,61.411,144.283,145.683,64.8,55.0,30.5,99.0,63.3,86.7,93.6,86.2,93.4,90.0,92.999,20.675,5,5,5,35.917
13.07,4.0,41.227,56.607,47.206,61.448,144.157,145.542,64.8,55.0,30.5,99.0,63.3,86.7,93.6,86.2,93.4,90.0,93.0,20.828,5,5,5,35.915
13.09,4.0,41.092,57.06,47.33,61.248000000000005,144.043,145.507,64.8,55.0,30.5,99.0,63.3,86.7,93.6,86.2,93.4,90.0,93.0,20.907,5,5,5,35.913
13.11,4.0,41.069,57.04,47.327,61.056999999999995,143.967,145.401,64.8,55.0,30.5,99.0,63.3,86.7,93.6,86.2,93.4,90.0,93.0,20.859,5,5,5,35.912
13.13,4.0,40.876999999999995,56.843999999999994,47.486000000000004,61.419,143.879,145.248,64.8,55.0,30.5,99.0,63.3,86.7,93.6,86.2,93.4,90.0,93.0,20.781,5,5,5,35.913
13.15,4.0,41.193000000000005,56.769,47.305,61.35,143.715,145.166,64.8,55.0,30.5,99.0,63.3,86.7,93.6,86.2,93.4,90.0,93.0,20.592,5,5,5,35.912
13.17,4.0,41.525,56.861000000000004,47.323,61.277,143.626,145.083,64.8,55.0,30.5,99.0,63.3,86.7,93.6,86.2,93.4,90.0,93.0,20.615000000000002,5,5,5,35.921
13.19,4.0,41.374,57.181000000000004,47.415,62.137,143.563,144.942,64.8,55.0,30.5,99.0,63.3,86.7,93.6,86.2,93.4,90.0,93.0,20.579,5,5,5,35.92
13.21,4.0,41.601,57.17,47.256,62.607,143.436,144.86,64.8,55.0,30.5,99.0,63.3,86.7,93.6,86.2,93.4,90.0,93.0,20.362000000000002,5,5,5,35.89
13.23,4.0,41.361999999999995,56.827,47.287,63.138999999999996,143.36,144.74200000000002,64.8,55.0,30.5,99.0,63.3,86.7,93.6,86.2,93.4,90.0,93.0,20.837,5,5,5,35.836
13.25,4.0,41.486999999999995,57.118,47.251999999999995,64.102,143.22,144.683,64.8,55.0,30.5,99.0,63.3,86.7,93.6,86.2,93.4,90.0,93.0,20.793,5,5,5,35.759
13.27,4.0,41.286,57.123999999999995,47.271,65.00399999999999,143.157,144.6,64.8,55.0,30.5,99.0,63.3,86.7,93.6,86.2,93.4,90.0,93.0,20.948,5,5,5,35.69199999999999
13.29,4.0,41.533,57.302,47.422,65.55600000000001,143.017,144.447,64.8,55.0,30.5,99.0,63.3,86.7,93.6,86.2,93.4,90.0,93.0,20.55,5,5,5,35.638999999999996
13.31,4.0,41.441,57.052,47.214,66.386,142.928,144.388,64.8,55.0,30.5,99.0,63.3,86.7,93.6,86.2,93.4,90.0,93.0,20.887,5,5,5,35.604
13.33,4.0,41.404,57.85,47.358000000000004,65.388,142.82600000000002,144.281,64.8,55.0,30.5,99.0,63.3,86.7,93.6,86.2,93.4,90.0,93.0,20.684,5,5,5,35.5
13.35,4.0,41.156,57.376999999999995,47.238,66.49199999999999,142.711,144.187,65.1,55.0,30.4,99.6,63.2,86.7,93.6,86.2,93.4,90.0,93.0,20.372999999999998,5,5,5,35.488
13.37,4.0,41.168,57.839,47.376999999999995,65.97399999999999,142.622,144.056,65.1,55.0,30.4,99.6,63.2,86.7,93.6,86.2,93.4,90.0,93.0,20.146,5,5,5,35.479
13.39,4.0,41.86,57.766000000000005,47.326,65.873,142.507,143.95,65.1,55.0,30.4,99.6,63.2,86.7,93.625,86.2,93.4,90.0,93.0,20.222,5,5,5,35.471999999999994
13.41,4.0,41.419000000000004,57.519,47.628,65.4,142.392,143.914,65.1,55.0,30.4,99.6,63.2,86.7,93.702,86.2,93.4,90.0,93.0,20.081,5,5,5,35.465999999999994
13.43,4.0,41.368,57.723,47.367,64.72200000000001,142.29000000000002,143.843,65.1,55.0,30.4,99.6,63.2,86.7,93.745,86.2,93.4,90.0,93.0,20.184,5,5,5,35.465999999999994
13.45,4.0,41.777,57.513000000000005,47.477,64.334,142.213,143.76,65.1,55.0,30.4,99.6,63.2,86.7,93.76899999999999,86.2,93.4,90.0,93.0,20.114,5,5,5,35.455
13.47,4.0,41.722,57.86600000000001,47.376999999999995,63.95,142.161,143.665,65.1,55.0,30.4,99.6,63.2,86.7,93.782,86.2,93.4,90.069,93.0,20.277,5,5,5,35.454
13.49,4.0,41.81,57.768,47.391000000000005,63.555,142.01999999999998,143.582,65.1,55.0,30.4,99.6,63.2,86.7,93.79,86.2,93.4,90.126,93.0,20.147,5,5,5,35.459
13.51,4.0,41.434,57.912,47.467,63.007,141.892,143.428,65.1,55.0,30.4,99.6,63.2,86.7,93.794,86.2,93.4,90.158,93.0,20.235,5,5,5,35.455
13.53,4.0,42.192,57.934,47.391999999999996,62.625,141.82799999999997,143.344,65.1,55.0,30.4,99.6,63.2,86.7,93.797,86.2,93.4,90.17699999999999,93.0,20.232,5,5,5,35.46
13.55,4.0,41.73,57.92100000000001,47.50899999999999,62.401,141.648,143.273,65.1,55.0,30.4,99.6,63.2,86.7,93.798,86.2,93.4,90.187,93.0,20.349,5,5,5,35.477
13.57,4.0,41.823,58.565,47.471000000000004,61.977,141.60899999999998,143.154,65.1,55.0,30.4,99.6,63.2,86.7,93.79899999999999,86.2,93.4,90.193,93.0,20.209000000000003,5,5,5,35.477
13.59,4.0,41.924,58.312,47.501000000000005,61.661,141.519,143.023,65.1,55.0,30.4,99.6,63.2,86.7,93.79899999999999,86.2,93.4,90.196,93.0,20.173000000000002,5,5,5,35.480999999999995
13.61,4.0,42.166,58.33,47.513000000000005,61.386,141.403,142.975,65.1,55.0,30.4,99.6,63.2,86.7,93.8,86.2,93.4,90.19800000000001,93.0,20.133,5,5,5,35.489000000000004
13.63,4.0,42.381,58.196000000000005,47.328,61.2,141.313,142.868,65.1,55.0,30.4,99.6,63.2,86.7,93.8,86.2,93.4,90.199,93.0,19.75,5,5,5,35.489000000000004
13.65,4.0,42.073,58.77,47.674,60.748999999999995,141.197,142.82,65.1,55.0,30.4,99.6,63.2,86.7,93.8,86.2,93.4,90.199,93.0,19.518,5,5,5,35.491
13.67,4.0,41.946999999999996,58.858999999999995,47.35,60.523999999999994,141.01600000000002,142.653,65.1,55.0,30.4,99.6,63.2,86.7,93.8,86.2,93.4,90.2,93.0,19.472,5,5,5,35.501999999999995
13.69,4.0,42.138000000000005,58.661,47.25899999999999,60.386,140.95100000000002,142.558,65.1,55.0,30.4,99.6,63.2,86.7,93.8,86.2,93.4,90.2,93.0,19.463,5,5,5,35.512
13.71,4.0,42.242,59.007,47.37,60.38,140.873,142.474,65.1,55.0,30.4,99.6,63.2,86.7,93.8,86.2,93.4,90.2,93.0,19.631,5,5,5,35.527
13.73,4.0,42.159,58.92100000000001,47.163000000000004,60.47,140.731,142.35399999999998,65.1,55.0,30.4,99.6,63.2,86.7,93.8,86.2,93.4,90.2,93.0,19.46,5,5,5,35.54
13.75,4.0,41.723,58.373000000000005,47.494,59.97,140.666,142.27100000000002,65.1,55.0,30.4,99.6,63.2,86.7,93.8,86.2,93.4,90.2,93.0,19.494,5,5,5,35.548
13.77,4.0,42.321999999999996,58.527,47.082,59.687,140.523,142.223,65.1,55.0,30.4,99.6,63.2,86.7,93.8,86.2,93.4,90.2,93.0,19.477,5,5,5,35.559
13.79,4.0,42.123000000000005,58.816,47.553999999999995,59.993,140.497,142.067,65.1,55.0,30.4,99.6,63.2,86.7,93.8,86.2,93.4,90.2,93.0,19.555,5,5,5,35.568
13.81,4.0,42.175,58.903999999999996,47.363,60.167,140.38,141.971,65.1,55.0,30.4,99.6,63.2,86.7,93.8,86.2,93.4,90.2,93.0,19.499000000000002,5,5,5,35.586
13.83,4.0,42.275999999999996,58.998999999999995,47.351000000000006,59.753,140.30200000000002,141.887,65.1,55.0,30.4,99.6,63.2,86.7,93.8,86.2,93.4,90.2,93.0,19.567999999999998,5,5,5,35.586
13.85,4.0,42.575,58.93600000000001,47.282,59.566,140.17200000000003,141.839,65.1,55.0,30.4,99.6,63.2,86.7,93.8,86.2,93.4,90.2,93.0,19.429000000000002,5,5,5,35.585
13.87,4.0,42.079,58.998000000000005,47.263000000000005,59.933,140.067,141.707,65.1,55.0,30.4,99.6,63.2,86.7,93.8,86.2,93.4,90.2,93.0,19.584000000000003,5,5,5,35.584
13.89,4.0,41.989000000000004,59.138000000000005,47.419,60.324,139.963,141.611,65.1,55.0,30.4,99.6,63.2,86.7,93.8,86.2,93.4,90.2,93.0,19.645,5,5,5,35.581
13.91,4.0,42.207,59.208,47.20399999999999,60.425,139.885,141.562,65.1,55.0,30.4,99.6,63.2,86.7,93.8,86.25,93.4,90.2,93.0,19.544,5,5,5,35.585
13.93,4.0,42.189,59.24100000000001,47.215,60.717,139.845,141.538,65.1,55.0,30.4,99.6,63.2,86.7,93.8,86.316,93.4,90.2,93.0,19.491,5,5,5,35.588
13.95,4.0,42.336,58.943000000000005,47.331,60.51,139.688,141.358,65.1,55.0,30.4,99.6,63.2,86.7,93.8,86.35300000000001,93.4,90.2,93.0,19.667,5,5,5,35.59
13.97,4.0,42.145,58.888000000000005,47.269,60.45399999999999,139.571,141.322,65.1,55.0,30.4,99.6,63.2,86.7,93.8,86.373,93.4,90.2,93.0,19.537,5,5,5,35.587
13.99,4.0,42.400999999999996,58.725,47.147,60.692,139.47899999999998,141.249,65.1,55.0,30.4,99.6,63.2,86.7,93.8,86.385,93.4,90.2,93.0,19.593,5,5,5,35.588
14.01,4.0,42.484,59.066,47.06399999999999,60.996,139.4,141.153,65.1,55.0,30.4,99.6,63.2,86.7,93.8,86.392,93.4,90.2,93.0,19.464,5,5,5,35.592
14.03,4.0,42.387,59.242,47.093999999999994,60.787,139.334,141.032,65.1,55.0,30.4,99.6,63.2,86.7,93.8,86.395,93.4,90.2,93.0,19.39,5,5,5,35.587
14.05,4.0,42.569,58.99,47.147,61.29,139.22899999999998,140.839,65.1,55.0,30.4,99.6,63.2,86.7,93.8,86.39699999999999,93.4,90.2,93.0,19.465,5,5,5,35.585
14.07,4.0,42.146,58.52,47.123999999999995,61.089,139.071,140.74200000000002,65.1,55.0,30.4,99.6,63.2,86.7,93.8,86.398,93.4,90.2,93.0,19.616,5,5,5,35.588
14.09,4.0,42.204,59.051,47.089,61.19,138.99200000000002,140.73000000000002,65.1,55.0,30.4,99.6,63.2,86.7,93.8,86.399,93.4,90.2,93.0,19.294,5,5,5,35.59
14.11,4.0,42.330999999999996,58.955,46.946000000000005,60.925,138.834,140.69400000000002,65.1,55.0,30.4,99.6,63.2,86.7,93.8,86.4,93.4,90.2,93.0,19.328,5,5,5,35.589
14.13,4.0,42.119,59.013999999999996,47.133,61.385,138.834,140.536,65.1,55.0,30.4,99.6,63.2,86.7,93.8,86.4,93.4,90.2,93.0,19.475,5,5,5,35.594
14.15,4.0,42.565,58.925,47.082,61.66,138.755,140.524,65.1,55.0,30.4,99.6,63.2,86.75,93.8,86.4,93.4,90.2,93.0,19.33,5,5,5,35.592
14.17,4.0,41.729,58.735,47.14,61.553000000000004,138.583,140.378,65.1,55.0,30.4,99.6,63.2,86.816,93.8,86.4,93.469,90.2,93.0,19.442999999999998,5,5,5,35.59
14.19,4.0,42.262,58.801,46.964,61.515,138.49,140.221,65.1,55.0,30.4,99.6,63.2,86.85300000000001,93.8,86.4,93.52600000000001,90.2,93.0,19.692,5,5,5,35.589
14.21,4.0,42.336999999999996,59.373999999999995,47.199,61.325,138.398,140.208,65.1,55.0,30.4,99.6,63.2,86.873,93.8,86.4,93.558,90.2,93.0,19.762999999999998,5,5,5,35.594
14.23,4.0,42.400999999999996,58.998000000000005,47.224,61.163000000000004,138.31799999999998,140.099,65.1,55.0,30.4,99.6,63.2,86.885,93.8,86.4,93.577,90.2,93.0,19.625,5,5,5,35.588
14.25,4.0,42.652,59.36,47.021,60.871,138.199,139.95299999999997,65.1,55.0,30.4,99.6,63.2,86.892,93.8,86.4,93.587,90.2,93.0,19.57,5,5,5,35.593
14.27,4.0,41.855,59.218,46.968,61.244,138.053,139.904,65.1,55.0,30.4,99.6,63.2,86.895,93.8,86.4,93.593,90.2,93.0,19.824,5,5,5,35.589
14.29,4.0,42.131,59.282,46.98,61.471000000000004,137.973,139.73399999999998,65.1,55.0,30.4,99.6,63.2,86.89699999999999,93.8,86.4,93.596,90.2,93.0,19.967,5,5,5,35.593
14.31,4.0,41.949,59.398,46.85,61.653999999999996,137.92000000000002,139.73399999999998,65.1,55.0,30.4,99.6,63.2,86.898,93.8,86.4,93.598,90.2,93.0,19.852,5,5,5,35.593
14.33,4.0,42.372,59.09,46.786,61.621,137.853,139.563,65.1,55.0,30.4,99.6,63.2,86.899,93.8,86.4,93.59899999999999,90.2,93.112,19.915999999999997,5,5,5,35.592
14.35,4.0,42.415,59.131,46.931999999999995,61.461999999999996,137.733,139.478,65.1,55.0,30.4,99.6,63.2,86.9,93.8,86.4,93.59899999999999,90.2,93.195,19.744999999999997,5,5,5,35.592
14.37,4.0,42.611999999999995,59.56399999999999,46.832,61.592,137.626,139.392,65.1,55.0,30.4,99.6,63.2,86.9,93.8,86.4,93.6,90.2,93.241,19.787,5,5,5,35.589
14.39,4.0,42.424,58.919,46.89,61.098,137.57299999999998,139.30700000000002,65.1,55.0,30.4,99.6,63.2,86.9,93.8,86.4,93.6,90.2,93.267,19.857999999999997,5,5,5,35.588
14.41,4.0,42.097,59.203,46.93,60.958,137.519,139.245,65.1,55.0,30.4,99.6,63.2,86.9,93.8,86.4,93.6,90.2,93.281,19.679000000000002,5,5,5,35.588
14.43,4.0,42.268,59.49100000000001,46.943999999999996,61.114,137.38600000000002,139.086,65.1,55.0,30.4,99.6,63.2,86.9,93.8,86.4,93.6,90.2,93.289,19.648,5,5,5,35.59
14.45,4.0,42.172,59.473,46.708,61.336000000000006,137.265,139.123,65.1,55.0,30.4,99.6,63.2,86.9,93.825,86.4,93.6,90.2,93.294,19.581,5,5,5,35.594
14.47,4.0,42.454,59.456,46.765,61.909,137.211,138.86599999999999,65.1,55.0,30.4,99.6,63.2,86.9,93.902,86.4,93.6,90.2,93.297,19.665,5,5,5,35.590999999999994
14.49,4.0,42.317,59.146,46.708999999999996,62.028,137.077,138.804,65.1,55.0,30.4,99.6,63.2,86.9,93.945,86.4,93.6,90.2,93.298,19.84,5,5,5,35.594
14.51,4.0,42.016999999999996,59.445,46.617,61.448,136.916,138.743,65.1,55.0,30.4,99.6,63.2,86.9,93.969,86.4,93.6,90.2,93.29899999999999,19.485,5,5,5,35.589
14.53,4.0,42.309,59.211000000000006,46.638999999999996,61.472,136.849,138.64499999999998,65.1,55.0,30.4,99.6,63.2,86.9,93.982,86.4,93.6,90.2,93.29899999999999,19.547,5,5,5,35.589
14.55,4.0,41.986,59.383,46.813,61.857,136.849,138.583,65.1,55.0,30.4,99.6,63.2,86.9,93.99,86.4,93.6,90.2,93.3,19.524,5,5,5,35.588
14.57,4.0,41.688,58.878,46.663999999999994,61.798,136.63299999999998,138.423,65.1,55.0,30.4,99.6,63.2,86.9,93.994,86.4,93.6,90.2,93.3,19.418,5,5,5,35.592
14.59,4.0,41.991,59.372,46.777,61.918,136.62,138.45999999999998,65.1,55.0,30.4,99.6,63.2,86.9,93.997,86.4,93.6,90.2,93.3,19.374000000000002,5,5,5,35.596000000000004
14.61,4.0,42.039,59.427,46.667,61.957,136.525,138.337,65.1,55.0,30.4,99.6,63.2,86.9,93.998,86.4,93.6,90.2,93.3,19.624000000000002,5,5,5,35.594
14.63,4.0,42.154,58.69,46.532,62.038999999999994,136.39,138.164,65.1,55.0,30.4,99.6,63.2,86.9,93.999,86.4,93.6,90.2,93.3,19.344,5,5,5,35.59
14.65,4.0,42.169000000000004,58.585,46.519,61.21,136.26799999999997,138.152,65.1,55.0,30.4,99.6,63.2,86.9,93.999,86.4,93.6,90.2,93.3,19.116,5,5,5,35.592
14.67,4.0,42.747,58.751000000000005,46.501000000000005,61.228,136.255,138.103,65.1,55.0,30.4,99.6,63.2,86.9,94.0,86.4,93.6,90.2,93.3,18.857999999999997,5,5,5,35.589
14.69,4.0,42.43,58.888000000000005,46.547,61.50899999999999,136.16,138.041,65.1,55.0,30.4,99.6,63.2,86.9,94.0,86.4,93.6,90.2,93.3,18.964,5,5,5,35.592
14.71,4.0,42.647,59.174,46.62,61.78,136.065,138.07799999999997,65.1,55.0,30.4,99.6,63.2,86.9,94.0,86.4,93.6,90.2,93.3,19.107999999999997,5,5,5,35.592
14.73,4.0,42.105,59.361999999999995,46.475,61.56399999999999,135.97,137.81799999999998,65.1,55.0,30.4,99.6,63.2,86.9,94.0,86.4,93.6,90.2,93.3,19.146,5,5,5,35.596000000000004
14.75,4.0,42.268,59.00899999999999,46.542,61.415,135.902,137.744,65.1,55.0,30.4,99.6,63.2,86.9,94.0,86.4,93.6,90.2,93.3,19.070999999999998,5,5,5,35.595
14.77,4.0,42.163000000000004,58.843,46.358999999999995,61.049,135.82,137.695,65.1,55.0,30.4,99.6,63.2,86.9,94.0,86.4,93.6,90.2,93.3,19.133,5,5,5,35.598
14.79,4.0,42.116,59.601000000000006,46.423,60.928000000000004,135.712,137.608,65.1,55.0,30.4,99.6,63.2,86.9,94.0,86.4,93.6,90.2,93.3,19.240000000000002,5,5,5,35.593
14.81,4.0,42.383,58.946999999999996,46.452,61.286,135.548,137.471,65.1,55.0,30.4,99.6,63.2,86.9,94.0,86.4,93.6,90.2,93.3,19.04,5,5,5,35.592
14.83,4.0,42.256,59.255,46.4,61.243,135.548,137.385,65.1,55.0,30.4,99.6,63.2,86.9,94.0,86.4,93.6,90.2,93.3,19.205,5,5,5,35.594
14.85,4.0,41.923,59.397,46.287,61.456,135.37,137.31,65.1,55.0,30.4,99.6,63.2,86.9,94.0,86.4,93.6,90.2,93.3,19.083,5,5,5,35.596000000000004
14.87,4.0,41.852,59.126999999999995,46.574,61.73,135.30200000000002,137.148,65.1,55.0,30.4,99.6,63.2,86.9,94.0,86.4,93.6,90.2,93.3,19.129,5,5,5,35.596999999999994
14.89,4.0,41.896,59.239,46.141000000000005,61.278,135.20600000000002,137.148,65.1,55.0,30.4,99.6,63.2,86.9,94.0,86.4,93.6,90.2,93.3,19.133,5,5,5,35.598
14.91,4.0,42.496,58.755,46.199,61.32,135.13799999999998,137.036,65.1,55.0,30.4,99.6,63.2,86.9,94.0,86.4,93.6,90.2,93.3,19.207,5,5,5,35.596000000000004
14.93,4.0,42.406,59.365,46.141999999999996,60.816,135.028,136.937,65.1,55.0,30.4,99.6,63.2,86.9,94.0,86.4,93.6,90.2,93.3,19.095,5,5,5,35.596000000000004
14.95,4.0,42.154,59.395,46.176,61.062,134.904,136.849,65.1,55.0,30.4,99.6,63.2,86.9,94.0,86.4,93.6,90.2,93.3,19.209000000000003,5,5,5,35.592
14.97,4.0,41.891999999999996,59.417,46.266999999999996,61.45399999999999,134.918,136.8,65.1,55.0,30.4,99.6,63.2,86.9,94.0,86.4,93.6,90.25,93.3,19.192999999999998,5,5,5,35.595
14.99,4.0,41.749,58.993,46.178999999999995,61.773999999999994,134.79399999999998,136.687,65.1,55.0,30.4,99.6,63.2,86.9,94.0,86.4,93.6,90.316,93.3,19.2,5,5,5,35.598
15.01,4.0,42.29,58.845,46.074,61.74100000000001,134.726,136.562,65.1,55.0,30.4,99.6,63.2,86.9,94.0,86.4,93.6,90.35300000000001,93.3,19.254,5,5,5,35.604
15.03,4.0,42.096,59.482,46.005,61.47,134.629,136.537,65.1,55.0,30.4,99.6,63.2,86.9,94.0,86.4,93.6,90.373,93.3,19.194000000000003,5,5,5,35.596999999999994
15.05,4.0,41.89,58.785,45.954,61.573,134.574,136.437,65.1,55.0,30.4,99.6,63.2,86.9,94.0,86.4,93.6,90.385,93.3,19.195999999999998,5,5,5,35.599000000000004
15.07,4.0,41.828,59.281000000000006,45.843,61.159,134.45,136.4,65.1,55.0,30.4,99.6,63.2,86.9,94.0,86.4,93.6,90.392,93.3,19.198,5,5,5,35.601
15.09,4.0,42.159,58.793,45.979,61.417,134.353,136.274,65.1,55.0,30.4,99.6,63.2,86.9,94.0,86.4,93.6,90.395,93.3,19.27,5,5,5,35.607
15.11,4.0,41.735,59.08,45.907,61.784,134.284,136.186,65.1,55.0,30.4,99.6,63.2,86.9,94.0,86.469,93.6,90.39699999999999,93.3,19.231,5,5,5,35.603
15.13,4.0,41.611999999999995,58.629,45.723,61.872,134.10399999999998,136.13600000000002,65.1,55.0,30.4,99.6,63.2,86.9,94.0,86.52600000000001,93.6,90.398,93.3,19.142000000000003,5,5,5,35.589
15.15,4.0,41.504,58.858000000000004,45.884,61.831,133.993,135.935,65.1,55.0,30.4,99.6,63.2,86.9,94.0,86.558,93.6,90.399,93.3,19.146,5,5,5,35.577
15.17,4.0,41.946999999999996,58.931999999999995,45.744,61.528,133.91,135.872,65.1,55.0,30.4,99.6,63.2,86.9,94.0,86.577,93.6,90.4,93.3,19.055999999999997,5,5,5,35.581999999999994
15.19,4.0,41.824,58.652,45.966,61.538000000000004,133.92399999999998,135.872,65.1,55.0,30.4,99.6,63.2,86.9,94.0,86.587,93.6,90.4,93.3,19.273,5,5,5,35.581
15.21,4.0,41.639,58.891000000000005,45.823,61.358999999999995,133.77100000000002,135.721,65.1,55.0,30.4,99.6,63.2,86.9,94.0,86.593,93.6,90.4,93.3,19.159,5,5,5,35.581999999999994
15.23,4.0,41.614000000000004,59.316,45.785,61.475,133.673,135.684,65.1,55.0,30.4,99.6,63.2,86.9,94.0,86.596,93.6,90.4,93.3,19.222,5,5,5,35.581999999999994
15.25,4.0,41.648,59.075,45.784,61.794,133.59,135.595,65.1,55.0,30.4,99.6,63.2,86.9,94.0,86.598,93.6,90.4,93.3,19.266,5,5,5,35.581999999999994
15.27,4.0,41.866,58.903999999999996,45.599000000000004,61.58,133.49200000000002,135.48200000000003,65.1,55.0,30.4,99.6,63.2,86.9,94.0,86.59899999999999,93.6,90.4,93.3,19.23,5,5,5,35.565
15.29,4.0,41.736999999999995,59.055,45.677,61.666000000000004,133.394,135.39299999999997,65.1,55.0,30.4,99.6,63.2,86.9,94.0,86.59899999999999,93.6,90.4,93.3,19.218,5,5,5,35.561
15.31,4.0,41.428000000000004,59.266000000000005,45.635999999999996,61.622,133.408,135.28,65.1,55.0,30.4,99.6,63.2,86.9,94.0,86.6,93.6,90.4,93.3,19.326,5,5,5,35.561
15.33,4.0,41.6,58.965,45.698,61.38399999999999,133.296,135.267,65.1,55.0,30.4,99.6,63.2,86.9,94.0,86.6,93.6,90.4,93.3,19.223,5,5,5,35.562
15.35,4.0,41.616,59.173,45.692,61.403,133.156,135.178,65.2,55.1,30.4,100.2,63.0,86.9,94.0,86.6,93.6,90.4,93.3,19.115000000000002,5,5,5,35.55800000000001
15.37,4.0,41.605,59.06100000000001,45.484,61.658,133.086,135.115,65.2,55.1,30.4,100.2,63.0,86.9,94.0,86.6,93.6,90.4,93.3,19.142000000000003,5,5,5,35.559
15.39,4.0,41.607,59.226000000000006,45.38,61.575,132.974,135.026,65.2,55.1,30.4,100.2,63.0,86.9,94.0,86.6,93.6,90.4,93.3,18.968,5,5,5,35.549
15.41,4.0,41.399,58.788000000000004,45.395,61.528999999999996,132.903,135.026,65.2,55.1,30.4,100.2,63.0,86.9,94.0,86.6,93.6,90.4,93.3,19.203,5,5,5,35.539
15.43,4.0,41.589,59.074,45.385,61.59,132.833,134.849,65.2,55.1,30.4,100.2,63.0,86.9,94.0,86.6,93.6,90.4,93.3,19.639000000000003,5,5,5,35.538
15.45,4.0,41.584,58.758,45.244,61.493,132.692,134.747,65.2,55.1,30.4,100.2,63.0,86.9,94.0,86.6,93.6,90.4,93.3,19.429000000000002,5,5,5,35.536
15.47,4.0,41.297,58.983999999999995,45.497,61.206,132.692,134.735,65.2,55.1,30.4,100.2,63.0,86.9,94.0,86.6,93.6,90.4,93.3,19.393,5,5,5,35.534000000000006
15.49,4.0,41.161,59.141000000000005,45.45,61.292,132.551,134.696,65.2,55.1,30.4,100.2,63.0,86.9,94.0,86.6,93.6,90.4,93.3,19.421,5,5,5,35.534000000000006
15.51,4.0,41.372,59.275,45.486999999999995,61.331,132.466,134.56900000000002,65.2,55.1,30.4,100.2,63.0,86.9,94.0,86.6,93.6,90.4,93.3,19.265,5,5,5,35.533
15.53,4.0,41.226,58.562,45.465,61.525,132.36700000000002,134.48000000000002,65.2,55.1,30.4,100.2,63.0,86.9,94.0,86.6,93.6,90.4,93.3,19.187,5,5,5,35.528999999999996
15.55,4.0,41.324,59.005,45.314,61.562,132.353,134.378,65.2,55.1,30.4,100.2,63.0,86.9,94.0,86.6,93.6,90.4,93.3,19.237000000000002,5,5,5,35.519999999999996
15.57,4.0,41.312,58.526,45.260999999999996,61.57,132.29700000000003,134.314,65.2,55.1,30.4,100.2,63.0,86.9,94.0,86.6,93.6,90.4,93.3,19.286,5,5,5,35.512
15.59,4.0,41.443000000000005,58.743,45.272,61.501000000000005,132.197,134.289,65.2,55.1,30.4,100.2,63.0,86.9,94.0,86.6,93.6,90.4,93.3,19.274,5,5,5,35.513999999999996
15.61,4.0,41.213,58.812,45.222,60.871,132.084,134.148,65.2,55.1,30.4,100.2,63.0,86.9,94.0,86.6,93.6,90.4,93.3,19.259,5,5,5,35.513999999999996
15.63,4.0,41.199,59.111000000000004,45.117,61.242,132.01299999999998,134.13600000000002,65.2,55.1,30.4,100.2,63.0,86.9,94.0,86.6,93.6,90.4,93.3,20.36,5,5,5,35.516
15.65,4.0,41.131,58.621,45.022,61.443999999999996,131.913,134.11,65.2,55.1,30.4,100.2,63.0,86.9,94.0,86.6,93.6,90.4,93.3,20.287,5,5,5,35.515
15.67,4.0,41.321,58.983999999999995,45.069,61.45399999999999,131.785,133.93099999999998,65.2,55.1,30.4,100.2,63.0,86.9,94.0,86.6,93.65,90.4,93.3,20.058,5,5,5,35.504999999999995
15.69,4.0,41.452,58.65,45.025999999999996,61.566,131.77100000000002,133.82799999999997,65.2,55.1,30.4,100.2,63.0,86.9,94.0,86.6,93.71600000000001,90.4,93.3,20.179000000000002,5,5,5,35.503
15.71,4.0,41.389,58.518,44.922,61.56399999999999,131.714,133.841,65.2,55.1,30.4,100.2,63.0,86.9,94.0,86.6,93.753,90.4,93.3,20.244,5,5,5,35.501
15.73,4.0,41.274,58.442,45.036,61.402,131.61399999999998,133.751,65.2,55.1,30.4,100.2,63.0,86.9,94.0,86.6,93.773,90.4,93.3,19.937,5,5,5,35.495999999999995
15.75,4.0,40.769,58.558,44.969,61.107,131.428,133.7,65.2,55.1,30.4,100.2,63.0,86.9,94.0,86.6,93.785,90.4,93.3,20.152,5,5,5,35.499
15.77,4.0,40.976,58.801,44.872,61.48,131.4,133.584,65.2,55.1,30.4,100.2,63.0,86.9,94.0,86.6,93.792,90.4,93.3,19.915999999999997,5,5,5,35.497
15.79,4.0,41.334,58.605,44.803000000000004,61.522,131.24200000000002,133.507,65.2,55.1,30.4,100.2,63.0,86.9,94.087,86.6,93.795,90.4,93.3,19.918,5,5,5,35.497
15.81,4.0,41.01,58.836000000000006,44.839,61.387,131.199,133.469,65.2,55.1,30.4,100.2,63.0,86.9,94.137,86.6,93.797,90.4,93.3,20.103,5,5,5,35.498000000000005
15.83,4.0,41.108000000000004,59.233000000000004,44.83,61.974,131.156,133.289,65.2,55.1,30.4,100.2,63.0,86.9,94.164,86.6,93.79899999999999,90.4,93.3,20.363,5,5,5,35.501
15.85,4.0,41.145,58.864,44.836999999999996,62.078,131.098,133.26299999999998,65.2,55.1,30.4,100.2,63.0,86.9,94.18,86.6,93.79899999999999,90.4,93.3,20.734,5,5,5,35.501999999999995
15.87,4.0,40.926,58.858000000000004,44.866,61.795,131.055,133.16,65.2,55.1,30.4,100.2,63.0,86.9,94.189,86.6,93.8,90.4,93.3,20.4,5,5,5,35.5
15.89,4.0,41.038000000000004,58.393,44.916,60.869,130.94,133.16,65.2,55.1,30.4,100.2,63.0,86.9,94.194,86.6,93.8,90.4,93.3,20.359,5,5,5,35.495999999999995
15.91,4.0,40.722,58.85,44.858000000000004,61.488,130.81,133.03,65.2,55.1,30.4,100.2,63.0,86.9,94.196,86.6,93.8,90.4,93.3,20.8,5,5,5,35.499
15.93,4.0,40.326,58.567,44.779,61.683,130.738,133.005,65.2,55.1,30.4,100.2,63.0,86.9,94.19800000000001,86.6,93.8,90.4,93.3,20.595999999999997,5,5,5,35.504999999999995
15.95,4.0,40.491,58.708999999999996,44.813,61.763000000000005,130.651,132.92700000000002,65.2,55.1,30.4,100.2,63.0,86.9,94.199,86.6,93.8,90.4,93.3,20.48,5,5,5,35.497
15.97,4.0,40.63,58.309,44.65,61.906000000000006,130.565,132.75900000000001,65.2,55.1,30.4,100.2,63.0,86.9,94.199,86.6,93.8,90.4,93.3,20.653,5,5,5,35.492
15.99,4.0,40.416,58.376999999999995,44.514,61.586000000000006,130.565,132.72,65.2,55.1,30.4,100.2,63.0,86.9,94.2,86.6,93.8,90.4,93.3,20.484,5,5,5,35.495000000000005
16.01,4.0,40.491,58.836000000000006,44.73,61.503,130.478,132.68099999999998,65.2,55.1,30.4,100.2,63.0,86.9,94.2,86.6,93.8,90.4,93.3,20.559,5,5,5,35.494
16.03,4.0,40.634,58.419,44.543,61.333999999999996,130.36200000000002,132.499,65.2,55.1,30.4,100.2,63.0,86.95,94.2,86.6,93.8,90.4,93.3,20.35,5,5,5,35.494
16.05,4.0,40.655,58.736999999999995,44.634,61.525,130.275,132.473,65.2,55.1,30.4,100.2,63.0,87.016,94.2,86.6,93.8,90.4,93.3,20.194000000000003,5,5,5,35.488
16.07,4.0,40.597,58.622,44.555,61.67100000000001,130.173,132.447,65.2,55.1,30.4,100.2,63.0,87.053,94.2,86.6,93.8,90.4,93.3,20.307000000000002,5,5,5,35.489999999999995
16.09,4.0,40.821999999999996,58.535,44.571999999999996,61.562,130.1,132.369,65.2,55.1,30.4,100.2,63.0,87.07300000000001,94.2,86.6,93.8,90.4,93.3,20.57,5,5,5,35.482
16.11,4.0,40.349000000000004,58.516999999999996,44.407,61.687,130.05599999999998,132.356,65.2,55.1,30.4,100.2,63.0,87.085,94.2,86.6,93.8,90.4,93.3,20.322000000000003,5,5,5,35.479
16.13,4.0,40.286,58.273999999999994,44.414,61.483000000000004,129.94,132.2,65.2,55.1,30.4,100.2,63.0,87.092,94.2,86.6,93.8,90.4,93.369,20.464,5,5,5,35.480000000000004
16.15,4.0,39.891,58.527,44.309,61.196999999999996,129.82299999999998,132.148,65.2,55.1,30.4,100.2,63.0,87.095,94.2,86.6,93.8,90.4,93.426,20.357,5,5,5,35.483000000000004
16.17,4.0,40.205,58.723,44.463,61.095,129.764,132.10899999999998,65.2,55.1,30.4,100.2,63.0,87.097,94.2,86.6,93.8,90.4,93.458,20.567,5,5,5,35.485
16.19,4.0,39.904,59.011,44.554,61.62,129.691,132.04399999999998,65.2,55.1,30.4,100.2,63.0,87.098,94.2,86.6,93.8,90.4,93.477,20.540999999999997,5,5,5,35.477
16.21,4.0,40.302,58.147,44.376,61.633,129.54500000000002,131.952,65.2,55.1,30.4,100.2,63.0,87.09899999999999,94.2,86.6,93.8,90.4,93.487,20.34,5,5,5,35.474000000000004
16.23,4.0,39.98,58.397,44.243,61.473,129.442,131.848,65.2,55.1,30.4,100.2,63.0,87.1,94.2,86.6,93.8,90.4,93.493,20.389000000000003,5,5,5,35.474000000000004
16.25,4.0,39.965,57.873000000000005,44.264,61.721000000000004,129.413,131.808,65.2,55.1,30.4,100.2,63.0,87.1,94.2,86.6,93.8,90.4,93.49600000000001,20.551,5,5,5,35.474000000000004
16.27,4.0,39.692,58.577,44.266999999999996,61.556999999999995,129.413,131.691,65.2,55.1,30.4,100.2,63.0,87.1,94.2,86.6,93.8,90.4,93.498,20.103,5,5,5,35.47
16.29,4.0,39.885,58.391999999999996,44.441,61.488,129.29500000000002,131.664,65.2,55.1,30.4,100.2,63.0,87.1,94.2,86.6,93.8,90.4,93.499,20.4,5,5,5,35.465
16.31,4.0,39.694,58.336999999999996,44.466,61.193999999999996,129.207,131.586,65.2,55.1,30.4,100.2,63.0,87.1,94.2,86.6,93.8,90.4,93.499,20.204,5,5,5,35.461
16.33,4.0,39.827,58.651,44.126999999999995,61.632,129.074,131.481,65.2,55.1,30.4,100.2,63.0,87.1,94.2,86.6,93.8,90.4,93.5,20.437,5,5,5,35.464
16.35,4.0,39.718,58.141000000000005,44.225,61.93899999999999,129.148,131.45499999999998,65.2,55.1,30.4,100.2,63.0,87.1,94.2,86.6,93.8,90.4,93.5,20.216,5,5,5,35.469
16.37,4.0,39.927,58.49,43.955999999999996,61.652,128.97,131.27100000000002,65.2,55.1,30.4,100.2,63.0,87.1,94.2,86.6,93.8,90.4,93.5,20.184,5,5,5,35.456999999999994
16.39,4.0,39.674,58.641000000000005,44.135,61.847,128.926,131.257,65.2,55.1,30.4,100.2,63.0,87.1,94.2,86.6,93.8,90.4,93.5,20.204,5,5,5,35.448
16.41,4.0,39.299,58.318999999999996,44.241,61.77,128.86700000000002,131.16500000000002,65.2,55.1,30.4,100.2,63.0,87.1,94.2,86.6,93.8,90.4,93.5,20.244,5,5,5,35.44
16.43,4.0,39.773,58.031000000000006,44.068000000000005,61.552,128.778,131.178,65.2,55.1,30.4,100.2,63.0,87.1,94.2,86.6,93.8,90.4,93.5,20.034,5,5,5,35.452
16.45,4.0,39.381,58.284,43.915,61.523,128.719,131.06,65.2,55.1,30.4,100.2,63.0,87.1,94.2,86.6,93.8,90.4,93.5,20.064,5,5,5,35.447
16.47,4.0,39.083,58.396,43.969,61.714,128.615,130.928,65.2,55.1,30.4,100.2,63.0,87.1,94.2,86.6,93.8,90.4,93.5,20.113,5,5,5,35.449
16.49,4.0,39.365,58.06,44.144,61.895,128.526,130.901,65.2,55.1,30.4,100.2,63.0,87.1,94.2,86.6,93.8,90.4,93.5,20.189,5,5,5,35.447
16.51,4.0,38.971,57.89,43.926,61.815,128.481,130.783,65.2,55.1,30.4,100.2,63.0,87.1,94.2,86.625,93.8,90.4,93.5,20.326,5,5,5,35.436
16.53,4.0,39.463,57.768,43.698,61.975,128.421,130.756,65.2,55.1,30.4,100.2,63.0,87.1,94.2,86.702,93.8,90.4,93.5,20.34,5,5,5,35.432
16.55,4.0,39.003,58.05,43.836999999999996,61.791000000000004,128.36200000000002,130.70299999999997,65.2,55.1,30.4,100.2,63.0,87.1,94.2,86.745,93.8,90.4,93.5,20.276,5,5,5,35.43
16.57,4.0,39.128,57.898,43.841,61.756,128.228,130.716,65.2,55.1,30.4,100.2,63.0,87.1,94.2,86.76899999999999,93.8,90.4,93.5,20.457,5,5,5,35.427
16.59,4.0,38.699,57.754,43.739000000000004,61.733999999999995,128.123,130.637,65.2,55.1,30.4,100.2,63.0,87.1,94.2,86.782,93.8,90.4,93.5,20.412,5,5,5,35.429
16.61,4.0,39.083,58.409,43.77,61.578,128.13799999999998,130.504,65.2,55.1,30.4,100.2,63.0,87.1,94.2,86.79,93.8,90.4,93.5,20.032,5,5,5,35.43
16.63,4.0,38.876,57.897,43.922,61.613,127.928,130.398,65.2,55.1,30.4,100.2,63.0,87.1,94.2,86.794,93.8,90.4,93.5,19.982999999999997,5,5,5,35.43
16.65,4.0,39.157,58.387,43.808,61.568000000000005,127.958,130.305,65.2,55.1,30.4,100.2,63.0,87.1,94.2,86.797,93.8,90.4,93.5,20.175,5,5,5,35.424
16.67,4.0,39.025999999999996,58.284,43.793,61.763000000000005,127.79299999999999,130.23899999999998,65.2,55.1,30.4,100.2,63.0,87.1,94.2,86.798,93.8,90.4,93.5,20.046,5,5,5,35.427
16.69,4.0,39.068000000000005,57.933,43.849000000000004,61.583999999999996,127.71799999999999,130.265,65.2,55.1,30.4,100.2,63.0,87.1,94.2,86.79899999999999,93.8,90.4,93.5,20.1,5,5,5,35.431
16.71,4.0,39.397,58.09,43.622,61.518,127.68799999999999,130.132,65.2,55.1,30.4,100.2,63.0,87.1,94.2,86.79899999999999,93.8,90.4,93.5,20.048000000000002,5,5,5,35.427
16.73,4.0,38.891999999999996,57.648,43.646,61.38399999999999,127.59700000000001,130.079,65.2,55.1,30.4,100.2,63.0,87.1,94.2,86.8,93.8,90.4,93.5,20.25,5,5,5,35.42
16.75,4.0,39.042,58.128,43.449,61.511,127.552,129.972,65.2,55.1,30.4,100.2,63.0,87.1,94.2,86.8,93.8,90.4,93.5,20.097,5,5,5,35.424
16.77,4.0,38.673,57.535,43.624,61.773,127.37100000000001,129.879,65.2,55.1,30.4,100.2,63.0,87.1,94.2,86.8,93.8,90.4,93.5,19.994999999999997,5,5,5,35.427
16.79,4.0,38.439,58.316,43.655,61.586000000000006,127.32600000000001,129.825,65.2,55.1,30.4,100.2,63.0,87.1,94.2,86.8,93.8,90.4,93.5,20.073,5,5,5,35.427
16.81,4.0,38.82,57.81,43.647,61.632,127.265,129.718,65.2,55.1,30.4,100.2,63.0,87.1,94.2,86.8,93.8,90.4,93.5,19.887,5,5,5,35.42
16.83,4.0,38.835,57.856,43.567,61.49,127.15899999999999,129.691,65.2,55.1,30.4,100.2,63.0,87.1,94.2,86.8,93.8,90.469,93.5,19.906,5,5,5,35.418000000000006
16.85,4.0,38.67,57.941,43.443000000000005,61.354,127.098,129.63799999999998,65.2,55.1,30.4,100.2,63.0,87.1,94.2,86.8,93.8,90.52600000000001,93.5,19.845,5,5,5,35.422
16.87,4.0,38.52,57.845,43.617,61.318000000000005,127.007,129.517,65.2,55.1,30.4,100.2,63.0,87.1,94.2,86.8,93.8,90.558,93.5,19.78,5,5,5,35.416
16.89,4.0,38.625,57.799,43.437,61.387,127.007,129.464,65.2,55.1,30.4,100.2,63.0,87.1,94.2,86.8,93.8,90.577,93.5,19.755000000000003,5,5,5,35.419
16.91,4.0,38.439,57.946000000000005,43.398,61.745,126.992,129.39600000000002,65.2,55.1,30.4,100.2,63.0,87.1,94.2,86.8,93.8,90.587,93.5,19.451,5,5,5,35.423
16.93,4.0,38.326,57.855,43.407,61.847,126.809,129.437,65.2,55.1,30.4,100.2,63.0,87.1,94.2,86.8,93.8,90.593,93.5,19.33,5,5,5,35.407
16.95,4.0,38.434,57.291000000000004,43.36,61.83,126.764,129.289,65.2,55.1,30.4,100.2,63.0,87.1,94.2,86.8,93.8,90.596,93.5,19.067999999999998,5,5,5,35.403999999999996
16.97,4.0,38.549,57.76,43.369,61.599,126.67200000000001,129.195,65.2,55.1,30.4,100.2,63.0,87.1,94.2,86.8,93.8,90.598,93.5,18.962,5,5,5,35.405
16.99,4.0,38.344,57.601000000000006,43.17,61.68600000000001,126.611,129.154,65.2,55.1,30.4,100.2,63.0,87.1,94.2,86.8,93.8,90.59899999999999,93.5,18.826999999999998,5,5,5,35.403999999999996
17.01,4.0,37.988,57.608000000000004,43.279,61.315,126.51899999999999,128.993,65.2,55.1,30.4,100.2,63.0,87.1,94.2,86.8,93.8,90.59899999999999,93.5,18.868000000000002,5,5,5,35.402
17.03,4.0,38.439,57.815,43.119,61.762,126.397,129.033,65.2,55.1,30.4,100.2,63.0,87.1,94.2,86.8,93.8,90.6,93.5,18.735999999999997,5,5,5,35.397
17.05,4.0,38.108000000000004,57.698,43.196,61.938,126.351,128.966,65.2,55.1,30.4,100.2,63.0,87.1,94.2,86.8,93.8,90.6,93.5,18.802999999999997,5,5,5,35.399
17.07,4.0,38.406,57.658,43.32,61.898,126.259,128.97899999999998,65.2,55.1,30.4,100.2,63.0,87.1,94.2,86.8,93.8,90.6,93.5,18.75,5,5,5,35.399
17.09,4.0,38.147,57.192,43.199,62.008,126.259,128.82999999999998,65.2,55.1,30.4,100.2,63.0,87.1,94.2,86.8,93.8,90.6,93.5,18.788,5,5,5,35.39
17.11,4.0,37.739000000000004,57.662,43.299,61.801,126.13600000000001,128.776,65.2,55.1,30.4,100.2,63.0,87.1,94.2,86.8,93.8,90.6,93.5,18.774,5,5,5,35.396
17.13,4.0,37.869,57.592,43.068000000000005,61.669,126.089,128.695,65.2,55.1,30.4,100.2,63.0,87.1,94.2,86.8,93.8,90.6,93.5,18.616,5,5,5,35.394999999999996
17.15,4.0,37.489000000000004,57.325,43.173,61.526,126.059,128.64100000000002,65.2,55.1,30.4,100.2,63.0,87.1,94.2,86.8,93.8,90.6,93.5,18.598,5,5,5,35.39
17.17,4.0,37.948,57.556000000000004,43.134,61.666000000000004,125.95100000000001,128.6,65.2,55.1,30.4,100.2,63.0,87.1,94.2,86.8,93.8,90.6,93.5,18.729,5,5,5,35.394999999999996
17.19,4.0,37.836,57.532,43.075,61.63399999999999,125.84200000000001,128.6,65.2,55.1,30.4,100.2,63.0,87.1,94.2,86.8,93.8,90.6,93.5,18.857,5,5,5,35.394000000000005
17.21,4.0,37.4,57.931000000000004,43.065,61.57,125.85799999999999,128.397,65.2,55.1,30.4,100.2,63.0,87.1,94.2,86.8,93.8,90.6,93.5,19.082,5,5,5,35.397
17.23,4.0,37.614000000000004,57.656000000000006,42.946999999999996,61.851000000000006,125.68799999999999,128.369,65.2,55.1,30.4,100.2,63.0,87.1,94.2,86.8,93.8,90.6,93.5,19.269,5,5,5,35.388999999999996
17.25,4.0,37.499,57.677,43.056,61.602,125.641,128.369,65.2,55.1,30.4,100.2,63.0,87.1,94.2,86.8,93.8,90.6,93.5,19.488,5,5,5,35.391
17.27,4.0,37.425,57.479,42.996,60.996,125.564,128.179,65.2,55.1,30.4,100.2,63.0,87.1,94.28699999999999,86.8,93.8,90.6,93.5,19.641,5,5,5,35.391999999999996
17.29,4.0,37.672,57.67100000000001,42.911,61.092,125.501,128.274,65.2,55.1,30.4,100.2,63.0,87.1,94.337,86.8,93.8,90.6,93.5,19.727,5,5,5,35.387
17.31,4.0,37.357,57.955,42.637,61.868,125.47,128.288,65.2,55.1,30.4,100.2,63.0,87.1,94.36399999999999,86.8,93.8,90.6,93.5,20.098,5,5,5,35.388999999999996
17.33,4.0,37.242,57.21,42.899,61.806999999999995,125.40799999999999,127.97399999999999,65.2,55.1,30.4,100.2,63.0,87.1,94.38,86.8,93.8,90.6,93.5,20.137999999999998,5,5,5,35.388999999999996
17.35,4.0,37.559,57.422,42.624,61.285,125.28299999999999,127.988,65.2,55.1,30.3,101.1,63.0,87.1,94.389,86.8,93.8,90.6,93.5,20.256999999999998,5,5,5,35.385000000000005
17.37,4.0,37.537,57.13399999999999,42.784,61.513999999999996,125.29899999999999,127.81,65.2,55.1,30.3,101.1,63.0,87.1,94.39399999999999,86.8,93.8,90.6,93.5,20.33,5,5,5,35.384
17.39,4.0,36.971000000000004,56.901,42.638000000000005,61.101000000000006,125.221,127.79700000000001,65.2,55.1,30.3,101.1,63.0,87.1,94.396,86.8,93.8,90.6,93.5,20.194000000000003,5,5,5,35.384
17.41,4.0,37.196,57.641999999999996,42.813,60.875,125.17399999999999,127.838,65.2,55.1,30.3,101.1,63.0,87.1,94.398,86.8,93.8,90.6,93.5,20.344,5,5,5,35.385000000000005
17.43,4.0,37.135999999999996,57.05,42.799,61.272,125.14299999999999,127.66,65.2,55.1,30.3,101.1,63.0,87.1,94.399,86.8,93.8,90.6,93.5,19.864,5,5,5,35.388000000000005
17.45,4.0,36.835,57.162,42.772,61.161,124.955,127.68700000000001,65.2,55.1,30.3,101.1,63.0,87.1,94.399,86.8,93.8,90.6,93.5,20.017000000000003,5,5,5,35.385999999999996
17.47,4.0,36.961,57.093999999999994,42.874,61.548,124.89200000000001,127.632,65.2,55.1,30.3,101.1,63.0,87.1,94.4,86.8,93.869,90.6,93.5,20.040999999999997,5,5,5,35.385000000000005
17.49,4.0,36.739999999999995,57.692,42.514,61.446999999999996,124.814,127.522,65.2,55.1,30.3,101.1,63.0,87.1,94.4,86.8,93.926,90.6,93.5,19.956,5,5,5,35.374
17.51,4.0,36.911,57.451,42.622,61.446000000000005,124.76700000000001,127.454,65.2,55.1,30.3,101.1,63.0,87.1,94.4,86.8,93.958,90.6,93.5,20.006999999999998,5,5,5,35.378
17.53,4.0,36.66,57.286,42.654,61.015,124.625,127.344,65.2,55.1,30.3,101.1,63.0,87.1,94.4,86.8,93.977,90.6,93.5,19.869999999999997,5,5,5,35.374
17.55,4.0,37.12,57.175,42.429,61.177,124.56200000000001,127.275,65.2,55.1,30.3,101.1,63.0,87.1,94.4,86.8,93.987,90.6,93.5,19.79,5,5,5,35.378
17.57,4.0,36.507,57.286,42.59,61.501000000000005,124.546,127.288,65.2,55.1,30.3,101.1,63.0,87.1,94.4,86.8,93.993,90.6,93.5,19.505000000000003,5,5,5,35.376999999999995
17.59,4.0,36.667,56.817,42.504,61.494,124.46799999999999,127.23299999999999,65.2,55.1,30.3,101.1,63.0,87.1,94.4,86.8,93.99600000000001,90.6,93.5,19.295,5,5,5,35.376999999999995
17.61,4.0,36.414,57.028999999999996,42.588,61.707,124.42,127.19200000000001,65.2,55.1,30.3,101.1,63.0,87.1,94.4,86.8,93.998,90.6,93.5,19.049,5,5,5,35.375
17.63,4.0,36.564,57.636,42.419000000000004,61.81100000000001,124.309,127.04,65.2,55.1,30.3,101.1,63.0,87.1,94.4,86.8,93.999,90.6,93.5,19.189,5,5,5,35.361999999999995
17.65,4.0,36.451,57.091,42.486999999999995,62.15,124.34100000000001,126.971,65.2,55.1,30.3,101.1,63.0,87.1,94.4,86.8,93.999,90.6,93.5,18.932000000000002,5,5,5,35.364000000000004
17.67,4.0,36.251999999999995,57.047,42.536,61.953,124.34100000000001,127.02600000000001,65.2,55.1,30.3,101.1,63.0,87.1,94.4,86.8,94.0,90.6,93.5,17.78,5,5,5,35.358000000000004
17.69,4.0,36.16,56.878,42.566,61.666000000000004,124.27799999999999,126.971,65.2,55.1,30.3,101.1,63.0,87.1,94.4,86.8,94.0,90.6,93.5,17.165999999999997,5,5,5,35.359
17.71,4.0,35.973,56.852,42.638000000000005,61.729,124.15100000000001,126.833,65.2,55.1,30.3,101.1,63.0,87.1,94.4,86.8,94.0,90.6,93.5,18.061,5,5,5,35.361999999999995
17.73,4.0,35.89,57.11,42.426,62.213,124.087,126.86,65.2,55.1,30.3,101.1,63.0,87.1,94.4,86.8,94.0,90.6,93.5,18.084000000000003,5,5,5,35.359
17.75,4.0,36.316,56.788999999999994,42.459,62.31100000000001,124.008,126.72200000000001,65.2,55.1,30.3,101.1,63.0,87.1,94.4,86.8,94.0,90.6,93.5,16.956,5,5,5,35.346999999999994
17.77,4.0,36.027,57.272,42.497,62.433,123.865,126.625,65.2,55.1,30.3,101.1,63.0,87.1,94.4,86.8,94.0,90.6,93.5,16.810000000000002,5,5,5,35.346000000000004
17.79,4.0,35.784000000000006,56.885,42.524,62.272,123.801,126.59700000000001,65.2,55.1,30.3,101.1,63.0,87.1,94.4,86.8,94.0,90.6,93.5,17.552,5,5,5,35.345
17.81,4.0,36.257,56.687,42.201,62.324,123.833,126.47200000000001,65.2,55.1,30.3,101.1,63.0,87.1,94.4,86.8,94.0,90.6,93.5,17.205,5,5,5,35.345
17.83,4.0,36.274,57.14,42.21,61.852,123.721,126.527,65.2,55.1,30.3,101.1,63.0,87.1,94.4,86.8,94.0,90.6,93.5,16.194000000000003,5,5,5,35.344
17.85,4.0,35.783,57.303999999999995,42.463,62.013999999999996,123.65700000000001,126.27600000000001,65.2,55.1,30.3,101.1,63.0,87.1,94.4,86.8,94.0,90.6,93.5,16.67,5,5,5,35.346999999999994
17.87,4.0,35.732,56.974,42.411,61.863,123.625,126.374,65.2,55.1,30.3,101.1,63.0,87.1,94.4,86.8,94.0,90.6,93.5,17.319000000000003,5,5,5,35.344
17.89,4.0,35.751999999999995,56.638999999999996,42.281,62.067,123.59299999999999,126.374,65.2,55.1,30.3,101.1,63.0,87.1,94.4,86.8,94.0,90.6,93.5,16.427,5,5,5,35.339
17.91,4.0,35.485,56.839,42.259,61.7,123.49700000000001,126.304,65.2,55.1,30.3,101.1,63.0,87.1,94.4,86.8,94.0,90.6,93.5,16.197000000000003,5,5,5,35.335
17.93,4.0,35.493,56.575,42.209,61.461999999999996,123.4,126.193,65.2,55.1,30.3,101.1,63.0,87.1,94.4,86.8,94.0,90.6,93.5,17.156,5,5,5,35.338
17.95,4.0,35.375,56.905,42.1,61.388000000000005,123.32,126.221,65.2,55.1,30.3,101.1,63.0,87.1,94.4,86.8,94.0,90.6,93.5,17.366,5,5,5,35.335
17.97,4.0,35.638999999999996,56.451,42.174,61.217,123.4,126.06700000000001,65.2,55.1,30.3,101.1,63.0,87.1,94.4,86.8,94.0,90.6,93.5,16.033,5,5,5,35.33
17.99,4.0,35.090999999999994,56.79,42.173,61.753,123.175,125.955,65.2,55.1,30.3,101.1,63.0,87.1,94.4,86.8,94.0,90.6,93.5,15.825,5,5,5,35.336
18.01,4.0,35.475,56.50899999999999,42.243,61.488,123.191,125.829,65.2,55.1,30.3,101.1,63.0,87.1,94.4,86.8,94.0,90.6,93.5,16.894,5,5,5,35.34
18.03,4.0,35.379999999999995,56.617,42.196,61.148,123.111,125.829,65.2,55.1,30.3,101.1,63.0,87.1,94.4,86.8,94.0,90.6,93.5,16.934,5,5,5,35.336
18.05,4.0,35.213,56.347,42.018,60.847,122.965,125.84299999999999,65.2,55.1,30.3,101.1,63.0,87.1,94.4,86.8,94.0,90.6,93.5,16.255000000000003,5,5,5,35.329
18.07,4.0,35.278000000000006,56.761,42.128,60.636,122.93299999999999,125.84299999999999,65.2,55.1,30.3,101.1,63.0,87.1,94.4,86.8,94.0,90.6,93.5,16.331,5,5,5,35.336
18.09,4.0,35.644000000000005,56.76,41.924,60.99,122.93299999999999,125.70200000000001,65.2,55.1,30.3,101.1,63.0,87.1,94.4,86.8,94.0,90.6,93.5,17.168,5,5,5,35.331999999999994
18.11,4.0,35.43,56.461000000000006,41.87,60.681000000000004,122.819,125.66,65.2,55.1,30.3,101.1,63.0,87.1,94.4,86.8,94.0,90.6,93.5,16.353,5,5,5,35.331999999999994
18.13,4.0,34.953,56.54,41.851,60.911,122.72200000000001,125.66,65.2,55.1,30.3,101.1,63.0,87.1,94.4,86.8,94.0,90.6,93.5,15.681,5,5,5,35.336
18.15,4.0,35.094,56.286,41.998000000000005,60.705,122.67299999999999,125.618,65.2,55.1,30.3,101.1,63.0,87.1,94.4,86.8,94.0,90.6,93.5,16.482,5,5,5,35.331
18.17,4.0,34.836,56.556000000000004,41.978,61.523999999999994,122.69,125.477,65.2,55.1,30.3,101.1,63.0,87.1,94.4,86.8,94.0,90.6,93.5,16.349,5,5,5,35.331999999999994
18.19,4.0,34.906,56.111999999999995,41.914,61.887,122.59200000000001,125.35,65.2,55.1,30.3,101.1,63.0,87.15,94.4,86.8,94.0,90.6,93.5,15.287,5,5,5,35.327
18.21,4.0,34.929,55.937,41.924,61.631,122.494,125.449,65.2,55.1,30.3,101.1,63.0,87.21600000000001,94.4,86.8,94.0,90.6,93.55,14.695,5,5,5,35.324
18.23,4.0,34.982,56.6,41.744,61.797,122.413,125.322,65.2,55.1,30.3,101.1,63.0,87.253,94.4,86.8,94.0,90.6,93.616,15.467,5,5,5,35.323
18.25,4.0,34.872,56.163999999999994,41.861999999999995,61.151,122.36399999999999,125.336,65.2,55.1,30.3,101.1,63.0,87.273,94.4,86.8,94.0,90.6,93.653,16.021,5,5,5,35.324
18.27,4.0,34.885000000000005,56.065,41.851,61.773,122.21600000000001,125.18,65.2,55.1,30.3,101.1,63.0,87.285,94.4,86.887,94.0,90.6,93.673,15.214,5,5,5,35.32
18.29,4.0,34.391,56.738,41.911,62.214,122.085,125.095,65.2,55.1,30.3,101.1,63.0,87.292,94.4,86.937,94.0,90.6,93.685,15.048,5,5,5,35.324
18.31,4.0,34.516999999999996,56.004,41.739000000000004,62.025,122.184,125.095,65.2,55.1,30.3,101.1,63.0,87.295,94.4,86.964,94.0,90.6,93.692,15.892999999999999,5,5,5,35.31699999999999
18.33,4.0,34.55,56.525,41.983000000000004,62.077,122.2,124.98200000000001,65.2,55.1,30.3,101.1,63.0,87.297,94.4,86.98,94.0,90.6,93.695,15.620999999999999,5,5,5,35.302
18.35,4.0,34.718,56.302,41.622,61.736999999999995,122.102,124.954,65.2,55.1,30.3,101.1,63.0,87.29899999999999,94.4,86.98899999999999,94.0,90.6,93.697,14.975,5,5,5,35.304
18.37,4.0,34.480999999999995,56.453,41.686,62.083,121.97,124.897,65.2,55.1,30.3,101.1,63.0,87.29899999999999,94.4,86.994,94.0,90.6,93.699,15.542,5,5,5,35.302
18.39,4.0,34.499,55.875,41.713,62.144,121.954,124.81200000000001,65.2,55.1,30.3,101.1,63.0,87.3,94.4,86.99600000000001,94.0,90.6,93.699,15.967,5,5,5,35.303
18.41,4.0,34.333,56.229,41.836,62.18,121.921,124.925,65.2,55.1,30.3,101.1,63.0,87.3,94.4,86.998,94.0,90.6,93.7,15.185,5,5,5,35.3
18.43,4.0,34.547,56.248000000000005,41.591,62.093999999999994,121.855,124.68299999999999,65.2,55.1,30.3,101.1,63.0,87.3,94.4,86.999,94.0,90.6,93.7,14.91,5,5,5,35.3
18.45,4.0,34.230999999999995,56.317,41.645,61.875,121.73899999999999,124.641,65.2,55.1,30.3,101.1,63.0,87.3,94.4,86.999,94.0,90.6,93.7,15.727,5,5,5,35.3
18.47,4.0,34.262,56.577,41.621,61.839,121.67299999999999,124.598,65.2,55.1,30.3,101.1,63.0,87.3,94.4,87.0,94.0,90.6,93.7,16.057000000000002,5,5,5,35.287
18.49,4.0,34.034000000000006,56.178000000000004,41.637,61.788999999999994,121.723,124.584,65.2,55.1,30.3,101.1,63.0,87.3,94.4,87.0,94.0,90.6,93.7,15.18,5,5,5,35.291
18.51,4.0,34.105000000000004,56.445,41.607,61.638999999999996,121.59,124.484,65.2,55.1,30.3,101.1,63.0,87.3,94.4,87.0,94.0,90.6,93.7,14.998,5,5,5,35.294
18.53,4.0,33.922,56.176,41.654,61.457,121.60700000000001,124.355,65.2,55.1,30.3,101.1,63.0,87.3,94.4,87.0,94.0,90.6,93.7,15.911,5,5,5,35.291
18.55,4.0,34.094,55.96,41.543,61.711999999999996,121.508,124.369,65.2,55.1,30.3,101.1,63.0,87.3,94.4,87.0,94.0,90.6,93.7,15.809000000000001,5,5,5,35.293000000000006
18.57,4.0,34.039,55.687,41.580999999999996,61.88399999999999,121.541,124.28299999999999,65.2,55.1,30.3,101.1,63.0,87.3,94.4,87.0,94.0,90.6,93.7,15.102,5,5,5,35.289
18.59,4.0,33.855999999999995,55.70399999999999,41.637,61.802,121.375,124.28299999999999,65.2,55.1,30.3,101.1,63.0,87.3,94.4,87.0,94.0,90.6,93.7,15.837,5,5,5,35.299
18.61,4.0,33.885000000000005,56.05,41.373000000000005,61.966,121.275,124.26899999999999,65.2,55.1,30.3,101.1,63.0,87.3,94.4,87.0,94.0,90.6,93.7,15.465,5,5,5,35.299
18.63,4.0,33.958,55.761,41.522,61.65,121.292,124.212,65.2,55.1,30.3,101.1,63.0,87.3,94.4,87.0,94.0,90.6,93.7,14.898,5,5,5,35.297
18.65,4.0,33.778999999999996,55.927,41.445,61.583999999999996,121.225,124.09700000000001,65.2,55.1,30.3,101.1,63.0,87.3,94.4,87.0,94.0,90.6,93.7,15.67,5,5,5,35.293000000000006
18.67,4.0,34.235,55.782,41.366,61.321000000000005,121.10799999999999,124.08200000000001,65.2,55.1,30.3,101.1,63.0,87.3,94.4,87.0,94.0,90.6,93.7,14.685,5,5,5,35.294
18.69,4.0,33.706,55.718,41.376,61.611999999999995,121.09200000000001,124.054,65.2,55.1,30.3,101.1,63.0,87.3,94.4,87.0,94.0,90.6,93.7,15.235,5,5,5,35.293000000000006
18.71,4.0,33.275999999999996,55.898,41.439,61.61,121.042,123.92399999999999,65.2,55.1,30.3,101.1,63.0,87.3,94.4,87.0,94.0,90.6,93.7,15.325999999999999,5,5,5,35.294
18.73,4.0,33.396,55.298,41.446,62.013999999999996,120.941,123.867,65.2,55.1,30.3,101.1,63.0,87.3,94.4,87.0,94.0,90.6,93.7,14.139,5,5,5,35.303
18.75,4.0,33.512,56.192,41.446999999999996,61.958999999999996,120.874,123.852,65.2,55.1,30.3,101.1,63.0,87.3,94.4,87.0,94.0,90.6,93.7,15.209,5,5,5,35.298
18.77,4.0,33.408,55.466,41.463,61.92,120.79,123.794,65.2,55.1,30.3,101.1,63.0,87.3,94.4,87.0,94.0,90.6,93.7,14.445,5,5,5,35.299
18.79,4.0,33.497,55.669,41.301,61.615,120.773,123.823,65.2,55.1,30.3,101.1,63.0,87.3,94.4,87.0,94.0,90.6,93.7,14.243,5,5,5,35.3
18.81,4.0,33.462,55.802,41.446,61.463,120.689,123.708,65.2,55.1,30.3,101.1,63.0,87.3,94.4,87.0,94.0,90.6,93.7,15.115,5,5,5,35.299
18.83,4.0,33.230000000000004,55.79,41.353,61.56100000000001,120.706,123.63600000000001,65.2,55.1,30.3,101.1,63.0,87.3,94.4,87.0,94.0,90.6,93.7,14.231,5,5,5,35.296
18.85,4.0,33.557,55.815,41.2,61.604,120.689,123.62100000000001,65.2,55.1,30.3,101.1,63.0,87.3,94.4,87.0,94.0,90.6,93.7,14.767000000000001,5,5,5,35.296
18.87,4.0,32.967,55.783,41.415,61.656000000000006,120.538,123.54899999999999,65.2,55.1,30.3,101.1,63.0,87.3,94.4,87.0,94.0,90.6,93.7,14.875,5,5,5,35.294
18.89,4.0,33.227,55.855,41.236,61.756,120.45299999999999,123.505,65.2,55.1,30.3,101.1,63.0,87.3,94.4,87.0,94.0,90.6,93.7,13.797,5,5,5,35.298
18.91,4.0,33.027,55.56,41.128,61.736000000000004,120.45299999999999,123.31700000000001,65.2,55.1,30.3,101.1,63.0,87.3,94.4,87.0,94.0,90.6,93.7,14.912,5,5,5,35.293000000000006
18.93,4.0,32.9,55.6,41.236,61.61,120.352,123.41799999999999,65.2,55.1,30.3,101.1,63.0,87.3,94.4,87.0,94.0,90.6,93.7,14.213,5,5,5,35.294
18.95,4.0,33.206999999999994,55.522,41.289,61.435,120.25,123.41799999999999,65.2,55.1,30.3,101.1,63.0,87.3,94.4,87.0,94.0,90.6,93.7,13.984,5,5,5,35.294
18.97,4.0,32.80800000000001,55.793,41.27,61.273,120.2,123.288,65.2,55.1,30.3,101.1,63.0,87.3,94.4,87.0,94.0,90.6,93.7,14.932,5,5,5,35.292
18.99,4.0,32.977,55.785,41.211,61.321000000000005,120.18299999999999,123.20100000000001,65.2,55.1,30.3,101.1,63.0,87.3,94.4,87.0,94.0,90.6,93.7,14.057,5,5,5,35.293000000000006
19.01,4.0,32.973,55.427,41.22,61.79600000000001,120.149,123.259,65.2,55.1,30.3,101.1,63.0,87.3,94.4,87.0,94.0,90.6,93.7,14.437999999999999,5,5,5,35.295
19.03,4.0,32.604,55.44,41.222,61.58,120.149,123.084,65.2,55.1,30.3,101.1,63.0,87.3,94.4,87.0,94.0,90.6,93.7,14.471,5,5,5,35.297
19.05,4.0,32.407,55.126000000000005,41.174,61.701,120.115,123.14200000000001,65.2,55.1,30.3,101.1,63.0,87.3,94.4,87.0,94.0,90.6,93.7,13.551,5,5,5,35.293000000000006
19.07,4.0,32.176,55.6,41.23,61.416000000000004,120.081,123.084,65.2,55.1,30.3,101.1,63.0,87.3,94.4,87.0,94.0,90.6,93.7,14.685,5,5,5,35.292
19.09,4.0,32.638000000000005,55.006,41.251999999999995,61.403,119.928,122.92399999999999,65.2,55.1,30.3,101.1,63.0,87.3,94.45,87.0,94.0,90.6,93.7,14.052,5,5,5,35.293000000000006
19.11,4.0,32.553,55.391999999999996,41.079,61.461999999999996,119.859,122.836,65.2,55.1,30.3,101.1,63.0,87.3,94.516,87.0,94.0,90.6,93.7,13.883,5,5,5,35.291
19.13,4.0,32.093,54.85,40.957,61.838,119.791,122.73299999999999,65.2,55.1,30.3,101.1,63.0,87.3,94.553,87.0,94.0,90.6,93.7,14.736,5,5,5,35.293000000000006
19.15,4.0,32.305,55.166000000000004,41.11,62.055,119.774,122.675,65.2,55.1,30.3,101.1,63.0,87.3,94.57300000000001,87.0,94.0,90.6,93.7,13.648,5,5,5,35.295
19.17,4.0,32.45,55.102,40.914,62.036,119.74,122.66,65.2,55.1,30.3,101.1,63.0,87.3,94.585,87.0,94.0,90.6,93.7,14.142999999999999,5,5,5,35.291
19.19,4.0,31.936999999999998,55.181999999999995,41.034,61.943000000000005,119.51700000000001,122.587,65.2,55.1,30.3,101.1,63.0,87.3,94.592,87.0,94.0,90.6,93.7,14.274,5,5,5,35.296
19.21,4.0,31.974,55.06399999999999,40.94,61.799,119.603,122.602,65.2,55.1,30.3,101.1,63.0,87.3,94.595,87.0,94.0,90.6,93.7,13.267000000000001,5,5,5,35.295
19.23,4.0,31.756,55.083999999999996,41.006,61.593999999999994,119.48200000000001,122.44,65.2,55.1,30.3,101.1,63.0,87.3,94.597,87.0,94.0,90.6,93.7,14.555,5,5,5,35.291
19.25,4.0,31.691,55.323,41.005,61.597,119.448,122.499,65.2,55.1,30.3,101.1,63.0,87.3,94.598,87.0,94.0,90.6,93.7,13.742,5,5,5,35.294
19.27,4.0,32.019000000000005,54.882,40.715,61.831,119.396,122.366,65.2,55.1,30.3,101.1,63.0,87.3,94.59899999999999,87.0,94.0,90.6,93.7,13.962,5,5,5,35.295
19.29,4.0,31.919,54.805,40.863,61.951,119.431,122.381,65.2,55.1,30.3,101.1,63.0,87.3,94.6,87.0,94.0,90.6,93.7,14.658,5,5,5,35.293000000000006
19.31,4.0,31.566999999999997,55.178000000000004,40.774,61.99100000000001,119.27600000000001,122.366,65.2,55.1,30.3,101.1,63.0,87.3,94.6,87.0,94.0,90.6,93.7,13.709,5,5,5,35.284000000000006
19.33,6.0,31.736,55.238,40.86,59.871,118.895,122.012,65.2,55.1,30.3,101.1,63.0,87.3,94.6,87.0,94.0,90.6,93.7,14.166,5,5,5,35.278999999999996
19.35,6.0,31.06,55.0,40.861,56.486000000000004,119.155,122.219,65.2,55.1,30.3,101.1,63.0,87.3,94.6,87.0,94.0,90.688,93.7,14.357000000000001,5,5,5,35.299
19.37,6.0,31.469,54.541000000000004,40.787,53.037,119.068,122.219,65.2,55.1,30.2,101.1,63.0,87.3,94.6,87.0,94.0,90.737,93.7,13.523,5,5,5,35.634
19.39,6.0,31.221999999999998,54.843,40.764,40.806,118.999,122.13,65.2,55.1,30.2,101.1,63.0,87.3,94.6,87.0,94.0,90.764,93.7,14.596,5,5,5,36.763000000000005
19.41,6.0,31.405,54.21,40.711,32.415,118.98200000000001,122.175,65.2,55.1,30.2,101.1,63.0,87.3,94.6,87.0,94.0,90.78,93.7,13.947000000000001,5,5,5,38.314
19.43,6.0,31.219,54.117,40.725,27.186999999999998,118.80799999999999,122.145,65.2,55.1,30.2,101.1,63.0,87.3,94.6,87.0,94.0,90.789,93.7,13.613999999999999,5,5,5,39.68300000000001
19.45,6.0,30.717,54.285,40.795,32.954,118.93,121.96799999999999,65.2,55.1,30.2,101.1,63.0,87.3,94.6,87.0,94.0,90.794,93.7,14.707,5,5,5,40.771
19.47,6.0,31.393,53.917,40.775999999999996,44.47,118.895,121.89299999999999,65.2,55.1,30.2,101.1,63.0,87.3,94.6,87.0,94.0,90.796,93.7,13.667,5,5,5,41.513999999999996
19.49,6.0,31.039,54.172,41.048,51.06,118.773,121.715,65.2,55.1,30.2,101.1,63.0,87.3,94.6,87.0,94.0,90.798,93.7,14.397,5,5,5,42.053000000000004
19.51,6.0,31.142,54.093999999999994,40.566,59.57899999999999,118.721,121.626,65.2,55.1,30.2,101.1,63.0,87.3,94.6,87.0,94.0,90.79899999999999,93.7,14.343,5,5,5,42.501999999999995
19.53,6.0,31.476999999999997,52.946999999999996,40.9,57.996,118.80799999999999,121.507,65.2,55.1,30.2,101.1,63.0,87.3,94.6,87.0,94.0,90.79899999999999,93.7,13.443999999999999,5,5,5,42.83
19.55,6.0,31.246,52.456,40.824,57.236999999999995,118.669,121.387,65.2,55.1,30.2,101.1,63.0,87.3,94.6,87.0,94.0,90.8,93.7,14.57,5,5,5,43.045
19.57,6.0,31.166,52.909,40.734,59.416000000000004,118.686,121.25299999999999,65.2,55.1,30.2,101.1,63.0,87.3,94.6,87.0,94.0,90.8,93.7,13.982999999999999,5,5,5,43.198
19.59,6.0,31.119,52.527,40.727,54.911,118.581,121.208,65.2,55.1,30.2,101.1,63.0,87.3,94.6,87.0,94.0,90.8,93.7,13.831,5,5,5,43.359
19.61,6.0,31.651999999999997,51.971000000000004,40.671,56.858999999999995,118.441,121.01299999999999,65.2,55.1,30.2,101.1,63.0,87.3,94.6,87.0,94.0,90.8,93.7,14.877,5,5,5,43.522
19.63,6.0,31.56,51.766999999999996,40.722,60.245,118.389,121.01299999999999,65.2,55.1,30.2,101.1,63.0,87.3,94.6,87.0,94.0,90.8,93.7,13.726,5,5,5,43.696999999999996
19.65,6.0,31.226,51.251000000000005,40.525,59.472,118.389,120.83200000000001,65.2,55.1,30.2,101.1,63.0,87.3,94.6,87.0,94.0,90.8,93.7,14.501,5,5,5,43.843
19.67,6.0,30.781999999999996,51.195,40.635,56.37,118.28399999999999,120.86200000000001,65.2,55.1,30.2,101.1,63.0,87.3,94.6,87.0,94.0,90.8,93.7,13.956,5,5,5,43.993
19.69,6.0,31.070999999999998,51.028,40.607,58.943999999999996,118.301,120.742,65.2,55.1,30.2,101.1,63.0,87.3,94.6,87.0,94.0,90.8,93.7,14.164,5,5,5,44.121
19.71,6.0,30.959,50.328,40.593,57.588,118.178,120.742,65.2,55.1,30.2,101.1,63.0,87.3,94.6,87.0,94.0,90.8,93.7,14.725,5,5,5,44.253
19.73,6.0,30.581,50.266000000000005,40.650999999999996,61.047,118.213,120.65100000000001,65.2,55.1,30.2,101.1,63.0,87.3,94.6,87.0,94.0,90.8,93.7,13.527999999999999,5,5,5,44.448
19.75,6.0,30.614,50.788999999999994,40.69,61.757,118.196,120.59100000000001,65.2,55.1,30.2,101.1,63.0,87.3,94.6,87.0,94.0,90.8,93.7,14.44,5,5,5,44.577
19.77,6.0,30.758000000000003,49.961999999999996,40.75,59.081,118.055,120.575,65.2,55.1,30.2,101.1,63.0,87.3,94.6,87.0,94.0,90.8,93.7,13.874,5,5,5,44.718
19.79,6.0,30.826,49.891000000000005,40.805,59.306000000000004,117.931,120.53,65.2,55.1,30.2,101.1,63.0,87.3,94.6,87.0,94.0,90.8,93.7,14.172,5,5,5,44.893
19.81,6.0,30.439,50.159,40.723,59.04,117.913,120.60600000000001,65.2,55.1,30.2,101.1,63.0,87.3,94.6,87.0,94.0,90.8,93.7,14.37,5,5,5,45.041
19.83,6.0,30.26,50.167,40.794000000000004,60.451,117.86,120.469,65.2,55.1,30.2,101.1,63.0,87.3,94.6,87.0,94.0,90.8,93.7,13.138,5,5,5,45.204
19.85,6.0,30.909000000000002,49.666000000000004,40.62,62.272,117.913,120.439,65.2,55.1,30.2,101.1,63.0,87.3,94.6,87.0,94.0,90.8,93.7,14.388,5,5,5,45.343
19.87,6.0,30.769000000000002,49.821000000000005,40.435,59.332,117.789,120.439,65.2,55.1,30.2,101.1,63.0,87.3,94.6,87.0,94.0,90.8,93.7,13.517999999999999,5,5,5,45.512
19.89,6.0,30.443,49.901,40.527,60.019,117.771,120.42399999999999,65.2,55.1,30.2,101.1,63.0,87.3,94.6,87.0,94.069,90.8,93.7,13.841000000000001,5,5,5,45.7
19.91,6.0,29.927,49.09,40.541,59.665,117.7,120.318,65.2,55.1,30.2,101.1,63.0,87.3,94.6,87.0,94.126,90.8,93.7,13.915,5,5,5,45.861
19.93,6.0,30.094,49.7,40.411,60.338,117.594,120.211,65.2,55.1,30.2,101.1,63.0,87.3,94.6,87.0,94.158,90.8,93.7,13.089,5,5,5,46.033
19.95,6.0,30.038,49.803999999999995,40.382,62.271,117.71799999999999,120.257,65.2,55.1,30.2,101.1,63.0,87.3,94.6,87.0,94.17699999999999,90.8,93.7,14.055,5,5,5,46.207
19.97,6.0,30.351999999999997,49.413999999999994,40.294000000000004,61.788000000000004,117.594,120.105,65.2,55.1,30.2,101.1,63.0,87.3,94.6,87.0,94.187,90.8,93.7,13.243,5,5,5,46.38
19.99,6.0,29.673000000000002,49.948,40.514,59.7,117.505,120.044,65.2,55.1,30.2,101.1,63.0,87.3,94.6,87.0,94.193,90.8,93.7,13.717,5,5,5,46.53
20.01,6.0,29.959,49.528999999999996,40.374,59.633,117.522,120.105,65.2,55.1,30.2,101.1,63.0,87.3,94.6,87.0,94.196,90.8,93.7,13.883,5,5,5,46.705
20.03,6.0,29.784000000000002,49.757,40.495,60.486000000000004,117.415,120.059,65.2,55.1,30.2,101.1,63.0,87.3,94.6,87.0,94.19800000000001,90.8,93.7,12.777000000000001,5,5,5,46.885999999999996
20.05,6.0,29.511,49.245,40.214,64.31,117.25399999999999,119.92200000000001,65.2,55.1,30.2,101.1,63.0,87.3,94.6,87.0,94.199,90.8,93.7,14.155,5,5,5,47.042
20.07,6.0,29.921999999999997,49.748000000000005,40.121,61.87,117.32600000000001,119.99799999999999,65.2,55.1,30.2,101.1,63.0,87.3,94.6,87.0,94.199,90.8,93.7,13.179,5,5,5,47.195
20.09,6.0,30.201,48.818999999999996,40.2,60.464,117.165,119.891,65.2,55.1,30.2,101.1,63.0,87.3,94.6,87.0,94.2,90.8,93.7,13.76,5,5,5,47.367
20.11,6.0,29.471999999999998,49.39,40.198,61.715,117.36200000000001,119.86,65.2,55.1,30.2,101.1,63.0,87.3,94.6,87.0,94.2,90.8,93.7,13.482999999999999,5,5,5,47.501999999999995
20.13,6.0,29.566999999999997,48.958999999999996,39.899,61.434,117.075,119.70700000000001,65.2,55.1,30.2,101.1,63.0,87.3,94.6,87.0,94.2,90.8,93.7,12.931000000000001,5,5,5,47.65
20.15,6.0,29.233,48.42,40.279,65.24199999999999,117.00299999999999,119.79899999999999,65.2,55.1,30.2,101.1,63.0,87.3,94.6,87.0,94.2,90.8,93.7,13.978,5,5,5,47.825
20.17,6.0,29.660999999999998,49.17100000000001,39.955,65.614,117.00299999999999,119.738,65.2,55.1,30.2,101.1,63.0,87.3,94.6,87.0,94.2,90.8,93.7,13.157,5,5,5,47.961
20.19,6.0,28.894000000000002,49.059,40.13,63.725,116.84100000000001,119.646,65.2,55.1,30.2,101.1,63.0,87.3,94.6,87.0,94.2,90.8,93.7,13.523,5,5,5,48.117
20.21,6.0,29.365,48.674,39.883,63.371,116.75,119.6,65.2,55.1,30.2,101.1,63.0,87.3,94.6,87.0,94.2,90.8,93.7,13.453,5,5,5,48.246
20.23,6.0,29.023000000000003,48.858999999999995,39.961999999999996,62.437,116.786,119.477,65.2,55.1,30.2,101.1,63.0,87.3,94.6,87.0,94.2,90.8,93.7,13.371,5,5,5,48.397
20.25,6.0,28.58,48.167,40.236,64.227,116.75,119.369,65.2,55.1,30.2,101.1,63.0,87.3,94.6,87.0,94.2,90.8,93.7,14.242,5,5,5,48.52
20.27,6.0,29.136,48.381,39.766999999999996,66.404,116.804,119.507,65.2,55.1,30.2,101.1,63.0,87.3,94.6,87.0,94.2,90.8,93.7,12.915,5,5,5,48.684
20.29,6.0,29.026,48.588,39.909,64.236,116.804,119.369,65.2,55.1,30.2,101.1,63.0,87.3,94.6,87.0,94.2,90.8,93.7,13.812999999999999,5,5,5,48.775999999999996
20.31,6.0,29.276,48.413000000000004,39.812,64.065,116.641,119.307,65.2,55.1,30.2,101.1,63.0,87.3,94.6,87.0,94.2,90.8,93.7,13.273,5,5,5,48.919000000000004
20.33,6.0,29.029,48.644,39.736,63.346000000000004,116.53299999999999,119.292,65.2,55.1,30.2,101.1,63.0,87.3,94.6,87.0,94.2,90.8,93.7,13.6,5,5,5,49.049
20.35,6.0,28.462,48.409,39.858000000000004,64.452,116.49600000000001,119.23,65.2,55.1,30.2,101.1,63.0,87.3,94.6,87.0,94.2,90.8,93.7,14.152000000000001,5,5,5,49.179
20.37,6.0,27.984,48.201,39.869,65.44200000000001,116.44200000000001,119.16799999999999,65.2,55.1,30.2,101.1,63.0,87.3,94.6,87.0,94.2,90.8,93.7,12.984,5,5,5,49.297
20.39,6.0,29.081,48.401,39.741,64.781,116.44200000000001,119.09100000000001,65.2,55.1,30.2,101.1,63.0,87.3,94.6,87.0,94.2,90.8,93.7,13.875,5,5,5,49.399
20.41,6.0,28.791999999999998,48.273999999999994,39.798,63.291000000000004,116.405,119.09100000000001,65.2,55.1,30.2,101.1,63.0,87.3,94.6,87.0,94.2,90.8,93.7,13.445,5,5,5,49.558
20.43,6.0,28.625999999999998,48.56100000000001,39.884,63.708999999999996,116.369,119.137,65.2,55.1,30.2,101.1,63.0,87.3,94.6,87.0,94.2,90.8,93.7,13.66,5,5,5,49.683
20.45,6.0,28.705,48.339,39.867,63.403,116.405,119.06,65.2,55.1,30.2,101.1,63.0,87.3,94.6,87.0,94.2,90.8,93.7,14.087,5,5,5,49.816
20.47,6.0,28.459,47.928999999999995,39.855,66.612,116.277,119.029,65.2,55.1,30.2,101.1,63.0,87.3,94.6,87.0,94.2,90.8,93.7,12.95,5,5,5,49.939
20.49,6.0,28.843000000000004,48.141000000000005,39.621,63.958,116.241,119.09100000000001,65.2,55.1,30.2,101.1,63.0,87.3,94.6,87.0,94.2,90.8,93.7,14.077,5,5,5,50.058
20.51,6.0,28.843000000000004,48.833999999999996,39.738,64.22,116.149,118.87299999999999,65.2,55.1,30.2,101.1,63.0,87.3,94.6,87.0,94.2,90.8,93.7,13.384,5,5,5,50.179
20.53,6.0,28.059,47.581,39.668,64.179,116.131,118.811,65.2,55.1,30.2,101.1,63.0,87.3,94.6,87.0,94.2,90.8,93.7,13.767999999999999,5,5,5,50.293
20.55,6.0,28.373,47.538999999999994,39.894,62.417,116.021,118.764,65.2,55.1,30.2,101.1,63.0,87.3,94.6,87.0,94.2,90.8,93.7,13.845,5,5,5,50.429
20.57,6.0,28.611,47.431999999999995,39.786,65.445,115.984,118.671,65.2,55.1,30.2,101.1,63.0,87.3,94.6,87.0,94.2,90.8,93.7,12.911000000000001,5,5,5,50.546
20.59,6.0,28.35,47.644,39.698,64.339,116.00299999999999,118.78,65.2,55.1,30.2,101.1,63.0,87.3,94.6,87.0,94.2,90.8,93.7,13.652000000000001,5,5,5,50.676
20.61,6.0,27.584,47.453,39.883,62.905,115.96600000000001,118.904,65.2,55.1,30.2,101.1,63.0,87.3,94.6,87.0,94.2,90.8,93.7,13.912,5,5,5,50.775999999999996
20.63,6.0,28.17,48.251000000000005,39.821,64.49199999999999,115.85600000000001,118.655,65.2,55.1,30.2,101.1,63.0,87.3,94.6,87.0,94.2,90.8,93.7,13.04,5,5,5,50.895
20.65,6.0,27.875999999999998,47.031000000000006,39.400999999999996,63.568999999999996,115.78200000000001,118.624,65.2,55.1,30.2,101.1,63.0,87.3,94.6,87.0,94.2,90.8,93.7,12.781,5,5,5,50.998999999999995
20.67,6.0,28.209,47.422,39.666,65.328,115.745,118.57700000000001,65.2,55.1,30.2,101.1,63.0,87.3,94.6,87.0,94.2,90.8,93.7,12.667000000000002,5,5,5,51.113
20.69,6.0,27.896,47.998999999999995,39.639,67.934,115.726,118.671,65.2,55.1,30.2,101.1,63.0,87.3,94.6,87.0,94.2,90.8,93.7,12.256,5,5,5,51.239
20.71,6.0,27.951999999999998,47.623000000000005,39.722,65.11,115.59700000000001,118.421,65.2,55.1,30.2,101.1,63.0,87.3,94.6,87.0,94.2,90.8,93.7,12.875,5,5,5,51.364
20.73,6.0,28.421,47.403999999999996,39.382,65.316,115.541,118.35799999999999,65.2,55.1,30.2,101.1,63.0,87.3,94.6,87.0,94.2,90.8,93.7,11.515,5,5,5,51.455
20.75,6.0,27.734,47.823,39.736,64.112,115.541,118.436,65.2,55.1,30.2,101.1,63.0,87.3,94.6,87.0,94.2,90.8,93.7,12.268,5,5,5,51.57
20.77,6.0,27.293000000000003,48.085,39.785,65.67,115.50399999999999,118.32700000000001,65.2,55.1,30.2,101.1,63.0,87.3,94.6,87.0,94.2,90.8,93.7,12.015,5,5,5,51.673
20.79,6.0,28.168000000000003,47.681999999999995,39.565,67.829,115.337,118.295,65.2,55.1,30.2,101.1,63.0,87.3,94.6,87.0,94.2,90.8,93.7,11.703,5,5,5,51.79
20.81,6.0,27.932,47.603,39.508,67.066,115.43,118.20100000000001,65.2,55.1,30.2,101.1,63.0,87.3,94.6,87.0,94.2,90.8,93.7,12.143,5,5,5,51.873000000000005
20.83,6.0,27.418000000000003,47.095,39.696999999999996,65.78800000000001,115.337,118.32700000000001,65.2,55.1,30.2,101.1,63.0,87.3,94.6,87.0,94.2,90.8,93.7,11.156,5,5,5,51.957
20.85,6.0,27.29,47.028,39.621,66.001,115.318,118.20100000000001,65.2,55.1,30.2,101.1,63.0,87.3,94.6,87.0,94.2,90.8,93.7,12.215,5,5,5,52.053000000000004
20.87,6.0,27.058000000000003,47.297,39.578,66.149,115.374,118.20100000000001,65.2,55.1,30.2,101.1,63.0,87.3,94.6,87.0,94.2,90.8,93.7,11.42,5,5,5,52.141999999999996
20.89,6.0,27.023000000000003,47.373999999999995,39.580999999999996,69.179,115.281,118.10700000000001,65.2,55.1,30.2,101.1,63.0,87.3,94.6,87.0,94.2,90.8,93.7,11.475999999999999,5,5,5,52.24100000000001
20.91,6.0,27.381999999999998,47.129,39.571999999999996,67.253,115.132,118.044,65.2,55.1,30.2,101.1,63.0,87.3,94.6,87.0,94.2,90.8,93.7,11.635,5,5,5,52.326
20.93,6.0,27.362,47.464,39.42,66.547,115.132,118.10700000000001,65.2,55.1,30.2,101.1,63.0,87.3,94.6,87.087,94.2,90.8,93.7,11.172,5,5,5,52.419
20.95,6.0,27.351,46.87,39.633,67.513,115.15100000000001,118.02799999999999,65.2,55.1,30.2,101.1,63.0,87.3,94.6,87.137,94.2,90.8,93.7,11.843,5,5,5,52.506
20.97,6.0,27.041999999999998,47.14,39.398,65.604,115.094,118.10700000000001,65.2,55.1,30.2,101.1,63.0,87.3,94.6,87.164,94.2,90.8,93.7,10.514,5,5,5,52.608000000000004
20.99,6.0,26.813000000000002,47.068999999999996,39.36,69.913,115.057,117.949,65.2,55.1,30.2,101.1,63.0,87.3,94.6,87.18,94.2,90.8,93.7,11.525,5,5,5,52.715
21.01,6.0,26.755,46.38399999999999,39.465,68.126,114.88799999999999,117.854,65.2,55.1,30.2,101.1,63.0,87.3,94.6,87.189,94.2,90.8,93.7,11.303999999999998,5,5,5,52.808
21.03,6.0,26.9,46.913999999999994,39.444,67.52600000000001,114.963,117.775,65.2,55.1,30.2,101.1,63.0,87.3,94.6,87.194,94.2,90.8,93.7,11.11,5,5,5,52.896
21.05,6.0,26.666999999999998,47.373999999999995,39.387,68.195,114.926,117.807,65.2,55.1,30.2,101.1,63.0,87.3,94.6,87.196,94.2,90.8,93.7,11.672,5,5,5,53.006
21.07,6.0,26.898000000000003,46.977,39.6,66.40299999999999,114.757,117.759,65.2,55.1,30.2,101.1,63.0,87.3,94.6,87.19800000000001,94.2,90.8,93.7,10.729,5,5,5,53.111000000000004
21.09,6.0,26.965999999999998,47.325,39.345,69.281,114.757,117.743,65.2,55.1,30.2,101.1,63.0,87.3,94.6,87.199,94.2,90.8,93.7,11.885,5,5,5,53.251000000000005
21.11,6.0,26.291999999999998,47.026,39.266999999999996,70.959,114.64299999999999,117.616,65.2,55.1,30.2,101.1,63.0,87.3,94.6,87.199,94.2,90.8,93.7,11.053,5,5,5,53.327
21.13,6.0,26.348000000000003,46.56,39.448,67.244,114.7,117.6,65.2,55.1,30.2,101.1,63.0,87.35,94.6,87.2,94.2,90.8,93.7,11.198,5,5,5,53.475
21.15,6.0,26.975,46.108000000000004,39.464,68.494,114.587,117.537,65.2,55.1,30.2,101.1,63.0,87.416,94.6,87.2,94.2,90.8,93.7,11.349,5,5,5,53.607
21.17,6.0,26.706,46.468999999999994,39.312,68.239,114.587,117.473,65.2,55.1,30.2,101.1,63.0,87.453,94.6,87.2,94.2,90.8,93.7,10.824,5,5,5,53.732
21.19,6.0,26.504,47.117,39.266,69.226,114.51100000000001,117.473,65.2,55.1,30.2,101.1,63.0,87.473,94.6,87.2,94.2,90.8,93.7,11.593,5,5,5,53.858000000000004
21.21,6.0,26.675,46.38,39.205,70.387,114.454,117.441,65.2,55.1,30.2,101.1,63.0,87.485,94.6,87.2,94.2,90.8,93.7,10.33,5,5,5,54.013999999999996
21.23,6.0,26.329,46.424,39.475,69.54,114.473,117.45700000000001,65.2,55.1,30.2,101.1,63.0,87.492,94.6,87.2,94.2,90.8,93.7,11.411000000000001,5,5,5,54.138000000000005
21.25,6.0,26.424,46.943999999999996,39.236,69.43,114.34,117.41,65.2,55.1,30.2,101.1,63.0,87.495,94.6,87.2,94.2,90.8,93.7,11.109,5,5,5,54.287
21.27,6.0,26.625,46.177,39.056,68.56800000000001,114.321,117.234,65.2,55.1,30.2,101.1,63.0,87.497,94.6,87.2,94.2,90.8,93.7,10.838999999999999,5,5,5,54.398999999999994
21.29,6.0,26.226999999999997,46.176,39.186,69.545,114.37799999999999,117.21799999999999,65.2,55.1,30.2,101.1,63.0,87.499,94.6,87.2,94.2,90.8,93.7,11.416,5,5,5,54.575
21.31,6.0,26.229,46.38399999999999,39.287,73.238,114.34,117.074,65.2,55.1,30.2,101.1,63.0,87.499,94.6,87.2,94.2,90.8,93.7,10.511,5,5,5,54.733999999999995
21.33,6.0,26.435,45.593,39.183,71.457,114.074,117.314,65.2,55.1,30.2,101.1,63.0,87.5,94.6,87.2,94.2,90.8,93.7,11.872,5,5,5,54.913999999999994
21.35,6.0,25.815,46.556999999999995,39.226,69.211,114.11200000000001,117.13799999999999,65.2,55.1,30.2,101.1,63.0,87.5,94.6,87.2,94.2,90.8,93.7,10.998999999999999,5,5,5,55.098
21.37,6.0,25.971,46.138999999999996,39.105,70.928,114.15,117.042,65.1,55.0,30.2,101.4,62.9,87.5,94.6,87.2,94.2,90.8,93.7,10.989,5,5,5,55.236999999999995
21.39,6.0,25.779,46.224,39.394,68.56800000000001,114.131,117.12200000000001,65.1,55.0,30.2,101.4,62.9,87.5,94.6,87.2,94.2,90.8,93.7,11.187999999999999,5,5,5,55.407
21.41,6.0,26.149,46.159,39.135999999999996,73.396,114.074,116.946,65.1,55.0,30.2,101.4,62.9,87.5,94.6,87.2,94.2,90.8,93.7,10.885,5,5,5,55.568999999999996
21.43,6.0,26.246,46.077,39.29,71.96300000000001,114.016,116.962,65.1,55.0,30.2,101.4,62.9,87.5,94.6,87.2,94.2,90.8,93.7,11.397,5,5,5,55.751999999999995
21.45,6.0,26.109,45.986999999999995,39.319,70.164,113.978,116.978,65.1,55.0,30.2,101.4,62.9,87.5,94.6,87.2,94.2,90.8,93.7,10.117,5,5,5,55.913000000000004
21.47,6.0,25.969,45.753,39.219,71.813,113.882,116.81700000000001,65.1,55.0,30.2,101.4,62.9,87.5,94.6,87.2,94.2,90.8,93.7,11.705,5,5,5,56.083
21.49,6.0,26.09,45.412,39.232,68.62,113.92,116.865,65.1,55.0,30.2,101.4,62.9,87.5,94.6,87.2,94.2,90.8,93.7,11.007000000000001,5,5,5,56.228
21.51,6.0,26.218000000000004,46.047,39.204,71.367,113.805,116.68799999999999,65.1,55.0,30.2,101.4,62.9,87.5,94.6,87.2,94.2,90.8,93.7,10.915,5,5,5,56.428000000000004
21.53,6.0,25.906,45.722,39.34,73.109,113.825,116.75200000000001,65.1,55.0,30.2,101.4,62.9,87.5,94.6,87.2,94.2,90.8,93.7,11.353,5,5,5,56.608000000000004
21.55,6.0,25.811,46.358999999999995,39.18,69.051,113.76700000000001,116.60700000000001,65.1,55.0,30.2,101.4,62.9,87.5,94.6,87.2,94.2,90.8,93.7,10.751000000000001,5,5,5,56.777
21.57,6.0,25.71,45.522,39.338,70.45,113.74799999999999,116.59100000000001,65.1,55.0,30.2,101.4,62.9,87.5,94.6,87.2,94.2,90.8,93.7,12.158,5,5,5,56.945
21.59,6.0,25.858,45.993,39.008,68.986,113.671,116.656,65.1,55.0,30.2,101.4,62.9,87.5,94.6,87.2,94.2,90.8,93.7,10.975999999999999,5,5,5,57.101000000000006
21.61,6.0,25.354,45.591,39.178000000000004,70.486,113.59299999999999,116.67200000000001,65.1,55.0,30.2,101.4,62.9,87.5,94.6,87.2,94.2,90.8,93.7,11.875,5,5,5,57.258
21.63,6.0,25.583000000000002,46.003,39.354,74.23100000000001,113.458,116.52600000000001,65.1,55.0,30.2,101.4,62.9,87.5,94.6,87.2,94.2,90.8,93.7,10.579,5,5,5,57.406000000000006
21.65,6.0,25.956999999999997,45.496,39.128,70.65,113.59299999999999,116.494,65.1,55.0,30.2,101.4,62.9,87.5,94.6,87.2,94.2,90.8,93.7,11.736,5,5,5,57.598
21.67,6.0,25.222,45.528,39.104,70.41,113.439,116.559,65.1,55.0,30.2,101.4,62.9,87.5,94.6,87.2,94.2,90.8,93.7,11.543,5,5,5,57.744
21.69,6.0,25.485,46.207,38.941,69.968,113.361,116.445,65.1,55.0,30.2,101.4,62.9,87.5,94.6,87.2,94.2,90.8,93.7,11.344999999999999,5,5,5,57.927
21.71,6.0,25.014,45.425,39.192,70.917,113.28399999999999,116.445,65.1,55.0,30.2,101.4,62.9,87.5,94.6,87.2,94.2,90.8,93.7,11.896,5,5,5,58.09
21.73,6.0,25.603,45.845,39.055,73.57600000000001,113.264,116.29899999999999,65.1,55.0,30.2,101.4,62.9,87.5,94.6,87.2,94.2,90.8,93.7,10.617,5,5,5,58.261
21.75,6.0,25.381,45.601,38.93,71.687,113.225,116.348,65.1,55.0,30.2,101.4,62.9,87.5,94.6,87.2,94.2,90.8,93.7,12.032,5,5,5,58.443000000000005
21.77,6.0,25.309,45.327,38.958,71.562,113.303,116.316,65.1,55.0,30.2,101.4,62.9,87.5,94.6,87.2,94.2,90.8,93.7,11.611,5,5,5,58.595
21.79,6.0,24.972,45.586,39.208,71.62100000000001,113.206,116.36399999999999,65.1,55.0,30.2,101.4,62.9,87.5,94.6,87.2,94.2,90.8,93.7,11.163,5,5,5,58.753
21.81,6.0,25.187,45.251999999999995,39.155,70.258,113.069,116.137,65.1,55.0,30.2,101.4,62.9,87.5,94.6,87.2,94.2,90.8,93.7,11.592,5,5,5,58.95
21.83,6.0,25.135,45.144,39.029,74.969,113.089,116.088,65.1,55.0,30.2,101.4,62.9,87.5,94.6,87.2,94.2,90.8,93.7,10.803,5,5,5,59.121
21.85,6.0,24.95,45.269,39.166,74.148,113.01100000000001,116.137,65.1,55.0,30.2,101.4,62.9,87.5,94.6,87.2,94.2,90.8,93.7,12.061,5,5,5,59.294
21.87,6.0,24.808,45.73,39.03,72.146,113.069,116.20200000000001,65.1,55.0,30.2,101.4,62.9,87.5,94.6,87.2,94.2,90.8,93.7,10.513,5,5,5,59.468
21.89,6.0,24.758,45.717,38.961,73.10600000000001,113.089,116.022,65.1,55.0,30.2,101.4,62.9,87.5,94.6,87.2,94.2,90.8,93.7,10.99,5,5,5,59.669
21.91,6.0,24.837,44.868,38.992,70.517,112.89299999999999,115.973,65.1,55.0,30.2,101.4,62.9,87.5,94.6,87.2,94.2,90.8,93.7,11.324,5,5,5,59.826
21.93,6.0,24.738,45.31,38.938,73.893,112.835,115.99,65.1,55.0,30.2,101.4,62.9,87.5,94.6,87.2,94.2,90.8,93.7,10.937999999999999,5,5,5,60.019
21.95,6.0,24.362000000000002,45.211999999999996,39.164,73.495,112.89299999999999,116.071,65.1,55.0,30.2,101.4,62.9,87.5,94.6,87.2,94.2,90.8,93.7,11.725,5,5,5,60.191
21.97,6.0,24.147000000000002,45.232,39.159,71.49600000000001,112.854,115.875,65.1,55.0,30.2,101.4,62.9,87.5,94.6,87.2,94.2,90.8,93.7,10.08,5,5,5,60.375
21.99,6.0,24.298,45.428000000000004,38.9,72.46600000000001,112.815,115.875,65.1,55.0,30.2,101.4,62.9,87.5,94.6,87.2,94.2,90.8,93.7,11.379999999999999,5,5,5,60.571999999999996
22.01,6.0,24.121,45.694,39.217,70.707,112.736,115.92399999999999,65.1,55.0,30.2,101.4,62.9,87.5,94.6,87.2,94.2,90.8,93.7,10.965,5,5,5,60.74100000000001
22.03,6.0,24.579,44.935,39.049,72.421,112.65799999999999,115.81,65.1,55.0,30.2,101.4,62.9,87.5,94.6,87.2,94.2,90.8,93.725,10.921,5,5,5,60.928000000000004
22.05,6.0,24.432000000000002,44.869,39.068000000000005,76.305,112.677,115.81,65.1,55.0,30.2,101.4,62.9,87.5,94.6,87.2,94.2,90.8,93.80199999999999,11.373999999999999,5,5,5,61.1
22.07,6.0,24.415,45.19,38.963,71.805,112.71700000000001,115.81,65.1,55.0,30.2,101.4,62.9,87.5,94.6,87.2,94.2,90.8,93.845,10.311,5,5,5,61.297
22.09,6.0,24.169,44.925,39.046,71.33,112.579,115.678,65.1,55.0,30.2,101.4,62.9,87.5,94.6,87.2,94.2,90.8,93.869,11.64,5,5,5,61.468
22.11,6.0,24.484,45.03,38.982,70.693,112.697,115.728,65.1,55.0,30.2,101.4,62.9,87.5,94.6,87.2,94.2,90.8,93.882,10.943999999999999,5,5,5,61.625
22.13,6.0,24.396,44.518,39.009,71.465,112.46,115.695,65.1,55.0,30.2,101.4,62.9,87.5,94.6,87.2,94.2,90.8,93.89,10.882000000000001,5,5,5,61.812
22.15,6.0,24.022000000000002,45.11,38.94,73.922,112.34100000000001,115.56299999999999,65.1,55.0,30.2,101.4,62.9,87.5,94.6,87.2,94.2,90.8,93.89399999999999,11.07,5,5,5,61.979
22.17,6.0,24.144000000000002,44.63,38.973,72.067,112.579,115.58,65.1,55.0,30.2,101.4,62.9,87.5,94.6,87.2,94.2,90.8,93.89699999999999,10.639,5,5,5,62.137
22.19,6.0,23.968,44.686,38.853,72.204,112.48,115.33200000000001,65.1,55.0,30.2,101.4,62.9,87.5,94.6,87.2,94.2,90.8,93.898,11.822,5,5,5,62.308
22.21,6.0,24.238,44.883,38.938,71.256,112.34100000000001,115.34899999999999,65.1,55.0,30.2,101.4,62.9,87.5,94.6,87.2,94.2,90.8,93.899,10.356,5,5,5,62.51
22.23,6.0,23.389,44.292,39.084,71.65100000000001,112.262,115.514,65.1,55.0,30.2,101.4,62.9,87.5,94.6,87.2,94.2,90.8,93.899,11.082,5,5,5,62.672
22.25,6.0,23.980999999999998,44.692,38.818000000000005,75.816,112.34100000000001,115.33200000000001,65.1,55.0,30.2,101.4,62.9,87.5,94.6,87.2,94.2,90.8,93.9,11.1,5,5,5,62.831
22.27,6.0,23.909000000000002,44.679,38.909,74.352,112.242,115.266,65.1,55.0,30.2,101.4,62.9,87.5,94.6,87.2,94.2,90.8,93.9,10.853,5,5,5,63.022
22.29,6.0,23.449,44.974000000000004,39.217,72.24600000000001,112.12299999999999,115.365,65.1,55.0,30.2,101.4,62.9,87.5,94.6,87.2,94.2,90.8,93.9,11.622,5,5,5,63.2
22.31,6.0,23.996,44.208,38.885999999999996,74.286,112.20200000000001,115.134,65.1,55.0,30.2,101.4,62.9,87.5,94.6,87.2,94.2,90.8,93.9,10.157,5,5,5,63.387
22.33,6.0,24.094,44.53,38.874,71.202,112.242,115.33200000000001,65.1,55.0,30.2,101.4,62.9,87.5,94.6,87.2,94.2,90.8,93.9,10.937000000000001,5,5,5,63.567
22.35,6.0,23.726,44.839,38.836,75.009,112.14299999999999,115.084,65.1,55.0,30.2,101.4,62.9,87.5,94.6,87.2,94.2,90.8,93.9,11.259,5,5,5,63.743
22.37,6.0,23.741,44.18,38.802,75.193,112.14299999999999,115.15,65.1,55.0,30.2,101.4,62.9,87.5,94.6,87.2,94.2,90.8,93.9,10.915,5,5,5,63.934
22.39,6.0,23.098,44.86,38.736,72.273,112.04299999999999,115.23299999999999,65.1,55.0,30.2,101.4,62.9,87.5,94.6,87.2,94.2,90.8,93.9,11.431000000000001,5,5,5,64.092
22.41,6.0,23.248,44.273,38.994,73.403,111.90299999999999,115.167,65.1,55.0,30.2,101.4,62.9,87.5,94.6,87.2,94.2,90.8,93.9,10.424,5,5,5,64.304
22.43,6.0,23.075,44.43,38.944,71.286,112.023,115.03399999999999,65.1,55.0,30.2,101.4,62.9,87.5,94.6,87.2,94.2,90.8,93.9,11.721,5,5,5,64.506
22.45,6.0,23.276,44.676,39.001999999999995,73.634,111.883,115.06700000000001,65.1,55.0,30.2,101.4,62.9,87.5,94.6,87.2,94.2,90.8,93.9,11.084,5,5,5,64.678
22.47,6.0,23.256,44.215,38.844,75.65899999999999,112.00299999999999,114.984,65.1,55.0,30.2,101.4,62.9,87.5,94.6,87.2,94.2,90.8,93.9,10.957999999999998,5,5,5,64.84100000000001
22.49,6.0,23.379,44.596,38.808,72.616,111.90299999999999,115.051,65.1,55.0,30.2,101.4,62.9,87.5,94.6,87.2,94.2,90.8,93.9,11.334,5,5,5,65.019
22.51,6.0,22.945,44.510999999999996,38.922,72.11399999999999,111.76299999999999,114.96700000000001,65.1,55.0,30.2,101.4,62.9,87.5,94.6,87.2,94.2,90.8,93.9,10.695,5,5,5,65.205
22.53,6.0,22.76,44.02,38.89,71.704,111.803,114.76700000000001,65.1,55.0,30.2,101.4,62.9,87.5,94.6,87.2,94.2,90.8,93.9,11.878,5,5,5,65.369
22.55,6.0,23.147000000000002,44.493,38.78,72.282,111.803,114.7,65.1,55.0,30.2,101.4,62.9,87.5,94.6,87.2,94.2,90.8,93.9,10.796,5,5,5,65.535
22.57,6.0,23.074,44.83,38.803000000000004,74.87899999999999,111.62200000000001,114.851,65.1,55.0,30.2,101.4,62.9,87.5,94.6,87.2,94.2,90.8,93.9,10.965,5,5,5,65.704
22.59,6.0,23.185,44.482,38.617,72.523,111.682,114.633,65.1,55.0,30.2,101.4,62.9,87.5,94.6,87.2,94.2,90.8,93.9,11.484,5,5,5,65.887
22.61,6.0,22.413,44.306999999999995,38.977,71.501,111.62200000000001,114.684,65.1,55.0,30.2,101.4,62.9,87.5,94.6,87.2,94.2,90.8,93.9,11.145,5,5,5,66.061
22.63,6.0,22.721,43.963,38.63,70.376,111.72200000000001,114.71700000000001,65.1,55.0,30.2,101.4,62.9,87.5,94.6,87.2,94.2,90.8,93.9,11.45,5,5,5,66.248
22.65,6.0,22.835,43.989000000000004,38.632,71.021,111.541,114.633,65.1,55.0,30.2,101.4,62.9,87.5,94.6,87.2,94.2,90.8,93.9,11.427,5,5,5,66.41
22.67,6.0,23.057000000000002,44.44,38.602,73.671,111.541,114.617,65.1,55.0,30.2,101.4,62.9,87.5,94.6,87.2,94.2,90.8,93.9,11.456,5,5,5,66.59
22.69,6.0,22.955,43.499,38.806,72.766,111.521,114.55,65.1,55.0,30.2,101.4,62.9,87.5,94.6,87.2,94.2,90.8,93.9,11.882000000000001,5,5,5,66.755
22.71,6.0,22.84,43.729,38.586,70.441,111.46,114.633,65.1,55.0,30.2,101.4,62.9,87.5,94.6,87.2,94.2,90.8,93.9,11.675,5,5,5,66.953
22.73,6.0,22.706,44.052,38.574,71.184,111.521,114.6,65.1,55.0,30.2,101.4,62.9,87.5,94.6,87.2,94.2,90.8,93.9,11.863,5,5,5,67.15299999999999
22.75,6.0,22.122,43.948,38.876999999999995,70.671,111.46,114.6,65.1,55.0,30.2,101.4,62.9,87.5,94.6,87.2,94.2,90.8,93.9,11.818999999999999,5,5,5,67.321
22.77,6.0,22.698,43.963,38.683,76.065,111.37899999999999,114.516,65.1,55.0,30.2,101.4,62.9,87.5,94.6,87.2,94.2,90.8,93.9,12.18,5,5,5,67.485
22.79,6.0,22.843,43.416,38.726,74.97399999999999,111.21700000000001,114.382,65.1,55.0,30.2,101.4,62.9,87.5,94.6,87.2,94.2,90.8,93.9,11.894,5,5,5,67.68100000000001
22.81,6.0,22.73,44.679,38.491,72.014,111.197,114.415,65.1,55.0,30.2,101.4,62.9,87.5,94.6,87.2,94.2,90.8,93.9,12.141,5,5,5,67.84
22.83,6.0,22.551,43.43,38.638000000000005,73.846,111.29799999999999,114.196,65.1,55.0,30.2,101.4,62.9,87.5,94.6,87.2,94.2,90.8,93.9,12.025,5,5,5,68.036
22.85,6.0,22.557000000000002,44.232,38.703,70.368,111.176,114.29700000000001,65.1,55.0,30.2,101.4,62.9,87.5,94.6,87.2,94.2,90.8,93.9,12.062999999999999,5,5,5,68.202
22.87,6.0,22.634,43.501,38.414,73.62,111.156,114.281,65.1,55.0,30.2,101.4,62.9,87.5,94.6,87.2,94.2,90.8,93.9,12.094,5,5,5,68.40100000000001
22.89,6.0,22.273,43.342,38.616,74.593,111.197,114.213,65.1,55.0,30.2,101.4,62.9,87.5,94.6,87.2,94.2,90.8,93.9,12.294,5,5,5,68.578
22.91,6.0,22.433,44.039,38.596,71.689,110.993,114.23,65.1,55.0,30.2,101.4,62.9,87.5,94.6,87.2,94.2,90.8,93.9,11.998,5,5,5,68.765
22.93,6.0,22.416,43.611999999999995,38.699,72.835,111.27799999999999,114.24700000000001,65.1,55.0,30.2,101.4,62.9,87.5,94.6,87.2,94.2,90.8,93.9,12.254999999999999,5,5,5,68.94399999999999
22.95,6.0,22.399,42.857,38.591,71.744,111.21700000000001,114.29700000000001,65.1,55.0,30.2,101.4,62.9,87.5,94.6,87.2,94.2,90.8,93.9,12.123,5,5,5,69.14
22.97,6.0,22.03,43.543,38.729,72.991,110.97200000000001,114.145,65.1,55.0,30.2,101.4,62.9,87.5,94.6,87.2,94.2,90.8,93.9,12.315000000000001,5,5,5,69.314
22.99,6.0,21.852,43.915,38.618,76.742,110.95200000000001,114.213,65.1,55.0,30.2,101.4,62.9,87.5,94.6,87.2,94.2,90.8,93.9,12.174,5,5,5,69.489
23.01,6.0,22.294,43.873000000000005,38.504,72.862,111.01299999999999,113.959,65.1,55.0,30.2,101.4,62.9,87.5,94.6,87.2,94.2,90.8,93.9,12.439,5,5,5,69.676
23.03,6.0,21.744,43.809,38.624,71.9,111.03399999999999,113.959,65.1,55.0,30.2,101.4,62.9,87.5,94.6,87.2,94.2,90.8,93.9,12.073,5,5,5,69.83
23.05,6.0,21.799,43.416,38.714,71.443,110.89,113.993,65.1,55.0,30.2,101.4,62.9,87.5,94.6,87.2,94.2,90.8,93.9,12.417000000000002,5,5,5,70.019
23.07,6.0,21.605,43.191,38.521,72.22800000000001,110.788,113.94200000000001,65.1,55.0,30.2,101.4,62.9,87.5,94.6,87.2,94.2,90.8,93.9,12.104,5,5,5,70.204
23.09,6.0,21.627,42.87,38.744,74.105,110.87,113.874,65.1,55.0,30.2,101.4,62.9,87.5,94.6,87.2,94.2,90.8,93.9,12.297999999999998,5,5,5,70.393
23.11,6.0,22.192999999999998,42.575,38.382,72.218,110.76700000000001,113.959,65.1,55.0,30.2,101.4,62.9,87.5,94.6,87.2,94.2,90.8,93.9,12.187999999999999,5,5,5,70.563
23.13,6.0,22.079,43.527,38.443000000000005,71.245,110.706,113.959,65.1,55.0,30.2,101.4,62.9,87.5,94.6,87.2,94.2,90.8,93.9,12.553999999999998,5,5,5,70.744
23.15,6.0,22.003,43.549,38.649,70.946,110.706,113.925,65.1,55.0,30.2,101.4,62.9,87.5,94.6,87.2,94.2,90.8,93.9,12.107,5,5,5,70.902
23.17,6.0,21.705,42.981,38.53,69.914,110.706,113.68700000000001,65.1,55.0,30.2,101.4,62.9,87.5,94.6,87.2,94.2,90.8,93.9,12.65,5,5,5,71.08500000000001
23.19,6.0,21.823,42.751,38.32,75.068,110.74700000000001,113.704,65.1,55.0,30.2,101.4,62.9,87.5,94.6,87.2,94.2,90.8,93.9,12.167000000000002,5,5,5,71.286
23.21,6.0,21.612000000000002,42.693000000000005,38.459,73.918,110.64399999999999,113.721,65.1,55.0,30.2,101.4,62.9,87.5,94.6,87.2,94.2,90.8,93.9,12.527999999999999,5,5,5,71.468
23.23,6.0,21.684,43.597,38.465,71.664,110.706,113.772,65.1,55.0,30.2,101.4,62.9,87.5,94.6,87.2,94.2,90.8,93.9,12.17,5,5,5,71.642
23.25,6.0,21.608,42.864000000000004,38.405,72.28,110.52,113.755,65.1,55.0,30.2,101.4,62.9,87.5,94.6,87.2,94.2,90.8,93.9,12.716000000000001,5,5,5,71.826
23.27,6.0,21.692999999999998,42.716,38.435,70.444,110.417,113.806,65.1,55.0,30.2,101.4,62.9,87.5,94.6,87.2,94.2,90.8,93.9,12.219999999999999,5,5,5,72.002
23.29,6.0,21.761,42.812,38.198,74.46,110.52,113.68700000000001,65.1,55.0,30.2,101.4,62.9,87.5,94.6,87.2,94.2,90.8,93.9,12.753,5,5,5,72.174
23.31,6.0,21.271,42.369,38.419000000000004,73.892,110.417,113.48200000000001,65.1,55.0,30.2,101.4,62.9,87.5,94.6,87.2,94.2,90.8,93.9,12.178,5,5,5,72.373
23.33,6.0,20.802,42.861999999999995,38.407,70.815,110.52,113.568,65.1,55.0,30.2,101.4,62.9,87.5,94.6,87.2,94.2,90.8,93.9,12.484,5,5,5,72.564
23.35,6.0,21.289,42.571999999999996,38.181999999999995,73.161,110.499,113.448,65.1,55.0,30.2,101.4,62.9,87.5,94.6,87.2,94.2,90.8,93.9,12.158999999999999,5,5,5,72.74199999999999
23.37,6.0,21.136,42.92,38.43,71.508,110.458,113.396,64.9,55.0,30.1,101.3,62.9,87.5,94.6,87.2,94.2,90.8,93.9,12.605,5,5,5,72.906
23.39,6.0,21.317999999999998,42.599000000000004,38.275,73.315,110.31299999999999,113.414,64.9,55.0,30.1,101.3,62.9,87.5,94.6,87.2,94.2,90.8,93.9,12.11,5,5,5,73.074
23.41,6.0,21.412,42.413000000000004,38.294000000000004,76.661,110.271,113.448,64.9,55.0,30.1,101.3,62.9,87.5,94.6,87.2,94.2,90.8,93.9,12.683,5,5,5,73.298
23.43,6.0,21.129,42.69,38.393,73.02,110.167,113.29299999999999,64.9,55.0,30.1,101.3,62.9,87.5,94.6,87.2,94.2,90.8,93.9,12.039,5,5,5,73.455
23.45,6.0,21.326,42.781,38.327,72.204,110.31299999999999,113.104,64.9,55.0,30.1,101.3,62.9,87.5,94.6,87.2,94.2,90.8,93.9,12.585,5,5,5,73.626
23.47,6.0,20.924,42.14,38.449,71.521,110.271,113.20700000000001,64.9,55.0,30.1,101.3,62.9,87.5,94.6,87.2,94.2,90.8,93.9,12.121,5,5,5,73.83
23.49,6.0,20.711,42.196,38.234,72.23899999999999,110.18799999999999,113.12100000000001,64.9,55.0,30.1,101.3,62.9,87.5,94.6,87.2,94.2,90.8,93.9,12.593,5,5,5,74.001
23.51,6.0,20.586,42.769,38.406,74.663,110.167,113.139,64.9,55.0,30.1,101.3,62.9,87.5,94.6,87.2,94.2,90.8,93.9,12.026,5,5,5,74.187
23.53,6.0,21.047,42.122,38.225,71.471,110.18799999999999,113.087,64.9,55.0,30.1,101.3,62.9,87.5,94.64399999999999,87.2,94.2,90.8,93.9,12.687000000000001,5,5,5,74.37
23.55,6.0,20.981,42.366,38.217,72.262,110.042,113.087,64.9,55.0,30.1,101.3,62.9,87.5,94.668,87.2,94.2,90.8,93.9,11.963999999999999,5,5,5,74.54
23.57,6.0,21.035999999999998,42.510999999999996,38.321,70.605,109.896,113.104,64.9,55.0,30.1,101.3,62.9,87.5,94.682,87.2,94.2,90.8,93.9,11.712,5,5,5,74.73100000000001
23.59,6.0,21.06,42.251,38.438,71.416,109.98,113.052,64.9,55.0,30.1,101.3,62.9,87.5,94.69,87.2,94.2,90.8,93.9,13.163,5,5,5,74.907
23.61,6.0,20.680999999999997,42.216,38.187,75.057,109.959,112.949,64.9,55.0,30.1,101.3,62.9,87.5,94.694,87.2,94.2,90.8,93.9,11.827000000000002,5,5,5,75.094
23.63,6.0,20.722,41.878,38.283,72.64,110.001,113.07,64.9,55.0,30.1,101.3,62.9,87.5,94.697,87.2,94.2,90.8,93.9,12.817,5,5,5,75.281
23.65,6.0,20.277,42.121,38.277,70.72399999999999,109.917,112.82700000000001,64.9,55.0,30.1,101.3,62.9,87.5,94.69800000000001,87.2,94.2,90.8,93.9,12.084,5,5,5,75.441
23.67,6.0,20.941,42.25,38.086,71.6,109.875,112.96600000000001,64.9,55.0,30.1,101.3,62.9,87.5,94.699,87.2,94.2,90.8,93.9,12.881,5,5,5,75.635
23.69,6.0,20.535,41.902,38.391999999999996,69.428,109.917,112.845,64.9,55.0,30.1,101.3,62.9,87.5,94.699,87.2,94.2,90.8,93.9,12.137,5,5,5,75.829
23.71,6.0,20.239,41.922,38.165,74.21300000000001,109.81200000000001,112.86200000000001,64.9,55.0,30.1,101.3,62.9,87.5,94.7,87.2,94.2,90.8,93.9,12.843,5,5,5,75.999
23.73,6.0,20.282,42.269,38.389,72.914,109.64399999999999,112.79299999999999,64.9,55.0,30.1,101.3,62.9,87.5,94.7,87.2,94.2,90.8,93.9,12.303,5,5,5,76.17
23.75,6.0,20.226,41.659,38.479,72.124,109.686,112.723,64.9,55.0,30.1,101.3,62.9,87.5,94.7,87.2,94.2,90.8,93.9,12.525,5,5,5,76.377
23.77,6.0,20.333,41.400999999999996,38.114000000000004,72.561,109.686,112.741,64.9,55.0,30.1,101.3,62.9,87.5,94.7,87.2,94.2,90.8,93.9,12.503,5,5,5,76.527
23.79,6.0,20.174,41.857,38.406,69.767,109.62299999999999,112.584,64.9,55.0,30.1,101.3,62.9,87.5,94.7,87.2,94.2,90.8,93.9,12.269,5,5,5,76.717
23.81,6.0,20.204,41.751999999999995,38.385999999999996,73.82600000000001,109.64399999999999,112.689,64.9,55.0,30.1,101.3,62.9,87.5,94.7,87.2,94.2,90.8,93.9,13.13,5,5,5,76.899
23.83,6.0,20.121,41.91,38.391,74.638,109.64399999999999,112.706,64.9,55.0,30.1,101.3,62.9,87.5,94.7,87.2,94.2,90.8,93.9,11.787,5,5,5,77.078
23.85,6.0,20.430999999999997,41.884,38.3,71.417,109.64399999999999,112.602,64.9,55.0,30.1,101.3,62.9,87.5,94.7,87.2,94.2,90.8,93.9,13.324,5,5,5,77.235
23.87,6.0,20.546,41.887,38.264,72.37899999999999,109.559,112.741,64.9,55.0,30.1,101.3,62.9,87.5,94.7,87.2,94.2,90.8,93.9,11.867,5,5,5,77.425
23.89,6.0,19.708,40.994,38.199,71.817,109.49600000000001,112.56700000000001,64.9,55.0,30.1,101.3,62.9,87.5,94.7,87.2,94.2,90.8,93.9,13.606,5,5,5,77.616
23.91,6.0,20.32,41.804,38.148,72.751,109.45299999999999,112.56700000000001,64.9,55.0,30.1,101.3,62.9,87.5,94.7,87.2,94.2,90.8,93.9,12.141,5,5,5,77.78699999999999
23.93,6.0,20.203,41.407,38.225,76.209,109.538,112.54899999999999,64.9,55.0,30.1,101.3,62.9,87.5,94.7,87.2,94.2,90.8,93.9,13.374,5,5,5,77.962
23.95,6.0,19.790999999999997,41.521,38.085,72.406,109.51700000000001,112.54899999999999,64.9,55.0,30.1,101.3,62.9,87.5,94.7,87.2,94.2,90.8,93.9,12.434999999999999,5,5,5,78.166
23.97,6.0,19.529000000000003,41.805,38.266999999999996,71.847,109.49600000000001,112.305,64.9,55.0,30.1,101.3,62.9,87.5,94.7,87.2,94.2,90.8,93.9,13.281,5,5,5,78.354
23.99,6.0,19.756,41.667,38.208,71.03,109.45299999999999,112.39200000000001,64.9,55.0,30.1,101.3,62.9,87.5,94.7,87.2,94.2,90.8,93.9,12.551,5,5,5,78.54
24.01,6.0,19.644,41.348,38.23,71.564,109.241,112.322,64.9,55.0,30.1,101.3,62.9,87.5,94.7,87.2,94.2,90.8,93.9,13.336,5,5,5,78.723
24.03,6.0,19.191,41.675,38.26,74.316,109.32600000000001,112.234,64.9,55.0,30.1,101.3,62.9,87.5,94.7,87.2,94.2,90.8,93.9,12.731,5,5,5,78.926
24.05,6.0,19.654000000000003,41.89,38.339,71.585,109.22,112.27,64.9,55.0,30.1,101.3,62.9,87.5,94.7,87.2,94.2,90.8,93.9,13.038,5,5,5,79.102
24.07,6.0,20.046,41.157,38.123000000000005,71.756,109.262,112.164,64.9,55.0,30.1,101.3,62.9,87.5,94.7,87.2,94.2,90.8,93.9,12.843,5,5,5,79.274
24.09,6.0,19.822000000000003,41.638000000000005,38.254,70.88600000000001,109.156,112.25200000000001,64.9,55.0,30.1,101.3,62.9,87.5,94.7,87.2,94.2,90.8,93.9,12.835,5,5,5,79.47399999999999
24.11,6.0,19.369999999999997,41.423,38.336999999999996,70.01,109.177,112.25200000000001,64.9,55.0,30.1,101.3,62.9,87.5,94.7,87.2,94.2,90.8,93.9,13.321,5,5,5,79.653
24.13,6.0,19.425,41.539,38.272,74.49600000000001,109.177,112.25200000000001,64.9,55.0,30.1,101.3,62.9,87.5,94.7,87.2,94.2,90.8,93.9,12.239,5,5,5,79.829
24.15,6.0,19.528,41.422,38.079,72.73899999999999,109.02799999999999,112.07600000000001,64.9,55.0,30.1,101.3,62.9,87.5,94.7,87.2,94.2,90.8,93.9,13.442,5,5,5,80.005
24.17,6.0,19.377000000000002,41.399,38.293,70.42399999999999,109.04899999999999,112.041,64.9,55.0,30.1,101.3,62.9,87.5,94.7,87.2,94.2,90.8,93.9,12.158,5,5,5,80.206
24.19,6.0,19.266,41.477,38.31,71.955,109.113,111.971,64.9,55.0,30.1,101.3,62.9,87.5,94.7,87.2,94.2,90.8,93.9,13.491,5,5,5,80.368
24.21,6.0,19.548000000000002,40.736,38.297,68.737,109.09200000000001,112.024,64.9,55.0,30.1,101.3,62.9,87.5,94.7,87.2,94.2,90.8,93.9,12.395,5,5,5,80.561
24.23,6.0,19.384999999999998,41.474000000000004,38.149,72.694,109.135,111.91799999999999,64.9,55.0,30.1,101.3,62.9,87.5,94.7,87.2,94.2,90.8,93.9,13.282,5,5,5,80.748
24.25,6.0,19.317999999999998,40.81,38.095,70.888,108.85600000000001,111.829,64.9,55.0,30.1,101.3,62.9,87.5,94.7,87.2,94.2,90.8,93.9,12.457999999999998,5,5,5,80.942
24.27,6.0,19.134,40.789,38.216,70.31,109.09200000000001,111.882,64.9,55.0,30.1,101.3,62.9,87.5,94.7,87.2,94.2,90.8,93.9,13.232999999999999,5,5,5,81.13
24.29,6.0,19.116,40.961999999999996,38.043,72.005,108.899,111.794,64.9,55.0,30.1,101.3,62.9,87.5,94.7,87.2,94.2,90.8,93.9,12.52,5,5,5,81.324
24.31,6.0,19.389000000000003,40.93,38.323,69.126,108.81299999999999,111.95299999999999,64.9,55.0,30.1,101.3,62.9,87.5,94.7,87.2,94.2,90.8,93.9,13.111,5,5,5,81.499
24.33,6.0,19.316,40.955999999999996,38.205,72.252,108.921,111.705,64.9,55.0,30.1,101.3,62.9,87.5,94.7,87.2,94.2,90.8,93.9,12.59,5,5,5,81.693
24.35,6.0,18.655,40.78,38.272,74.453,108.899,111.67,64.9,55.0,30.1,101.3,62.9,87.5,94.7,87.2,94.2,90.8,93.9,12.856,5,5,5,81.89399999999999
24.37,6.0,19.326999999999998,41.375,38.122,71.822,108.77,111.794,64.9,55.0,30.1,101.3,62.9,87.5,94.7,87.2,94.2,90.8,93.9,12.794,5,5,5,82.066
24.39,6.0,19.076,40.512,38.266999999999996,71.414,108.81299999999999,111.794,64.9,55.0,30.1,101.3,62.9,87.5,94.7,87.2,94.2,90.8,93.9,12.959,5,5,5,82.249
24.41,6.0,18.856,41.196,37.985,71.012,108.598,111.56299999999999,64.9,55.0,30.1,101.3,62.9,87.5,94.7,87.2,94.2,90.8,93.9,13.26,5,5,5,82.443
24.43,6.0,19.009,40.973,38.102,71.933,108.706,111.67,64.9,55.0,30.1,101.3,62.9,87.5,94.7,87.2,94.2,90.8,93.9,12.381,5,5,5,82.64399999999999
24.45,6.0,18.847,40.751999999999995,38.038000000000004,74.318,108.598,111.617,64.9,55.0,30.1,101.3,62.9,87.5,94.7,87.2,94.2,90.8,93.9,13.612,5,5,5,82.834
24.47,6.0,19.064999999999998,41.044000000000004,38.046,71.985,108.619,111.546,64.9,55.0,30.1,101.3,62.9,87.5,94.7,87.2,94.2,90.8,93.9,12.129999999999999,5,5,5,82.997
24.49,6.0,18.55,40.69,38.203,71.813,108.46799999999999,111.581,64.9,55.0,30.1,101.3,62.9,87.5,94.7,87.2,94.2,90.8,93.9,14.155,5,5,5,83.205
24.51,6.0,18.713,40.241,38.211,70.319,108.49,111.421,64.9,55.0,30.1,101.3,62.9,87.5,94.7,87.2,94.2,90.8,93.9,12.158,5,5,5,83.383
24.53,6.0,18.342,40.678000000000004,38.114000000000004,71.335,108.381,111.546,64.9,55.0,30.1,101.3,62.9,87.5,94.7,87.2,94.2,90.8,93.9,13.872,5,5,5,83.593
24.55,6.0,18.663,40.325,38.061,74.093,108.381,111.59899999999999,64.9,55.0,30.1,101.3,62.9,87.5,94.7,87.2,94.2,90.8,93.9,12.535,5,5,5,83.795
24.57,6.0,18.038,41.064,38.168,71.82600000000001,108.294,111.385,64.9,55.0,30.1,101.3,62.9,87.5,94.7,87.2,94.2,90.8,93.9,12.828,5,5,5,83.987
24.59,6.0,18.521,40.543,38.047,70.683,108.316,111.27799999999999,64.9,55.0,30.1,101.3,62.9,87.5,94.7,87.2,94.2,90.8,93.9,13.448,5,5,5,84.181
24.61,6.0,18.232,40.773,38.138000000000005,70.994,108.425,111.492,64.9,55.0,30.1,101.3,62.9,87.5,94.7,87.2,94.2,90.8,93.9,12.573,5,5,5,84.38600000000001
24.63,6.0,18.333,40.538000000000004,37.986999999999995,69.087,108.338,111.51,64.9,55.0,30.1,101.3,62.9,87.5,94.7,87.2,94.2,90.8,93.9,13.433,5,5,5,84.574
24.65,6.0,18.926,40.703,38.009,73.60300000000001,108.229,111.242,64.9,55.0,30.1,101.3,62.9,87.5,94.7,87.2,94.2,90.8,93.9,12.412,5,5,5,84.824
24.67,6.0,18.55,40.594,37.806999999999995,72.251,108.272,111.33200000000001,64.9,55.0,30.1,101.3,62.9,87.5,94.7,87.2,94.2,90.8,93.9,13.314,5,5,5,85.032
24.69,6.0,18.838,39.717,37.744,70.32300000000001,108.12,111.189,64.9,55.0,30.1,101.3,62.9,87.5,94.7,87.2,94.2,90.8,93.9,12.353,5,5,5,85.247
24.71,6.0,18.247,40.296,38.003,71.10300000000001,108.185,111.242,64.9,55.0,30.1,101.3,62.9,87.5,94.7,87.2,94.2,90.8,93.9,13.424,5,5,5,85.475
24.73,6.0,18.656,40.561,37.922,68.419,107.988,111.117,64.9,55.0,30.1,101.3,62.9,87.5,94.7,87.2,94.2,90.8,93.9,12.364,5,5,5,85.697
24.75,6.0,18.256999999999998,40.312,37.961,71.73899999999999,108.251,111.15299999999999,64.9,55.0,30.1,101.3,62.9,87.5,94.7,87.2,94.2,90.8,93.9,13.237,5,5,5,85.9
24.77,6.0,18.293,39.759,37.816,71.623,108.12,111.15299999999999,64.9,55.0,30.1,101.3,62.9,87.5,94.7,87.2,94.2,90.8,93.9,12.219999999999999,5,5,5,86.128
24.79,6.0,17.967,40.351,38.029,69.27600000000001,108.03200000000001,111.189,64.9,55.0,30.1,101.3,62.9,87.5,94.7,87.2,94.2,90.8,93.9,13.56,5,5,5,86.36
24.81,6.0,18.063,40.459,37.984,70.707,108.03200000000001,111.06299999999999,64.9,55.0,30.1,101.3,62.9,87.5,94.7,87.2,94.2,90.8,93.9,11.928999999999998,5,5,5,86.592
24.83,6.0,17.838,40.664,37.793,69.53399999999999,108.12,111.15299999999999,64.9,55.0,30.1,101.3,62.9,87.5,94.7,87.2,94.2,90.8,93.9,13.213,5,5,5,86.82
24.85,6.0,18.018,40.192,37.955999999999996,71.405,108.01,111.009,64.9,55.0,30.1,101.3,62.9,87.5,94.7,87.2,94.2,90.8,93.9,12.013,5,5,5,87.039
24.87,6.0,18.265,40.035,37.991,74.57300000000001,107.96600000000001,111.189,64.9,55.0,30.1,101.3,62.9,87.5,94.7,87.2,94.2,90.8,93.9,12.966000000000001,5,5,5,87.285
24.89,6.0,18.124000000000002,39.416,37.883,71.20100000000001,107.70200000000001,111.045,64.9,55.0,30.1,101.3,62.9,87.5,94.7,87.2,94.2,90.8,93.9,11.986,5,5,5,87.473
24.91,6.0,17.552,39.632,37.891999999999996,70.619,108.01,111.009,64.9,55.0,30.1,101.3,62.9,87.5,94.7,87.2,94.2,90.8,93.9,13.255,5,5,5,87.71
24.93,6.0,18.214,39.757,37.865,69.753,107.92200000000001,111.15299999999999,64.9,55.0,30.1,101.3,62.9,87.5,94.7,87.2,94.2,90.8,93.9,11.716000000000001,5,5,5,87.931
24.95,6.0,17.930999999999997,39.635999999999996,38.04,70.824,107.79,111.15299999999999,64.9,55.0,30.1,101.3,62.9,87.5,94.7,87.2,94.2,90.8,93.9,13.062999999999999,5,5,5,88.152
24.97,6.0,17.965,39.828,37.879,72.8,107.79,110.991,64.9,55.0,30.1,101.3,62.9,87.5,94.7,87.2,94.2,90.8,93.9,11.695,5,5,5,88.345
24.99,6.0,17.804000000000002,39.792,37.845,70.694,107.65799999999999,110.93700000000001,64.9,55.0,30.1,101.3,62.9,87.5,94.7,87.2,94.2,90.8,93.9,13.119,5,5,5,88.54
25.01,6.0,17.972,39.976,37.836999999999996,70.76,107.59200000000001,110.90100000000001,64.9,55.0,30.1,101.3,62.9,87.5,94.7,87.2,94.2,90.8,93.9,11.675,5,5,5,88.727
25.03,6.0,17.809,38.931999999999995,38.01,69.858,107.68,110.991,64.9,55.0,30.1,101.3,62.9,87.5,94.7,87.2,94.2,90.8,93.9,12.924,5,5,5,88.908
25.05,6.0,17.317,39.605,38.048,69.986,107.72399999999999,110.919,64.9,55.0,30.1,101.3,62.9,87.5,94.7,87.2,94.2,90.8,93.9,11.371,5,5,5,89.09
25.07,6.0,17.907,39.393,37.696999999999996,74.439,107.76799999999999,110.883,64.9,55.0,30.1,101.3,62.9,87.5,94.7,87.2,94.2,90.8,93.9,12.966000000000001,5,5,5,89.283
25.09,6.0,17.907,39.451,37.819,72.225,107.76799999999999,110.883,64.9,55.0,30.1,101.3,62.9,87.5,94.7,87.2,94.2,90.8,93.9,11.322,5,5,5,89.472
25.11,6.0,17.999000000000002,39.125,37.936,69.935,107.61399999999999,110.79299999999999,64.9,55.0,30.1,101.3,62.9,87.5,94.7,87.2,94.2,90.8,93.9,12.604,5,5,5,89.65
25.13,6.0,18.161,39.018,37.882,71.631,107.70200000000001,110.648,64.9,55.0,30.1,101.3,62.9,87.5,94.7,87.2,94.2,90.8,93.9,11.572,5,5,5,89.833
25.15,6.0,17.714,39.298,37.88,69.143,107.54700000000001,110.775,64.9,55.0,30.1,101.3,62.9,87.5,94.7,87.2,94.2,90.8,93.9,12.452000000000002,5,5,5,90.018
25.17,6.0,17.643,39.46,37.833,73.16,107.525,110.738,64.9,55.0,30.1,101.3,62.9,87.5,94.7,87.2,94.2,90.8,93.9,11.767,5,5,5,90.214
25.19,6.0,17.572000000000003,39.666,37.94,71.475,107.50299999999999,110.684,64.9,55.0,30.1,101.3,62.9,87.5,94.7,87.2,94.2,90.8,93.9,12.436,5,5,5,90.381
25.21,6.0,17.435000000000002,39.418,37.900999999999996,70.403,107.37,110.666,64.9,55.0,30.1,101.3,62.9,87.5,94.7,87.2,94.2,90.8,93.9,12.268,5,5,5,90.566
25.23,6.0,17.5,38.891999999999996,37.829,71.547,107.54700000000001,110.738,64.9,55.0,30.1,101.3,62.9,87.5,94.7,87.2,94.2,90.8,93.9,12.286000000000001,5,5,5,90.751
25.25,6.0,16.934,39.879,37.764,68.78999999999999,107.459,110.557,64.9,55.0,30.1,101.3,62.9,87.5,94.7,87.2,94.2,90.8,93.9,12.39,5,5,5,90.926
25.27,6.0,17.705,39.273,37.946,71.145,107.414,110.46600000000001,64.9,55.0,30.1,101.3,62.9,87.5,94.7,87.2,94.2,90.8,93.9,12.195,5,5,5,91.115
25.29,6.0,17.874000000000002,38.843,37.655,72.454,107.303,110.61200000000001,64.9,55.0,30.1,101.3,62.9,87.5,94.7,87.2,94.2,90.8,93.9,12.296,5,5,5,91.283
25.31,6.0,17.091,39.334,37.774,69.655,107.34700000000001,110.594,64.9,55.0,30.1,101.3,62.9,87.5,94.7,87.2,94.2,90.8,93.9,12.222999999999999,5,5,5,91.446
25.33,6.0,17.459000000000003,39.403,37.796,70.11399999999999,107.37,110.448,64.9,55.0,30.1,101.3,62.9,87.5,94.7,87.2,94.2,90.8,93.9,12.443,5,5,5,91.645
25.35,6.0,17.407,39.69,37.777,69.53699999999999,107.459,110.35700000000001,64.9,55.0,30.1,101.3,62.9,87.5,94.7,87.2,94.2,90.8,93.9,12.178999999999998,5,5,5,91.82600000000001
25.37,6.0,17.435000000000002,38.814,37.689,70.282,107.325,110.375,64.8,54.9,30.1,101.2,63.0,87.5,94.7,87.2,94.2,90.8,93.9,12.492,5,5,5,91.991
25.39,6.0,17.012999999999998,38.614000000000004,37.92,72.89399999999999,107.258,110.266,64.8,54.9,30.1,101.2,63.0,87.5,94.7,87.2,94.2,90.8,93.9,12.391,5,5,5,92.17399999999999
25.41,6.0,17.244,38.876999999999995,37.576,71.475,107.258,110.266,64.8,54.9,30.1,101.2,63.0,87.5,94.7,87.2,94.2,90.8,93.9,12.609,5,5,5,92.35799999999999
25.43,7.0,16.819000000000003,38.785,37.861,70.748,107.258,110.339,64.8,54.9,30.1,101.2,63.0,87.5,94.7,87.2,94.2,90.8,93.9,12.190000000000001,5,5,5,92.55
25.45,7.0,16.881,39.203,37.848,63.013000000000005,107.34700000000001,110.339,64.8,54.9,30.1,101.2,63.0,87.5,94.7,87.2,94.2,90.8,93.9,12.225,5,5,5,92.79899999999999
25.47,7.0,17.264000000000003,39.204,37.759,50.425,107.102,110.266,64.8,54.9,30.1,101.2,63.0,87.5,94.7,87.2,94.2,90.8,93.9,12.199,5,5,5,93.37100000000001
25.49,7.0,16.684,39.37,37.646,38.866,107.079,110.28399999999999,64.8,54.9,30.1,101.2,63.0,87.5,94.7,87.2,94.2,90.8,93.9,12.568,5,5,5,94.09299999999999
25.51,7.0,16.835,38.705999999999996,37.804,31.555999999999997,106.96700000000001,110.02799999999999,64.8,54.9,30.1,101.2,63.0,87.5,94.7,87.2,94.2,90.8,93.9,11.972000000000001,5,5,5,94.698
25.53,7.0,16.915999999999997,38.466,37.805,26.529,106.944,110.13799999999999,64.8,54.9,30.1,101.2,63.0,87.5,94.7,87.2,94.2,90.8,93.9,12.261,5,5,5,95.07700000000001
25.55,7.0,17.106,38.634,37.638000000000005,18.970999999999997,106.741,109.881,64.8,54.9,30.1,101.2,63.0,87.5,94.7,87.2,94.2,90.8,93.9,12.099,5,5,5,95.291
25.57,7.0,16.972,38.912,37.703,14.997,106.696,109.881,64.8,54.9,30.1,101.2,63.0,87.5,94.7,87.2,94.2,90.8,93.9,12.068999999999999,5,5,5,95.485
25.59,7.0,16.474,38.995,37.754,11.818,106.83200000000001,109.844,64.8,54.9,30.1,101.2,63.0,87.5,94.7,87.2,94.2,90.8,93.9,11.895,5,5,5,95.656
25.61,7.0,16.692,38.435,37.797,9.689,106.62799999999999,109.53,64.8,54.9,30.1,101.2,63.0,87.5,94.7,87.2,94.2,90.8,93.9,11.568,5,5,5,95.831
25.63,7.0,16.793,38.586,37.66,7.743,106.67299999999999,109.715,64.8,54.9,30.1,101.2,63.0,87.5,94.7,87.2,94.2,90.8,93.9,12.065000000000001,5,5,5,96.09299999999999
25.65,7.0,16.578,38.089,37.826,6.936999999999999,106.764,109.65899999999999,64.8,54.9,30.1,101.2,63.0,87.5,94.7,87.2,94.2,90.8,93.9,11.217,5,5,5,96.287
25.67,7.0,16.277,38.784,37.768,10.484,106.809,109.77,64.8,54.9,30.1,101.2,63.0,87.5,94.7,87.2,94.2,90.8,93.9,12.5,5,5,5,96.47
25.69,7.0,16.575,39.275,37.569,13.335,107.146,109.91799999999999,64.8,54.9,30.1,101.2,63.0,87.5,94.7,87.2,94.2,90.8,93.9,11.299,5,5,5,96.615
25.71,7.0,16.284,39.198,37.59,10.455,106.764,109.86200000000001,64.8,54.9,30.1,101.2,63.0,87.5,94.7,87.2,94.2,90.8,93.9,11.492999999999999,5,5,5,96.76100000000001
25.73,7.0,17.0,38.536,37.629,8.283999999999999,106.65100000000001,109.678,64.8,54.9,30.1,101.2,63.0,87.5,94.7,87.2,94.2,90.8,93.9,11.73,5,5,5,96.87100000000001
25.75,7.0,16.105,38.764,37.634,7.215999999999999,106.67299999999999,109.585,64.8,54.9,30.1,101.2,63.0,87.5,94.7,87.2,94.2,90.8,93.9,11.498999999999999,5,5,5,96.96700000000001
25.77,7.0,16.305999999999997,38.381,37.657,6.334,106.65100000000001,109.73299999999999,64.8,54.9,30.1,101.2,63.0,87.5,94.7,87.2,94.2,90.8,93.9,11.674,5,5,5,97.057
25.79,7.0,16.534,38.084,37.659,5.998,106.492,109.54799999999999,64.8,54.9,30.1,101.2,63.0,87.5,94.7,87.2,94.2,90.8,93.9,11.144,5,5,5,97.148
25.81,7.0,16.878,38.085,37.260999999999996,6.8,106.65100000000001,109.696,64.8,54.9,30.1,101.2,63.0,87.5,94.7,87.2,94.2,90.8,93.9,12.079,5,5,5,97.21600000000001
25.83,7.0,16.228,38.150999999999996,37.656,8.370000000000001,106.65100000000001,109.53,64.8,54.9,30.1,101.2,63.0,87.5,94.7,87.2,94.2,90.8,93.9,10.608,5,5,5,97.314
25.85,7.0,16.528,37.883,37.744,11.056000000000001,106.40100000000001,109.585,64.8,54.9,30.1,101.2,63.0,87.5,94.7,87.2,94.2,90.8,93.9,11.424,5,5,5,97.462
25.87,7.0,15.907,38.404,37.594,13.767000000000001,106.583,109.604,64.8,54.9,30.1,101.2,63.0,87.5,94.7,87.2,94.2,90.8,93.9,11.228,5,5,5,97.699
25.89,7.0,16.268,38.359,37.629,17.088,106.469,109.696,64.8,54.9,30.1,101.2,63.0,87.5,94.7,87.2,94.2,90.8,93.9,11.261,5,5,5,98.02600000000001
25.91,7.0,15.923,37.596,37.644,19.95,106.42399999999999,109.604,64.8,54.9,30.1,101.2,63.0,87.5,94.7,87.2,94.2,90.8,93.9,11.576,5,5,5,98.416
25.93,7.0,16.494999999999997,38.394,37.615,20.848,106.40100000000001,109.585,64.8,54.9,30.1,101.2,63.0,87.5,94.7,87.2,94.2,90.8,93.9,11.046,5,5,5,98.861
25.95,7.0,16.122999999999998,38.071999999999996,37.615,22.704,106.537,109.47399999999999,64.8,54.9,30.1,101.2,63.0,87.5,94.7,87.2,94.2,90.8,93.9,11.689,5,5,5,99.365
25.97,7.0,16.012999999999998,38.643,37.589,21.480999999999998,106.37799999999999,109.36200000000001,64.8,54.9,30.1,101.2,63.0,87.5,94.7,87.2,94.2,90.8,93.9,10.568999999999999,5,5,5,99.9
25.99,7.0,15.237,37.748000000000005,37.588,21.154,106.264,109.36200000000001,64.8,54.9,30.1,101.2,63.0,87.5,94.7,87.2,94.2,90.8,93.9,11.847000000000001,5,5,5,100.447
26.01,7.0,15.798,38.405,37.671,20.658,106.309,109.56700000000001,64.8,54.9,30.1,101.2,63.0,87.5,94.7,87.2,94.2,90.8,93.9,11.234,5,5,5,100.97399999999999
26.03,7.0,15.572000000000001,37.818000000000005,37.513000000000005,19.485,106.446,109.325,64.8,54.9,30.1,101.2,63.0,87.5,94.7,87.2,94.2,90.8,93.9,11.32,5,5,5,101.537
26.05,7.0,15.349,38.306,37.545,19.990000000000002,106.309,109.23200000000001,64.8,54.9,30.1,101.2,63.0,87.5,94.7,87.2,94.2,90.8,93.9,11.479,5,5,5,102.04700000000001
26.07,7.0,15.780999999999999,38.086,37.373000000000005,18.365000000000002,106.287,109.26899999999999,64.8,54.9,30.1,101.2,63.0,87.5,94.7,87.2,94.2,90.8,93.9,11.100999999999999,5,5,5,102.602
26.09,7.0,15.950999999999999,37.692,37.364000000000004,14.026,106.287,109.13799999999999,64.8,54.9,30.1,101.2,63.0,87.5,94.7,87.2,94.2,90.8,93.9,11.553999999999998,5,5,5,103.135
26.11,7.0,15.425,37.934,37.509,10.961,106.264,109.101,64.8,54.9,30.1,101.2,63.0,87.5,94.7,87.2,94.2,90.8,93.9,10.761,5,5,5,103.598
26.13,7.0,15.577,37.884,37.415,8.921,106.03399999999999,109.195,64.8,54.9,30.1,101.2,63.0,87.5,94.7,87.2,94.2,90.8,93.9,11.951,5,5,5,103.979
26.15,7.0,15.402999999999999,37.889,37.474000000000004,7.734999999999999,105.82600000000001,108.895,64.8,54.9,30.1,101.2,63.0,87.5,94.7,87.2,94.2,90.8,93.9,10.547,5,5,5,104.204
26.17,7.0,15.870999999999999,37.775,37.434,7.734999999999999,105.988,108.649,64.8,54.9,30.1,101.2,63.0,87.5,94.7,87.2,94.2,90.8,93.9,11.035,5,5,5,104.34299999999999
26.19,7.0,15.502,37.801,37.512,8.574,106.17200000000001,109.007,64.8,54.9,30.1,101.2,63.0,87.5,94.7,87.2,94.2,90.8,93.9,10.985,5,5,5,104.39
26.21,8.0,15.642000000000001,37.954,37.289,7.462,105.988,108.98899999999999,64.8,54.9,30.1,101.2,63.0,87.5,94.7,87.2,94.2,90.8,93.9,11.061,5,5,5,104.436
26.23,8.0,15.043,37.607,37.403,6.607,105.82600000000001,108.85700000000001,64.8,54.9,30.1,101.2,63.0,87.5,94.7,87.2,94.2,90.8,93.9,11.301,5,5,5,104.44200000000001
26.25,8.0,15.715,37.686,37.44,4.677,105.85,108.913,64.8,54.9,30.1,101.2,63.0,87.5,94.7,87.2,94.2,90.8,93.9,10.794,5,5,5,104.455
26.27,8.0,15.532,37.143,37.408,4.897,105.82600000000001,108.913,64.8,54.9,30.1,101.2,63.0,87.5,94.7,87.2,94.2,90.8,93.9,11.883,5,5,5,104.463
26.29,8.0,15.192,37.788000000000004,37.624,4.852,105.757,108.95100000000001,64.8,54.9,30.1,101.2,63.0,87.5,94.7,87.2,94.2,90.8,93.9,10.442,5,5,5,104.473
26.31,8.0,14.929,37.633,37.446999999999996,4.863,105.501,108.744,64.8,54.9,30.1,101.2,63.0,87.5,94.7,87.2,94.2,90.8,93.9,11.597000000000001,5,5,5,104.46600000000001
26.33,8.0,15.193,36.915,37.404,5.218,105.734,109.007,64.8,54.9,30.1,101.2,63.0,87.5,94.7,87.2,94.2,90.8,93.9,11.213999999999999,5,5,5,104.46799999999999
26.35,8.0,15.314,37.429,37.244,5.288,105.594,108.876,64.8,54.9,30.1,101.2,63.0,87.5,94.7,87.2,94.2,90.8,93.9,11.206,5,5,5,104.46799999999999
26.37,8.0,15.46,37.537,37.372,4.931,105.501,108.76299999999999,64.8,54.9,30.1,101.2,63.0,87.5,94.7,87.2,94.2,90.8,93.9,11.614,5,5,5,104.463
26.39,8.0,15.362,37.034,37.326,4.941,105.571,108.78200000000001,64.8,54.9,30.1,101.2,63.0,87.5,94.7,87.2,94.2,90.8,93.9,10.925,5,5,5,104.459
26.41,8.0,14.809,38.363,37.56,4.79,105.361,108.725,64.8,54.9,30.1,101.2,63.0,87.5,94.7,87.2,94.2,90.8,93.9,11.77,5,5,5,104.464
26.43,8.0,14.84,37.084,37.366,4.549,105.524,108.819,64.8,54.9,30.1,101.2,63.0,87.5,94.7,87.2,94.2,90.8,93.9,10.55,5,5,5,104.461
26.45,8.0,14.695,37.479,37.405,5.064,105.571,108.63,64.8,54.9,30.1,101.2,63.0,87.5,94.7,87.2,94.2,90.8,93.9,11.901,5,5,5,104.465
26.47,8.0,14.627,36.702,37.454,4.726,105.524,108.61200000000001,64.8,54.9,30.1,101.2,63.0,87.5,94.7,87.2,94.2,90.8,93.9,11.029,5,5,5,104.465
26.49,8.0,14.719,37.626,37.347,4.55,105.571,108.555,64.8,54.9,30.1,101.2,63.0,87.5,94.7,87.2,94.2,90.8,93.9,11.24,5,5,5,104.469
26.51,8.0,15.341,37.015,37.215,4.886,105.618,108.555,64.8,54.9,30.1,101.2,63.0,87.5,94.7,87.2,94.2,90.8,93.9,11.338,5,5,5,104.462
26.53,8.0,15.11,37.032,37.54,4.693,105.524,108.59299999999999,64.8,54.9,30.1,101.2,63.0,87.5,94.7,87.2,94.2,90.8,93.9,10.956,5,5,5,104.464
26.55,8.0,14.998,37.0,37.519,4.565,105.524,108.574,64.8,54.9,30.1,101.2,63.0,87.5,94.7,87.2,94.2,90.8,93.9,10.782,5,5,5,104.463
26.57,8.0,15.373,36.985,37.376999999999995,4.975,105.571,108.574,64.8,54.9,30.1,101.2,63.0,87.5,94.7,87.2,94.2,90.8,93.9,11.425,5,5,5,104.46700000000001
26.59,8.0,15.137,36.545,37.341,5.039,105.618,108.441,64.8,54.9,30.1,101.2,63.0,87.5,94.7,87.2,94.2,90.8,93.9,11.043,5,5,5,104.464
26.61,8.0,14.854,36.590999999999994,37.289,4.926,105.337,108.384,64.8,54.9,30.1,101.2,63.0,87.5,94.7,87.2,94.2,90.8,93.9,11.018,5,5,5,104.464
26.63,8.0,14.929,36.921,37.395,4.862,105.26700000000001,108.289,64.8,54.9,30.1,101.2,63.0,87.5,94.7,87.2,94.2,90.8,93.9,11.422999999999998,5,5,5,104.46600000000001
26.65,8.0,15.599,37.037,37.321,4.946,105.478,108.479,64.8,54.9,30.1,101.2,63.0,87.5,94.7,87.2,94.2,90.8,93.9,10.164,5,5,5,104.462
26.67,8.0,14.728,37.198,37.218,5.362,105.384,108.536,64.8,54.9,30.1,101.2,63.0,87.5,94.7,87.2,94.2,90.8,93.9,11.471,5,5,5,104.462
26.69,8.0,14.693999999999999,37.086999999999996,37.510999999999996,4.636,105.384,108.441,64.8,54.9,30.1,101.2,63.0,87.5,94.7,87.2,94.2,90.8,93.9,10.99,5,5,5,104.459
26.71,8.0,14.679,36.864999999999995,37.053000000000004,4.965,105.337,108.384,64.8,54.9,30.1,101.2,63.0,87.5,94.7,87.2,94.2,90.8,93.9,10.818,5,5,5,104.465
26.73,8.0,14.674,37.161,37.236,5.217,105.197,108.46,64.8,54.9,30.1,101.2,63.0,87.5,94.7,87.2,94.2,90.8,93.9,11.354,5,5,5,104.463
26.75,8.0,14.039,37.141999999999996,37.33,4.787,105.40799999999999,108.251,64.8,54.9,30.1,101.2,63.0,87.5,94.7,87.2,94.2,90.8,93.9,9.998000000000001,5,5,5,104.462
26.77,8.0,14.756,37.201,37.28,4.712,105.337,108.23100000000001,64.8,54.9,30.1,101.2,63.0,87.5,94.7,87.2,94.2,90.8,93.9,11.182,5,5,5,104.46799999999999
26.79,8.0,14.743,36.828,37.295,5.072,105.384,108.079,64.8,54.9,30.1,101.2,63.0,87.5,94.7,87.2,94.2,90.8,93.9,10.902999999999999,5,5,5,104.464
26.81,8.0,14.471,36.677,37.269,5.13,105.26700000000001,108.155,64.8,54.9,30.1,101.2,63.0,87.5,94.7,87.2,94.2,90.8,93.9,10.747,5,5,5,104.46
26.83,8.0,14.649,37.219,37.14,4.856,105.15,108.27,64.8,54.9,30.1,101.2,63.0,87.5,94.7,87.2,94.2,90.8,93.9,11.258,5,5,5,104.469
26.85,8.0,14.885,36.516999999999996,37.251999999999995,4.625,105.197,108.384,64.8,54.9,30.1,101.2,63.0,87.5,94.7,87.2,94.2,90.8,93.9,9.962,5,5,5,104.46600000000001
26.87,8.0,14.216000000000001,36.336,36.94,4.777,105.337,108.251,64.8,54.9,30.1,101.2,63.0,87.5,94.7,87.2,94.2,90.8,93.9,10.989,5,5,5,104.46700000000001
26.89,8.0,14.187999999999999,36.868,37.24,5.055,105.197,108.155,64.8,54.9,30.1,101.2,63.0,87.5,94.7,87.2,94.2,90.8,93.9,10.735,5,5,5,104.463
26.91,8.0,14.634,35.943,37.316,4.977,105.008,108.117,64.8,54.9,30.1,101.2,63.0,87.5,94.7,87.2,94.2,90.8,93.9,10.619,5,5,5,104.464
26.93,8.0,14.34,36.471999999999994,37.444,4.712,105.17299999999999,108.13600000000001,64.8,54.9,30.1,101.2,63.0,87.5,94.7,87.2,94.2,90.8,93.9,11.019,5,5,5,104.46
26.95,8.0,14.785,35.823,37.05,4.861,105.102,108.059,64.8,54.9,30.1,101.2,63.0,87.5,94.7,87.2,94.2,90.8,93.9,9.914,5,5,5,104.463
26.97,8.0,14.144,36.528000000000006,37.288000000000004,5.203,105.055,108.23100000000001,64.8,54.9,30.1,101.2,63.0,87.5,94.7,87.2,94.2,90.8,93.9,10.957,5,5,5,104.461
26.99,8.0,14.221,36.049,37.152,5.088,105.102,108.27,64.8,54.9,30.1,101.2,63.0,87.5,94.7,87.2,94.2,90.8,93.9,10.643,5,5,5,104.465
27.01,8.0,14.578,36.749,37.132,5.566,104.93700000000001,108.00200000000001,64.8,54.9,30.1,101.2,63.0,87.5,94.7,87.2,94.2,90.8,93.9,10.547999999999998,5,5,5,104.462
27.03,8.0,14.578,36.572,36.997,5.213,105.008,108.059,64.8,54.9,30.1,101.2,63.0,87.5,94.7,87.2,94.2,90.8,93.9,11.357,5,5,5,104.462
27.05,8.0,14.68,36.081,37.279,5.38,104.89,108.13600000000001,64.8,54.9,30.1,101.2,63.0,87.5,94.7,87.2,94.2,90.8,93.9,9.863,5,5,5,104.458
27.07,8.0,14.318,36.221000000000004,37.073,5.335,104.93700000000001,107.944,64.8,54.9,30.1,101.2,63.0,87.5,94.7,87.2,94.2,90.8,93.9,10.897,5,5,5,104.45700000000001
27.09,8.0,13.901,36.291,37.361999999999995,5.648,104.93700000000001,107.98299999999999,64.8,54.9,30.1,101.2,63.0,87.5,94.7,87.2,94.2,90.8,93.9,10.846,5,5,5,104.459
27.11,8.0,13.795,35.944,37.139,5.085,104.771,108.00200000000001,64.8,54.9,30.1,101.2,63.0,87.5,94.7,87.2,94.2,90.8,93.9,10.577000000000002,5,5,5,104.462
27.13,8.0,14.311,36.926,37.246,4.927,104.984,107.81,64.8,54.9,30.1,101.2,63.0,87.5,94.7,87.2,94.2,90.8,93.9,11.286000000000001,5,5,5,104.458
27.15,8.0,13.582,35.948,37.295,5.008,104.84200000000001,107.906,64.8,54.9,30.1,101.2,63.0,87.5,94.7,87.2,94.2,90.8,93.9,9.906,5,5,5,104.456
27.17,8.0,13.798,36.672,37.172,5.045,104.84200000000001,107.944,64.8,54.9,30.1,101.2,63.0,87.5,94.7,87.2,94.2,90.8,93.9,10.934000000000001,5,5,5,104.454
27.19,8.0,13.727,36.242,36.976,4.756,104.74700000000001,107.906,64.8,54.9,30.1,101.2,63.0,87.5,94.7,87.2,94.2,90.8,93.9,10.692,5,5,5,104.458
27.21,8.0,14.08,36.286,37.251,4.3309999999999995,104.795,108.059,64.8,54.9,30.1,101.2,63.0,87.5,94.7,87.2,94.2,90.8,93.9,10.61,5,5,5,104.46
27.23,8.0,14.058,35.786,37.064,4.67,104.795,107.81,64.8,54.9,30.1,101.2,63.0,87.5,94.7,87.2,94.2,90.8,93.9,11.254999999999999,5,5,5,104.455
27.25,8.0,14.04,36.443,37.196999999999996,4.608,104.866,107.675,64.8,54.9,30.1,101.2,63.0,87.5,94.7,87.2,94.2,90.8,93.9,9.992,5,5,5,104.463
27.27,8.0,14.017999999999999,35.381,37.051,5.172,104.62799999999999,107.63600000000001,64.8,54.9,30.1,101.2,63.0,87.5,94.7,87.2,94.2,90.8,93.9,11.186,5,5,5,104.454
27.29,8.0,13.88,36.023,37.272,4.594,104.509,107.79,64.8,54.9,30.1,101.2,63.0,87.5,94.7,87.2,94.2,90.8,93.9,11.035,5,5,5,104.46
27.31,8.0,13.224,36.0,37.006,4.662,104.676,107.79,64.8,54.9,30.1,101.2,63.0,87.5,94.7,87.2,94.2,90.8,93.9,10.568999999999999,5,5,5,104.46
27.33,8.0,13.867,35.34,37.198,4.753,104.43700000000001,107.713,64.8,54.9,30.1,101.2,63.0,87.5,94.7,87.2,94.2,90.8,93.9,11.219,5,5,5,104.46
27.35,8.0,13.597999999999999,35.793000000000006,37.039,4.849,104.652,107.75200000000001,64.8,54.9,30.1,101.2,63.0,87.5,94.7,87.2,94.2,90.8,93.9,9.975,5,5,5,104.465
27.37,8.0,13.744,35.744,37.043,4.799,104.676,107.79,64.7,54.9,30.1,100.9,63.2,87.5,94.7,87.2,94.2,90.8,93.9,10.91,5,5,5,104.461
27.39,8.0,13.119,35.268,37.34,5.107,104.509,107.57799999999999,64.7,54.9,30.1,100.9,63.2,87.5,94.7,87.2,94.2,90.8,93.9,10.969999999999999,5,5,5,104.461
27.41,8.0,13.705,35.477,37.155,4.823,104.485,107.539,64.7,54.9,30.1,100.9,63.2,87.5,94.7,87.2,94.2,90.8,93.9,10.642,5,5,5,104.469
27.43,8.0,12.853,35.477,37.152,4.594,104.509,107.63600000000001,64.7,54.9,30.1,100.9,63.2,87.5,94.7,87.2,94.2,90.8,93.9,11.186,5,5,5,104.463
27.45,8.0,13.324,35.869,37.126999999999995,4.873,104.485,107.617,64.7,54.9,30.1,100.9,63.2,87.5,94.7,87.2,94.2,90.8,93.9,9.895,5,5,5,104.463
27.47,8.0,13.627,35.245000000000005,37.132,4.62,104.34100000000001,107.44200000000001,64.7,54.9,30.1,100.9,63.2,87.5,94.7,87.2,94.2,90.8,93.9,10.808,5,5,5,104.463
27.49,8.0,13.454,35.834,37.251,4.656,104.365,107.48100000000001,64.7,54.9,30.1,100.9,63.2,87.5,94.7,87.2,94.2,90.8,93.9,10.791,5,5,5,104.461
27.51,8.0,13.027000000000001,35.655,37.234,5.228,104.365,107.559,64.7,54.9,30.1,100.9,63.2,87.5,94.7,87.2,94.2,90.8,93.9,10.594999999999999,5,5,5,104.463
27.53,8.0,13.184,35.739999999999995,37.132,4.863,104.34100000000001,107.5,64.7,54.9,30.1,100.9,63.2,87.5,94.7,87.2,94.2,90.8,93.9,11.281,5,5,5,104.46
27.55,8.0,13.533999999999999,35.409000000000006,37.293,4.642,104.389,107.675,64.7,54.9,30.1,100.9,63.2,87.5,94.7,87.2,94.2,90.8,93.9,10.504999999999999,5,5,5,104.465
27.57,8.0,13.805,36.066,37.074,4.986,104.58,107.52,64.7,54.9,30.1,100.9,63.2,87.5,94.7,87.2,94.2,90.8,93.9,11.478,5,5,5,104.46600000000001
27.59,8.0,12.901,36.074,37.033,4.605,104.26799999999999,107.559,64.7,54.9,30.1,100.9,63.2,87.5,94.7,87.2,94.2,90.8,93.9,10.181000000000001,5,5,5,104.462
27.61,8.0,13.017999999999999,35.42,37.175,4.848,104.26799999999999,107.44200000000001,64.7,54.9,30.1,100.9,63.2,87.5,94.7,87.2,94.2,90.8,93.9,10.675,5,5,5,104.461
27.63,8.0,12.947,35.565,37.358000000000004,4.513,104.509,107.306,64.7,54.9,30.1,100.9,63.2,87.5,94.7,87.2,94.2,90.8,93.9,11.044,5,5,5,104.465
27.65,8.0,13.163,35.555,37.215,4.874,104.22,107.26700000000001,64.7,54.9,30.1,100.9,63.2,87.5,94.7,87.2,94.2,90.8,93.9,10.297999999999998,5,5,5,104.464
27.67,8.0,13.17,35.194,37.113,4.838,104.43700000000001,107.559,64.7,54.9,30.1,100.9,63.2,87.5,94.7,87.2,94.2,90.8,93.9,11.354,5,5,5,104.46600000000001
27.69,8.0,12.690000000000001,35.464,37.27,4.3870000000000005,104.31700000000001,107.345,64.7,54.9,30.1,100.9,63.2,87.5,94.7,87.2,94.2,90.8,93.9,10.501000000000001,5,5,5,104.46600000000001
27.71,8.0,12.745000000000001,34.956,36.967,4.8,104.244,107.325,64.7,54.9,30.1,100.9,63.2,87.5,94.7,87.2,94.2,90.8,93.9,10.632000000000001,5,5,5,104.463
27.73,8.0,13.334,35.885999999999996,37.1,5.067,104.31700000000001,107.48100000000001,64.7,54.9,30.1,100.9,63.2,87.5,94.7,87.2,94.2,90.8,93.9,10.780000000000001,5,5,5,104.459
27.75,8.0,13.448,35.249,36.885000000000005,4.604,104.244,107.52,64.7,54.9,30.1,100.9,63.2,87.5,94.7,87.2,94.2,90.8,93.9,10.224,5,5,5,104.461
27.77,8.0,12.512,35.298,37.246,4.796,104.22,107.52,64.7,54.9,30.1,100.9,63.2,87.5,94.7,87.2,94.2,90.8,93.9,11.216000000000001,5,5,5,104.462
27.79,8.0,12.461,35.215999999999994,37.302,5.382,104.413,107.539,64.7,54.9,30.1,100.9,63.2,87.5,94.7,87.2,94.2,90.8,93.9,10.692,5,5,5,104.464
27.81,8.0,12.971,34.796,37.275,4.811,104.34100000000001,107.228,64.7,54.9,30.1,100.9,63.2,87.5,94.7,87.2,94.2,90.8,93.9,10.599,5,5,5,104.458
27.83,8.0,12.615,34.93300000000001,37.137,4.649,104.365,107.228,64.7,54.9,30.1,100.9,63.2,87.5,94.7,87.2,94.2,90.8,93.9,10.768,5,5,5,104.463
27.85,8.0,12.871,35.583,37.181,4.968,104.051,107.36399999999999,64.7,54.9,30.1,100.9,63.2,87.5,94.7,87.2,94.2,90.8,93.9,9.981,5,5,5,104.459
27.87,8.0,12.695,35.205,37.308,5.28,104.124,107.36399999999999,64.7,54.9,30.1,100.9,63.2,87.5,94.7,87.2,94.2,90.8,93.9,11.337,5,5,5,104.459
27.89,8.0,12.838999999999999,35.161,37.13,5.013,104.09899999999999,107.462,64.7,54.9,30.1,100.9,63.2,87.5,94.7,87.2,94.2,90.8,93.9,10.475999999999999,5,5,5,104.459
27.91,8.0,13.094,34.861999999999995,37.251,5.024,104.075,107.36399999999999,64.7,54.9,30.1,100.9,63.2,87.5,94.7,87.2,94.2,90.8,93.9,10.517,5,5,5,104.463
27.93,8.0,12.681000000000001,35.295,36.971000000000004,5.255,104.196,107.189,64.7,54.9,30.1,100.9,63.2,87.5,94.7,87.2,94.2,90.8,93.9,10.608,5,5,5,104.46
27.95,8.0,12.232,34.391999999999996,37.159,5.49,104.17200000000001,107.208,64.7,54.9,30.1,100.9,63.2,87.5,94.7,87.2,94.2,90.8,93.9,9.865,5,5,5,104.461
27.97,8.0,12.669,35.217,37.256,5.148,104.09899999999999,107.306,64.7,54.9,30.1,100.9,63.2,87.5,94.7,87.2,94.2,90.8,93.9,11.347000000000001,5,5,5,104.46
27.99,8.0,12.645,35.081,36.968,4.938,104.00200000000001,107.24700000000001,64.7,54.9,30.1,100.9,63.2,87.5,94.7,87.2,94.2,90.8,93.9,10.513,5,5,5,104.46799999999999
28.01,8.0,12.496,34.929,37.03,5.439,103.978,107.169,64.7,54.9,30.1,100.9,63.2,87.5,94.7,87.2,94.2,90.8,93.9,10.376000000000001,5,5,5,104.463
28.03,8.0,12.393,35.039,37.1,5.112,103.78299999999999,107.13,64.7,54.9,30.1,100.9,63.2,87.5,94.7,87.2,94.2,90.8,93.9,10.817,5,5,5,104.46799999999999
28.05,8.0,12.303,34.424,37.239000000000004,4.829,103.881,107.111,64.7,54.9,30.1,100.9,63.2,87.5,94.7,87.2,94.2,90.8,93.9,9.785,5,5,5,104.465
28.07,8.0,12.245000000000001,35.074,37.105,4.994,104.075,107.26700000000001,64.7,54.9,30.1,100.9,63.2,87.5,94.7,87.2,94.2,90.8,93.9,11.033999999999999,5,5,5,104.471
28.09,8.0,12.395,34.543000000000006,37.169000000000004,5.061,103.71,106.993,64.7,54.9,30.1,100.9,63.2,87.5,94.7,87.2,94.2,90.8,93.9,10.636,5,5,5,104.476
28.11,8.0,11.832,35.165,37.228,5.169,103.83200000000001,107.09100000000001,64.7,54.9,30.1,100.9,63.2,87.5,94.7,87.2,94.2,90.8,93.9,10.456,5,5,5,104.465
28.13,8.0,12.402000000000001,34.624,36.882,5.178,103.881,107.03200000000001,64.7,54.9,30.1,100.9,63.2,87.5,94.7,87.2,94.2,90.8,93.9,10.71,5,5,5,104.46799999999999
28.15,8.0,11.869,34.687,37.2,4.856,103.80799999999999,106.993,64.7,54.9,30.1,100.9,63.2,87.5,94.7,87.2,94.2,90.8,93.9,9.856,5,5,5,104.476
28.17,8.0,12.453,35.065,36.993,4.745,103.78299999999999,106.973,64.7,54.9,30.1,100.9,63.2,87.5,94.7,87.2,94.2,90.8,93.9,10.931000000000001,5,5,5,104.459
28.19,8.0,12.428,33.96,36.995000000000005,4.966,103.78299999999999,106.777,64.7,54.9,30.1,100.9,63.2,87.5,94.7,87.2,94.2,90.8,93.9,10.555,5,5,5,104.464
28.21,8.0,12.648,34.562,37.027,4.919,103.85700000000001,106.954,64.7,54.9,30.1,100.9,63.2,87.5,94.7,87.2,94.2,90.8,93.9,10.408999999999999,5,5,5,104.461
28.23,8.0,12.241,34.382,37.232,5.063,103.686,106.915,64.7,54.9,30.1,100.9,63.2,87.5,94.7,87.2,94.2,90.8,93.9,11.366,5,5,5,104.462
28.25,8.0,12.346,34.6,37.234,4.936,103.978,106.85600000000001,64.7,54.9,30.1,100.9,63.2,87.5,94.7,87.2,94.2,90.8,93.9,9.8,5,5,5,104.477
28.27,8.0,12.082,34.173,37.234,5.047,103.661,106.698,64.7,54.9,30.1,100.9,63.2,87.5,94.7,87.2,94.2,90.8,93.9,10.627,5,5,5,104.45200000000001
28.29,8.0,12.335,34.227,37.231,4.872,103.78299999999999,106.698,64.7,54.9,30.1,100.9,63.2,87.5,94.7,87.2,94.2,90.8,93.9,10.754999999999999,5,5,5,104.447
28.31,8.0,12.317,34.918000000000006,36.979,5.112,103.80799999999999,106.777,64.7,54.9,30.1,100.9,63.2,87.5,94.7,87.2,94.2,90.8,93.9,10.498,5,5,5,104.463
28.33,8.0,12.414,34.269999999999996,37.124,5.179,103.61200000000001,106.796,64.7,54.9,30.1,100.9,63.2,87.5,94.7,87.2,94.2,90.8,93.9,11.103,5,5,5,104.456
28.35,8.0,11.808,34.325,37.006,4.702,103.71,106.698,64.7,54.9,30.1,100.9,63.2,87.5,94.7,87.2,94.2,90.8,93.9,9.856,5,5,5,104.462
28.37,8.0,12.129999999999999,34.198,37.111999999999995,4.763,103.735,106.73700000000001,64.7,54.9,30.1,100.9,63.2,87.5,94.7,87.2,94.2,90.8,93.9,10.557,5,5,5,104.46700000000001
28.39,8.0,11.914,34.592,37.069,5.518,103.49,106.678,64.7,54.9,30.1,100.9,63.2,87.5,94.7,87.2,94.2,90.8,93.9,10.959,5,5,5,104.45200000000001
28.41,8.0,12.203,34.725,37.007,4.972,103.61200000000001,106.757,64.7,54.9,30.1,100.9,63.2,87.5,94.7,87.2,94.2,90.8,93.9,10.396,5,5,5,104.469
28.43,8.0,11.753,34.439,37.025,4.757,103.588,106.698,64.7,54.9,30.1,100.9,63.2,87.5,94.7,87.2,94.2,90.8,93.9,11.268,5,5,5,104.463
28.45,8.0,11.998999999999999,34.671,37.139,5.108,103.465,106.559,64.7,54.9,30.1,100.9,63.2,87.5,94.7,87.2,94.2,90.8,93.9,9.873999999999999,5,5,5,104.46
28.47,8.0,11.919,34.275999999999996,36.971999999999994,4.813,103.661,106.619,64.7,54.9,30.1,100.9,63.2,87.5,94.7,87.2,94.2,90.8,93.9,10.617999999999999,5,5,5,104.456
28.49,8.0,12.303,34.254000000000005,36.8,4.91,103.588,106.579,64.7,54.9,30.1,100.9,63.2,87.5,94.7,87.2,94.2,90.8,93.9,10.713,5,5,5,104.464
28.51,8.0,12.068,33.983000000000004,36.941,4.757,103.416,106.678,64.7,54.9,30.1,100.9,63.2,87.5,94.7,87.2,94.2,90.8,93.9,10.472000000000001,5,5,5,104.46700000000001
28.53,8.0,12.059999999999999,33.961,37.071999999999996,4.857,103.56299999999999,106.698,64.7,54.9,30.1,100.9,63.2,87.5,94.7,87.2,94.2,90.8,93.9,11.233,5,5,5,104.462
28.55,8.0,11.308,34.073,37.113,4.903,103.416,106.559,64.7,54.9,30.1,100.9,63.2,87.5,94.7,87.2,94.2,90.8,93.9,10.582,5,5,5,104.465
28.57,8.0,12.272,34.035,37.086999999999996,4.967,103.31700000000001,106.619,64.7,54.9,30.1,100.9,63.2,87.5,94.675,87.2,94.2,90.8,93.9,10.882000000000001,5,5,5,104.465
28.59,8.0,11.559000000000001,34.495999999999995,37.010999999999996,4.909,103.34200000000001,106.52,64.7,54.9,30.1,100.9,63.2,87.5,94.642,87.2,94.2,90.8,93.9,10.308,5,5,5,104.462
28.61,8.0,11.948,34.527,36.926,5.233,103.465,106.46,64.7,54.9,30.1,100.9,63.2,87.5,94.624,87.2,94.2,90.8,93.9,11.440000000000001,5,5,5,104.461
28.63,8.0,11.514,34.223,37.102,4.871,103.34200000000001,106.26100000000001,64.7,54.9,30.1,100.9,63.2,87.5,94.613,87.2,94.2,90.8,93.9,10.767,5,5,5,104.464
28.65,8.0,11.722000000000001,34.129000000000005,37.012,5.36,103.416,106.46,64.7,54.9,30.1,100.9,63.2,87.5,94.608,87.2,94.2,90.8,93.9,10.567,5,5,5,104.469
28.67,8.0,11.836,34.277,37.101,4.626,103.31700000000001,106.52,64.7,54.9,30.1,100.9,63.2,87.5,94.604,87.2,94.2,90.8,93.9,10.943,5,5,5,104.464
28.69,8.0,11.581,34.211,36.964,4.473,103.34200000000001,106.59899999999999,64.7,54.9,30.1,100.9,63.2,87.5,94.602,87.2,94.2,90.8,93.9,10.031,5,5,5,104.46799999999999
28.71,8.0,11.428999999999998,33.938,36.949,4.514,103.34200000000001,106.48,64.7,54.9,30.1,100.9,63.2,87.5,94.601,87.2,94.2,90.8,93.9,11.433,5,5,5,104.46700000000001
28.73,8.0,11.371,34.480000000000004,37.014,4.876,103.193,106.42,64.7,54.9,30.1,100.9,63.2,87.5,94.601,87.2,94.2,90.8,93.9,10.732,5,5,5,104.46600000000001
28.75,8.0,11.467,33.677,36.876,5.09,102.969,106.321,64.7,54.9,30.1,100.9,63.2,87.5,94.6,87.2,94.2,90.8,93.9,10.626000000000001,5,5,5,104.465
28.77,8.0,12.007000000000001,33.656,36.995000000000005,5.169,103.14399999999999,106.301,64.7,54.9,30.1,100.9,63.2,87.5,94.6,87.2,94.2,90.8,93.9,10.902999999999999,5,5,5,104.462
28.79,8.0,11.354,33.465999999999994,36.968,4.647,103.14399999999999,106.361,64.7,54.9,30.1,100.9,63.2,87.5,94.6,87.2,94.2,90.8,93.9,10.312999999999999,5,5,5,104.465
28.81,8.0,11.172999999999998,33.691,36.92,4.701,103.26700000000001,106.321,64.7,54.9,30.1,100.9,63.2,87.5,94.6,87.2,94.2,90.8,93.9,11.921,5,5,5,104.46799999999999
28.83,8.0,10.907,33.825,36.945,5.123,103.193,106.081,64.7,54.9,30.1,100.9,63.2,87.5,94.6,87.2,94.2,90.8,93.9,10.795,5,5,5,104.465
28.85,8.0,11.112,33.672,36.826,5.216,103.193,106.361,64.7,54.9,30.1,100.9,63.2,87.5,94.6,87.2,94.2,90.8,93.9,10.748999999999999,5,5,5,104.465
28.87,8.0,11.106,33.456999999999994,36.985,5.636,103.044,106.181,64.7,54.9,30.1,100.9,63.2,87.5,94.6,87.2,94.2,90.8,93.9,11.0,5,5,5,104.46600000000001
28.89,8.0,11.123999999999999,33.506,37.012,5.257,103.044,106.161,64.7,54.9,30.1,100.9,63.2,87.5,94.6,87.2,94.2,90.8,93.9,10.385,5,5,5,104.459
28.91,8.0,10.699,33.853,37.107,4.977,103.119,106.12100000000001,64.7,54.9,30.1,100.9,63.2,87.5,94.6,87.2,94.2,90.8,93.9,11.602,5,5,5,104.462
28.93,8.0,11.117999999999999,33.489999999999995,37.001,5.205,103.16799999999999,106.20100000000001,64.7,54.9,30.1,100.9,63.2,87.5,94.6,87.2,94.2,90.8,93.9,10.609,5,5,5,104.463
28.95,8.0,10.89,33.452,37.101,4.487,102.944,106.141,64.7,54.9,30.1,100.9,63.2,87.5,94.6,87.2,94.2,90.8,93.9,10.639,5,5,5,104.464
28.97,8.0,11.433,33.480000000000004,36.822,4.25,102.895,106.101,64.7,54.9,30.1,100.9,63.2,87.5,94.6,87.2,94.2,90.8,93.9,10.917000000000002,5,5,5,104.462
28.99,8.0,11.267,33.814,37.089,4.267,103.044,106.001,64.7,54.9,30.1,100.9,63.2,87.5,94.6,87.2,94.2,90.8,93.9,10.309000000000001,5,5,5,104.461
29.01,8.0,11.139,33.545,36.961,4.164,102.794,106.12100000000001,64.7,54.9,30.1,100.9,63.2,87.5,94.6,87.2,94.2,90.8,93.9,11.571000000000002,5,5,5,104.463
29.03,8.0,11.072,34.03,36.964,4.3870000000000005,102.87,106.001,64.7,54.9,30.1,100.9,63.2,87.5,94.6,87.2,94.2,90.8,93.9,10.433,5,5,5,104.463
29.05,8.0,11.271,33.260999999999996,36.939,4.312,102.994,106.141,64.7,54.9,30.1,100.9,63.2,87.5,94.6,87.2,94.2,90.8,93.9,10.646,5,5,5,104.462
29.07,8.0,10.815999999999999,33.893,36.992,4.724,102.76899999999999,105.9,64.7,54.9,30.1,100.9,63.2,87.5,94.6,87.2,94.2,90.8,93.9,10.915,5,5,5,104.464
29.09,8.0,11.0,32.866,36.927,5.019,103.16799999999999,106.041,64.7,54.9,30.1,100.9,63.2,87.5,94.6,87.2,94.2,90.8,93.9,10.307,5,5,5,104.461
29.11,8.0,11.068,33.894000000000005,36.961,5.217,102.92,105.98100000000001,64.7,54.9,30.1,100.9,63.2,87.5,94.6,87.2,94.2,90.8,93.9,11.655000000000001,5,5,5,104.463
29.13,8.0,11.182,33.346999999999994,36.742,5.649,103.094,105.98100000000001,64.7,54.9,30.1,100.9,63.2,87.5,94.6,87.2,94.2,90.8,93.9,10.427,5,5,5,104.462
29.15,8.0,11.169,33.147,36.725,5.8759999999999994,102.76899999999999,106.021,64.7,54.9,30.1,100.9,63.2,87.5,94.6,87.2,94.2,90.8,93.9,10.761,5,5,5,104.46
29.17,8.0,11.121,33.938,36.833,5.726,102.744,105.94,64.7,54.9,30.1,100.9,63.2,87.5,94.6,87.2,94.2,90.8,93.9,11.058,5,5,5,104.46600000000001
29.19,8.0,10.850999999999999,33.177,36.939,5.408,102.87,105.779,64.7,54.9,30.1,100.9,63.2,87.5,94.6,87.2,94.2,90.8,93.9,10.399000000000001,5,5,5,104.462
29.21,8.0,10.690000000000001,33.594,36.728,5.401,102.76899999999999,105.961,64.7,54.9,30.1,100.9,63.2,87.5,94.6,87.2,94.2,90.8,93.9,11.34,5,5,5,104.46700000000001
29.23,8.0,10.832,33.278000000000006,36.888999999999996,5.303,102.819,105.79899999999999,64.7,54.9,30.1,100.9,63.2,87.5,94.6,87.2,94.2,90.8,93.9,10.472000000000001,5,5,5,104.463
29.25,8.0,10.888,33.394000000000005,36.842,5.323,102.568,105.65799999999999,64.7,54.9,30.1,100.9,63.2,87.5,94.6,87.2,94.2,90.8,93.9,10.657,5,5,5,104.459
29.27,8.0,10.928,33.03,36.705,5.07,102.744,105.678,64.7,54.9,30.1,100.9,63.2,87.5,94.6,87.2,94.2,90.8,93.9,10.832999999999998,5,5,5,104.464
29.29,8.0,10.666,32.825,36.812,4.504,102.87,105.698,64.7,54.9,30.1,100.9,63.2,87.5,94.6,87.2,94.2,90.8,93.9,10.431000000000001,5,5,5,104.462
29.31,8.0,10.572,33.885000000000005,37.096,4.67,102.87,105.779,64.7,54.9,30.1,100.9,63.2,87.5,94.6,87.2,94.2,90.8,93.9,11.248999999999999,5,5,5,104.462
29.33,8.0,10.674,33.147,36.965999999999994,4.896,102.794,105.779,64.7,54.9,30.1,100.9,63.2,87.5,94.6,87.2,94.2,90.8,93.9,9.998000000000001,5,5,5,104.459
29.35,8.0,10.494,33.336,36.765,4.513,102.744,105.719,64.7,54.9,30.1,100.9,63.2,87.5,94.6,87.2,94.2,90.8,93.9,10.582999999999998,5,5,5,104.462
29.37,8.0,10.625,33.218,36.844,4.95,102.794,105.49600000000001,64.7,54.9,30.1,100.9,63.4,87.5,94.6,87.2,94.2,90.8,93.9,10.514,5,5,5,104.465
29.39,8.0,10.748999999999999,33.480000000000004,36.835,5.192,102.819,105.557,64.7,54.9,30.1,100.9,63.4,87.5,94.6,87.2,94.2,90.8,93.9,10.239,5,5,5,104.462
29.41,8.0,11.001000000000001,33.43,36.694,4.798,102.87,105.557,64.7,54.9,30.1,100.9,63.4,87.5,94.6,87.2,94.2,90.8,93.9,11.053999999999998,5,5,5,104.469
29.43,8.0,10.775,33.41,36.885000000000005,4.809,102.744,105.59700000000001,64.7,54.9,30.1,100.9,63.4,87.5,94.6,87.2,94.2,90.8,93.9,9.76,5,5,5,104.46
29.45,8.0,10.437000000000001,32.619,36.968,5.75,102.51799999999999,105.516,64.7,54.9,30.1,100.9,63.4,87.5,94.6,87.2,94.2,90.8,93.9,10.469,5,5,5,104.461
29.47,8.0,10.456,32.935,36.797,4.888,102.669,105.435,64.7,54.9,30.1,100.9,63.4,87.5,94.6,87.2,94.2,90.8,93.9,10.418,5,5,5,104.459
29.49,8.0,10.132000000000001,32.8,36.867,4.778,102.744,105.536,64.7,54.9,30.1,100.9,63.4,87.5,94.6,87.2,94.2,90.8,93.9,10.15,5,5,5,104.464
29.51,8.0,10.742,32.364999999999995,36.858000000000004,5.435,102.59299999999999,105.678,64.7,54.9,30.1,100.9,63.4,87.5,94.6,87.2,94.2,90.8,93.9,11.021,5,5,5,104.465
29.53,8.0,10.799,32.602,36.769000000000005,5.114,102.46700000000001,105.617,64.7,54.9,30.1,100.9,63.4,87.5,94.6,87.2,94.2,90.8,93.9,9.585,5,5,5,104.462
29.55,8.0,10.468,33.266,36.679,4.944,102.44200000000001,105.516,64.7,54.9,30.1,100.9,63.4,87.5,94.6,87.2,94.2,90.8,93.9,11.202000000000002,5,5,5,104.46600000000001
29.57,8.0,10.648,32.553,36.874,5.024,102.54299999999999,105.59700000000001,64.7,54.9,30.1,100.9,63.4,87.5,94.6,87.2,94.2,90.8,93.9,9.985,5,5,5,104.463
29.59,8.0,9.684000000000001,32.632,37.003,4.858,102.493,105.557,64.7,54.9,30.1,100.9,63.4,87.5,94.6,87.2,94.2,90.8,93.9,10.844,5,5,5,104.462
29.61,8.0,10.574,32.95,36.811,4.986,102.44200000000001,105.536,64.7,54.9,30.1,100.9,63.4,87.5,94.6,87.2,94.2,90.8,93.9,10.709,5,5,5,104.46700000000001
29.63,8.0,9.815999999999999,32.282,36.825,4.4239999999999995,102.417,105.272,64.7,54.9,30.1,100.9,63.4,87.5,94.6,87.2,94.2,90.8,93.9,10.809999999999999,5,5,5,104.461
29.65,8.0,10.854,32.164,36.872,4.91,102.46700000000001,105.475,64.7,54.9,30.1,100.9,63.4,87.5,94.6,87.2,94.2,90.8,93.9,10.957999999999998,5,5,5,104.464
29.67,8.0,10.012,32.79,36.980999999999995,4.66,102.51799999999999,105.49600000000001,64.7,54.9,30.1,100.9,63.4,87.5,94.6,87.15,94.2,90.8,93.9,10.765,5,5,5,104.465
29.69,8.0,10.582,32.562,36.843,4.758,102.44200000000001,105.333,64.7,54.9,30.1,100.9,63.4,87.5,94.6,87.084,94.2,90.8,93.9,10.927,5,5,5,104.46600000000001
29.71,8.0,10.507000000000001,32.721000000000004,36.739000000000004,5.102,102.568,105.353,64.7,54.9,30.1,100.9,63.4,87.5,94.6,87.047,94.2,90.8,93.9,10.754,5,5,5,104.46600000000001
29.73,8.0,10.404,32.828,36.637,4.64,102.315,105.149,64.7,54.9,30.1,100.9,63.4,87.5,94.6,87.027,94.2,90.8,93.9,11.43,5,5,5,104.463
29.75,8.0,9.947,31.717,36.734,4.978,102.315,105.475,64.7,54.9,30.1,100.9,63.4,87.5,94.6,87.015,94.2,90.8,93.9,10.334,5,5,5,104.465
29.77,8.0,9.793,32.663,36.772,5.0,102.264,105.475,64.7,54.9,30.1,100.9,63.4,87.5,94.6,87.008,94.2,90.8,93.9,11.753,5,5,5,104.46700000000001
29.79,8.0,10.007,32.736999999999995,36.859,4.723,102.59299999999999,105.455,64.7,54.9,30.1,100.9,63.4,87.5,94.6,87.005,94.2,90.8,93.9,10.282,5,5,5,104.465
29.81,8.0,10.397,32.653999999999996,36.796,4.541,102.391,105.435,64.7,54.9,30.1,100.9,63.4,87.5,94.6,87.003,94.2,90.8,93.9,11.721,5,5,5,104.461
29.83,8.0,9.883,32.202,36.814,4.788,102.417,105.557,64.7,54.9,30.1,100.9,63.4,87.5,94.6,87.001,94.2,90.8,93.9,10.809000000000001,5,5,5,104.465
29.85,8.0,9.879,32.671,36.735,4.779,102.493,105.617,64.7,54.9,30.1,100.9,63.4,87.5,94.6,87.001,94.2,90.8,93.9,11.235,5,5,5,104.464
29.87,8.0,9.96,32.153999999999996,36.914,5.057,102.264,105.31200000000001,64.7,54.9,30.1,100.9,63.4,87.5,94.6,87.0,94.2,90.8,93.9,11.244,5,5,5,104.462
29.89,8.0,9.847999999999999,31.865,36.846999999999994,5.039,102.34100000000001,105.21,64.7,54.9,30.1,100.9,63.4,87.5,94.6,87.0,94.2,90.8,93.9,11.192,5,5,5,104.46799999999999
29.91,8.0,9.853,32.215,36.763999999999996,5.276,102.18799999999999,105.435,64.7,54.9,30.1,100.9,63.4,87.5,94.6,87.0,94.2,90.8,93.9,11.51,5,5,5,104.459
29.93,8.0,10.17,31.679000000000002,36.599000000000004,5.187,102.11200000000001,105.455,64.7,54.9,30.1,100.9,63.4,87.5,94.6,87.0,94.2,90.8,93.9,11.224,5,5,5,104.46700000000001
29.95,8.0,9.529,32.211,36.899,4.824,102.23899999999999,105.272,64.7,54.9,30.1,100.9,63.4,87.5,94.6,87.0,94.2,90.8,93.9,11.859,5,5,5,104.465
29.97,8.0,10.073,31.875999999999998,36.784000000000006,4.81,102.214,105.23100000000001,64.7,54.9,30.1,100.9,63.4,87.5,94.6,87.0,94.2,90.8,93.9,10.991,5,5,5,104.46600000000001
29.99,8.0,9.896,31.767,36.686,5.344,101.984,105.12799999999999,64.7,54.9,30.1,100.9,63.4,87.5,94.6,87.0,94.2,90.8,93.9,12.079,5,5,5,104.458
30.01,8.0,9.675,33.120999999999995,36.699,4.955,102.163,105.087,64.7,54.9,30.1,100.9,63.4,87.5,94.6,87.0,94.2,90.8,93.9,10.617,5,5,5,104.46799999999999
30.03,8.0,9.823,31.604,36.699,4.895,102.163,105.31200000000001,64.7,54.9,30.1,100.9,63.4,87.5,94.6,87.0,94.2,90.8,93.9,12.372,5,5,5,104.46600000000001
30.05,8.0,9.936,32.278999999999996,36.852,4.89,102.18799999999999,105.046,64.7,54.9,30.1,100.9,63.4,87.5,94.6,87.0,94.2,90.8,93.9,10.613,5,5,5,104.46799999999999
30.07,8.0,9.583,32.331,36.682,4.55,102.137,105.21,64.7,54.9,30.1,100.9,63.4,87.5,94.6,87.0,94.2,90.8,93.9,11.807,5,5,5,104.47
30.09,8.0,9.621,32.141,36.913,5.844,102.06,105.169,64.7,54.9,30.1,100.9,63.4,87.5,94.6,87.0,94.2,90.8,93.9,11.36,5,5,5,104.46600000000001
30.11,8.0,10.036999999999999,32.007,36.749,5.548,101.881,105.23100000000001,64.7,54.9,30.1,100.9,63.4,87.5,94.6,87.0,94.2,90.8,93.9,11.5,5,5,5,104.462
30.13,8.0,9.919,32.295,36.815,5.633,101.90700000000001,104.964,64.7,54.9,30.1,100.9,63.4,87.5,94.6,87.0,94.2,90.8,93.9,11.541,5,5,5,104.461
30.15,8.0,9.699,32.081999999999994,36.789,5.848,101.984,104.902,64.7,54.9,30.1,100.9,63.4,87.5,94.6,87.0,94.2,90.8,93.9,11.485,5,5,5,104.46700000000001
30.17,8.0,9.579,32.241,36.857,4.756,101.984,105.10799999999999,64.7,54.9,30.1,100.9,63.4,87.5,94.6,87.0,94.2,90.8,93.9,11.664,5,5,5,104.46700000000001
30.19,8.0,9.802,32.143,36.773,4.949,102.11200000000001,105.169,64.7,54.9,30.1,100.9,63.4,87.5,94.6,87.0,94.2,90.8,93.9,11.217,5,5,5,104.47
30.21,8.0,9.397,32.589,36.843,5.083,101.984,105.10799999999999,64.7,54.9,30.1,100.9,63.4,87.5,94.6,87.0,94.2,90.8,93.9,12.011,5,5,5,104.463
30.23,8.0,9.456,31.57,36.685,5.203,102.137,105.169,64.7,54.9,30.1,100.9,63.4,87.5,94.6,87.0,94.2,90.8,93.9,10.897,5,5,5,104.465
30.25,8.0,9.559000000000001,31.892,36.799,4.918,102.035,105.169,64.7,54.9,30.1,100.9,63.4,87.5,94.6,87.0,94.2,90.8,93.9,12.165,5,5,5,104.465
30.27,8.0,9.788,31.339000000000002,36.585,4.628,101.932,104.964,64.7,54.9,30.1,100.9,63.4,87.5,94.6,87.0,94.2,90.8,93.9,10.602,5,5,5,104.463
30.29,8.0,9.283999999999999,31.587,36.648,4.711,101.90700000000001,105.02600000000001,64.7,54.9,30.1,100.9,63.4,87.5,94.6,87.0,94.2,90.8,93.9,12.097000000000001,5,5,5,104.46600000000001
30.31,8.0,9.241,32.155,36.866,4.887,102.23899999999999,105.19,64.7,54.9,30.1,100.9,63.4,87.5,94.6,87.0,94.2,90.8,93.9,10.998999999999999,5,5,5,104.47
30.33,8.0,9.727,32.228,36.622,4.941,102.11200000000001,104.985,64.7,54.9,30.1,100.9,63.4,87.5,94.6,87.0,94.2,90.8,93.9,11.447,5,5,5,104.464
30.35,8.0,9.208,32.048,36.626999999999995,5.209,102.06,105.21,64.7,54.9,30.1,100.9,63.4,87.5,94.6,87.0,94.2,90.8,93.9,11.544,5,5,5,104.461
30.37,8.0,9.006,31.651999999999997,36.842,5.332,102.086,105.02600000000001,64.7,54.9,30.1,100.9,63.4,87.5,94.6,87.0,94.2,90.8,93.9,11.407,5,5,5,104.465
30.39,8.0,8.902,31.774,36.771,5.769,102.035,105.10799999999999,64.7,54.9,30.1,100.9,63.4,87.5,94.6,87.0,94.2,90.8,93.9,11.573,5,5,5,104.464
30.41,8.0,9.651,31.971999999999998,36.796,4.76,101.90700000000001,104.779,64.7,54.9,30.1,100.9,63.4,87.5,94.6,87.0,94.2,90.8,93.9,11.272,5,5,5,104.465
30.43,8.0,8.632,31.831,36.781,4.812,101.881,104.882,64.7,54.9,30.1,100.9,63.4,87.5,94.6,87.0,94.2,90.8,93.9,11.622,5,5,5,104.462
30.45,8.0,9.472999999999999,31.589000000000002,36.884,5.152,101.804,104.882,64.7,54.9,30.1,100.9,63.4,87.5,94.6,87.0,94.2,90.8,93.9,11.068999999999999,5,5,5,104.46700000000001
30.47,8.0,8.978,31.719,36.922,4.915,101.958,104.82,64.7,54.9,30.1,100.9,63.4,87.5,94.6,87.0,94.2,90.8,93.9,12.004999999999999,5,5,5,104.46600000000001
30.49,8.0,9.397,32.093,36.788,4.899,101.804,104.82,64.7,54.9,30.1,100.9,63.4,87.5,94.6,87.0,94.2,90.8,93.9,10.783999999999999,5,5,5,104.465
30.51,8.0,8.911,30.930999999999997,36.686,4.683,101.83,105.005,64.7,54.9,30.1,100.9,63.4,87.5,94.6,87.0,94.2,90.8,93.875,12.241,5,5,5,104.46700000000001
30.53,8.0,9.596,32.1,36.637,4.606,101.675,104.79899999999999,64.7,54.9,30.1,100.9,63.4,87.5,94.6,87.0,94.2,90.8,93.798,11.393,5,5,5,104.465
30.55,8.0,8.876000000000001,31.872,36.777,4.977,101.804,104.59200000000001,64.7,54.9,30.1,100.9,63.4,87.5,94.6,87.0,94.2,90.8,93.755,11.367,5,5,5,104.46600000000001
30.57,8.0,8.954,31.439,36.766,4.727,101.881,104.71600000000001,64.7,54.9,30.1,100.9,63.4,87.5,94.6,87.0,94.2,90.8,93.73100000000001,12.775,5,5,5,104.461
30.59,8.0,8.733,31.668000000000003,36.879999999999995,4.632,101.804,104.82,64.7,54.9,30.1,100.9,63.4,87.5,94.6,87.0,94.2,90.8,93.718,13.683,5,5,5,104.464
30.61,8.0,9.428999999999998,32.116,36.763999999999996,4.857,101.984,104.73700000000001,64.7,54.9,30.1,100.9,63.4,87.5,94.6,87.0,94.2,90.8,93.71,12.939,5,5,5,104.462
30.63,8.0,8.75,31.986,36.614999999999995,4.731,101.83,104.84,64.7,54.9,30.1,100.9,63.4,87.5,94.6,87.0,94.2,90.8,93.706,12.725,5,5,5,104.462
30.65,8.0,9.337,31.558000000000003,36.794,4.841,101.804,104.79899999999999,64.7,54.9,30.1,100.9,63.4,87.5,94.6,87.0,94.2,90.8,93.703,13.875,5,5,5,104.46600000000001
30.67,8.0,9.350999999999999,31.334,36.632,4.973,101.75200000000001,104.902,64.7,54.9,30.1,100.9,63.4,87.5,94.6,87.0,94.2,90.8,93.702,14.576,5,5,5,104.46600000000001
30.69,8.0,8.974,31.415,36.878,4.846,102.009,104.82,64.7,54.9,30.1,100.9,63.4,87.5,94.6,87.0,94.2,90.8,93.70100000000001,13.957,5,5,5,104.46600000000001
30.71,8.0,9.04,30.991999999999997,36.792,5.266,101.804,104.758,64.7,54.9,30.1,100.9,63.4,87.5,94.6,87.0,94.2,90.8,93.70100000000001,13.698,5,5,5,104.47
30.73,8.0,9.100999999999999,30.974,36.693,4.909,101.804,104.696,64.7,54.9,30.1,100.9,63.4,87.5,94.6,87.0,94.2,90.8,93.7,14.408999999999999,5,5,5,104.463
30.75,8.0,9.029,31.301,36.544,5.145,101.855,104.758,64.7,54.9,30.1,100.9,63.4,87.5,94.6,87.0,94.2,90.8,93.7,15.142999999999999,5,5,5,104.465
30.77,8.0,8.873999999999999,31.351,36.709,4.851,101.804,104.73700000000001,64.7,54.9,30.1,100.9,63.4,87.5,94.6,87.0,94.2,90.8,93.7,14.677,5,5,5,104.463
30.79,8.0,8.593,31.031,36.887,4.694,101.675,104.675,64.7,54.9,30.1,100.9,63.4,87.5,94.6,87.0,94.2,90.8,93.7,14.252,5,5,5,104.46600000000001
30.81,8.0,8.918,31.864,36.608000000000004,5.294,101.59700000000001,104.73700000000001,64.7,54.9,30.1,100.9,63.4,87.5,94.6,87.0,94.2,90.8,93.7,14.698,5,5,5,104.461
30.83,8.0,9.068999999999999,30.956,36.399,5.32,101.44200000000001,104.696,64.7,54.9,30.1,100.9,63.4,87.5,94.6,87.0,94.2,90.8,93.7,15.673,5,5,5,104.463
30.85,8.0,8.738,31.962,36.655,4.826,101.675,104.654,64.7,54.9,30.1,100.9,63.4,87.5,94.6,87.0,94.2,90.8,93.7,15.383,5,5,5,104.461
30.87,8.0,8.678,31.096999999999998,36.565,5.217,101.675,104.675,64.7,54.9,30.1,100.9,63.4,87.5,94.6,87.0,94.2,90.8,93.7,14.712,5,5,5,104.46799999999999
30.89,8.0,8.65,31.776999999999997,36.624,5.044,101.59700000000001,104.79899999999999,64.7,54.9,30.1,100.9,63.4,87.5,94.6,87.0,94.2,90.8,93.7,14.97,5,5,5,104.46700000000001
30.91,8.0,8.744,31.148000000000003,36.299,5.284,101.59700000000001,104.675,64.7,54.9,30.1,100.9,63.4,87.5,94.6,87.0,94.2,90.8,93.7,15.998,5,5,5,104.462
30.93,8.0,8.765,31.073,36.702,5.109,101.546,104.426,64.7,54.9,30.1,100.9,63.4,87.5,94.6,87.0,94.2,90.8,93.7,15.866,5,5,5,104.459
30.95,8.0,8.373000000000001,31.342,36.553,4.854,101.649,104.613,64.7,54.9,30.1,100.9,63.4,87.5,94.6,87.0,94.2,90.8,93.7,15.037,5,5,5,104.46799999999999
30.97,8.0,8.736,31.295,36.705,4.986,101.494,104.53,64.7,54.9,30.1,100.9,63.4,87.5,94.6,87.0,94.2,90.8,93.7,15.01,5,5,5,104.47
30.99,8.0,8.692,31.084,36.586,5.525,101.52,104.384,64.7,54.9,30.1,100.9,63.4,87.5,94.6,87.0,94.2,90.8,93.7,16.122999999999998,5,5,5,104.459
31.01,8.0,8.264,31.355,36.681,4.972,101.75200000000001,104.488,64.7,54.9,30.1,100.9,63.4,87.5,94.6,87.0,94.2,90.8,93.7,16.005000000000003,5,5,5,104.463
31.03,8.0,8.518,31.029,36.5,4.765,101.675,104.53,64.7,54.9,30.1,100.9,63.4,87.5,94.6,87.0,94.2,90.8,93.7,15.255,5,5,5,104.461
31.05,8.0,8.341000000000001,31.041999999999998,36.626999999999995,5.135,101.546,104.426,64.7,54.9,30.1,100.9,63.4,87.5,94.6,87.0,94.2,90.8,93.7,15.093,5,5,5,104.465
31.07,8.0,8.222,30.478,36.537,5.041,101.416,104.46700000000001,64.7,54.9,30.1,100.9,63.4,87.5,94.6,87.0,94.2,90.73100000000001,93.7,16.036,5,5,5,104.463
31.09,8.0,8.692,31.094,36.682,4.831,101.572,104.53,64.7,54.9,30.1,100.9,63.4,87.5,94.6,87.0,94.2,90.67399999999999,93.7,16.272,5,5,5,104.464
31.11,8.0,8.485,30.968000000000004,36.557,4.773,101.46799999999999,104.446,64.7,54.9,30.1,100.9,63.4,87.5,94.6,87.0,94.2,90.642,93.7,15.470999999999998,5,5,5,104.464
31.13,8.0,8.611,31.179000000000002,36.643,5.032,101.39,104.363,64.7,54.9,30.1,100.9,63.4,87.5,94.6,87.0,94.2,90.623,93.7,15.044,5,5,5,104.46
31.15,8.0,8.286999999999999,31.395,36.572,5.093,101.59700000000001,104.46700000000001,64.7,54.9,30.1,100.9,63.4,87.5,94.6,87.0,94.2,90.613,93.7,16.403,5,5,5,104.463
31.17,8.0,8.092,31.154,36.652,5.02,101.62299999999999,104.405,64.7,54.9,30.1,100.9,63.4,87.5,94.6,87.0,94.2,90.607,93.7,16.415999999999997,5,5,5,104.463
31.19,8.0,7.627,31.248,36.791,5.11,101.546,104.175,64.7,54.9,30.1,100.9,63.4,87.5,94.6,87.0,94.2,90.604,93.7,15.618,5,5,5,104.463
31.21,8.0,8.794,30.741,36.603,4.938,101.416,104.426,64.7,54.9,30.1,100.9,63.4,87.5,94.6,87.0,94.2,90.602,93.7,15.166,5,5,5,104.46700000000001
31.23,8.0,8.357,30.82,36.483000000000004,4.871,101.285,104.46700000000001,64.7,54.9,30.1,100.9,63.4,87.5,94.6,87.0,94.2,90.601,93.7,16.362000000000002,5,5,5,104.461
31.25,8.0,8.507,30.241,36.709,5.238,101.649,104.279,64.7,54.9,30.1,100.9,63.4,87.5,94.6,87.0,94.2,90.601,93.7,16.53,5,5,5,104.463
31.27,8.0,8.487,30.921,36.462,4.976,101.39,104.509,64.7,54.9,30.1,100.9,63.4,87.5,94.6,87.0,94.2,90.6,93.7,15.585999999999999,5,5,5,104.465
31.29,8.0,8.27,30.838,36.522,4.909,101.46799999999999,104.509,64.7,54.9,30.1,100.9,63.4,87.5,94.6,87.0,94.2,90.6,93.7,15.14,5,5,5,104.462
31.31,8.0,7.793,30.511,36.605999999999995,5.109,101.311,104.509,64.7,54.9,30.1,100.9,63.4,87.5,94.6,87.0,94.2,90.6,93.7,16.411,5,5,5,104.46600000000001
31.36,18.0,7.851000000000001,30.47,36.555,5.073,101.338,104.488,64.7,54.9,30.1,100.9,63.4,87.5,94.6,87.0,94.2,90.6,93.7,15.453,5,5,5,104.46
31.41,18.0,7.853999999999999,30.149,36.736000000000004,5.182,101.44200000000001,104.426,64.7,54.9,30.1,100.9,63.4,87.5,94.6,87.0,94.2,90.6,93.7,16.354,5,5,5,104.46700000000001
31.46,18.0,7.813000000000001,31.17,36.516,4.437,101.62299999999999,104.384,64.7,54.9,30.1,100.9,63.4,87.5,94.6,87.0,94.2,90.6,93.7,16.367,5,5,5,104.456
31.51,18.0,7.644,30.041999999999998,36.635000000000005,4.786,101.46799999999999,104.154,64.7,54.9,30.1,100.9,63.4,87.5,94.6,87.0,94.2,90.6,93.7,16.72,5,5,5,104.469
31.56,18.0,7.775,30.523000000000003,36.544,4.468,101.20700000000001,104.007,64.7,54.9,30.1,100.9,63.4,87.5,94.6,87.0,94.2,90.6,93.7,16.025,5,5,5,104.464
31.61,18.0,7.954,30.511,36.675,32.305,101.36399999999999,104.238,64.7,54.9,30.1,100.9,63.4,87.5,94.6,87.0,94.2,90.6,93.7,17.134,5,5,5,104.46600000000001
31.66,18.0,8.153,30.34,36.679,50.32,101.311,104.04899999999999,64.7,54.9,30.1,100.9,63.4,87.5,94.6,87.0,94.2,90.6,93.7,16.944000000000003,5,5,5,104.464
31.71,18.0,7.5440000000000005,30.305999999999997,36.318,60.54600000000001,101.155,103.92200000000001,64.7,54.9,30.1,100.9,63.4,87.5,94.6,87.0,94.2,90.6,93.7,18.67,5,5,5,104.46700000000001
31.76,18.0,7.726000000000001,30.295,35.311,82.396,101.36399999999999,103.838,64.7,54.9,30.1,100.9,63.4,87.5,94.6,87.0,94.2,90.6,93.7,18.026,5,5,5,104.462
31.81,18.0,7.9,30.284000000000002,35.271,102.579,100.971,103.985,64.7,54.9,30.1,100.9,63.4,87.5,94.6,87.0,94.2,90.6,93.7,19.290999999999997,5,5,5,104.469
31.86,18.0,7.841,30.038,35.35,122.037,101.259,103.774,64.7,54.9,30.1,100.9,63.4,87.5,94.6,87.0,94.2,90.6,93.7,18.695,5,5,5,104.462
31.91,18.0,7.802,29.846,35.019999999999996,139.512,101.12799999999999,103.774,64.7,54.9,30.1,100.9,63.4,87.5,94.6,87.0,94.2,90.6,93.7,19.774,5,5,5,104.46700000000001
31.96,18.0,6.702,30.149,35.215999999999994,154.003,101.023,103.774,64.7,54.9,30.1,100.9,63.4,87.5,94.6,87.0,94.2,90.6,93.7,18.814,5,5,5,104.463
32.01,18.0,7.401999999999999,30.105,35.256,165.564,100.759,103.626,64.7,54.9,30.1,100.9,63.4,87.5,94.447,87.0,94.2,90.6,93.7,19.999000000000002,5,5,5,104.465
32.06,18.0,7.381,30.186999999999998,35.008,174.44799999999998,100.759,103.26299999999999,64.7,54.9,30.1,100.9,63.4,87.5,94.411,87.0,94.2,90.6,93.7,18.853,5,5,5,104.462
32.11,18.0,6.939,29.849,34.985,179.78900000000002,100.971,103.22,64.7,54.9,30.1,100.9,63.4,87.5,94.403,87.0,94.2,90.6,93.7,19.674,5,5,5,104.46600000000001
32.16,18.0,7.492,29.973000000000003,34.735,177.313,100.759,103.626,64.7,54.9,30.1,100.9,63.4,87.5,94.40100000000001,87.0,94.2,90.6,93.7,19.088,5,5,5,104.464
32.21,18.0,7.773999999999999,29.823,34.986999999999995,174.863,100.65299999999999,103.689,64.7,54.9,30.1,100.9,63.4,87.5,94.4,87.0,94.2,90.6,93.7,20.000999999999998,5,5,5,104.46700000000001
32.26,18.0,7.2379999999999995,29.558000000000003,34.913,176.628,100.65299999999999,103.348,64.7,54.9,30.1,100.9,63.4,87.5,94.4,87.0,94.2,90.6,93.7,18.965,5,5,5,104.459
32.31,18.0,7.5120000000000005,29.775,34.792,175.06400000000002,100.839,103.49799999999999,64.7,54.9,30.1,100.9,63.4,87.5,94.4,87.0,94.2,90.6,93.7,20.04,5,5,5,104.47
32.36,18.0,7.265000000000001,29.877,34.943,173.13099999999997,100.6,103.477,64.7,54.9,30.1,100.9,63.4,87.5,94.4,87.0,94.2,90.6,93.7,19.180999999999997,5,5,5,104.464
32.41,18.0,6.716,30.444000000000003,34.9,174.95,100.546,103.22,64.7,54.9,30.1,100.9,63.4,87.5,94.4,87.0,94.2,90.6,93.7,19.793,5,5,5,104.46600000000001
32.46,18.0,6.807,29.63,35.144999999999996,175.354,100.52,103.49799999999999,64.7,54.9,30.1,100.9,63.4,87.41199999999999,94.4,87.0,94.2,90.6,93.7,19.485,5,5,5,104.46
32.51,10.0,7.009,29.855999999999998,34.783,146.379,100.44,103.306,64.7,54.9,30.1,100.9,63.4,87.327,94.4,87.0,94.2,90.6,93.7,19.845999999999997,5,5,5,104.465
32.56,10.0,6.4719999999999995,29.921999999999997,34.730999999999995,103.05,100.46600000000001,103.22,64.7,54.9,30.1,100.9,63.4,87.306,94.4,87.0,94.2,90.6,93.7,19.133,5,5,5,104.458
32.61,10.0,6.891,29.561999999999998,34.663,63.93600000000001,100.359,103.134,64.7,54.9,30.1,100.9,63.4,87.301,94.4,87.0,94.2,90.6,93.7,18.720999999999997,5,5,5,104.464
32.66,10.0,6.363,30.398000000000003,34.908,34.409000000000006,100.14399999999999,102.81,64.7,54.9,30.1,100.9,63.4,87.3,94.4,87.0,94.2,90.6,93.7,18.167,5,5,5,104.45700000000001
32.71,10.0,6.549,29.465,34.568,50.658,100.546,102.831,64.7,54.9,30.1,100.9,63.4,87.3,94.4,87.0,94.2,90.6,93.7,16.533,5,5,5,104.46700000000001
32.76,10.0,5.9350000000000005,29.781999999999996,34.803,57.357,100.44,103.11200000000001,64.7,54.9,30.1,100.9,63.4,87.3,94.4,87.0,94.2,90.6,93.7,16.528,5,5,5,104.46600000000001
32.81,10.0,6.765,29.745,34.596999999999994,54.135,100.359,103.241,64.7,54.9,30.1,100.9,63.4,87.3,94.4,87.0,94.2,90.6,93.7,16.819000000000003,5,5,5,104.469
32.86,10.0,6.969,29.247,34.799,53.515,100.359,103.134,64.7,54.9,30.1,100.9,63.4,87.3,94.4,87.0,94.2,90.6,93.7,15.191,5,5,5,104.46600000000001
32.91,10.0,6.786,29.426,34.673,58.055,100.33200000000001,103.155,64.7,54.9,30.1,100.9,63.4,87.3,94.4,87.0,94.2,90.6,93.7,15.815,5,5,5,104.465
32.96,10.0,7.103,29.916,35.271,68.843,100.036,103.198,64.7,54.9,30.1,100.9,63.4,87.3,94.4,87.0,94.2,90.6,93.7,15.922,5,5,5,104.46700000000001
33.01,10.0,6.907,30.018,35.344,76.375,100.306,103.11200000000001,64.7,54.9,30.1,100.9,63.4,87.3,94.4,87.0,94.2,90.6,93.7,15.104,5,5,5,104.473
33.06,10.0,6.381,29.795,35.398,74.179,100.14399999999999,103.26299999999999,64.7,54.9,30.1,100.9,63.4,87.3,94.4,87.0,94.2,90.6,93.7,15.689,5,5,5,104.464
33.11,10.0,5.342,28.278000000000002,33.85,60.305,100.225,103.02600000000001,64.7,54.9,30.1,100.9,63.4,87.3,94.4,87.0,94.112,90.6,93.7,16.121,5,5,5,104.47200000000001
33.16,10.0,5.43,26.324,31.038,39.223,100.14399999999999,102.91799999999999,64.7,54.9,30.1,100.9,63.4,87.3,94.4,87.0,94.027,90.6,93.7,14.878,5,5,5,104.464
33.21,10.0,5.334,22.457,26.138,21.46,99.51799999999999,102.723,64.7,54.9,30.1,100.9,63.4,87.3,94.4,87.0,94.006,90.6,93.7,15.847000000000001,5,5,5,104.473
33.26,10.0,5.389,16.207,17.573,10.440000000000001,99.764,102.831,64.7,54.9,30.1,100.9,63.4,87.3,94.4,87.0,94.001,90.6,93.7,16.075,5,5,5,104.48100000000001
33.31,10.0,5.4,8.309,6.978,21.115,99.71,102.81,64.7,54.9,30.1,100.9,63.4,87.3,94.4,86.847,94.0,90.6,93.7,14.883,5,5,5,104.476
33.36,10.0,6.069,6.349,5.003,44.653,99.90100000000001,102.527,64.7,54.9,30.1,100.9,63.4,87.3,94.4,86.811,94.0,90.6,93.7,15.214,5,5,5,104.479
33.41,10.0,5.677,6.047,5.004,58.55,99.87299999999999,101.976,64.7,54.9,30.1,100.9,63.4,87.3,94.35,86.803,94.0,90.6,93.7,15.583,5,5,5,104.479
33.46,10.0,5.855,5.839,5.002,61.034,99.955,102.065,64.7,54.9,30.1,100.9,63.4,87.3,94.236,86.801,94.0,90.55,93.7,14.316,5,5,5,104.465
33.51,10.0,5.391,5.958,5.044,62.325,99.928,102.219,64.7,54.9,30.1,100.9,63.4,87.3,94.208,86.8,94.0,90.436,93.7,15.185,5,5,5,104.47399999999999
33.56,10.0,5.545,5.741,5.121,62.729,99.655,101.954,64.7,54.9,30.1,100.9,63.4,87.3,94.202,86.8,94.0,90.408,93.7,14.277000000000001,5,5,5,104.46799999999999
33.61,10.0,5.411,5.723,5.045,62.555,99.87299999999999,101.91,64.7,54.9,30.1,100.9,63.4,87.3,94.2,86.8,94.0,90.402,93.7,13.397,5,5,5,104.476
33.66,10.0,5.53,5.799,5.064,63.558,99.68299999999999,101.75399999999999,64.7,54.9,30.1,100.9,63.4,87.3,94.2,86.8,94.0,90.4,93.7,12.697,5,5,5,104.465
33.71,10.0,5.421,5.855,5.104,63.635,99.87299999999999,101.821,64.7,54.9,30.1,100.9,63.4,87.3,94.2,86.8,94.0,90.4,93.7,11.486,5,5,5,104.46799999999999
33.76,10.0,5.474,5.777,5.0,64.91499999999999,99.819,101.84299999999999,64.7,54.9,30.1,100.9,63.4,87.3,94.2,86.8,94.0,90.4,93.7,10.93,5,5,5,104.47
33.81,10.0,5.375,6.27,5.016,107.039,99.792,101.91,64.7,54.9,30.1,100.9,63.4,87.3,94.2,86.8,94.0,90.4,93.631,10.445,5,5,5,104.464
33.86,10.0,5.456,5.932,5.12,121.756,99.846,101.75399999999999,64.7,54.9,30.1,100.9,63.4,87.3,94.2,86.8,94.0,90.4,93.531,9.728,5,5,5,104.465
33.91,10.0,5.801,6.231,5.007,132.853,99.819,101.821,64.7,54.9,30.1,100.9,63.4,87.3,94.2,86.8,94.0,90.4,93.507,10.055,5,5,5,104.47399999999999
33.96,10.0,5.987,5.911,5.087,141.751,99.73700000000001,101.77600000000001,64.7,54.9,30.1,100.9,63.4,87.3,94.2,86.8,94.0,90.4,93.502,9.463000000000001,5,5,5,104.46600000000001
34.01,10.0,5.765,5.849,5.005,150.344,99.601,101.79899999999999,64.7,54.9,30.1,100.9,63.4,87.3,94.2,86.8,94.0,90.4,93.5,9.08,5,5,5,104.47399999999999
34.06,10.0,5.803,6.334,5.032,155.127,99.90100000000001,102.219,64.7,54.9,30.1,100.9,63.4,87.3,94.2,86.8,94.0,90.4,93.5,9.224,5,5,5,104.46
34.11,10.0,5.697,6.105,5.209,159.039,99.573,101.976,64.7,54.9,30.1,100.9,63.4,87.3,94.2,86.8,94.0,90.4,93.5,9.379999999999999,5,5,5,104.465
34.16,10.0,6.009,5.986,5.102,160.429,99.655,102.065,64.7,54.9,30.1,100.9,63.4,87.3,94.2,86.8,94.0,90.4,93.5,8.112,5,5,5,104.464
34.21,10.0,5.709,6.091,5.201,150.95600000000002,99.601,101.976,64.7,54.9,30.1,100.9,63.4,87.3,94.2,86.8,94.0,90.4,93.5,9.088000000000001,5,5,5,104.46700000000001
34.26,10.0,5.731,6.121,5.053,104.14,99.846,101.821,64.7,54.9,30.1,100.9,63.4,87.3,94.2,86.8,94.0,90.4,93.5,8.908999999999999,5,5,5,104.47399999999999
34.31,10.0,5.475,6.588,5.169,66.78,99.573,101.77600000000001,64.7,54.9,30.1,100.9,63.4,87.3,94.2,86.8,94.0,90.4,93.5,8.239,5,5,5,104.47200000000001
34.36,10.0,5.8759999999999994,6.354,5.121,41.272,99.40799999999999,101.41799999999999,64.7,54.9,30.1,100.9,63.4,87.3,94.2,86.8,94.0,90.4,93.5,8.879,5,5,5,104.47
34.41,10.0,5.803,6.311,5.051,25.127,99.29799999999999,101.28299999999999,64.7,54.9,30.1,100.9,63.4,87.3,94.2,86.8,94.0,90.4,93.5,8.928,5,5,5,104.47399999999999
34.46,11.0,5.916,6.04,5.046,12.382000000000001,99.18700000000001,101.665,64.7,54.9,30.1,100.9,63.4,87.3,94.2,86.8,94.0,90.4,93.5,8.085,5,5,5,104.477
34.51,11.0,5.569,6.125,5.146,8.036999999999999,99.325,101.79899999999999,64.7,54.9,30.1,100.9,63.4,87.3,94.2,86.8,93.863,90.4,93.5,9.392,5,5,5,104.477
34.56,11.0,5.686,6.366,5.184,6.38,99.243,101.73200000000001,64.7,54.9,30.1,100.9,63.4,87.3,94.2,86.8,93.815,90.4,93.5,8.847,5,5,5,104.473
34.61,11.0,5.748,6.03,5.063,5.886,99.546,101.486,64.7,54.9,30.1,100.9,63.4,87.3,94.2,86.8,93.804,90.4,93.5,9.189,5,5,5,104.47200000000001
34.66,11.0,5.586,6.423,5.141,5.297,99.325,101.26100000000001,64.7,54.9,30.1,100.9,63.4,87.3,94.2,86.8,93.801,90.4,93.5,9.649000000000001,5,5,5,104.471
34.71,11.0,5.504,6.3,5.179,5.163,99.243,101.41799999999999,64.7,54.9,30.1,100.9,63.4,87.3,94.2,86.8,93.8,90.4,93.5,8.895,5,5,5,104.475
34.76,11.0,5.875,6.252,5.125,5.002,99.40799999999999,101.64299999999999,64.7,54.9,30.1,100.9,63.4,87.3,94.2,86.8,93.8,90.4,93.5,9.030000000000001,5,5,5,104.469
34.81,11.0,5.53,6.372,5.156,4.593,99.27,101.396,64.7,54.9,30.1,100.9,63.4,87.3,94.2,86.8,93.8,90.4,93.5,9.176,5,5,5,104.471
34.86,11.0,5.962,6.2219999999999995,5.091,4.591,99.27,101.62,64.7,54.9,30.1,100.9,63.4,87.3,94.2,86.8,93.8,90.4,93.5,8.149,5,5,5,104.46700000000001
34.91,11.0,6.086,6.553,5.178,4.843,99.655,101.68700000000001,64.7,54.9,30.1,100.9,63.4,87.3,94.2,86.8,93.8,90.4,93.5,9.296,5,5,5,104.471
34.96,11.0,5.647,6.533,5.282,4.636,99.27,101.396,64.7,54.9,30.1,100.9,63.4,87.3,94.2,86.8,93.8,90.4,93.5,8.873000000000001,5,5,5,104.473
35.01,11.0,5.774,6.306,5.112,4.992,99.764,101.57600000000001,64.7,54.9,30.1,100.9,63.4,87.3,94.2,86.8,93.8,90.4,93.5,8.626000000000001,5,5,5,104.476
35.06,11.0,5.879,6.3100000000000005,5.087,40.228,99.601,101.68700000000001,64.7,54.9,30.1,100.9,63.4,87.3,94.2,86.8,93.8,90.4,93.5,9.321000000000002,5,5,5,104.475
35.11,11.0,5.599,6.232,5.26,50.57,99.436,101.553,64.7,54.9,30.1,100.9,63.4,87.3,94.2,86.8,93.8,90.4,93.5,8.761,5,5,5,104.477
35.16,11.0,5.983,6.436,5.25,55.135,99.325,101.41799999999999,64.7,54.9,30.1,100.9,63.4,87.3,94.2,86.8,93.8,90.4,93.5,8.566,5,5,5,104.48299999999999
35.21,11.0,6.111,6.28,5.012,65.31,99.62799999999999,101.77600000000001,64.7,54.9,30.1,100.9,63.4,87.3,94.2,86.8,93.8,90.4,93.5,8.686,5,5,5,104.47200000000001
35.26,11.0,5.864,6.054,5.076,71.096,99.573,101.865,64.7,54.9,30.1,100.9,63.4,87.3,94.2,86.8,93.8,90.4,93.5,7.71,5,5,5,104.47399999999999
35.31,11.0,5.451,6.586,5.14,45.573,99.353,101.57600000000001,64.7,54.9,30.1,100.9,63.4,87.3,94.2,86.8,93.8,90.4,93.5,8.79,5,5,5,104.476
35.36,11.0,5.571,6.9030000000000005,5.15,41.872,98.825,101.193,64.7,54.9,30.1,100.9,63.4,87.3,94.2,86.8,93.8,90.4,93.5,8.462,5,5,5,104.47399999999999
35.41,11.0,5.599,6.006,5.004,43.385999999999996,98.345,100.98899999999999,64.7,54.9,30.1,100.9,63.4,87.3,94.2,86.8,93.8,90.4,93.5,8.489,5,5,5,104.47399999999999
35.46,11.0,5.906,6.1259999999999994,5.187,48.118,97.772,100.875,64.7,54.9,30.1,100.9,63.4,87.184,94.2,86.8,93.8,90.4,93.5,9.029,5,5,5,104.471
35.51,12.0,5.664,6.164,5.099,73.991,97.685,100.898,64.7,54.9,30.1,100.9,63.4,87.12,94.2,86.8,93.8,90.4,93.5,8.495000000000001,5,5,5,104.47200000000001
35.56,12.0,5.796,5.992,5.055,40.341,97.569,100.898,64.7,54.9,30.1,100.9,63.4,87.105,94.2,86.8,93.8,90.4,93.5,9.498999999999999,5,5,5,104.471
35.61,12.0,5.646,6.136,5.049,23.979,98.031,100.96600000000001,64.7,54.9,30.1,100.9,63.4,87.101,94.2,86.8,93.8,90.4,93.5,9.382,5,5,5,104.46799999999999
35.66,12.0,5.5120000000000005,6.332,5.2,11.120000000000001,97.916,101.102,64.7,54.9,30.1,100.9,63.4,87.1,94.2,86.8,93.8,90.4,93.5,10.914,5,5,5,104.47200000000001
35.71,12.0,5.462,6.299,5.188,7.6370000000000005,97.97399999999999,101.03399999999999,64.7,54.9,30.1,100.9,63.4,87.1,94.2,86.8,93.8,90.4,93.5,11.858,5,5,5,104.473
35.76,12.0,5.836,5.953,5.009,5.8149999999999995,97.54,100.6,64.7,54.9,30.1,100.9,63.4,87.1,94.2,86.8,93.8,90.4,93.5,11.017,5,5,5,104.46600000000001
35.81,12.0,5.657,5.8740000000000006,5.053,5.61,97.859,101.057,64.7,54.9,30.1,100.9,63.4,87.1,94.2,86.663,93.8,90.4,93.5,13.251,5,5,5,104.47
35.86,12.0,5.872,5.742,5.074,5.354,97.887,100.646,64.7,54.9,30.1,100.9,63.4,87.1,94.2,86.615,93.8,90.4,93.5,12.967,5,5,5,104.464
35.91,12.0,5.825,5.881,5.142,5.454,98.00200000000001,100.76100000000001,64.7,54.9,30.1,100.9,63.4,87.1,94.047,86.604,93.8,90.4,93.5,12.599,5,5,5,104.47399999999999
35.96,12.0,5.811,6.692,5.259,5.736,98.23100000000001,101.08,64.7,54.9,30.1,100.9,63.4,87.1,94.01100000000001,86.601,93.8,90.4,93.5,13.826,5,5,5,104.476
36.01,12.0,5.8149999999999995,6.284,5.135,5.804,97.772,100.96600000000001,64.7,54.9,30.1,100.9,63.4,87.1,94.003,86.6,93.8,90.4,93.5,13.479,5,5,5,104.478
36.06,12.0,5.823,6.111,5.143,5.467,96.89399999999999,100.277,64.7,54.9,30.1,100.9,63.4,87.1,94.001,86.6,93.8,90.4,93.5,13.41,5,5,5,104.471
36.11,12.0,5.818,6.3,5.309,4.299,97.071,99.975,64.7,54.9,30.1,100.9,63.4,87.1,94.0,86.6,93.8,90.4,93.5,14.634,5,5,5,104.473
36.16,12.0,5.856,6.039,5.232,3.965,96.02199999999999,96.292,64.7,54.9,30.1,100.9,63.4,87.1,94.0,86.6,93.8,90.4,93.5,13.36,5,5,5,104.469
36.21,12.0,5.675,6.118,5.246,3.973,93.55199999999999,93.908,64.7,54.9,30.1,100.9,63.4,87.1,94.0,86.6,93.8,90.4,93.5,14.101,5,5,5,104.47399999999999
36.26,12.0,5.715,6.717,5.142,3.965,93.221,93.461,64.7,54.9,30.1,100.9,63.4,87.1,94.0,86.6,93.8,90.4,93.5,14.431000000000001,5,5,5,104.46799999999999
36.31,12.0,5.91,6.428,5.116,3.999,93.08800000000001,92.979,64.7,54.9,30.1,100.9,63.4,87.1,94.0,86.6,93.8,90.4,93.5,13.117,5,5,5,104.473
36.36,12.0,6.043,6.556,5.17,4.407,92.819,92.836,64.7,54.9,30.1,100.9,63.4,87.1,94.0,86.6,93.8,90.247,93.5,13.408,5,5,5,104.47399999999999
36.41,12.0,6.32,6.144,5.069,5.225,93.25399999999999,92.634,64.7,54.9,30.1,100.9,63.4,87.1,94.0,86.6,93.8,90.211,93.5,14.092,5,5,5,104.477
36.46,12.0,5.686,6.214,5.247,6.638,93.188,92.634,64.7,54.9,30.1,100.9,63.4,87.1,94.0,86.6,93.8,90.203,93.5,12.807,5,5,5,104.47399999999999
36.51,12.0,5.78,6.4399999999999995,5.304,8.076,92.954,92.634,64.7,54.9,30.1,100.9,63.4,87.1,94.0,86.6,93.8,90.20100000000001,93.5,14.286,5,5,5,104.47200000000001
36.56,12.0,5.614,6.384,5.144,8.33,93.021,92.373,64.7,54.9,30.1,100.9,63.4,87.1,94.0,86.6,93.8,90.2,93.5,14.908999999999999,5,5,5,104.46700000000001
36.61,12.0,5.668,6.1579999999999995,5.253,8.515,93.221,92.431,64.7,54.9,30.1,100.9,63.4,87.1,94.0,86.6,93.8,90.2,93.5,16.576,5,5,5,104.473
36.66,12.0,5.797,6.336,5.287,4.378,93.354,92.257,64.7,54.9,30.1,100.9,63.4,87.1,94.0,86.6,93.8,90.2,93.384,16.705,5,5,5,104.46600000000001
36.71,12.0,5.702,6.22,5.36,3.963,93.12100000000001,92.547,64.7,54.9,30.1,100.9,63.4,87.1,94.0,86.6,93.8,90.2,93.32,17.005000000000003,5,5,5,104.478
36.76,12.0,5.733,6.404,5.109,3.963,93.054,92.344,64.7,54.9,30.1,100.9,63.4,87.1,94.0,86.6,93.8,90.2,93.305,16.781,5,5,5,104.471
36.81,12.0,5.957,6.178,5.176,4.476,93.155,92.49,64.7,54.9,30.1,100.9,63.4,87.1,94.0,86.6,93.8,90.2,93.301,17.485,5,5,5,104.473
36.86,12.0,5.725,6.768,5.244,4.866,92.954,92.605,64.7,54.9,30.1,100.9,63.4,87.1,94.0,86.6,93.8,90.2,93.3,17.258,5,5,5,104.473
36.91,12.0,5.761,6.35,5.251,5.017,93.021,92.431,64.7,54.9,30.1,100.9,63.4,87.1,94.0,86.6,93.8,90.2,93.3,16.78,5,5,5,104.471
36.96,12.0,5.451,6.474,5.185,5.137,93.188,92.692,64.7,54.9,30.1,100.9,63.4,87.1,94.0,86.6,93.775,90.2,93.3,16.956,5,5,5,104.47
37.01,12.0,5.6690000000000005,6.167,5.242,5.575,93.155,92.634,64.7,54.9,30.1,100.9,63.4,87.1,94.0,86.6,93.718,90.2,93.3,18.049,5,5,5,104.475
37.06,12.0,5.867,6.761,5.309,5.01,93.618,93.12100000000001,64.7,54.9,30.1,100.9,63.4,87.1,94.0,86.6,93.704,90.2,93.3,18.364,5,5,5,104.475
37.11,12.0,5.818,6.068,5.214,18.288,93.387,92.979,64.7,54.9,30.1,100.9,63.4,87.1,94.0,86.6,93.70100000000001,90.2,93.3,17.964,5,5,5,104.473
37.16,12.0,5.9559999999999995,6.197,5.307,26.410999999999998,92.987,92.749,64.7,54.9,30.1,100.9,63.4,87.1,94.0,86.6,93.7,90.2,93.3,17.536,5,5,5,104.475
37.21,12.0,6.102,6.726,5.151,47.20399999999999,93.25399999999999,92.605,64.7,54.9,30.1,100.9,63.4,87.1,94.0,86.6,93.7,90.2,93.3,17.771,5,5,5,104.471
37.26,12.0,5.579,6.363,5.371,64.171,93.054,92.605,64.7,54.9,30.1,100.9,63.4,87.1,94.0,86.6,93.7,90.2,93.3,18.406,5,5,5,104.47200000000001
37.31,12.0,5.885,6.253,5.243,86.786,92.65,92.431,64.7,54.9,30.1,100.9,63.4,87.1,94.0,86.6,93.7,90.2,93.3,18.478,5,5,5,104.471
37.36,12.0,6.011,6.8100000000000005,5.237,97.64299999999999,93.12100000000001,92.431,64.7,54.9,30.1,100.9,63.4,87.1,94.0,86.6,93.7,90.2,93.3,17.583,5,5,5,104.46600000000001
