SampleTime,Phase,Sensor1,Sensor2,Sensor3,IJ,Sensor5,Sensor6,MouldTemp1,MouldTemp2,MouldTemp3,MouldTemp4,MouldTemp5,MouldTemp9,MouldTemp10,MouldTemp11,MouldTemp12,MouldTemp13,MouldTemp14,Sensor8,MouldFlow1,MouldFlow2,MouldFlow3,SP
0.0,1,6.164,5.694,5.424,98.486,92.941,92.15899999999999,65.1,55.0,30.1,101.1,70.2,89.4,97.2,89.2,95.0,91.8,95.0,19.393,5,5,5,104.67200000000001
0.05,1,5.838,6.235,5.447,67.428,92.77600000000001,92.131,65.2,55.1,30.1,101.0,70.4,89.4,97.2,89.2,95.0,91.8,95.0,18.784,5,5,5,104.676
0.1,1,5.918,6.21,5.472,40.501,92.479,91.7,65.2,55.1,30.1,101.0,70.4,89.4,97.2,89.2,95.0,91.8,95.0,19.389000000000003,5,5,5,104.675
0.15,1,5.656,6.074,5.53,30.910999999999998,92.346,90.998,65.2,55.1,30.1,101.0,70.4,89.4,97.2,89.2,95.0,91.8,95.0,18.829,5,5,5,104.667
0.2,1,5.636,5.7170000000000005,5.446,16.478,92.875,91.786,65.2,55.1,30.1,101.0,70.4,89.4,97.2,89.2,95.0,91.8,95.0,19.927999999999997,5,5,5,104.676
0.25,1,5.397,5.978,5.64,31.587,92.941,91.959,65.2,55.1,30.1,101.0,70.4,89.4,97.2,89.2,95.0,91.8,95.0,19.282,5,5,5,104.684
0.3,1,5.397,5.875,5.354,37.422,93.104,92.273,65.2,55.1,30.1,101.0,70.4,89.4,97.2,89.2,95.0,91.8,95.0,20.247999999999998,5,5,5,104.675
0.35,1,5.556,6.82,5.64,32.821,93.13600000000001,92.21600000000001,65.2,55.1,30.1,101.0,70.4,89.4,97.2,89.2,95.0,91.8,95.0,19.261,5,5,5,104.68299999999999
0.4,1,5.793,5.726,5.459,45.12,93.13600000000001,92.528,65.2,55.1,30.1,101.0,70.4,89.4,97.2,89.2,95.0,91.8,95.0,20.049,5,5,5,104.67399999999999
0.45,1,5.614,6.078,5.5649999999999995,63.1,93.20100000000001,92.273,65.2,55.1,30.1,101.0,70.4,89.4,97.2,89.2,95.0,91.8,95.0,19.456,5,5,5,104.679
0.5,1,5.548,5.95,5.06,65.31800000000001,93.717,92.669,65.2,55.1,30.1,101.0,70.4,89.4,97.2,89.2,95.0,91.8,95.0,20.494,5,5,5,104.684
0.55,1,5.843,6.144,5.419,60.099,93.749,92.865,65.2,55.1,30.1,101.0,70.4,89.4,97.2,89.2,95.0,91.8,95.0,19.333,5,5,5,104.686
0.6,1,5.8870000000000005,5.588,5.062,57.059,93.812,93.00399999999999,65.2,55.1,30.1,101.0,70.4,89.4,97.2,89.2,95.0,91.8,95.0,20.310000000000002,5,5,5,104.682
0.65,1,5.764,5.899,5.416,50.266000000000005,94.255,93.336,65.2,55.1,30.1,101.0,70.4,89.4,97.2,89.15,95.0,91.8,95.0,19.301,5,5,5,104.678
0.7,1,5.394,6.13,5.503,28.639,94.192,93.115,65.2,55.1,30.1,101.0,70.4,89.4,97.2,89.036,95.0,91.8,95.0,19.573,5,5,5,104.677
0.75,1,5.8629999999999995,5.947,5.366,14.288,94.318,93.555,65.2,55.1,30.1,101.0,70.4,89.4,97.2,89.008,95.0,91.8,95.0,20.337,5,5,5,104.675
0.8,1,5.661,5.759,5.26,21.415,94.34899999999999,93.36399999999999,65.2,55.1,30.1,101.0,70.4,89.4,97.2,89.002,95.0,91.8,95.0,19.127000000000002,5,5,5,104.67200000000001
0.85,1,5.584,6.054,5.439,20.032,94.59899999999999,93.501,65.2,55.1,30.1,101.0,70.4,89.4,97.2,89.0,95.0,91.8,95.0,20.264000000000003,5,5,5,104.679
0.9,1,5.385,5.996,5.069,30.553,94.443,93.828,65.2,55.1,30.1,101.0,70.4,89.4,97.2,89.0,95.0,91.8,95.0,19.185000000000002,5,5,5,104.679
0.95,1,5.473,6.12,5.395,21.348,94.47399999999999,93.90899999999999,65.2,55.1,30.1,101.0,70.4,89.4,97.2,89.0,95.0,91.8,95.0,20.366,5,5,5,104.679
1.0,1,5.9,5.945,5.083,21.590999999999998,94.75399999999999,94.098,65.2,55.1,30.1,101.0,70.4,89.4,97.2,89.0,95.0,91.8,95.0,19.220999999999997,5,5,5,104.67
1.05,1,5.82,5.966,5.546,27.241,94.692,94.285,65.2,55.1,30.1,101.0,70.4,89.4,97.2,89.0,95.0,91.8,95.0,20.521,5,5,5,104.682
1.1,1,5.3870000000000005,5.7490000000000006,5.07,26.801,94.939,94.285,65.2,55.1,30.1,101.0,70.4,89.4,97.2,89.0,95.0,91.8,95.0,19.387,5,5,5,104.677
1.15,1,5.7,6.385,5.394,26.836,94.908,94.15100000000001,65.2,55.1,30.1,101.0,70.4,89.4,97.2,89.0,95.0,91.8,95.0,20.527,5,5,5,104.676
1.2,1,5.462,6.326,5.07,27.046,94.908,94.232,65.2,55.1,30.1,101.0,70.4,89.4,97.2,89.0,95.0,91.8,94.898,19.39,5,5,5,104.675
1.25,1,5.574,6.083,5.433,26.955,94.63,94.044,65.2,55.1,30.1,101.0,70.4,89.4,97.074,89.0,94.932,91.8,94.82300000000001,20.242,5,5,5,104.67200000000001
1.3,1,5.406,6.003,5.071,26.73,94.969,94.15100000000001,65.2,55.1,30.1,101.0,70.4,89.4,97.01799999999999,89.0,94.908,91.8,94.806,19.35,5,5,5,104.67399999999999
1.35,1,5.561,5.8100000000000005,5.384,27.178,94.846,94.259,65.2,55.1,30.1,101.0,70.4,89.4,97.00399999999999,89.0,94.902,91.8,94.801,20.313,5,5,5,104.678
1.4,1,5.558,6.0329999999999995,5.071,27.101999999999997,94.939,94.684,65.2,55.1,30.1,101.0,70.4,89.4,97.001,89.0,94.9,91.8,94.8,19.243000000000002,5,5,5,104.677
1.45,1,5.446,5.594,5.417,27.391,94.969,94.55199999999999,65.2,55.1,30.1,101.0,70.4,89.4,97.0,89.0,94.9,91.8,94.8,20.326,5,5,5,104.679
1.5,1,5.539,5.593,5.073,27.647,95.42699999999999,94.392,65.2,55.1,30.1,101.0,70.4,89.4,97.0,89.0,94.9,91.8,94.8,19.201,5,5,5,104.676
1.55,1,5.525,5.952,5.503,27.18,95.245,94.94800000000001,65.2,55.1,30.1,101.0,70.4,89.4,97.0,89.0,94.9,91.8,94.8,20.622999999999998,5,5,5,104.68
1.6,1,5.829,5.966,5.516,26.789,95.42699999999999,95.131,65.2,55.1,30.1,101.0,70.4,89.4,97.0,89.0,94.9,91.8,94.8,19.461,5,5,5,104.678
1.65,1,5.435,5.801,5.468,26.689,95.548,95.105,65.2,55.1,30.1,101.0,70.4,89.4,97.0,89.0,94.9,91.8,94.8,20.741,5,5,5,104.685
1.7,1,5.499,5.5329999999999995,5.28,26.366,95.457,95.313,65.2,55.1,30.1,101.0,70.4,89.4,97.0,89.0,94.9,91.8,94.8,20.412,5,5,5,104.67399999999999
1.75,1,5.428,5.8469999999999995,5.433,25.729,95.214,95.105,65.2,55.1,30.1,101.0,70.4,89.4,97.0,89.0,94.9,91.8,94.8,20.067,5,5,5,104.67399999999999
1.8,1,5.513,5.71,5.401,25.914,95.184,95.078,65.2,55.1,30.1,101.0,70.4,89.4,97.0,89.0,94.9,91.663,94.8,20.095999999999997,5,5,5,104.678
1.85,1,5.536,5.83,5.401,24.908,95.184,95.235,65.2,55.1,30.1,101.0,70.4,89.4,97.0,89.0,94.9,91.615,94.8,19.856,5,5,5,104.675
1.9,1,5.674,5.498,5.329,25.826999999999998,95.42699999999999,95.339,65.2,55.1,30.1,101.0,70.4,89.4,97.0,89.0,94.9,91.604,94.8,20.162,5,5,5,104.671
1.95,1,5.662,6.0,5.494,25.622,95.668,95.726,65.2,55.1,30.1,101.0,70.4,89.4,97.0,89.0,94.9,91.601,94.8,19.783,5,5,5,104.675
2.0,1,5.796,5.925,5.43,25.379,95.548,95.854,65.2,55.1,30.1,101.0,70.4,89.4,97.0,89.0,94.9,91.6,94.8,19.794,5,5,5,104.669
2.05,1,5.71,5.695,5.356,26.081999999999997,95.638,95.777,65.2,55.1,30.1,101.0,70.4,89.4,97.0,89.0,94.9,91.6,94.8,19.761,5,5,5,104.67299999999999
2.1,1,5.434,5.631,5.362,24.824,95.638,95.98100000000001,65.2,55.1,30.1,101.0,70.5,89.4,97.0,89.0,94.9,91.6,94.8,19.735999999999997,5,5,5,104.676
2.15,1,5.5440000000000005,5.698,5.408,24.968,95.818,95.751,65.2,55.1,30.1,101.0,70.5,89.4,97.0,89.0,94.9,91.6,94.8,19.86,5,5,5,104.67299999999999
2.2,1,5.646,6.066,5.121,23.813,95.69800000000001,95.828,65.2,55.1,30.1,101.0,70.5,89.247,97.0,88.898,94.9,91.6,94.8,19.734,5,5,5,104.679
2.25,1,5.75,6.2509999999999994,5.598,24.629,95.938,96.133,65.2,55.1,30.1,101.0,70.5,89.211,97.0,88.82300000000001,94.9,91.6,94.8,19.98,5,5,5,104.677
2.3,1,5.631,5.786,5.582,24.436,95.72800000000001,96.108,65.2,55.1,30.1,101.0,70.5,89.203,97.0,88.806,94.9,91.6,94.8,19.866,5,5,5,104.676
2.35,1,5.587,5.97,5.355,24.387,95.72800000000001,95.7,65.2,55.1,30.1,101.0,70.5,89.20100000000001,97.0,88.801,94.9,91.6,94.8,20.229,5,5,5,104.675
2.4,1,5.5,5.9990000000000006,5.087,22.917,95.818,95.339,65.2,55.1,30.1,101.0,70.5,89.2,97.0,88.8,94.9,91.6,94.8,19.884999999999998,5,5,5,104.677
2.45,1,5.577,6.3759999999999994,5.312,40.463,95.908,95.597,65.2,55.1,30.1,101.0,70.5,89.2,97.0,88.8,94.9,91.6,94.8,20.016,5,5,5,104.67399999999999
2.5,1,5.724,6.218,5.089,65.61600000000001,95.457,95.105,65.2,55.1,30.1,101.0,70.5,89.2,97.0,88.8,94.9,91.6,94.8,19.549,5,5,5,104.676
2.55,1,5.559,6.107,5.31,100.12700000000001,95.608,95.235,65.2,55.1,30.1,101.0,70.5,89.2,97.0,88.8,94.9,91.6,94.8,19.881,5,5,5,104.68
2.6,1,5.499,5.829,5.09,134.082,95.69800000000001,95.183,65.2,55.1,30.1,101.0,70.5,89.2,97.0,88.8,94.9,91.6,94.8,19.518,5,5,5,104.677
2.65,1,5.511,6.352,5.297,159.47299999999998,95.517,95.26100000000001,65.2,55.1,30.1,101.0,70.5,89.2,97.0,88.8,94.9,91.6,94.8,20.162,5,5,5,104.679
2.7,1,5.375,6.08,5.091,175.653,95.487,95.157,65.2,55.1,30.1,101.0,70.5,89.2,97.0,88.8,94.9,91.6,94.8,20.479,5,5,5,104.67299999999999
2.75,1,5.746,6.15,5.295,181.112,95.396,95.468,65.2,55.1,30.1,101.0,70.5,89.2,97.0,88.8,94.9,91.6,94.8,19.464,5,5,5,104.664
2.8,1,5.805,5.8100000000000005,5.372,177.416,95.487,95.52,65.2,55.1,30.1,101.0,70.5,89.2,97.0,88.8,94.9,91.6,94.8,20.656,5,5,5,104.66799999999999
2.85,1,5.348,5.977,5.396,159.352,95.184,95.28699999999999,65.2,55.1,30.1,101.0,70.5,89.2,97.0,88.8,94.9,91.6,94.8,19.470999999999997,5,5,5,104.665
2.9,1,5.355,5.73,5.383,132.01100000000002,95.517,95.05199999999999,65.2,55.1,30.1,101.0,70.5,89.2,97.0,88.8,94.9,91.6,94.8,20.445,5,5,5,104.665
2.95,1,5.351,6.051,5.409,100.51,95.336,95.339,65.2,55.1,30.1,101.0,70.5,89.2,97.0,88.8,94.9,91.6,94.8,19.320999999999998,5,5,5,104.671
3.0,1,5.337,5.926,5.275,74.499,95.517,95.209,65.2,55.1,30.1,101.0,70.5,89.2,97.0,88.8,94.9,91.6,94.8,20.659,5,5,5,104.67399999999999
3.05,1,5.425,5.627,5.257,56.448,95.517,95.416,65.2,55.1,30.1,101.0,70.5,89.2,97.0,88.8,94.9,91.6,94.8,19.625,5,5,5,104.671
3.1,14,5.444,6.019,5.346,97.946,95.42699999999999,95.02600000000001,65.2,55.1,30.1,101.0,70.5,89.2,97.0,88.8,94.9,91.6,94.8,20.324,5,5,5,104.66799999999999
3.15,14,5.612,6.337,5.361,111.052,95.457,95.365,65.2,55.1,30.1,101.0,70.5,89.2,97.0,88.8,94.812,91.6,94.8,19.129,5,5,5,104.666
3.2,14,5.47,6.1259999999999994,5.173,82.484,95.396,94.921,65.2,55.1,30.1,101.0,70.5,89.2,97.0,88.8,94.727,91.6,94.8,20.165,5,5,5,104.665
3.25,14,5.475,5.7379999999999995,5.368,62.49,95.366,95.105,65.2,55.1,30.1,101.0,70.5,89.2,97.0,88.8,94.706,91.6,94.8,19.185000000000002,5,5,5,104.66799999999999
3.3,14,5.296,5.968,5.412,38.135,94.877,94.499,65.2,55.1,30.1,101.0,70.5,89.2,96.913,88.8,94.70100000000001,91.6,94.8,20.477,5,5,5,104.666
3.35,14,5.515,5.662,5.424,47.552,95.487,94.97399999999999,65.2,55.1,30.1,101.0,70.5,89.2,96.827,88.8,94.7,91.6,94.8,19.309,5,5,5,104.66799999999999
3.4,14,5.355,5.822,5.436,54.55,95.275,95.05199999999999,65.2,55.1,30.1,101.0,70.5,89.2,96.806,88.8,94.7,91.6,94.8,20.378,5,5,5,104.662
3.45,14,5.453,6.527,5.456,67.65,95.487,95.157,65.2,55.1,30.1,101.0,70.5,89.2,96.801,88.8,94.7,91.6,94.8,19.238,5,5,5,104.669
3.5,14,5.445,5.665,5.123,87.024,95.517,95.05199999999999,65.2,55.1,30.1,101.0,70.5,89.2,96.8,88.8,94.7,91.6,94.8,20.421,5,5,5,104.667
3.55,14,5.47,5.915,5.486,106.83,95.305,94.895,65.2,55.1,30.1,101.0,70.5,89.2,96.8,88.8,94.7,91.6,94.8,19.353,5,5,5,104.664
3.6,14,5.532,6.083,5.117,127.609,95.366,94.94800000000001,65.2,55.1,30.1,101.0,70.5,89.2,96.8,88.8,94.7,91.6,94.8,20.220999999999997,5,5,5,104.665
3.65,14,5.324,6.318,5.235,145.689,95.548,94.605,65.2,55.1,30.1,101.0,70.5,89.2,96.8,88.8,94.7,91.6,94.71300000000001,19.17,5,5,5,104.667
3.7,14,5.481,5.6690000000000005,5.112,158.827,95.275,94.605,65.2,55.1,30.1,101.0,70.5,89.2,96.8,88.8,94.7,91.6,94.627,19.206,5,5,5,104.65700000000001
3.75,14,5.337,6.016,5.23,169.64700000000002,95.305,94.79,65.2,55.1,30.1,101.0,70.5,89.2,96.8,88.8,94.7,91.6,94.60600000000001,20.253,5,5,5,104.664
3.8,14,5.358,6.236,5.115,177.38,95.214,94.658,65.2,55.1,30.1,101.0,70.5,89.2,96.8,88.8,94.7,91.6,94.602,19.232999999999997,5,5,5,104.667
3.85,14,5.527,6.042,5.222,179.72099999999998,95.123,94.843,65.2,55.1,30.1,101.0,70.5,89.2,96.8,88.8,94.7,91.6,94.6,20.201,5,5,5,104.667
3.9,14,5.492,5.772,5.117,175.893,95.396,95.209,65.2,55.1,30.1,101.0,70.5,89.2,96.8,88.8,94.7,91.6,94.6,19.165999999999997,5,5,5,104.667
3.95,14,5.5,6.285,5.213,174.49,95.061,94.499,65.2,55.1,30.1,101.0,70.5,89.2,96.8,88.8,94.7,91.6,94.6,20.335,5,5,5,104.66799999999999
4.0,14,5.482,5.584,5.118,176.34900000000002,95.487,94.816,65.2,55.1,30.1,101.0,70.5,89.2,96.8,88.8,94.7,91.6,94.6,19.048000000000002,5,5,5,104.66
4.05,14,5.473,5.869,5.208,174.079,95.305,94.79,65.2,55.1,30.1,101.0,70.5,89.2,96.8,88.8,94.7,91.6,94.6,20.037,5,5,5,104.666
4.1,14,5.377,6.032,5.12,172.852,95.123,94.895,65.1,55.1,30.0,100.6,70.3,89.2,96.8,88.8,94.7,91.6,94.6,19.131999999999998,5,5,5,104.666
4.15,14,5.5329999999999995,6.219,5.201,175.053,95.487,94.816,65.1,55.1,30.0,100.6,70.3,89.2,96.8,88.8,94.7,91.575,94.6,19.944000000000003,5,5,5,104.65899999999999
4.17,3,5.462,5.906,5.091,172.872,95.061,94.763,65.1,55.1,30.0,100.6,70.3,89.2,96.8,88.8,94.7,91.47399999999999,94.6,18.875999999999998,5,5,5,104.667
4.19,3,5.494,5.562,5.091,171.993,94.846,94.447,65.1,55.1,30.0,100.6,70.3,89.2,96.8,88.8,94.7,91.442,94.6,19.008,5,5,5,104.669
4.21,3,5.59,5.945,5.091,157.911,95.214,94.922,65.1,55.1,30.0,100.6,70.3,89.2,96.8,88.8,94.7,91.423,94.6,19.083,5,5,5,104.67200000000001
4.23,3,5.522,5.66,5.093,139.804,95.366,95.312,65.1,55.1,30.0,100.6,70.3,89.2,96.8,88.8,94.7,91.413,94.6,19.076,5,5,5,104.66799999999999
4.25,3,5.554,5.918,5.093,123.318,95.092,95.156,65.1,55.1,30.0,100.6,70.3,89.2,96.8,88.8,94.7,91.407,94.6,19.136,5,5,5,104.67
4.27,3,5.442,5.817,5.093,105.251,94.939,95.415,65.1,55.1,30.0,100.6,70.3,89.2,96.8,88.8,94.7,91.404,94.6,19.012999999999998,5,5,5,104.66799999999999
4.29,3,5.409,5.973,5.092,89.756,95.123,95.208,65.1,55.1,30.0,100.6,70.3,89.2,96.8,88.8,94.7,91.402,94.6,19.121,5,5,5,104.671
4.31,3,6.165,5.495,5.093,93.82700000000001,95.214,94.922,65.1,55.1,30.0,100.6,70.3,89.2,96.8,88.8,94.7,91.40100000000001,94.6,19.09,5,5,5,104.67
4.33,3,6.131,5.497,5.094,85.187,95.39699999999999,95.208,65.1,55.1,30.0,100.6,70.3,89.2,96.8,88.71300000000001,94.7,91.40100000000001,94.6,19.153,5,5,5,104.306
4.35,3,5.993,5.435,5.093,77.135,95.336,95.05199999999999,65.1,55.1,30.0,100.6,70.3,89.2,96.8,88.663,94.7,91.4,94.6,19.047,5,5,5,103.495
4.37,3,5.868,5.433,5.09,59.8,95.457,95.104,65.1,55.1,30.0,100.6,70.3,89.2,96.8,88.63600000000001,94.7,91.4,94.6,19.072000000000003,5,5,5,101.882
4.39,3,5.963,5.435,5.086,46.372,95.184,95.13,65.1,55.1,30.0,100.6,70.3,89.2,96.8,88.62,94.675,91.4,94.6,19.044,5,5,5,100.77
4.41,3,6.087,5.431,5.09,53.391999999999996,95.336,95.104,65.1,55.1,30.0,100.6,70.3,89.2,96.8,88.611,94.642,91.4,94.6,19.051,5,5,5,99.61
4.43,3,6.034,5.489,5.093,41.367,95.548,95.208,65.1,55.1,30.0,100.6,70.3,89.2,96.8,88.60600000000001,94.624,91.4,94.6,19.043,5,5,5,98.443
4.45,3,6.1530000000000005,5.45,5.091,46.508,95.153,94.94800000000001,65.1,55.1,30.0,100.6,70.3,89.2,96.8,88.604,94.613,91.4,94.6,19.076,5,5,5,97.316
4.47,3,5.755,5.464,5.094,47.872,95.275,95.104,65.1,55.1,30.0,100.6,70.3,89.2,96.8,88.602,94.608,91.4,94.6,19.046,5,5,5,96.352
4.49,3,6.099,5.458,5.095,53.119,95.336,94.843,65.1,55.1,30.0,100.6,70.3,89.2,96.8,88.601,94.604,91.4,94.6,18.991,5,5,5,95.44
4.51,3,5.948,5.599,5.096,55.732,95.275,95.312,65.1,55.1,30.0,100.6,70.3,89.2,96.8,88.601,94.602,91.4,94.6,18.993000000000002,5,5,5,94.553
4.53,3,5.883,5.437,5.093,58.643,95.518,95.36399999999999,65.1,55.1,30.0,100.6,70.3,89.2,96.8,88.6,94.601,91.4,94.6,19.119,5,5,5,93.67299999999999
4.55,3,6.367,5.5,5.096,62.251000000000005,95.306,95.182,65.1,55.1,30.0,100.6,70.3,89.2,96.8,88.6,94.601,91.4,94.6,19.185000000000002,5,5,5,92.77799999999999
4.57,3,5.803,5.573,5.098,67.167,95.366,95.156,65.1,55.1,30.0,100.6,70.3,89.2,96.8,88.6,94.6,91.4,94.6,19.079,5,5,5,91.92299999999999
4.59,3,5.825,5.529,5.099,71.62100000000001,95.42699999999999,95.26,65.1,55.1,30.0,100.6,70.3,89.2,96.775,88.6,94.6,91.4,94.6,19.107999999999997,5,5,5,91.105
4.61,3,6.138,5.45,5.098,76.626,95.488,95.441,65.1,55.1,30.0,100.6,70.3,89.2,96.69800000000001,88.6,94.6,91.4,94.6,19.243000000000002,5,5,5,90.29899999999999
4.63,3,5.817,5.434,5.098,80.554,95.548,95.312,65.1,55.1,30.0,100.6,70.3,89.2,96.655,88.6,94.6,91.4,94.6,19.104,5,5,5,89.455
4.65,3,5.889,5.435,5.1,81.916,94.969,95.26,65.1,55.1,30.0,100.6,70.3,89.2,96.631,88.6,94.6,91.4,94.6,19.031,5,5,5,88.656
4.67,3,6.11,5.522,5.101,83.97399999999999,95.336,95.596,65.1,55.1,30.0,100.6,70.3,89.2,96.618,88.6,94.6,91.4,94.6,20.182000000000002,5,5,5,87.855
4.69,3,6.045,5.436,5.101,81.942,95.366,95.72399999999999,65.1,55.1,30.0,100.6,70.3,89.2,96.61,88.6,94.6,91.4,94.6,19.875,5,5,5,86.992
4.71,3,6.1579999999999995,5.492,5.101,81.795,95.275,96.181,65.1,55.1,30.0,100.6,70.3,89.2,96.60600000000001,88.6,94.6,91.4,94.6,19.844,5,5,5,86.104
4.73,3,6.166,5.634,5.101,80.665,94.969,96.582,65.1,55.1,30.0,100.6,70.3,89.2,96.60300000000001,88.6,94.6,91.4,94.6,19.957,5,5,5,85.218
4.75,3,5.671,5.44,5.103,80.181,95.123,97.103,65.1,55.1,30.0,100.6,70.3,89.2,96.602,88.6,94.6,91.4,94.6,19.949,5,5,5,84.333
4.77,3,6.215,5.499,5.103,79.176,95.184,97.712,65.1,55.1,30.0,100.6,70.3,89.2,96.601,88.6,94.6,91.4,94.6,19.933,5,5,5,83.485
4.79,3,5.814,5.437,5.102,79.098,95.245,99.01799999999999,65.1,55.1,30.0,100.6,70.3,89.2,96.601,88.6,94.6,91.4,94.6,20.019,5,5,5,82.59899999999999
4.81,3,6.008,5.487,5.103,78.45100000000001,95.092,100.661,65.1,55.1,30.0,100.6,70.3,89.2,96.6,88.6,94.6,91.4,94.6,19.966,5,5,5,81.756
4.83,3,6.271,5.436,5.104,78.703,95.061,102.579,65.1,55.1,30.0,100.6,70.3,89.2,96.6,88.6,94.6,91.4,94.6,19.937,5,5,5,80.884
4.85,3,5.968,5.552,5.104,78.265,95.214,105.234,65.1,55.1,30.0,100.6,70.3,89.2,96.6,88.6,94.6,91.4,94.6,20.201999999999998,5,5,5,80.002
4.87,3,6.644,5.583,5.104,78.167,95.214,109.887,65.1,55.1,30.0,100.6,70.3,89.2,96.6,88.6,94.6,91.4,94.6,19.990000000000002,5,5,5,79.178
4.89,3,6.362,5.62,5.105,78.191,95.366,118.59700000000001,65.1,55.1,30.0,100.6,70.3,89.2,96.6,88.6,94.6,91.4,94.6,20.009999999999998,5,5,5,78.286
4.91,3,5.829,5.671,5.107,78.756,95.548,130.423,65.1,55.1,30.0,100.6,70.3,89.113,96.6,88.6,94.6,91.4,94.6,20.064999999999998,5,5,5,77.438
4.93,3,6.022,5.917,5.107,78.684,95.548,148.50799999999998,65.1,55.1,30.0,100.6,70.3,89.063,96.6,88.6,94.6,91.4,94.6,20.074,5,5,5,76.597
4.95,3,5.909,5.793,5.107,79.265,95.638,184.87400000000002,65.1,55.1,30.0,100.6,70.3,89.036,96.6,88.6,94.6,91.4,94.6,19.921,5,5,5,75.764
4.97,3,6.006,5.805,5.107,79.682,96.35300000000001,245.062,65.1,55.1,30.0,100.6,70.3,89.02,96.6,88.6,94.6,91.4,94.6,20.029000000000003,5,5,5,74.931
4.99,3,5.596,6.045,5.108,79.92699999999999,98.131,240.208,65.1,55.1,30.0,100.6,70.3,89.01100000000001,96.6,88.6,94.6,91.4,94.6,19.93,5,5,5,74.067
5.01,3,5.917,6.015,5.108,80.16199999999999,100.34899999999999,236.76,65.1,55.1,30.0,100.6,70.3,89.006,96.6,88.6,94.6,91.4,94.6,20.019,5,5,5,73.223
5.03,3,6.0600000000000005,6.7,5.109,80.297,102.78200000000001,235.30200000000002,65.1,55.1,30.0,100.6,70.3,89.00399999999999,96.6,88.6,94.6,91.4,94.6,19.893,5,5,5,72.382
5.05,3,6.117,6.98,5.109,80.81,106.315,234.475,65.1,55.1,30.0,100.6,70.3,89.002,96.6,88.6,94.6,91.4,94.6,19.934,5,5,5,71.562
5.07,3,6.031,7.308,5.111,81.226,109.975,234.35,65.1,55.1,30.0,100.6,70.3,89.001,96.6,88.6,94.6,91.4,94.6,20.025,5,5,5,70.707
5.09,3,5.96,7.521,5.111,81.497,114.721,234.675,65.1,55.1,30.0,100.6,70.3,89.001,96.6,88.6,94.6,91.4,94.6,19.98,5,5,5,69.856
5.11,3,6.241,8.151,5.111,82.153,120.65799999999999,234.725,65.1,55.1,30.0,100.6,70.3,89.0,96.6,88.6,94.6,91.4,94.6,19.817999999999998,5,5,5,69.03399999999999
5.13,3,6.248,8.786,5.111,82.303,127.734,234.487,65.1,55.1,30.0,100.6,70.3,89.0,96.6,88.6,94.6,91.4,94.6,19.958,5,5,5,68.178
5.15,3,6.42,9.004999999999999,5.112,82.512,138.01799999999997,234.137,65.1,55.1,30.0,100.6,70.3,89.0,96.6,88.6,94.6,91.4,94.6,20.089,5,5,5,67.326
5.17,3,5.921,9.379,5.112,82.02600000000001,147.466,233.488,65.1,55.1,30.0,100.6,70.3,89.0,96.6,88.6,94.6,91.4,94.6,19.962,5,5,5,66.452
5.19,3,6.598,10.175,5.112,79.59,157.588,232.52900000000002,65.1,55.1,30.0,100.6,70.3,89.0,96.6,88.6,94.6,91.4,94.6,19.884999999999998,5,5,5,65.502
5.21,3,6.475,11.472999999999999,5.112,77.377,174.016,231.498,65.1,55.1,30.0,100.6,70.3,89.0,96.6,88.6,94.6,91.4,94.6,20.040999999999997,5,5,5,64.584
5.23,3,6.363,11.823,5.112,75.244,223.09400000000002,230.421,65.1,55.1,30.0,100.6,70.3,89.0,96.6,88.6,94.6,91.4,94.6,19.917,5,5,5,63.614
5.25,3,6.833,11.634,5.112,73.991,245.322,229.36,65.1,55.1,30.0,100.6,70.3,89.0,96.6,88.6,94.6,91.4,94.6,19.919,5,5,5,62.71
5.27,3,6.256,12.529,5.114,72.357,240.889,228.37599999999998,65.1,55.1,30.0,100.6,70.3,89.0,96.6,88.6,94.6,91.4,94.6,19.866,5,5,5,61.8
5.29,3,6.703,13.168,5.114,71.956,237.87400000000002,227.334,65.1,55.1,30.0,100.6,70.3,89.0,96.6,88.6,94.6,91.4,94.6,19.884,5,5,5,60.901
5.31,3,6.898,13.468,5.115,71.491,235.52900000000002,226.271,65.1,55.1,30.0,100.6,70.3,89.0,96.6,88.6,94.6,91.4,94.6,19.997999999999998,5,5,5,60.0
5.33,3,6.719,13.767000000000001,5.115,71.818,233.59,225.625,65.1,55.1,30.0,100.6,70.3,89.0,96.6,88.6,94.6,91.4,94.6,20.017000000000003,5,5,5,59.162
5.35,3,7.125,14.522,5.117,71.694,231.787,224.252,65.1,55.1,30.0,100.6,70.3,89.0,96.6,88.6,94.6,91.4,94.6,19.985,5,5,5,58.294
5.37,3,6.897,14.521,5.117,71.94,230.24200000000002,223.683,65.1,55.1,30.0,100.6,70.3,89.0,96.6,88.6,94.6,91.4,94.6,20.083,5,5,5,57.42
5.39,3,6.936,15.286,5.117,71.939,228.915,224.41,65.1,55.1,30.0,100.6,70.3,89.0,96.6,88.6,94.6,91.4,94.6,20.113,5,5,5,56.578
5.41,3,6.925,15.360999999999999,5.118,72.187,227.80200000000002,224.458,65.1,55.1,30.0,100.6,70.3,89.0,96.6,88.6,94.6,91.4,94.6,19.974,5,5,5,55.708999999999996
5.43,3,7.1240000000000006,16.006999999999998,5.119,72.328,226.717,224.143,65.1,55.1,30.0,100.6,70.3,89.0,96.6,88.6,94.6,91.4,94.6,20.045,5,5,5,54.888000000000005
5.45,3,7.140000000000001,16.34,5.121,72.68,225.50099999999998,223.91299999999998,65.1,55.1,30.0,100.6,70.3,89.0,96.6,88.6,94.6,91.4,94.6,20.125,5,5,5,54.03
5.47,3,7.125,16.963,5.121,73.05,224.607,223.84,65.1,55.1,30.0,100.6,70.3,89.0,96.6,88.6,94.6,91.4,94.6,20.062,5,5,5,53.193999999999996
5.49,3,7.420999999999999,17.542,5.122,73.535,223.85,223.77900000000002,65.1,55.1,30.0,100.6,70.3,89.0,96.6,88.6,94.6,91.4,94.6,20.211,5,5,5,52.33
5.51,3,7.481999999999999,18.131,5.122,73.846,223.35,223.622,65.1,55.1,30.0,100.6,70.3,89.0,96.6,88.6,94.6,91.4,94.6,20.060000000000002,5,5,5,51.489
5.53,3,7.479,17.809,5.123,71.14399999999999,222.81400000000002,223.368,65.1,55.1,30.0,100.6,70.3,89.0,96.6,88.6,94.6,91.4,94.6,19.891,5,5,5,50.68
5.55,3,8.102,18.025,5.122,70.922,222.47299999999998,222.84799999999998,65.1,55.1,30.0,100.6,70.3,89.0,96.6,88.6,94.6,91.4,94.6,19.989,5,5,5,49.979
5.57,3,8.191,18.485,5.124,70.017,222.37599999999998,222.16099999999997,65.1,55.1,30.0,100.6,70.3,89.0,96.6,88.6,94.6,91.4,94.6,19.939999999999998,5,5,5,49.266999999999996
5.59,3,8.493,18.701999999999998,5.124,69.582,222.364,221.342,65.1,55.1,30.0,100.6,70.3,89.0,96.6,88.6,94.6,91.4,94.6,19.934,5,5,5,48.602
5.61,3,8.151,18.675,5.124,70.13,222.61900000000003,220.46599999999998,65.1,55.1,30.0,100.6,70.3,89.0,96.6,88.6,94.6,91.4,94.6,20.107,5,5,5,47.902
5.63,3,8.366,19.174,5.124,69.313,222.644,219.52,65.1,55.1,30.0,100.6,70.3,89.0,96.6,88.6,94.6,91.4,94.6,19.975,5,5,5,47.211999999999996
5.65,3,8.02,19.539,5.125,70.414,222.291,218.6,65.1,55.1,30.0,100.6,70.3,89.0,96.6,88.6,94.6,91.4,94.6,20.063,5,5,5,46.533
5.67,3,9.003,19.869999999999997,5.126,69.44,221.829,217.71900000000002,65.1,55.1,30.0,100.6,70.3,89.0,96.6,88.6,94.6,91.4,94.6,20.766,5,5,5,45.854
5.69,3,9.498999999999999,19.744999999999997,5.127,70.697,221.732,216.851,65.1,55.1,30.0,100.6,70.3,89.0,96.6,88.6,94.6,91.4,94.6,20.79,5,5,5,45.17
5.71,3,9.719,20.457,5.128,69.661,221.732,216.06900000000002,65.1,55.1,30.0,100.6,70.3,89.0,96.6,88.6,94.6,91.4,94.6,20.622,5,5,5,44.54
5.73,3,13.335,22.194000000000003,5.128,70.915,222.06,215.489,65.1,55.1,30.0,100.6,70.3,89.0,96.6,88.6,94.6,91.4,94.6,20.85,5,5,5,43.878
5.75,3,16.720999999999997,23.828,5.129,67.58,221.66,214.946,65.1,55.1,30.0,100.6,70.3,89.0,96.6,88.6,94.6,91.4,94.6,20.533,5,5,5,43.217
5.77,3,19.201999999999998,25.488000000000003,5.13,66.607,220.83599999999998,214.38,65.1,55.1,30.0,100.6,70.3,89.0,96.6,88.6,94.6,91.4,94.575,20.538,5,5,5,42.771
5.79,3,20.026,26.315,5.132,66.72800000000001,219.965,213.815,65.1,55.1,30.0,100.6,70.3,89.0,96.6,88.6,94.6,91.4,94.542,20.503,5,5,5,42.385999999999996
5.81,4,20.637,26.732,5.132,66.389,219.31400000000002,213.192,65.1,55.1,30.0,100.6,70.3,89.0,96.6,88.6,94.6,91.4,94.524,20.427,5,5,5,41.989000000000004
5.83,4,21.507,27.489,17.908,65.245,218.72299999999998,212.628,65.1,55.1,30.0,100.6,70.3,89.0,96.6,88.6,94.6,91.4,94.513,20.447000000000003,5,5,5,41.616
5.85,4,22.256,27.798000000000002,19.045,57.036,217.678,212.113,65.1,55.1,30.0,100.6,70.3,89.0,96.6,88.6,94.6,91.4,94.508,20.875999999999998,5,5,5,41.349000000000004
5.87,4,23.163,29.558000000000003,22.485,59.966,216.408,211.551,65.1,55.1,30.0,100.6,70.3,89.0,96.6,88.6,94.6,91.4,94.50399999999999,20.305,5,5,5,41.325
5.89,4,23.234,29.375,25.058,50.178999999999995,215.285,210.967,65.1,55.1,30.0,100.6,70.3,89.0,96.6,88.6,94.6,91.4,94.502,20.302999999999997,5,5,5,41.324
5.91,4,23.609,29.811,26.221,53.797,214.475,210.34900000000002,65.1,55.1,30.0,100.6,70.3,89.0,96.6,88.6,94.6,91.4,94.501,20.308,5,5,5,41.444
5.93,4,23.475,29.127,26.405,45.981,213.951,209.778,65.1,55.1,30.0,100.6,70.3,89.0,96.6,88.6,94.6,91.4,94.501,20.429000000000002,5,5,5,41.492
5.95,4,23.462,29.439,25.873,47.625,213.46400000000003,209.139,65.1,55.1,30.0,100.6,70.3,89.0,96.6,88.6,94.6,91.4,94.5,20.195999999999998,5,5,5,41.669
5.97,4,24.125999999999998,28.688000000000002,24.919,47.086000000000006,213.06099999999998,208.628,65.1,55.1,30.0,100.6,70.3,89.0,96.6,88.6,94.6,91.4,94.5,20.802999999999997,5,5,5,41.754000000000005
5.99,4,25.278,29.201,24.429000000000002,45.104,212.63400000000001,208.15200000000002,65.1,55.1,30.0,100.6,70.3,89.0,96.6,88.6,94.6,91.4,94.5,20.087,5,5,5,41.758
6.01,4,26.304000000000002,29.487,26.749000000000002,44.82,212.172,207.736,65.1,55.1,30.0,100.6,70.3,89.0,96.6,88.6,94.6,91.4,94.5,20.218,5,5,5,41.753
6.03,4,27.17,30.537,28.401999999999997,43.701,211.66400000000002,207.261,65.1,55.1,30.0,100.6,70.3,89.0,96.6,88.6,94.6,91.4,94.5,20.716,5,5,5,41.753
6.05,4,27.61,31.416,29.148000000000003,43.421,211.179,206.799,65.1,55.1,30.0,100.6,70.3,89.0,96.6,88.6,94.6,91.4,94.5,20.458,5,5,5,41.754000000000005
6.07,4,28.497,31.05,29.723000000000003,43.475,210.648,206.33700000000002,65.1,55.0,29.9,100.4,70.3,89.0,96.6,88.6,94.6,91.4,94.5,20.275,5,5,5,41.754000000000005
6.09,4,28.179000000000002,31.053,29.956999999999997,43.573,210.13,205.87599999999998,65.1,55.0,29.9,100.4,70.3,89.0,96.6,88.6,94.6,91.4,94.5,20.891,5,5,5,41.759
6.11,4,28.135,31.4,29.926,44.4,209.683,205.37,65.1,55.0,29.9,100.4,70.3,89.0,96.6,88.6,94.6,91.4,94.5,20.8,5,5,5,41.769000000000005
6.13,4,28.019000000000002,31.116999999999997,30.083000000000002,44.476,209.22400000000002,204.921,65.1,55.0,29.9,100.4,70.3,89.0,96.6,88.6,94.6,91.4,94.5,20.911,5,5,5,41.751
6.15,4,28.926,31.635,30.179000000000002,44.074,208.743,204.50799999999998,65.1,55.0,29.9,100.4,70.3,89.0,96.6,88.6,94.6,91.4,94.5,20.98,5,5,5,41.736999999999995
6.17,4,29.837,31.671,30.283,43.848,208.25,204.083,65.1,55.0,29.9,100.4,70.3,89.0,96.6,88.6,94.6,91.4,94.5,20.487000000000002,5,5,5,41.696
6.19,4,30.232,31.903000000000002,30.308000000000003,43.926,207.793,203.671,65.1,55.0,29.9,100.4,70.3,89.0,96.6,88.6,94.6,91.4,94.5,20.845,5,5,5,41.702
6.21,4,30.586,32.312,30.439,43.849000000000004,207.301,203.25799999999998,65.1,55.0,29.9,100.4,70.3,89.0,96.6,88.6,94.6,91.4,94.5,20.672,5,5,5,41.655
6.23,4,31.096,32.417,30.715,44.330999999999996,206.834,202.86900000000003,65.1,55.0,29.9,100.4,70.3,89.0,96.6,88.6,94.6,91.4,94.5,20.572000000000003,5,5,5,41.595
6.25,4,31.131,31.98,30.808000000000003,44.713,206.36700000000002,202.46900000000002,65.1,55.0,29.9,100.4,70.3,89.0,96.6,88.6,94.6,91.35,94.5,20.78,5,5,5,41.556
6.27,4,31.035,32.754999999999995,30.991999999999997,44.821,205.888,202.07,65.1,55.0,29.9,100.4,70.3,89.0,96.6,88.6,94.6,91.28399999999999,94.5,20.77,5,5,5,41.497
6.29,4,31.451999999999998,32.875,30.993000000000002,45.357,205.422,201.67,65.1,55.0,29.9,100.4,70.3,89.0,96.6,88.6,94.6,91.247,94.5,20.643,5,5,5,41.478
6.31,4,31.444000000000003,33.061,31.138,41.434,204.979,201.283,65.1,55.0,29.9,100.4,70.3,89.0,96.6,88.6,94.6,91.227,94.5,20.578,5,5,5,41.435
6.33,4,32.111999999999995,32.822,31.336,41.349000000000004,204.502,200.919,65.1,55.0,29.9,100.4,70.3,89.0,96.6,88.6,94.6,91.215,94.5,20.578,5,5,5,41.473
6.35,4,31.71,33.224000000000004,31.607,41.7,204.049,200.52,65.1,55.0,29.9,100.4,70.3,89.0,96.6,88.6,94.6,91.208,94.5,20.582,5,5,5,41.555
6.37,4,31.814,33.458,31.6,41.196,203.643,200.157,65.1,55.0,29.9,100.4,70.3,89.0,96.6,88.6,94.6,91.205,94.5,20.398,5,5,5,41.563
6.39,4,32.013999999999996,33.623000000000005,31.537,42.201,203.21400000000003,199.771,65.1,55.0,29.9,100.4,70.3,89.0,96.6,88.6,94.6,91.203,94.5,20.613,5,5,5,41.561
6.41,4,32.004000000000005,33.334,31.773000000000003,43.681,202.785,199.407,65.1,55.0,29.9,100.4,70.3,89.0,96.6,88.6,94.6,91.20100000000001,94.5,20.324,5,5,5,41.538
6.43,4,32.378,33.888000000000005,31.579,43.811,202.368,199.011,65.1,55.0,29.9,100.4,70.3,89.0,96.513,88.6,94.6,91.20100000000001,94.5,20.658,5,5,5,41.5
6.45,4,32.224000000000004,33.4,31.799,44.363,201.951,198.65900000000002,65.1,55.0,29.9,100.4,70.3,89.0,96.46300000000001,88.6,94.6,91.2,94.5,20.813,5,5,5,41.465999999999994
6.47,4,32.585,33.565,31.671999999999997,44.711,201.50099999999998,198.297,65.1,55.0,29.9,100.4,70.3,89.0,96.436,88.6,94.6,91.2,94.5,20.543,5,5,5,41.417
6.49,4,32.7,33.486000000000004,31.719,44.015,201.13099999999997,197.96900000000002,65.1,55.0,29.9,100.4,70.3,89.0,96.42,88.513,94.6,91.2,94.5,20.393,5,5,5,41.304
6.51,4,32.084,34.07,32.012,40.809,200.75,197.61900000000003,65.1,55.0,29.9,100.4,70.3,89.0,96.411,88.46300000000001,94.55,91.2,94.5,20.892000000000003,5,5,5,41.301
6.53,4,32.624,33.760000000000005,31.88,39.96,200.34599999999998,197.269,65.1,55.0,29.9,100.4,70.3,89.0,96.406,88.436,94.484,91.2,94.5,20.514000000000003,5,5,5,41.437
6.55,4,32.004999999999995,33.799,32.055,38.863,199.94299999999998,196.94099999999997,65.1,55.0,29.9,100.4,70.3,89.0,96.404,88.42,94.447,91.2,94.5,20.872,5,5,5,41.565
6.57,4,32.614999999999995,33.839,31.855,36.983000000000004,199.575,196.581,65.1,55.0,29.9,100.4,70.3,89.0,96.402,88.411,94.42699999999999,91.2,94.5,20.698,5,5,5,41.745999999999995
6.59,4,32.769000000000005,33.924,31.736,36.126999999999995,199.229,196.22,65.1,55.0,29.9,100.4,70.3,89.0,96.40100000000001,88.406,94.415,91.2,94.5,20.441,5,5,5,41.891999999999996
6.61,4,32.173,34.087,31.794,36.397,198.792,195.882,65.1,55.0,29.9,100.4,70.3,89.0,96.40100000000001,88.404,94.408,91.2,94.5,21.076,5,5,5,42.021
6.63,4,32.657,34.107,31.648000000000003,35.7,198.39,195.52200000000002,65.1,55.0,29.9,100.4,70.3,89.0,96.4,88.402,94.405,91.2,94.5,21.265,5,5,5,42.062
6.65,4,32.708,33.684,31.511,35.464,198.046,195.21900000000002,65.1,55.0,29.9,100.4,70.3,89.0,96.4,88.40100000000001,94.403,91.2,94.5,20.023,5,5,5,42.074
6.67,4,32.275999999999996,33.524,31.339000000000002,35.292,197.701,194.87,65.1,55.0,29.9,100.4,70.3,89.0,96.4,88.40100000000001,94.402,91.2,94.5,19.799,5,5,5,42.042
6.69,4,32.595,33.195,31.154,36.562,197.32299999999998,194.511,65.1,55.0,29.9,100.4,70.3,89.0,96.4,88.4,94.40100000000001,91.2,94.5,19.517000000000003,5,5,5,42.013000000000005
6.71,4,32.671,33.043000000000006,31.21,37.035,196.956,194.16299999999998,65.1,55.0,29.9,100.4,70.3,89.0,96.4,88.4,94.4,91.2,94.5,19.562,5,5,5,41.943
6.73,4,32.673,33.09,31.092,38.605,196.612,193.86,65.1,55.0,29.9,100.4,70.3,89.0,96.4,88.4,94.4,91.2,94.5,19.354,5,5,5,41.868
6.75,4,32.176,33.025,31.011999999999997,40.64,196.28,193.513,65.1,55.0,29.9,100.4,70.3,89.0,96.4,88.4,94.4,91.2,94.5,19.165999999999997,5,5,5,41.765
6.77,4,31.881999999999998,33.016999999999996,30.689,42.433,195.91400000000002,193.188,65.1,55.0,29.9,100.4,70.3,89.0,96.4,88.4,94.4,91.2,94.5,19.240000000000002,5,5,5,41.667
6.79,4,31.733,32.537,30.8,43.516999999999996,195.571,192.89700000000002,65.1,55.0,29.9,100.4,70.3,89.0,96.4,88.4,94.4,91.2,94.5,19.283,5,5,5,41.501
6.81,4,32.109,32.768,30.908,45.0,195.24,192.606,65.1,55.0,29.9,100.4,70.3,89.0,96.4,88.4,94.4,91.2,94.5,19.191,5,5,5,41.394999999999996
6.83,4,32.164,32.745000000000005,30.683000000000003,45.109,194.92,192.327,65.1,55.0,29.9,100.4,70.3,89.0,96.4,88.4,94.4,91.2,94.5,19.719,5,5,5,41.229
6.85,4,31.451999999999998,32.388999999999996,30.877,45.889,194.578,192.07,65.1,55.0,29.9,100.4,70.3,89.0,96.4,88.4,94.4,91.2,94.5,18.997,5,5,5,41.153999999999996
6.87,4,32.117,33.046,30.818,49.019,194.28099999999998,191.77900000000002,65.1,55.0,29.9,100.4,70.3,89.0,96.4,88.4,94.4,91.2,94.5,19.158,5,5,5,41.125
6.89,4,31.58,32.649,31.171999999999997,47.793,193.984,191.523,65.1,55.0,29.9,100.4,70.3,89.0,96.4,88.4,94.4,91.2,94.5,19.173000000000002,5,5,5,40.964
6.91,4,31.354,33.427,30.971999999999998,48.943000000000005,193.65400000000002,191.27700000000002,65.1,55.0,29.9,100.4,70.3,89.0,96.4,88.4,94.4,91.2,94.5,19.399,5,5,5,40.826
6.93,4,31.686999999999998,33.447,31.24,49.827,193.36900000000003,191.021,65.1,55.0,29.9,100.4,70.3,89.0,96.4,88.4,94.4,91.2,94.5,19.476,5,5,5,40.721999999999994
6.95,4,31.848000000000003,33.054,31.462,48.02,193.05,190.85299999999998,65.1,55.0,29.9,100.4,70.3,89.0,96.4,88.4,94.4,91.2,94.5,19.871,5,5,5,40.574
6.97,4,31.89,33.339,31.76,46.435,192.765,190.56400000000002,65.1,55.0,29.9,100.4,70.3,89.0,96.4,88.4,94.4,91.2,94.5,19.194000000000003,5,5,5,40.55800000000001
6.99,4,31.843000000000004,34.299,32.158,43.906,192.50400000000002,190.34099999999998,65.1,55.0,29.9,100.4,70.3,89.0,96.4,88.4,94.4,91.2,94.5,19.033,5,5,5,40.61
7.01,4,32.225,34.271,32.333,43.306,192.253,190.14,65.1,55.0,29.9,100.4,70.3,89.0,96.4,88.4,94.4,91.2,94.5,19.828,5,5,5,40.736000000000004
7.03,4,32.397,34.659000000000006,32.614999999999995,44.494,191.924,189.862,65.1,55.0,29.9,100.4,70.3,89.0,96.4,88.4,94.4,91.2,94.5,19.625999999999998,5,5,5,40.788
7.05,4,32.857,34.872,32.56,44.55,191.674,189.606,65.1,55.0,29.9,100.4,70.3,89.0,96.4,88.4,94.4,91.2,94.5,19.970999999999997,5,5,5,40.786
7.07,4,33.254999999999995,34.802,32.626,38.471,191.435,189.361,65.1,55.0,29.9,100.4,70.3,89.0,96.4,88.4,94.4,91.2,94.5,19.238,5,5,5,40.784000000000006
7.09,4,33.049,34.918000000000006,32.831,40.637,191.128,189.139,65.1,55.0,29.9,100.4,70.3,89.0,96.4,88.4,94.4,91.2,94.5,19.42,5,5,5,40.932
7.11,4,33.381,35.353,32.925,37.272,190.86700000000002,188.895,65.1,55.0,29.9,100.4,70.3,89.0,96.4,88.4,94.4,91.2,94.5,19.724,5,5,5,41.1
7.13,4,33.527,34.846999999999994,32.949,40.902,190.606,188.606,65.1,55.0,29.9,100.4,70.3,89.0,96.4,88.4,94.4,91.2,94.5,18.860999999999997,5,5,5,41.221999999999994
7.15,4,33.135999999999996,35.394000000000005,32.666,36.833,190.345,188.328,65.1,55.0,29.9,100.4,70.3,89.0,96.4,88.4,94.4,91.2,94.5,19.441,5,5,5,41.211
7.17,4,33.059,34.984,32.729,40.874,190.07299999999998,188.106,65.1,55.0,29.9,100.4,70.3,89.0,96.4,88.4,94.4,91.2,94.5,19.46,5,5,5,41.18300000000001
7.19,4,33.516,35.247,32.676,35.242,189.801,187.873,65.1,55.0,29.9,100.4,70.3,89.0,96.4,88.4,94.4,91.2,94.5,19.515,5,5,5,41.157
7.21,4,33.68,34.742,32.595,37.708,189.54,187.585,65.1,55.0,29.9,100.4,70.3,89.0,96.4,88.4,94.4,91.2,94.5,19.66,5,5,5,41.184
7.23,4,33.104,34.80800000000001,32.501,34.573,189.268,187.352,65.1,55.0,29.9,100.4,70.3,89.0,96.4,88.4,94.4,91.2,94.5,19.353,5,5,5,41.263000000000005
7.25,4,33.694,34.653999999999996,32.43300000000001,34.052,188.99599999999998,187.053,65.1,55.0,29.9,100.4,70.3,89.0,96.4,88.4,94.4,91.2,94.5,19.449,5,5,5,41.451
7.27,4,33.213,34.859,32.369,36.986000000000004,188.668,186.81,65.1,55.0,29.9,100.4,70.3,89.0,96.4,88.4,94.4,91.2,94.5,20.552,5,5,5,41.585
7.29,4,33.134,34.769000000000005,32.41,35.428,188.453,186.56599999999997,65.1,55.0,29.9,100.4,70.3,89.0,96.4,88.4,94.4,91.2,94.5,19.789,5,5,5,41.662
7.31,4,33.203,34.547,32.126,35.84,188.192,186.28900000000002,65.1,55.0,29.9,100.4,70.3,89.0,96.4,88.4,94.4,91.2,94.5,19.455,5,5,5,41.618
7.33,4,33.717,34.444,31.677,29.433000000000003,187.93200000000002,186.035,65.1,55.0,29.9,100.4,70.3,89.0,96.4,88.4,94.4,91.2,94.5,19.294,5,5,5,41.638000000000005
7.35,4,33.182,34.205,31.605999999999998,31.548000000000002,187.649,185.81400000000002,65.1,55.0,29.9,100.4,70.3,89.0,96.4,88.4,94.4,91.2,94.5,19.32,5,5,5,41.804
7.37,4,33.263000000000005,33.675,31.438000000000002,27.905,187.389,185.57,65.1,55.0,29.9,100.4,70.3,89.0,96.4,88.4,94.4,91.2,94.5,20.906,5,5,5,41.938
7.39,4,33.181,33.944,31.156999999999996,32.474000000000004,187.118,185.261,65.1,55.0,29.9,100.4,70.3,89.0,96.4,88.4,94.4,91.2,94.5,19.744999999999997,5,5,5,42.047
7.41,4,33.028999999999996,33.096000000000004,30.956,30.909000000000002,186.88,185.007,65.1,55.0,29.9,100.4,70.3,89.0,96.4,88.4,94.4,91.2,94.5,19.119999999999997,5,5,5,42.019
7.43,4,32.653000000000006,33.921,30.666,34.397,186.609,184.753,65.1,55.0,29.9,100.4,70.3,89.0,96.4,88.4,94.4,91.2,94.5,19.139000000000003,5,5,5,41.949
7.45,4,32.963,33.518,30.421,36.119,186.361,184.521,65.1,55.0,29.9,100.4,70.3,89.0,96.4,88.4,94.4,91.2,94.5,19.127000000000002,5,5,5,41.884
7.47,4,32.589,33.829,29.934,37.073,186.067,184.22299999999998,65.1,55.0,29.9,100.4,70.3,89.0,96.4,88.4,94.4,91.2,94.5,19.425,5,5,5,41.753
7.49,4,32.719,33.346999999999994,29.179000000000002,38.946,185.83,184.03599999999997,65.1,55.0,29.9,100.4,70.3,89.0,96.4,88.4,94.4,91.2,94.5,19.098,5,5,5,41.611999999999995
7.51,4,32.36,32.859,29.872,39.723,185.57,183.804,65.1,55.0,29.9,100.4,70.3,89.0,96.4,88.4,94.4,91.2,94.5,19.217,5,5,5,41.464
7.53,4,32.025,32.382,29.828000000000003,36.452,185.322,183.572,65.1,55.0,29.9,100.4,70.3,89.0,96.4,88.4,94.4,91.2,94.5,19.439,5,5,5,41.325
7.55,4,31.673000000000002,32.754999999999995,29.682,41.13,185.085,183.33,65.1,55.0,29.9,100.4,70.3,89.0,96.4,88.4,94.4,91.2,94.5,18.691,5,5,5,41.281
7.57,4,31.936999999999998,33.235,29.230999999999998,36.064,184.83700000000002,183.15400000000002,65.1,55.0,29.9,100.4,70.3,89.0,96.4,88.4,94.4,91.2,94.5,18.52,5,5,5,41.251
7.59,4,31.965,33.031,29.175,39.053000000000004,184.577,182.94400000000002,65.1,55.0,29.9,100.4,70.3,89.0,96.4,88.4,94.4,91.2,94.5,18.542,5,5,5,41.345
7.61,4,31.903000000000002,32.657,29.304000000000002,33.117,184.363,182.72400000000002,65.1,55.0,29.9,100.4,70.3,89.0,96.4,88.4,94.4,91.2,94.5,18.567999999999998,5,5,5,41.425
7.63,4,32.038,32.596000000000004,29.482,36.525,184.10299999999998,182.482,65.1,55.0,29.9,100.4,70.3,88.913,96.4,88.4,94.4,91.2,94.5,18.581,5,5,5,41.495000000000005
7.65,4,31.518,32.814,29.419,35.576,183.912,182.273,65.1,55.0,29.9,100.4,70.3,88.863,96.4,88.4,94.4,91.2,94.5,19.71,5,5,5,41.501
7.67,4,31.454,32.944,24.022000000000002,38.018,183.66400000000002,182.08599999999998,65.1,55.0,29.9,100.4,70.3,88.836,96.4,88.4,94.4,91.2,94.5,19.724,5,5,5,41.465
7.69,4,31.365,32.43,28.04,39.709,183.438,181.865,65.1,55.0,29.9,100.4,70.3,88.82,96.4,88.4,94.4,91.2,94.5,19.535,5,5,5,41.370000000000005
7.71,4,31.427,32.338,30.166,41.54,183.19,181.68900000000002,65.1,55.0,29.9,100.4,70.3,88.811,96.4,88.4,94.4,91.2,94.5,19.692999999999998,5,5,5,41.215999999999994
7.73,4,31.06,32.870000000000005,30.37,38.968,182.92,181.43599999999998,65.1,55.0,29.9,100.4,70.3,88.806,96.4,88.4,94.4,91.2,94.5,19.499000000000002,5,5,5,41.113
7.75,4,31.326,32.883,30.348000000000003,39.024,182.717,181.22799999999998,65.1,55.0,29.9,100.4,70.3,88.804,96.4,88.4,94.4,91.2,94.5,19.544,5,5,5,41.096999999999994
7.77,4,31.36,32.388000000000005,30.15,42.537,182.548,181.09599999999998,65.1,55.0,29.9,100.4,70.3,88.80199999999999,96.4,88.4,94.4,91.2,94.5,19.46,5,5,5,41.150999999999996
7.79,4,31.127,32.758,30.179000000000002,41.922,182.32299999999998,180.942,65.1,55.0,29.9,100.4,70.3,88.801,96.4,88.4,94.4,91.2,94.5,19.713,5,5,5,41.101
7.81,4,30.801,32.786,30.315,37.329,182.08599999999998,180.65599999999998,65.1,55.0,29.9,100.4,70.3,88.801,96.4,88.4,94.4,91.2,94.5,19.661,5,5,5,40.938
7.83,4,31.116,32.672,30.365,40.715,181.88299999999998,180.48,65.1,55.0,29.9,100.4,70.3,88.8,96.4,88.4,94.4,91.2,94.5,19.505000000000003,5,5,5,40.965
7.85,4,31.428,32.158,30.41,35.348,181.68099999999998,180.34799999999998,65.1,55.0,29.9,100.4,70.3,88.8,96.4,88.4,94.4,91.2,94.5,19.844,5,5,5,41.069
7.87,4,30.965999999999998,32.478,30.49,38.379,181.456,180.162,65.1,55.0,29.9,100.4,70.3,88.8,96.4,88.4,94.4,91.2,94.5,19.77,5,5,5,41.212
7.89,4,31.144000000000002,32.971999999999994,30.566,31.447,181.208,179.96400000000003,65.1,55.0,29.9,100.4,70.3,88.8,96.4,88.4,94.4,91.2,94.5,19.653,5,5,5,41.303
7.91,4,31.415,32.373000000000005,30.498,37.516999999999996,180.99400000000003,179.766,65.1,55.0,29.9,100.4,70.3,88.8,96.4,88.4,94.4,91.2,94.5,19.606,5,5,5,41.471000000000004
7.93,4,31.074,32.709,30.413,34.424,180.859,179.56900000000002,65.1,55.0,29.9,100.4,70.3,88.8,96.4,88.4,94.4,91.2,94.5,19.595999999999997,5,5,5,41.486000000000004
7.95,4,31.566,32.219,30.186,37.189,180.622,179.40400000000002,65.1,55.0,29.9,100.4,70.3,88.8,96.4,88.4,94.4,91.2,94.5,19.584000000000003,5,5,5,41.483000000000004
7.97,4,31.284000000000002,32.563,30.346999999999998,37.544000000000004,180.39700000000002,179.206,65.1,55.0,29.9,100.4,70.3,88.8,96.4,88.4,94.4,91.2,94.5,19.676,5,5,5,41.412
7.99,4,31.052,32.723,30.281999999999996,34.838,180.16099999999997,178.998,65.1,55.0,29.9,100.4,70.3,88.8,96.4,88.4,94.4,91.2,94.5,19.601,5,5,5,41.3
8.01,4,30.979,32.138999999999996,30.250999999999998,35.087,179.99200000000002,178.779,65.1,55.0,29.9,100.4,70.3,88.8,96.4,88.4,94.4,91.2,94.5,19.595999999999997,5,5,5,41.381
8.03,4,31.049,32.518,30.086,33.095,179.79,178.636,65.1,55.0,29.9,100.4,70.3,88.8,96.4,88.4,94.4,91.2,94.5,19.849,5,5,5,41.458
8.05,4,31.366,32.089,29.895,37.114000000000004,179.53099999999998,178.384,65.1,55.0,29.9,100.4,70.3,88.8,96.4,88.4,94.4,91.2,94.5,19.570999999999998,5,5,5,41.581999999999994
8.07,4,30.866999999999997,32.266999999999996,30.153000000000002,35.760999999999996,179.33900000000003,178.23,65.0,55.0,29.9,100.0,70.1,88.8,96.4,88.4,94.4,91.2,94.5,19.637,5,5,5,41.564
8.09,4,31.209,32.411,30.121,40.092,179.18200000000002,178.033,65.0,55.0,29.9,100.0,70.1,88.8,96.4,88.4,94.4,91.2,94.5,19.737000000000002,5,5,5,41.510000000000005
8.11,4,30.982,32.689,30.002,38.34,178.957,177.846,65.0,55.0,29.9,100.0,70.1,88.8,96.4,88.4,94.4,91.2,94.5,19.655,5,5,5,41.397
8.13,4,31.19,31.625,29.936999999999998,40.222,178.754,177.68200000000002,65.0,55.0,29.9,100.0,70.1,88.8,96.4,88.4,94.4,91.2,94.5,19.572000000000003,5,5,5,41.259
8.15,4,30.837,31.863000000000003,29.789,40.014,178.586,177.485,65.0,55.0,29.9,100.0,70.1,88.8,96.4,88.4,94.4,91.2,94.5,19.631999999999998,5,5,5,41.14
8.17,4,30.436999999999998,32.632,29.774,42.494,178.372,177.33100000000002,65.0,55.0,29.9,100.0,70.1,88.8,96.4,88.4,94.4,91.2,94.5,19.633,5,5,5,40.963
8.19,4,30.494,32.004999999999995,29.68,43.099000000000004,178.16899999999998,177.123,65.0,55.0,29.9,100.0,70.1,88.8,96.4,88.4,94.4,91.2,94.5,19.64,5,5,5,40.81699999999999
8.21,4,30.539,32.43,29.959,45.28,177.97799999999998,176.97,65.0,55.0,29.9,100.0,70.1,88.8,96.4,88.4,94.4,91.2,94.5,19.603,5,5,5,40.673
8.23,4,30.566,32.29,29.749000000000002,46.126000000000005,177.798,176.827,65.0,55.0,29.9,100.0,70.1,88.8,96.4,88.4,94.4,91.2,94.5,19.653,5,5,5,40.523
8.25,4,30.467,31.836,30.023000000000003,47.407,177.607,176.674,65.0,55.0,29.9,100.0,70.1,88.8,96.4,88.4,94.4,91.2,94.5,19.570999999999998,5,5,5,40.370000000000005
8.27,4,30.698,32.256,30.314,43.821999999999996,177.415,176.52100000000002,65.0,55.0,29.9,100.0,70.1,88.8,96.4,88.4,94.4,91.2,94.5,19.407,5,5,5,40.273
8.29,4,30.464000000000002,32.483000000000004,30.522,45.546,177.247,176.411,65.0,55.0,29.9,100.0,70.1,88.8,96.4,88.4,94.4,91.2,94.5,19.475,5,5,5,40.324
8.31,4,30.878,32.576,30.575,42.215,177.033,176.25799999999998,65.0,55.0,29.9,100.0,70.1,88.8,96.4,88.4,94.4,91.2,94.5,19.595999999999997,5,5,5,40.41
8.33,4,30.773000000000003,33.245000000000005,30.861,46.271,176.898,176.10399999999998,65.0,55.0,29.9,100.0,70.1,88.8,96.4,88.4,94.4,91.2,94.5,19.398,5,5,5,40.504000000000005
8.35,4,30.415,33.093,31.083000000000002,43.900999999999996,176.707,176.017,65.0,55.0,29.9,100.0,70.1,88.8,96.4,88.4,94.4,91.2,94.5,19.54,5,5,5,40.425
8.37,4,30.854,33.47,31.15,46.842,176.53799999999998,175.842,65.0,55.0,29.9,100.0,70.1,88.8,96.4,88.4,94.4,91.2,94.5,19.555999999999997,5,5,5,40.355000000000004
8.39,4,31.022,33.078,31.326999999999998,46.236000000000004,176.38,175.688,65.0,55.0,29.9,100.0,70.1,88.8,96.4,88.4,94.4,91.2,94.5,19.601,5,5,5,40.248000000000005
8.41,4,30.848000000000003,33.297,31.465999999999998,47.824,176.2,175.55700000000002,65.0,55.0,29.9,100.0,70.1,88.8,96.4,88.4,94.4,91.2,94.5,19.587,5,5,5,40.146
8.43,4,30.929000000000002,33.922,31.743000000000002,48.221000000000004,176.043,175.393,65.0,55.0,29.9,100.0,70.1,88.8,96.4,88.4,94.4,91.2,94.5,19.615000000000002,5,5,5,40.038
8.45,4,31.188000000000002,33.523,31.695999999999998,48.938,175.885,175.316,65.0,55.0,29.9,100.0,70.1,88.8,96.4,88.4,94.4,91.2,94.5,19.500999999999998,5,5,5,39.95
8.47,4,31.303,33.802,31.984,50.043,175.694,175.119,65.0,55.0,29.9,100.0,70.1,88.8,96.4,88.4,94.4,91.2,94.5,19.563,5,5,5,39.831999999999994
8.49,4,31.331999999999997,34.239000000000004,32.113,47.901,175.536,175.032,65.0,55.0,29.9,100.0,70.1,88.8,96.4,88.4,94.4,91.2,94.5,19.508,5,5,5,39.738
8.51,4,31.705,34.373000000000005,32.492,49.474,175.36700000000002,174.856,65.0,55.0,29.9,100.0,70.1,88.8,96.4,88.4,94.4,91.2,94.5,19.514000000000003,5,5,5,39.717
8.53,4,31.645,35.167,32.771,48.195,175.21,174.75799999999998,65.0,55.0,29.9,100.0,70.1,88.8,96.4,88.4,94.4,91.2,94.5,19.449,5,5,5,39.724000000000004
8.55,4,31.721999999999998,35.1,32.89,51.538000000000004,175.063,174.616,65.0,55.0,29.9,100.0,70.1,88.8,96.4,88.4,94.4,91.2,94.5,19.488,5,5,5,39.723
8.57,4,31.949,35.230999999999995,33.357,46.983999999999995,174.917,174.484,65.0,55.0,29.9,100.0,70.1,88.8,96.4,88.4,94.4,91.2,94.5,19.409,5,5,5,39.611000000000004
8.59,4,32.331999999999994,35.911,33.697,45.983999999999995,174.759,174.375,65.0,55.0,29.9,100.0,70.1,88.8,96.4,88.4,94.4,91.2,94.5,19.485,5,5,5,39.626999999999995
8.61,4,32.486999999999995,36.103,33.934,43.161,174.602,174.2,65.0,55.0,29.9,100.0,70.1,88.8,96.4,88.4,94.4,91.2,94.5,19.66,5,5,5,39.747
8.63,4,32.475,36.351,34.041,44.824,174.422,174.036,65.0,55.0,29.9,100.0,70.1,88.8,96.4,88.4,94.4,91.2,94.5,19.439999999999998,5,5,5,39.919
8.65,4,32.265,36.387,34.230999999999995,42.751999999999995,174.275,173.92600000000002,65.0,55.0,29.9,100.0,70.1,88.8,96.4,88.4,94.4,91.2,94.5,19.997999999999998,5,5,5,39.903000000000006
8.67,4,32.93,36.137,34.273,46.29600000000001,174.106,173.72899999999998,65.0,55.0,29.9,100.0,70.1,88.8,96.4,88.4,94.4,91.2,94.5,20.043,5,5,5,39.888000000000005
8.69,4,32.684,36.327,34.409000000000006,39.934,173.92600000000002,173.631,65.0,55.0,29.9,100.0,70.1,88.8,96.4,88.4,94.4,91.2,94.5,20.052,5,5,5,39.803
8.71,4,33.201,36.549,34.446,46.095,173.78,173.5,65.0,55.0,29.9,100.0,70.1,88.8,96.4,88.4,94.4,91.2,94.5,19.864,5,5,5,39.915
8.73,4,33.175,36.728,34.43300000000001,41.591,173.63299999999998,173.303,65.0,55.0,29.9,100.0,70.1,88.8,96.4,88.4,94.4,91.2,94.5,19.93,5,5,5,39.844
8.75,4,33.69,37.135,34.459,48.297,173.453,173.18200000000002,65.0,55.0,29.9,100.0,70.1,88.8,96.4,88.4,94.4,91.2,94.5,19.974,5,5,5,39.835
8.77,4,33.409000000000006,36.759,34.537,38.051,173.284,173.007,65.0,55.0,29.9,100.0,70.1,88.8,96.4,88.4,94.4,91.2,94.5,20.11,5,5,5,39.748000000000005
8.79,4,33.593,36.954,34.56699999999999,42.034,173.126,172.865,65.0,55.0,29.9,100.0,70.1,88.8,96.4,88.4,94.4,91.2,94.5,20.162,5,5,5,39.835
8.81,4,33.863,37.125,34.359,42.306999999999995,172.901,172.668,65.0,55.0,29.9,100.0,70.1,88.8,96.4,88.4,94.4,91.2,94.5,20.057000000000002,5,5,5,39.992
8.83,4,33.706999999999994,37.455999999999996,34.516999999999996,43.62,172.754,172.537,65.0,55.0,29.9,100.0,70.1,88.8,96.4,88.4,94.4,91.2,94.5,19.883,5,5,5,40.069
8.85,4,34.045,36.578,34.689,43.349000000000004,172.619,172.406,65.0,55.0,29.9,100.0,70.1,88.8,96.4,88.4,94.4,91.2,94.5,20.119,5,5,5,40.044
8.87,4,33.958,36.93300000000001,34.644000000000005,42.929,172.382,172.24200000000002,65.0,55.0,29.9,100.0,70.1,88.8,96.4,88.4,94.4,91.2,94.5,20.333,5,5,5,39.984
8.89,4,33.929,36.911,34.44199999999999,44.882,172.27,172.088,65.0,55.0,29.9,100.0,70.1,88.8,96.4,88.4,94.4,91.2,94.5,20.27,5,5,5,39.948
8.91,4,33.989000000000004,37.249,34.535,42.538000000000004,172.067,171.892,65.0,55.0,29.9,100.0,70.1,88.8,96.4,88.4,94.4,91.2,94.5,20.035,5,5,5,39.89
8.93,4,34.34,37.58,34.344,40.501999999999995,171.92,171.749,65.0,55.0,29.9,100.0,70.1,88.8,96.4,88.4,94.4,91.2,94.5,20.104,5,5,5,39.926
8.95,4,34.419,37.132,34.238,38.889,171.717,171.596,65.0,55.0,29.9,100.0,70.1,88.8,96.4,88.4,94.4,91.2,94.5,20.288,5,5,5,40.047
8.97,4,34.284000000000006,37.013000000000005,34.525999999999996,39.766999999999996,171.559,171.43200000000002,65.0,55.0,29.9,100.0,70.1,88.8,96.4,88.4,94.4,91.2,94.5,20.427,5,5,5,40.189
8.99,4,34.437,36.721000000000004,34.509,33.97,171.36700000000002,171.29,65.0,55.0,29.9,100.0,70.1,88.8,96.4,88.4,94.4,91.2,94.5,20.317,5,5,5,40.287
9.01,4,34.032,37.059,34.295,39.162,171.266,171.17,65.0,55.0,29.9,100.0,70.1,88.8,96.4,88.4,94.4,91.2,94.5,20.320999999999998,5,5,5,40.497
9.03,4,34.794,36.525999999999996,34.291,36.91,171.07399999999998,170.918,65.0,55.0,29.9,100.0,70.1,88.8,96.4,88.4,94.4,91.2,94.5,20.021,5,5,5,40.539
9.05,4,34.120000000000005,36.844,34.285,38.673,170.904,170.82,65.0,55.0,29.9,100.0,70.1,88.8,96.4,88.4,94.4,91.2,94.5,20.281,5,5,5,40.543000000000006
9.07,4,35.119,36.891,33.828,36.423,170.735,170.634,65.0,55.0,29.9,100.0,70.1,88.8,96.4,88.4,94.4,91.2,94.5,20.049,5,5,5,40.506
9.09,4,34.693,36.28,33.822,34.854,170.566,170.502,65.0,55.0,29.9,100.0,70.1,88.8,96.4,88.4,94.4,91.2,94.5,20.250999999999998,5,5,5,40.538
9.11,4,34.394999999999996,36.536,33.693,34.968,170.374,170.327,65.0,55.0,29.9,100.0,70.1,88.8,96.4,88.4,94.4,91.2,94.5,20.226,5,5,5,40.676
9.13,4,33.848,36.745000000000005,33.675,34.415,170.19299999999998,170.15200000000002,65.0,55.0,29.9,100.0,70.1,88.8,96.4,88.4,94.4,91.2,94.5,20.344,5,5,5,40.843
9.15,4,34.072,36.576,33.677,35.715999999999994,170.001,170.01,65.0,55.0,29.9,100.0,70.1,88.8,96.4,88.4,94.4,91.2,94.5,20.083,5,5,5,40.93
9.17,4,34.469,36.194,33.510999999999996,35.586,169.85399999999998,169.813,65.0,55.0,29.9,100.0,70.1,88.8,96.4,88.4,94.4,91.2,94.5,20.278,5,5,5,40.906
9.19,4,34.407,36.230999999999995,33.292,36.704,169.685,169.671,65.0,55.0,29.9,100.0,70.1,88.8,96.4,88.4,94.4,91.2,94.5,20.34,5,5,5,40.831999999999994
9.21,4,34.044,36.167,33.323,37.75,169.53799999999998,169.485,65.0,55.0,29.9,100.0,70.1,88.8,96.4,88.4,94.4,91.2,94.5,20.231,5,5,5,40.733000000000004
9.23,4,34.144000000000005,36.099000000000004,32.931,39.496,169.32299999999998,169.31,65.0,55.0,29.9,100.0,70.1,88.8,96.4,88.4,94.4,91.2,94.5,20.08,5,5,5,40.64
9.25,4,34.686,36.206,32.792,40.61,169.187,169.157,65.0,55.0,29.9,100.0,70.1,88.8,96.4,88.4,94.4,91.2,94.5,20.192999999999998,5,5,5,40.525999999999996
9.27,4,34.141999999999996,35.796,32.89,41.539,169.029,168.993,65.0,55.0,29.9,100.0,70.1,88.8,96.4,88.4,94.4,91.2,94.5,20.155,5,5,5,40.418000000000006
9.29,4,33.766,35.968,32.793000000000006,43.115,168.814,168.839,65.0,55.0,29.9,100.0,70.1,88.8,96.4,88.4,94.4,91.2,94.5,20.058,5,5,5,40.266999999999996
9.31,4,33.876,35.611999999999995,32.842,44.262,168.667,168.708,65.0,55.0,29.9,100.0,70.1,88.8,96.4,88.4,94.4,91.2,94.5,20.156,5,5,5,40.086
9.33,4,33.798,35.782,32.893,45.602,168.474,168.577,65.0,55.0,29.9,100.0,70.1,88.8,96.4,88.4,94.4,91.2,94.5,20.281,5,5,5,39.961
9.35,4,33.757,35.67,32.876,46.233000000000004,168.293,168.412,65.0,55.0,29.9,100.0,70.1,88.8,96.4,88.4,94.4,91.2,94.5,20.247999999999998,5,5,5,39.796
9.37,4,33.803,35.851,33.144000000000005,42.969,168.123,168.248,65.0,55.0,29.9,100.0,70.1,88.8,96.4,88.4,94.4,91.2,94.5,20.052999999999997,5,5,5,39.715999999999994
9.39,4,33.913,35.635999999999996,33.181,44.154,167.999,168.172,65.0,55.0,29.9,100.0,70.1,88.8,96.4,88.4,94.4,91.2,94.5,20.235999999999997,5,5,5,39.758
9.41,4,33.857,35.760999999999996,33.042,42.816,167.795,167.986,65.0,55.0,29.9,100.0,70.1,88.8,96.4,88.4,94.4,91.2,94.5,20.148,5,5,5,39.853
9.43,4,33.644000000000005,36.156,33.366,45.554,167.659,167.898,65.0,55.0,29.9,100.0,70.1,88.8,96.4,88.4,94.4,91.2,94.5,20.091,5,5,5,39.919
9.45,4,33.674,36.181,33.312,44.743,167.5,167.78799999999998,65.0,55.0,29.9,100.0,70.1,88.8,96.4,88.4,94.4,91.2,94.5,20.319000000000003,5,5,5,39.823
9.47,4,33.644000000000005,36.242,33.19,44.369,167.31799999999998,167.657,65.0,55.0,29.9,100.0,70.1,88.8,96.4,88.4,94.4,91.2,94.5,19.972,5,5,5,39.729
9.49,4,33.56699999999999,36.257,33.197,39.488,167.216,167.482,65.0,55.0,29.9,100.0,70.1,88.8,96.4,88.4,94.4,91.2,94.5,20.109,5,5,5,39.774
9.51,4,33.893,35.903999999999996,33.407,39.543,167.046,167.405,65.0,55.0,29.9,100.0,70.1,88.8,96.4,88.4,94.4,91.2,94.5,20.229,5,5,5,39.870999999999995
9.53,4,33.788,35.736000000000004,33.634,40.053000000000004,166.83100000000002,167.23,65.0,55.0,29.9,100.0,70.1,88.8,96.4,88.4,94.4,91.2,94.5,20.107,5,5,5,40.061
9.55,4,33.493,36.114000000000004,33.475,36.922,166.717,167.04399999999998,65.0,55.0,29.9,100.0,70.1,88.8,96.4,88.4,94.4,91.2,94.5,20.014000000000003,5,5,5,40.18300000000001
9.57,4,33.785,36.06699999999999,33.516,38.525,166.558,166.945,65.0,55.0,29.9,100.0,70.1,88.8,96.4,88.4,94.4,91.2,94.5,20.175,5,5,5,40.376999999999995
9.59,4,33.382,36.394999999999996,33.305,32.7,166.376,166.825,65.0,55.0,29.9,100.0,70.1,88.8,96.4,88.4,94.4,91.2,94.5,20.225,5,5,5,40.516
9.61,4,33.561,35.509,33.123000000000005,35.751,166.20600000000002,166.627,65.0,55.0,29.9,100.0,70.1,88.8,96.4,88.4,94.4,91.2,94.5,20.11,5,5,5,40.675
9.63,4,33.748000000000005,36.132,33.229,36.076,166.058,166.452,65.0,55.0,29.9,100.0,70.1,88.8,96.4,88.4,94.4,91.2,94.5,19.304000000000002,5,5,5,40.739999999999995
9.65,4,33.451,35.75,33.061,36.763000000000005,165.911,166.321,65.0,55.0,29.9,100.0,70.1,88.8,96.4,88.4,94.4,91.2,94.5,19.133,5,5,5,40.72
9.67,4,33.605000000000004,35.811,32.893,36.459,165.74,166.167,65.0,55.0,29.9,100.0,70.1,88.8,96.4,88.4,94.4,91.2,94.5,19.154000000000003,5,5,5,40.631
9.69,4,33.758,35.72,32.927,39.391,165.60399999999998,166.025,65.0,55.0,29.9,100.0,70.1,88.8,96.4,88.4,94.4,91.2,94.5,18.921,5,5,5,40.579
9.71,4,33.382,36.086,32.829,38.974000000000004,165.422,165.882,65.0,55.0,29.9,100.0,70.1,88.8,96.4,88.4,94.4,91.2,94.5,19.099,5,5,5,40.448
9.73,4,33.071,35.61,32.706999999999994,35.760000000000005,165.296,165.77200000000002,65.0,55.0,29.9,100.0,70.1,88.8,96.4,88.4,94.4,91.2,94.5,18.790999999999997,5,5,5,40.402
9.75,4,33.208,35.336,32.723,43.051,165.126,165.586,65.0,55.0,29.9,100.0,70.1,88.8,96.4,88.4,94.4,91.2,94.5,18.93,5,5,5,40.407
9.77,4,33.413,35.510000000000005,32.453,40.31,164.93200000000002,165.465,65.0,55.0,29.9,100.0,70.1,88.8,96.4,88.4,94.4,91.2,94.5,19.002000000000002,5,5,5,40.291
9.79,4,33.25,34.946,32.676,44.55,164.80700000000002,165.32299999999998,65.0,55.0,29.9,100.0,70.1,88.8,96.4,88.4,94.4,91.2,94.5,18.990000000000002,5,5,5,40.167
9.81,4,32.968,35.272,32.587,36.866,164.602,165.114,65.0,55.0,29.9,100.0,70.1,88.8,96.4,88.4,94.4,91.2,94.5,18.851,5,5,5,40.027
9.83,4,32.947,34.958,32.383,42.733000000000004,164.488,165.059,65.0,55.0,29.9,100.0,70.1,88.8,96.4,88.4,94.4,91.2,94.5,18.926,5,5,5,40.143
9.85,4,33.16,35.258,32.516,33.858000000000004,164.283,164.851,65.0,55.0,29.9,100.0,70.1,88.8,96.4,88.4,94.4,91.2,94.5,18.796,5,5,5,40.217
9.87,4,33.239000000000004,34.983000000000004,32.353,38.868,164.123,164.686,65.0,55.0,29.9,100.0,70.1,88.8,96.4,88.4,94.4,91.2,94.5,19.058,5,5,5,40.316
9.89,4,32.788,35.209,32.248000000000005,31.311,164.02,164.631,65.0,55.0,29.9,100.0,70.1,88.8,96.4,88.4,94.4,91.2,94.5,19.009999999999998,5,5,5,40.344
9.91,4,32.254000000000005,35.321,32.157,35.995000000000005,163.849,164.467,65.0,55.0,29.9,100.0,70.1,88.8,96.4,88.4,94.4,91.2,94.5,19.143,5,5,5,40.497
9.93,4,32.579,34.986000000000004,32.227,36.577,163.644,164.25799999999998,65.0,55.0,29.9,100.0,70.1,88.8,96.4,88.4,94.4,91.2,94.5,18.738,5,5,5,40.634
9.95,4,32.762,35.096000000000004,32.07,35.507,163.564,164.17,65.0,55.0,29.9,100.0,70.1,88.8,96.4,88.4,94.4,91.2,94.5,19.009,5,5,5,40.702
9.97,4,32.486999999999995,34.980999999999995,32.052,29.14,163.358,164.028,65.0,55.0,29.9,100.0,70.1,88.8,96.4,88.4,94.4,91.2,94.5,19.033,5,5,5,40.846999999999994
9.99,4,32.408,34.528000000000006,31.912,34.179,163.232,163.89600000000002,65.0,55.0,29.9,100.0,70.1,88.8,96.4,88.4,94.4,91.2,94.5,18.884999999999998,5,5,5,40.967
10.01,4,32.765,34.57,32.012,28.105999999999998,163.03799999999998,163.72,65.0,55.0,29.9,100.0,70.1,88.8,96.4,88.4,94.4,91.2,94.5,19.040999999999997,5,5,5,41.141999999999996
10.03,4,32.303,34.451,31.715,33.302,162.889,163.577,65.0,55.0,29.9,100.0,70.1,88.8,96.4,88.4,94.4,91.2,94.5,18.948,5,5,5,41.311
10.05,4,32.556,34.224000000000004,31.58,28.03,162.72899999999998,163.412,65.0,55.0,29.9,100.0,70.1,88.8,96.4,88.4,94.4,91.2,94.5,18.85,5,5,5,41.35
10.07,4,32.894999999999996,34.133,31.125999999999998,32.114000000000004,162.649,163.32399999999998,64.9,55.0,29.9,99.8,70.0,88.8,96.4,88.4,94.4,91.2,94.5,19.086,5,5,5,41.327
10.09,4,32.819,34.265,30.824,32.34,162.454,163.10399999999998,64.9,55.0,29.9,99.8,70.0,88.8,96.4,88.4,94.4,91.2,94.5,18.883,5,5,5,41.236000000000004
10.11,4,32.229,33.977,30.930999999999997,27.113000000000003,162.305,162.994,64.9,55.0,29.9,99.8,70.0,88.8,96.4,88.4,94.4,91.2,94.5,19.046,5,5,5,41.254000000000005
10.13,4,32.05800000000001,33.43,30.862,33.211,162.111,162.796,64.9,55.0,29.9,99.8,70.0,88.8,96.4,88.4,94.4,91.2,94.5,18.878,5,5,5,41.385999999999996
10.15,4,32.205,33.686,30.291,34.063,162.007,162.697,64.9,55.0,29.9,99.8,70.0,88.8,96.4,88.4,94.4,91.2,94.5,19.073,5,5,5,41.402
10.17,4,32.19,33.422,30.346999999999998,34.590999999999994,161.79,162.532,64.9,55.0,29.9,99.8,70.0,88.8,96.4,88.4,94.4,91.2,94.5,19.206,5,5,5,41.251999999999995
10.19,4,32.18300000000001,33.081,30.204,29.836,161.572,162.268,64.9,55.0,29.9,99.8,70.0,88.8,96.4,88.4,94.4,91.2,94.5,19.011,5,5,5,41.149
10.21,4,31.89,33.179,29.989,35.719,161.514,162.257,64.9,55.0,29.9,99.8,70.0,88.8,96.4,88.4,94.4,91.2,94.5,18.887,5,5,5,41.242
10.23,4,31.83,32.984,29.879,30.24,161.399,162.14700000000002,64.9,55.0,29.9,99.8,70.0,88.8,96.4,88.4,94.4,91.2,94.5,19.114,5,5,5,41.274
10.25,4,31.771,32.553,29.570999999999998,33.988,161.19299999999998,161.938,64.9,55.0,29.9,99.8,70.0,88.8,96.4,88.4,94.4,91.2,94.5,18.89,5,5,5,41.452
10.27,4,31.653000000000002,32.479,29.364,31.221,161.101,161.817,64.9,55.0,29.9,99.8,70.0,88.8,96.4,88.4,94.4,91.2,94.5,19.036,5,5,5,41.468
10.29,4,31.307,32.693,29.273000000000003,36.888999999999996,160.963,161.72899999999998,64.9,55.0,29.9,99.8,70.0,88.8,96.4,88.4,94.4,91.2,94.5,19.09,5,5,5,41.436
10.31,4,31.482,32.762,29.17,31.16,160.756,161.57399999999998,64.9,55.0,29.9,99.8,70.0,88.8,96.4,88.4,94.4,91.2,94.5,19.184,5,5,5,41.235
10.33,4,30.934,32.634,29.22,36.006,160.618,161.409,64.9,55.0,29.9,99.8,70.0,88.8,96.4,88.4,94.4,91.2,94.5,19.185000000000002,5,5,5,41.126999999999995
10.35,4,31.261,32.024,28.969,29.72,160.422,161.21,64.9,55.0,29.9,99.8,70.0,88.8,96.4,88.4,94.4,91.2,94.5,18.886,5,5,5,40.986000000000004
10.37,4,31.233,32.539,28.905,38.905,160.30700000000002,161.166,64.9,55.0,29.9,99.8,70.0,88.8,96.4,88.4,94.4,91.2,94.5,18.849,5,5,5,41.141999999999996
10.39,4,31.271,32.2,28.820999999999998,31.408,160.16899999999998,161.001,64.9,55.0,29.9,99.8,70.0,88.8,96.4,88.4,94.4,91.2,94.5,19.198,5,5,5,41.141
10.41,4,31.166,32.534000000000006,28.633000000000003,40.605,159.97299999999998,160.82399999999998,64.9,55.0,29.9,99.8,70.0,88.8,96.4,88.4,94.4,91.2,94.5,19.144,5,5,5,41.30800000000001
10.43,4,30.872,31.854,28.575,33.122,159.811,160.681,64.9,55.0,29.9,99.8,70.0,88.8,96.4,88.4,94.4,91.2,94.5,19.216,5,5,5,41.214
10.45,4,30.81,31.656,28.506999999999998,38.251,159.696,160.626,64.9,55.0,29.9,99.8,70.0,88.8,96.4,88.4,94.4,91.2,94.5,19.018,5,5,5,41.206999999999994
10.47,4,30.62,31.853,28.406,35.141,159.592,160.471,64.9,55.0,29.9,99.8,70.0,88.8,96.4,88.4,94.4,91.2,94.5,19.246,5,5,5,41.148
10.49,4,30.498,32.081999999999994,28.32,40.785,159.453,160.317,64.9,55.0,29.9,99.8,70.0,88.8,96.4,88.4,94.4,91.2,94.5,18.994,5,5,5,41.013000000000005
10.51,4,30.651,31.598000000000003,28.305999999999997,37.758,159.303,160.22799999999998,64.9,55.0,29.9,99.8,70.0,88.8,96.4,88.4,94.4,91.2,94.5,19.235,5,5,5,40.804
10.53,4,30.575,32.019999999999996,28.313000000000002,32.907,159.095,160.05200000000002,64.9,55.0,29.9,99.8,70.0,88.8,96.4,88.4,94.4,91.2,94.5,19.008,5,5,5,40.699
10.55,4,30.386999999999997,31.669,28.342,38.481,158.97899999999998,159.985,64.9,55.0,29.9,99.8,70.0,88.8,96.4,88.4,94.4,91.2,94.5,18.927999999999997,5,5,5,40.724000000000004
10.57,4,30.059,31.794,28.394000000000002,39.424,158.841,159.83,64.9,55.0,29.9,99.8,70.0,88.8,96.4,88.4,94.4,91.2,94.5,19.129,5,5,5,40.712
10.59,4,29.706999999999997,31.67,28.51,40.65,158.702,159.709,64.9,55.0,29.9,99.8,70.0,88.8,96.4,88.4,94.4,91.2,94.5,19.064,5,5,5,40.579
10.61,4,30.128,31.52,28.088,37.5,158.516,159.609,64.9,55.0,29.9,99.8,70.0,88.8,96.4,88.4,94.4,91.2,94.5,19.147,5,5,5,40.406
10.63,4,29.808000000000003,31.598000000000003,28.194000000000003,38.395,158.401,159.466,64.9,55.0,29.9,99.8,70.0,88.8,96.4,88.4,94.4,91.2,94.5,19.832,5,5,5,40.363
10.65,4,29.964000000000002,31.68,28.465999999999998,35.736000000000004,158.262,159.377,64.9,55.0,29.9,99.8,70.0,88.8,96.4,88.4,94.4,91.2,94.5,19.617,5,5,5,40.388999999999996
10.67,4,29.165,31.734,28.633000000000003,37.135999999999996,158.088,159.211,64.9,55.0,29.9,99.8,70.0,88.8,96.4,88.4,94.4,91.2,94.5,19.587,5,5,5,40.512
10.69,4,29.753,31.976999999999997,28.647,37.966,157.972,159.123,64.9,55.0,29.9,99.8,70.0,88.8,96.4,88.4,94.4,91.2,94.5,19.549,5,5,5,40.548
10.71,4,29.78,31.859,28.566999999999997,36.655,157.821,158.968,64.9,55.0,29.9,99.8,70.0,88.8,96.4,88.4,94.4,91.2,94.5,19.555999999999997,5,5,5,40.510999999999996
10.73,4,29.494,31.829,28.691999999999997,35.032,157.635,158.846,64.9,55.0,29.9,99.8,70.0,88.8,96.4,88.4,94.4,91.2,94.5,19.560000000000002,5,5,5,40.501
10.75,4,29.551,32.001,28.438000000000002,39.785,157.612,158.779,64.9,55.0,29.9,99.8,70.0,88.8,96.4,88.4,94.4,91.2,94.5,19.504,5,5,5,40.55
10.77,4,29.521,31.993000000000002,28.575,38.696,157.414,158.66899999999998,64.9,55.0,29.9,99.8,70.0,88.8,96.4,88.4,94.4,91.26899999999999,94.5,19.563,5,5,5,40.483000000000004
10.79,4,29.206,31.877,28.546999999999997,41.121,157.286,158.525,64.9,55.0,29.9,99.8,70.0,88.8,96.4,88.4,94.4,91.32600000000001,94.5,19.618000000000002,5,5,5,40.378
10.81,4,29.274,31.68,28.79,35.922,157.112,158.403,64.9,55.0,29.9,99.8,70.0,88.8,96.4,88.4,94.4,91.358,94.5,19.692,5,5,5,40.203
10.83,4,28.919,31.874000000000002,28.764,39.194,156.983,158.336,64.9,55.0,29.9,99.8,70.0,88.8,96.45,88.4,94.4,91.377,94.5,19.554000000000002,5,5,5,40.263999999999996
10.85,4,29.133000000000003,31.750999999999998,28.840999999999998,34.123000000000005,156.809,158.148,64.9,55.0,29.9,99.8,70.0,88.8,96.516,88.4,94.4,91.387,94.5,19.743000000000002,5,5,5,40.303
10.87,4,28.872,31.703000000000003,28.502,40.062,156.75,158.07,64.9,55.0,29.9,99.8,70.0,88.8,96.553,88.4,94.4,91.393,94.5,19.555999999999997,5,5,5,40.444
10.89,4,28.978,31.698,28.795,32.557,156.622,157.94799999999998,64.9,55.0,29.9,99.8,70.0,88.8,96.57300000000001,88.4,94.4,91.396,94.5,19.735999999999997,5,5,5,40.473
10.91,4,28.846999999999998,31.928,28.676,40.836999999999996,156.471,157.815,64.9,55.0,29.9,99.8,70.0,88.8,96.585,88.4,94.4,91.398,94.5,19.599,5,5,5,40.667
10.93,4,29.06,31.901999999999997,28.609,32.95,156.33100000000002,157.704,64.9,55.0,29.9,99.8,70.0,88.8,96.592,88.4,94.4,91.399,94.5,19.805,5,5,5,40.715
10.95,4,28.685,31.444000000000003,28.574,35.605999999999995,156.155,157.582,64.9,55.0,29.9,99.8,70.0,88.8,96.595,88.4,94.4,91.399,94.5,19.655,5,5,5,40.927
10.97,4,28.855,31.658,28.524,31.399,156.05,157.493,64.9,55.0,29.9,99.8,70.0,88.8,96.597,88.4,94.469,91.4,94.5,19.591,5,5,5,41.025
10.99,4,28.543000000000003,32.019999999999996,28.551,26.549,155.886,157.27,64.9,55.0,29.9,99.8,70.0,88.8,96.598,88.4,94.52600000000001,91.4,94.5,19.64,5,5,5,41.219
11.01,4,28.846,31.195999999999998,28.324,29.837,155.734,157.159,64.9,55.0,29.9,99.8,70.0,88.8,96.59899999999999,88.4,94.558,91.4,94.5,19.516,5,5,5,41.342
11.03,4,28.589000000000002,31.272,28.236,24.442,155.629,157.059,64.9,55.0,29.9,99.8,70.0,88.8,96.6,88.4,94.577,91.4,94.5,19.599,5,5,5,41.522
11.05,4,28.544,31.509,27.845,28.885,155.5,156.892,64.9,55.0,29.9,99.8,70.0,88.8,96.6,88.4,94.587,91.4,94.5,19.581,5,5,5,41.674
11.07,4,28.176,31.362,27.636999999999997,23.317999999999998,155.371,156.759,64.9,55.0,29.9,99.8,70.0,88.8,96.6,88.4,94.593,91.4,94.5,19.441,5,5,5,41.821
11.09,4,28.533,30.994,27.432,21.554000000000002,155.24200000000002,156.636,64.9,55.0,29.9,99.8,70.0,88.8,96.6,88.4,94.596,91.4,94.5,19.449,5,5,5,41.965999999999994
11.11,4,27.987,31.333000000000002,27.111,22.296,155.113,156.469,64.9,55.0,29.9,99.8,70.0,88.8,96.6,88.4,94.598,91.4,94.5,19.586,5,5,5,42.085
11.13,4,28.191999999999997,30.764,26.718000000000004,15.895,154.97299999999998,156.347,64.9,55.0,29.9,99.8,70.0,88.8,96.6,88.4,94.59899999999999,91.4,94.5,19.475,5,5,5,42.279
11.15,4,28.008000000000003,30.409000000000002,26.326999999999998,17.14,154.82,156.202,64.9,55.0,29.9,99.8,70.0,88.8,96.6,88.4,94.59899999999999,91.4,94.5,19.582,5,5,5,42.431999999999995
11.17,4,28.006999999999998,30.678,25.791,24.423,154.62,156.05700000000002,64.9,55.0,29.9,99.8,70.0,88.8,96.6,88.4,94.6,91.4,94.5,19.237000000000002,5,5,5,42.516999999999996
11.19,4,27.744,30.302,25.467,20.871,154.526,155.957,64.9,55.0,29.9,99.8,70.0,88.8,96.6,88.4,94.6,91.4,94.5,19.506999999999998,5,5,5,42.49
11.21,4,27.218000000000004,29.954,25.035999999999998,27.131999999999998,154.385,155.80100000000002,64.9,55.0,29.9,99.8,70.0,88.8,96.6,88.4,94.6,91.4,94.5,19.586,5,5,5,42.39
11.23,4,27.570999999999998,29.429000000000002,24.551,26.783,154.267,155.644,64.9,55.0,29.9,99.8,70.0,88.8,96.6,88.4,94.6,91.4,94.5,19.489,5,5,5,42.275
11.25,4,27.416,29.799,24.412,29.531999999999996,154.067,155.52200000000002,64.9,55.0,29.9,99.8,70.0,88.8,96.6,88.4,94.6,91.4,94.5,19.55,5,5,5,42.107
11.27,4,27.585,29.105,24.294,30.041,154.00799999999998,155.388,64.9,55.0,29.9,99.8,70.0,88.8,96.6,88.4,94.6,91.4,94.5,19.609,5,5,5,41.939
11.29,4,27.318,28.941999999999997,24.062,30.349,153.86700000000002,155.254,64.9,55.0,29.9,99.8,70.0,88.8,96.6,88.4,94.6,91.4,94.5,19.564,5,5,5,41.719
11.31,4,27.351999999999997,28.656999999999996,23.659000000000002,25.054000000000002,153.678,155.097,64.9,55.0,29.9,99.8,70.0,88.8,96.6,88.4,94.6,91.4,94.5,19.41,5,5,5,41.688
11.33,4,26.994,28.393,23.748,33.736999999999995,153.56,154.952,64.9,55.0,29.9,99.8,70.0,88.8,96.6,88.4,94.6,91.4,94.5,19.359,5,5,5,41.687
11.35,4,27.009,28.665,23.464000000000002,27.934,153.43,154.829,64.9,55.0,29.9,99.8,70.0,88.8,96.6,88.4,94.6,91.4,94.5,19.255000000000003,5,5,5,41.725
11.37,4,26.531999999999996,28.476,23.554000000000002,33.486999999999995,153.3,154.72799999999998,64.9,55.0,29.9,99.8,70.0,88.8,96.6,88.4,94.6,91.4,94.5,19.357,5,5,5,41.766999999999996
11.39,4,26.215999999999998,28.37,23.649,27.767,153.19299999999998,154.639,64.9,55.0,29.9,99.8,70.0,88.8,96.6,88.4,94.6,91.4,94.5,19.223,5,5,5,41.79
11.41,4,26.616999999999997,28.264,23.609,32.141,153.004,154.53799999999998,64.9,55.0,29.9,99.8,70.0,88.8,96.6,88.4,94.6,91.4,94.5,19.365000000000002,5,5,5,41.851
11.43,4,26.029,28.441999999999997,23.433,26.916999999999998,152.933,154.415,64.9,55.0,29.9,99.8,70.0,88.8,96.6,88.4,94.6,91.4,94.5,19.447000000000003,5,5,5,41.870999999999995
11.45,4,26.199,28.151999999999997,23.548,34.047,152.814,154.314,64.9,55.0,29.9,99.8,70.0,88.8,96.6,88.4,94.6,91.4,94.5,19.579,5,5,5,41.782
11.47,4,25.816,27.9,23.305999999999997,27.934,152.672,154.202,64.9,55.0,29.9,99.8,70.0,88.8,96.6,88.425,94.6,91.4,94.5,19.545,5,5,5,41.68300000000001
11.49,4,26.451,27.849,23.265,35.678,152.53,154.056,64.9,55.0,29.9,99.8,70.0,88.8,96.6,88.502,94.6,91.4,94.5,19.561,5,5,5,41.489000000000004
11.51,4,26.083000000000002,27.633000000000003,23.08,30.338,152.447,153.97799999999998,64.9,55.0,29.9,99.8,70.0,88.8,96.6,88.545,94.6,91.4,94.5,19.491,5,5,5,41.294
11.53,4,25.689,28.099,23.128,37.419000000000004,152.269,153.821,64.9,55.0,29.9,99.8,70.0,88.8,96.6,88.569,94.6,91.4,94.5,19.557000000000002,5,5,5,41.073
11.55,4,25.639,28.506,23.159000000000002,42.313,152.15,153.753,64.9,55.0,29.9,99.8,70.0,88.8,96.6,88.582,94.6,91.4,94.5,19.429000000000002,5,5,5,40.845
11.57,4,25.763,28.449,23.24,39.257,152.031,153.66299999999998,64.9,55.0,29.9,99.8,70.0,88.85,96.6,88.59,94.6,91.4,94.5,19.453,5,5,5,40.593
11.59,4,25.523000000000003,27.781999999999996,23.299,35.032,151.864,153.57399999999998,64.9,55.0,29.9,99.8,70.0,88.916,96.6,88.594,94.6,91.4,94.5,19.637,5,5,5,40.493
11.61,4,25.484,28.185,23.74,43.31,151.709,153.517,64.9,55.0,29.9,99.8,70.0,88.953,96.6,88.597,94.6,91.4,94.5,19.521,5,5,5,40.492
11.63,4,25.329,28.377,23.717,44.175,151.626,153.394,64.9,55.0,29.9,99.8,70.0,88.973,96.6,88.598,94.6,91.4,94.5,20.125,5,5,5,40.382
11.65,4,25.32,28.133000000000003,23.97,45.007,151.483,153.281,64.9,55.0,29.9,99.8,70.0,88.985,96.6,88.59899999999999,94.6,91.4,94.5,20.235,5,5,5,40.122
11.67,4,24.958,28.107,24.066,45.832,151.387,153.16899999999998,64.9,55.0,29.9,99.8,70.0,88.992,96.6,88.59899999999999,94.6,91.4,94.5,20.051,5,5,5,39.885999999999996
11.69,4,24.766,28.59,24.456,41.411,151.28,153.124,64.9,55.0,29.9,99.8,70.0,88.995,96.6,88.6,94.6,91.4,94.5,20.163,5,5,5,39.736000000000004
11.71,4,24.747,28.296999999999997,24.583,44.633,151.077,153.012,64.9,55.0,29.9,99.8,70.0,88.997,96.6,88.6,94.6,91.4,94.5,20.136,5,5,5,39.753
11.73,4,25.151,28.915,24.816,40.179,150.945,152.91,64.9,55.0,29.9,99.8,70.0,88.999,96.6,88.6,94.6,91.4,94.5,20.076999999999998,5,5,5,39.757
11.75,4,25.028,29.081999999999997,24.803,40.523,150.89700000000002,152.865,64.9,55.0,29.9,99.8,70.0,88.999,96.6,88.6,94.6,91.4,94.5,20.145,5,5,5,39.861000000000004
11.77,4,24.94,29.209,25.174,38.513000000000005,150.694,152.719,64.9,55.0,29.9,99.8,70.0,89.0,96.6,88.6,94.6,91.4,94.5,20.207,5,5,5,39.95
11.79,4,24.673,29.151999999999997,25.237000000000002,42.283,150.634,152.741,64.9,55.0,29.9,99.8,70.0,89.0,96.6,88.6,94.6,91.4,94.5,19.883,5,5,5,40.018
11.81,4,25.024,29.798000000000002,25.476,39.268,150.502,152.606,64.9,55.0,29.9,99.8,70.0,89.0,96.6,88.6,94.6,91.4,94.5,19.958,5,5,5,39.995999999999995
11.83,4,24.867,29.853,25.471,43.81,150.454,152.539,64.9,55.0,29.9,99.8,70.0,89.0,96.6,88.6,94.6,91.4,94.5,20.07,5,5,5,39.994
11.85,4,24.407,29.305999999999997,25.605,42.838,150.298,152.42600000000002,64.9,55.0,29.9,99.8,70.0,89.0,96.6,88.6,94.6,91.4,94.5,20.1,5,5,5,39.926
11.87,4,24.785,30.083000000000002,25.477,45.065,150.202,152.325,64.9,55.0,29.9,99.8,70.0,89.0,96.6,88.6,94.6,91.4,94.5,20.122,5,5,5,39.774
11.89,4,24.799,29.935,25.840999999999998,45.671,150.094,152.21200000000002,64.9,55.0,29.9,99.8,70.0,89.0,96.6,88.6,94.6,91.4,94.5,20.119999999999997,5,5,5,39.641
11.91,4,24.397000000000002,30.518,25.818,47.331,149.96200000000002,152.13299999999998,64.9,55.0,29.9,99.8,70.0,89.0,96.6,88.6,94.6,91.4,94.5,20.097,5,5,5,39.437
11.93,4,24.649,30.53,26.061,48.632,149.817,152.042,64.9,55.0,29.9,99.8,70.0,89.0,96.6,88.6,94.6,91.4,94.544,20.006,5,5,5,39.253
11.95,4,25.006,30.344,26.090999999999998,50.498000000000005,149.757,151.997,64.9,55.0,29.9,99.8,70.0,89.0,96.6,88.6,94.6,91.4,94.568,20.060000000000002,5,5,5,39.109
11.97,4,24.445,30.908,26.375,51.761,149.576,151.884,64.9,55.0,29.9,99.8,70.0,89.0,96.6,88.6,94.6,91.4,94.582,19.908,5,5,5,38.94199999999999
11.99,4,24.459,31.195,26.526999999999997,53.145,149.49200000000002,151.851,64.9,55.0,29.9,99.8,70.0,89.0,96.6,88.6,94.6,91.4,94.59,20.067999999999998,5,5,5,38.758
12.01,4,24.554000000000002,31.42,26.815,54.486000000000004,149.335,151.726,64.9,55.0,29.9,99.8,70.0,89.0,96.675,88.6,94.6,91.4,94.594,20.121,5,5,5,38.555
12.03,4,24.854,31.428,27.201999999999998,55.909,149.275,151.681,64.9,55.0,29.9,99.8,70.0,89.0,96.773,88.6,94.6,91.4,94.597,20.081,5,5,5,38.352
12.05,4,24.71,31.953000000000003,27.416,56.964,149.142,151.613,64.9,55.0,29.9,99.8,70.0,89.0,96.829,88.6,94.6,91.4,94.598,19.91,5,5,5,38.182
12.07,4,24.455,32.236000000000004,27.91,58.181000000000004,149.045,151.523,64.8,54.9,29.8,99.7,69.8,89.0,96.86,88.6,94.6,91.4,94.59899999999999,20.088,5,5,5,37.971999999999994
12.09,4,24.826,33.579,28.281,59.358999999999995,148.961,151.466,64.8,54.9,29.8,99.7,69.8,89.0,96.877,88.6,94.6,91.4,94.59899999999999,19.914,5,5,5,37.745000000000005
12.11,4,24.622,33.179,28.984,60.494,148.827,151.43200000000002,64.8,54.9,29.8,99.7,69.8,89.0,96.887,88.6,94.6,91.4,94.6,20.018,5,5,5,37.547
12.13,4,24.511,34.349000000000004,29.37,61.623999999999995,148.731,151.35299999999998,64.8,54.9,29.8,99.7,69.8,89.0,96.893,88.6,94.6,91.4,94.6,20.105,5,5,5,37.363
12.15,4,24.218,34.900999999999996,29.941999999999997,62.79600000000001,148.64600000000002,151.387,64.8,54.9,29.8,99.7,69.8,89.0,96.896,88.6,94.6,91.4,94.6,20.02,5,5,5,37.155
12.17,4,24.701,35.971000000000004,30.377,63.977,148.561,151.319,64.8,54.9,29.8,99.7,69.8,89.0,96.898,88.6,94.6,91.4,94.6,19.841,5,5,5,36.998000000000005
12.19,4,25.004,36.818,30.904,65.441,148.464,151.364,64.8,54.9,29.8,99.7,69.8,89.0,96.899,88.6,94.6,91.4,94.6,20.197000000000003,5,5,5,36.793000000000006
12.21,4,24.8,38.06,31.592,66.523,148.391,151.251,64.8,54.9,29.8,99.7,69.8,89.0,96.899,88.6,94.6,91.512,94.6,19.95,5,5,5,36.653000000000006
12.23,4,24.884,38.623000000000005,32.041,66.21600000000001,148.33,151.263,64.8,54.9,29.8,99.7,69.8,89.0,96.9,88.6,94.6,91.595,94.6,20.075,5,5,5,36.471000000000004
12.25,4,25.284000000000002,39.786,32.94199999999999,68.07300000000001,148.209,151.274,64.8,54.9,29.8,99.7,69.8,89.0,96.9,88.6,94.6,91.641,94.6,20.152,5,5,5,36.355999999999995
12.27,4,25.576999999999998,41.094,33.453,68.554,148.148,151.24,64.8,54.9,29.8,99.7,69.8,89.0,96.9,88.6,94.6,91.667,94.6,20.136,5,5,5,36.184
12.29,4,26.345,42.389,34.079,70.665,148.075,151.172,64.8,54.9,29.8,99.7,69.8,89.0,96.9,88.6,94.6,91.681,94.6,19.997,5,5,5,36.034000000000006
12.31,4,26.462,43.336999999999996,34.614000000000004,70.99600000000001,147.99,151.195,64.8,54.9,29.8,99.7,69.8,89.0,96.9,88.6,94.6,91.689,94.6,20.127000000000002,5,5,5,35.868
12.33,4,26.682,44.016,35.271,72.785,147.905,151.115,64.8,54.9,29.8,99.7,69.8,89.0,96.9,88.6,94.6,91.694,94.6,20.038,5,5,5,35.718
12.35,4,26.953000000000003,45.724000000000004,35.9,72.40100000000001,147.844,151.093,64.8,54.9,29.8,99.7,69.8,89.0,96.9,88.6,94.6,91.697,94.6,20.180999999999997,5,5,5,35.604
12.37,4,27.418000000000003,46.599,36.260000000000005,73.23899999999999,147.759,151.025,64.8,54.9,29.8,99.7,69.8,89.0,96.9,88.6,94.6,91.69800000000001,94.6,20.258,5,5,5,35.468
12.39,4,28.191999999999997,46.331,36.323,74.033,147.674,150.923,64.8,54.9,29.8,99.7,69.8,89.0,96.9,88.6,94.6,91.699,94.6,20.204,5,5,5,35.327
12.41,4,28.428,47.141999999999996,36.84,73.92699999999999,147.6,150.889,64.8,54.9,29.8,99.7,69.8,89.0,96.9,88.6,94.625,91.699,94.6,20.067999999999998,5,5,5,35.239000000000004
12.43,4,29.115,48.56399999999999,37.188,74.711,147.515,150.798,64.8,54.9,29.8,99.7,69.8,89.0,96.9,88.6,94.658,91.7,94.6,20.421,5,5,5,35.144000000000005
12.45,4,29.468000000000004,49.793,37.751,74.648,147.491,150.753,64.8,54.9,29.8,99.7,69.8,89.0,96.9,88.6,94.676,91.7,94.6,20.294,5,5,5,35.072
12.47,4,30.221999999999998,50.827,38.521,75.096,147.417,150.605,64.8,54.9,29.8,99.7,69.8,89.0,96.9,88.6,94.687,91.7,94.6,20.508,5,5,5,34.965999999999994
12.49,4,30.929000000000002,52.208999999999996,38.843,75.382,147.344,150.537,64.8,54.9,29.8,99.7,69.8,89.0,96.9,88.6,94.692,91.7,94.6,20.478,5,5,5,34.906
12.51,4,31.463,52.816,39.399,75.694,147.32,150.446,64.8,54.9,29.8,99.7,69.8,89.0,96.9,88.6,94.696,91.7,94.6,20.394,5,5,5,34.851
12.53,4,32.441,53.784,39.789,74.638,147.21,150.344,64.8,54.9,29.8,99.7,69.8,89.0,96.9,88.6,94.69800000000001,91.7,94.6,20.658,5,5,5,34.793000000000006
12.55,4,32.495999999999995,54.16,40.204,75.143,147.173,150.299,64.8,54.9,29.8,99.7,69.8,89.0,96.9,88.6,94.699,91.7,94.6,20.323,5,5,5,34.788
12.57,4,33.541,55.29,40.59,75.55199999999999,147.112,150.185,64.8,54.9,29.8,99.7,69.8,89.0,96.9,88.6,94.699,91.7,94.6,20.207,5,5,5,34.771
12.59,4,33.898,55.976000000000006,40.967,74.476,147.05100000000002,150.06,64.8,54.9,29.8,99.7,69.8,89.0,96.9,88.6,94.7,91.7,94.6,20.299,5,5,5,34.715
12.61,4,34.543000000000006,56.702,41.327,74.675,146.965,149.923,64.8,54.9,29.8,99.7,69.8,89.0,96.9,88.6,94.7,91.7,94.6,19.625,5,5,5,34.7
12.63,4,35.32,57.175,41.554,73.82300000000001,146.928,149.866,64.8,54.9,29.8,99.7,69.8,89.0,96.9,88.625,94.7,91.7,94.6,19.227,5,5,5,34.688
12.65,4,35.706,57.248999999999995,41.992,74.45100000000001,146.892,149.787,64.8,54.9,29.8,99.7,69.8,89.0,96.9,88.702,94.7,91.7,94.6,19.415999999999997,5,5,5,34.69
12.67,4,36.335,57.729,42.097,73.377,146.81799999999998,149.616,64.8,54.9,29.8,99.7,69.8,89.0,96.9,88.745,94.7,91.7,94.6,19.414,5,5,5,34.69
12.69,4,36.906,58.349,42.471,73.188,146.695,149.422,64.8,54.9,29.8,99.7,69.8,89.0,96.9,88.76899999999999,94.7,91.7,94.6,19.974,5,5,5,34.68300000000001
12.71,4,38.076,58.568999999999996,42.628,71.139,146.597,149.217,64.8,54.9,29.8,99.7,69.8,89.0,96.9,88.782,94.7,91.7,94.6,19.963,5,5,5,34.68
12.73,4,38.266,59.467,42.916,71.488,146.474,149.05700000000002,64.8,54.9,29.8,99.7,69.8,89.0,96.9,88.79,94.7,91.7,94.6,19.985999999999997,5,5,5,34.729
12.75,4,39.175,59.711999999999996,42.86,68.382,146.511,149.06799999999998,64.8,54.9,29.8,99.7,69.8,89.0,96.9,88.794,94.7,91.7,94.6,19.442,5,5,5,34.747
12.77,4,39.365,59.83,43.146,68.80199999999999,146.401,148.94299999999998,64.8,54.9,29.8,99.7,69.8,89.0,96.9,88.797,94.7,91.7,94.6,19.514000000000003,5,5,5,34.786
12.79,4,39.464,60.541000000000004,43.496,66.81800000000001,146.327,148.817,64.8,54.9,29.8,99.7,69.8,89.0,96.9,88.798,94.7,91.7,94.6,20.049,5,5,5,34.785
12.81,4,40.459,60.345,43.791,66.46199999999999,146.278,148.691,64.8,54.9,29.8,99.7,69.8,89.0,96.9,88.79899999999999,94.7,91.7,94.6,19.919,5,5,5,34.787
12.83,4,40.732,60.303000000000004,43.967,66.301,146.142,148.46200000000002,64.8,54.9,29.8,99.7,69.8,89.0,96.9,88.79899999999999,94.7,91.7,94.6,20.417,5,5,5,34.783
12.85,4,41.013000000000005,61.008,43.906,64.30199999999999,146.056,148.382,64.8,54.9,29.8,99.7,69.8,89.0,96.9,88.8,94.7,91.7,94.6,20.174,5,5,5,34.784000000000006
12.87,4,41.428000000000004,61.493,43.905,66.328,146.032,148.313,64.8,54.9,29.8,99.7,69.8,89.0,96.9,88.8,94.7,91.7,94.6,19.612000000000002,5,5,5,34.839
12.89,4,41.846,61.388999999999996,44.306,65.006,145.97,148.13,64.8,54.9,29.8,99.7,69.8,89.0,96.9,88.8,94.7,91.7,94.6,19.468,5,5,5,34.845
12.91,4,42.131,61.519,44.389,64.78399999999999,145.834,148.004,64.8,54.9,29.8,99.7,69.8,89.0,96.9,88.8,94.7,91.7,94.6,19.512,5,5,5,34.851
12.93,4,42.84,61.976000000000006,44.429,62.471000000000004,145.649,147.785,64.8,54.9,29.8,99.7,69.8,89.0,96.9,88.8,94.7,91.7,94.6,19.538,5,5,5,34.866
12.95,4,43.051,61.818999999999996,44.635,63.608000000000004,145.662,147.694,64.8,54.9,29.8,99.7,69.8,89.0,96.9,88.8,94.7,91.7,94.6,19.407,5,5,5,34.902
12.97,4,43.478,61.702,44.463,64.19300000000001,145.53799999999998,147.671,64.8,54.9,29.8,99.7,69.8,89.0,96.925,88.8,94.7,91.7,94.6,19.328,5,5,5,34.997
12.99,4,43.828,61.63,44.806,63.55,145.489,147.51,64.8,54.9,29.8,99.7,69.8,89.0,97.00200000000001,88.8,94.7,91.7,94.6,19.404000000000003,5,5,5,35.012
13.01,4,44.079,61.95399999999999,44.808,64.169,145.39,147.38299999999998,64.8,54.9,29.8,99.7,69.8,89.0,97.045,88.8,94.7,91.7,94.6,19.386,5,5,5,35.008
13.03,4,44.415,62.148999999999994,44.693000000000005,63.341,145.278,147.222,64.8,54.9,29.8,99.7,69.8,89.0,97.069,88.8,94.7,91.7,94.6,18.976,5,5,5,35.008
13.05,4,44.352,62.102,44.772,62.726000000000006,145.167,147.095,64.8,54.9,29.8,99.7,69.8,89.0,97.08200000000001,88.8,94.7,91.7,94.6,18.905,5,5,5,35.022
13.07,4,44.568000000000005,62.13,44.992,63.676,145.03,146.934,64.8,54.9,29.8,99.7,69.8,89.0,97.09,88.8,94.7,91.7,94.6,18.906,5,5,5,35.06699999999999
13.09,4,44.691,62.09,44.951,61.82899999999999,144.931,146.784,64.8,54.9,29.8,99.7,69.8,89.0,97.094,88.8,94.7,91.7,94.6,18.990000000000002,5,5,5,35.064
13.11,4,44.508,62.221000000000004,45.11,62.349,144.79399999999998,146.634,64.8,54.9,29.8,99.7,69.8,89.0,97.09700000000001,88.8,94.7,91.7,94.6,18.82,5,5,5,35.102
13.13,4,45.155,62.147,44.976,60.761,144.695,146.483,64.8,54.9,29.8,99.7,69.8,89.0,97.098,88.8,94.7,91.7,94.6,18.807000000000002,5,5,5,35.152
13.15,4,45.298,61.79,44.848,60.691,144.63299999999998,146.40200000000002,64.8,54.9,29.8,99.7,69.8,89.0,97.09899999999999,88.8,94.7,91.7,94.6,18.799,5,5,5,35.228
13.17,4,45.306,62.386,44.993,59.966,144.459,146.24,64.8,54.9,29.8,99.7,69.8,89.0,97.09899999999999,88.8,94.7,91.7,94.6,18.836,5,5,5,35.278999999999996
13.19,4,45.452,61.946999999999996,44.955,59.326,144.384,146.067,64.8,54.9,29.8,99.7,69.8,89.0,97.1,88.8,94.7,91.7,94.6,18.9,5,5,5,35.316
13.21,4,45.805,62.33,45.065,58.876000000000005,144.259,145.96200000000002,64.8,54.9,29.8,99.7,69.8,89.0,97.1,88.8,94.7,91.7,94.6,18.832,5,5,5,35.368
13.23,4,45.588,62.172,44.923,58.231,144.184,145.939,64.8,54.9,29.8,99.7,69.8,89.0,97.1,88.8,94.7,91.7,94.6,18.85,5,5,5,35.431
13.25,4,45.996,62.006,45.074,57.887,144.097,145.731,64.8,54.9,29.8,99.7,69.8,89.0,97.1,88.8,94.7,91.7,94.6,18.868000000000002,5,5,5,35.504999999999995
13.27,4,46.247,62.271,45.088,57.479,143.984,145.649,64.8,54.9,29.8,99.7,69.8,89.0,97.1,88.8,94.7,91.7,94.6,18.7,5,5,5,35.564
13.29,4,46.012,62.18899999999999,45.207,57.163999999999994,143.872,145.475,64.8,54.9,29.8,99.7,69.8,89.0,97.1,88.8,94.7,91.7,94.6,18.781,5,5,5,35.604
13.31,4,46.297,62.038999999999994,45.036,56.864,143.784,145.394,64.8,54.9,29.8,99.7,69.8,89.0,97.1,88.8,94.7,91.7,94.6,18.925,5,5,5,35.634
13.33,4,46.313,62.153999999999996,44.911,56.611000000000004,143.734,145.382,64.8,54.9,29.8,99.7,69.8,89.0,97.1,88.8,94.7,91.7,94.6,18.968,5,5,5,35.653000000000006
13.35,4,46.282,62.276,44.984,56.458,143.672,145.30100000000002,64.8,54.9,29.8,99.7,69.8,89.0,97.1,88.8,94.7,91.7,94.6,19.164,5,5,5,35.661
13.37,4,46.98,61.748999999999995,45.001,56.265,143.571,145.149,64.8,54.9,29.8,99.7,69.8,89.0,97.1,88.8,94.7,91.7,94.6,19.227,5,5,5,35.677
13.39,4,46.287,62.022,45.006,56.412,143.559,145.08,64.8,54.9,29.8,99.7,69.8,89.05,97.1,88.8,94.7,91.7,94.6,19.189999999999998,5,5,5,35.697
13.41,4,46.794,61.998000000000005,44.729,56.025,143.39600000000002,144.986,64.8,54.9,29.8,99.7,69.8,89.116,97.1,88.8,94.7,91.7,94.688,19.218,5,5,5,35.744
13.43,4,46.873999999999995,61.981,44.868,56.266000000000005,143.207,144.78799999999998,64.8,54.9,29.8,99.7,69.8,89.153,97.1,88.8,94.7,91.7,94.737,19.262,5,5,5,35.753
13.45,4,47.261,62.199,44.869,57.607,143.195,144.707,64.8,54.9,29.8,99.7,69.8,89.173,97.1,88.8,94.7,91.7,94.764,19.290999999999997,5,5,5,35.760999999999996
13.47,4,46.986000000000004,61.801,44.811,57.176,143.08100000000002,144.555,64.8,54.9,29.8,99.7,69.8,89.185,97.1,88.8,94.7,91.7,94.78,19.391,5,5,5,35.759
13.49,4,47.229,61.82,44.72,60.795,142.993,144.50799999999998,64.8,54.9,29.8,99.7,69.8,89.192,97.1,88.8,94.7,91.7,94.789,19.273,5,5,5,35.744
13.51,4,47.318000000000005,61.333,44.599000000000004,59.68899999999999,142.981,144.344,64.8,54.9,29.8,99.7,69.8,89.195,97.1,88.8,94.7,91.725,94.794,19.281,5,5,5,35.644999999999996
13.53,4,46.983999999999995,61.908,44.672,61.784,142.716,144.263,64.8,54.9,29.8,99.7,69.8,89.197,97.1,88.8,94.7,91.80199999999999,94.796,19.232999999999997,5,5,5,35.599000000000004
13.55,4,47.291000000000004,61.53,44.597,61.148,142.72899999999998,144.14600000000002,64.8,54.9,29.8,99.7,69.8,89.199,97.1,88.8,94.7,91.845,94.798,19.201999999999998,5,5,5,35.489000000000004
13.57,4,47.336000000000006,61.898999999999994,44.548,63.507,142.564,144.08700000000002,64.8,54.9,29.8,99.7,69.8,89.199,97.1,88.8,94.7,91.869,94.79899999999999,19.213,5,5,5,35.394000000000005
13.59,4,47.36,61.551,44.789,64.803,142.476,143.935,64.8,54.9,29.8,99.7,69.8,89.2,97.1,88.8,94.7,91.882,94.79899999999999,19.218,5,5,5,35.313
13.61,4,47.482,61.357,44.650999999999996,65.275,142.311,143.829,64.8,54.9,29.8,99.7,69.8,89.2,97.1,88.8,94.7,91.89,94.8,19.695,5,5,5,35.232
13.63,4,47.589,61.22,44.583,66.886,142.235,143.735,64.8,54.9,29.8,99.7,69.8,89.2,97.1,88.8,94.7,91.89399999999999,94.8,19.338,5,5,5,35.146
13.65,4,47.408,61.748000000000005,44.421,66.796,142.13400000000001,143.606,64.8,54.9,29.8,99.7,69.8,89.2,97.1,88.887,94.76899999999999,91.89699999999999,94.8,19.216,5,5,5,35.071
13.67,4,47.351000000000006,61.542,44.635999999999996,67.873,142.033,143.547,64.8,54.9,29.8,99.7,69.8,89.2,97.1,88.937,94.82600000000001,91.898,94.8,19.337,5,5,5,34.939
13.69,4,47.37,61.724,44.533,69.17399999999999,141.98200000000003,143.489,64.8,54.9,29.8,99.7,69.8,89.2,97.1,88.964,94.858,91.899,94.8,19.299,5,5,5,34.867
13.71,4,47.608999999999995,61.316,44.684,69.069,141.88,143.371,64.8,54.9,29.8,99.7,69.8,89.2,97.1,88.98,94.877,91.899,94.8,19.314,5,5,5,34.787
13.73,4,47.306000000000004,61.598,44.594,70.406,141.728,143.254,64.8,54.9,29.8,99.7,69.8,89.2,97.1,88.98899999999999,94.887,91.9,94.8,19.311,5,5,5,34.715
13.75,4,47.227,61.715,44.637,70.87100000000001,141.67700000000002,143.159,64.8,54.9,29.8,99.7,69.8,89.2,97.1,88.994,94.893,91.9,94.8,19.342,5,5,5,34.622
13.77,4,47.648999999999994,61.75,44.673,72.02199999999999,141.54899999999998,143.042,64.8,54.9,29.8,99.7,69.8,89.2,97.1,88.99600000000001,94.896,91.9,94.8,19.305999999999997,5,5,5,34.553
13.79,4,47.596000000000004,61.733999999999995,44.488,72.585,141.473,142.971,64.8,54.9,29.8,99.7,69.8,89.2,97.1,88.998,94.898,91.9,94.8,19.366,5,5,5,34.516
13.81,4,47.218,61.76,44.677,73.038,141.345,142.912,64.8,54.9,29.8,99.7,69.8,89.2,97.1,88.999,94.899,91.9,94.8,19.413,5,5,5,34.464
13.83,4,47.745,61.943000000000005,44.455999999999996,72.749,141.23000000000002,142.75900000000001,64.8,54.9,29.8,99.7,69.8,89.2,97.1,88.999,94.899,91.9,94.8,19.401,5,5,5,34.406
13.85,4,47.525,62.063,44.841,72.926,141.064,142.7,64.8,54.9,29.8,99.7,69.8,89.2,97.1,89.0,94.9,91.9,94.8,19.262,5,5,5,34.349000000000004
13.87,4,47.81100000000001,62.647,44.866,73.587,140.975,142.64100000000002,64.8,54.9,29.8,99.7,69.8,89.2,97.1,89.0,94.9,91.9,94.8,19.356,5,5,5,34.314
13.89,4,47.571999999999996,62.159,44.592,72.962,140.949,142.51100000000002,64.8,54.9,29.8,99.7,69.8,89.2,97.1,89.0,94.9,91.9,94.8,19.292,5,5,5,34.282
13.91,4,47.666000000000004,62.721000000000004,44.586999999999996,73.083,140.821,142.392,64.8,54.9,29.8,99.7,69.8,89.2,97.1,89.0,94.9,91.9,94.8,19.366,5,5,5,34.265
13.93,4,48.00899999999999,62.641000000000005,44.727,73.185,140.718,142.333,64.8,54.9,29.8,99.7,69.8,89.2,97.1,89.0,94.9,91.9,94.8,19.324,5,5,5,34.254000000000005
13.95,4,48.098,62.641000000000005,44.711999999999996,73.126,140.64100000000002,142.238,64.8,54.9,29.8,99.7,69.8,89.2,97.1,89.0,94.9,91.9,94.8,19.352,5,5,5,34.260000000000005
13.97,4,47.483000000000004,63.063,44.782,72.872,140.564,142.132,64.8,54.9,29.8,99.7,69.8,89.2,97.1,89.0,94.9,91.9,94.8,19.357999999999997,5,5,5,34.257
13.99,4,47.996,63.148999999999994,44.736999999999995,71.967,140.397,142.04899999999998,64.8,54.9,29.8,99.7,69.8,89.2,97.1,89.0,94.9,91.9,94.8,19.253,5,5,5,34.254000000000005
14.01,4,47.888999999999996,63.038999999999994,44.874,69.586,140.217,141.85899999999998,64.8,54.9,29.8,99.7,69.8,89.2,97.1,89.0,94.9,91.9,94.8,19.265,5,5,5,34.245000000000005
14.03,4,47.641999999999996,63.327,44.854,70.271,140.075,141.63299999999998,64.8,54.9,29.8,99.7,69.8,89.2,97.15,89.0,94.9,91.9,94.8,19.146,5,5,5,34.247
14.05,4,47.806999999999995,63.373000000000005,44.735,68.422,140.166,141.812,64.8,54.9,29.8,99.7,69.8,89.2,97.21600000000001,89.0,94.9,91.9,94.8,19.472,5,5,5,34.25
14.07,4,47.869,63.328,44.668,69.63600000000001,140.04899999999998,141.66899999999998,64.7,54.9,29.7,99.6,69.7,89.2,97.25299999999999,89.0,94.9,91.9,94.8,19.279000000000003,5,5,5,34.251999999999995
14.09,4,47.958,63.797,44.644,68.282,139.92000000000002,141.61,64.7,54.9,29.7,99.6,69.7,89.2,97.273,89.0,94.9,91.9,94.8,19.333,5,5,5,34.253
14.11,4,48.008,63.793,44.817,68.438,139.869,141.467,64.7,54.9,29.7,99.6,69.7,89.2,97.285,89.0,94.9,91.9,94.8,19.302,5,5,5,34.254999999999995
14.13,4,47.791000000000004,64.015,44.875,66.627,139.662,141.276,64.7,54.9,29.7,99.6,69.7,89.2,97.292,89.0,94.9,91.9,94.8,19.284,5,5,5,34.254000000000005
14.15,4,47.79600000000001,64.124,44.87,66.419,139.597,141.3,64.7,54.9,29.7,99.6,69.7,89.2,97.295,89.0,94.9,91.9,94.8,19.296,5,5,5,34.31
14.17,4,47.793,64.27799999999999,44.793,64.827,139.571,141.19299999999998,64.7,54.9,29.7,99.6,69.7,89.2,97.29700000000001,89.0,94.9,91.9,94.8,19.317,5,5,5,34.421
14.19,4,47.685,63.965,44.586999999999996,63.891999999999996,139.467,141.10899999999998,64.7,54.9,29.7,99.6,69.7,89.2,97.29899999999999,89.0,94.9,91.9,94.8,19.23,5,5,5,34.518
14.21,4,48.085,64.607,44.745,63.185,139.247,140.954,64.7,54.9,29.7,99.6,69.7,89.2,97.29899999999999,89.0,94.9,91.9,94.8,19.281,5,5,5,34.578
14.23,4,47.543,64.394,44.659,63.633,139.195,140.88299999999998,64.7,54.9,29.7,99.6,69.7,89.2,97.3,89.0,94.9,91.9,94.8,19.145,5,5,5,34.682
14.25,4,47.793,64.38,44.791,62.646,139.14299999999997,140.82299999999998,64.7,54.9,29.7,99.6,69.7,89.2,97.3,89.0,94.9,91.9,94.8,19.404000000000003,5,5,5,34.684
14.27,4,48.18,64.49000000000001,44.741,61.674,138.999,140.655,64.7,54.9,29.7,99.6,69.7,89.2,97.3,89.0,94.9,91.9,94.8,19.239,5,5,5,34.686
14.29,4,48.042,64.9,44.695,63.331,138.947,140.584,64.7,54.9,29.7,99.6,69.7,89.2,97.3,89.0,94.9,91.9,94.8,19.232,5,5,5,34.738
14.31,4,48.093999999999994,64.19800000000001,44.537,60.821000000000005,138.73899999999998,140.5,64.7,54.9,29.7,99.6,69.7,89.2,97.3,89.0,94.9,91.9,94.8,19.392000000000003,5,5,5,34.765
14.33,4,47.986999999999995,64.574,44.556999999999995,60.956,138.66,140.332,64.7,54.9,29.7,99.6,69.7,89.2,97.3,89.0,94.9,91.9,94.8,19.119,5,5,5,34.789
14.35,4,48.607,64.83699999999999,44.349000000000004,59.708,138.55599999999998,140.188,64.7,54.9,29.7,99.6,69.7,89.2,97.3,89.0,94.9,91.9,94.8,19.197000000000003,5,5,5,34.799
14.37,4,48.211999999999996,64.604,44.546,61.607,138.56900000000002,140.188,64.7,54.9,29.7,99.6,69.7,89.2,97.3,89.0,94.9,91.9,94.8,19.009,5,5,5,34.891999999999996
14.39,4,48.415,64.234,44.357,60.582,138.51600000000002,140.176,64.7,54.9,29.7,99.6,69.7,89.2,97.3,89.0,94.9,91.9,94.8,19.244999999999997,5,5,5,34.907
14.41,4,48.29,64.703,44.516,62.228,138.477,140.164,64.7,54.9,29.7,99.6,69.7,89.2,97.3,89.0,94.9,91.9,94.8,19.295,5,5,5,34.909000000000006
14.43,4,48.214,64.497,44.467,61.49100000000001,138.333,139.972,64.7,54.9,29.7,99.6,69.7,89.2,97.3,89.0,94.9,91.9,94.8,19.269,5,5,5,34.906
14.45,4,48.401,64.65899999999999,44.414,61.323,138.13600000000002,139.815,64.7,54.9,29.7,99.6,69.7,89.2,97.3,89.0,94.9,91.9,94.8,19.244,5,5,5,34.909000000000006
14.47,4,48.132,64.324,44.166,59.911,138.084,139.659,64.7,54.9,29.7,99.6,69.7,89.2,97.3,89.0,94.9,91.9,94.8,18.965,5,5,5,34.906
14.49,4,48.406000000000006,64.271,44.319,61.486000000000004,138.05700000000002,139.719,64.7,54.9,29.7,99.6,69.7,89.2,97.3,89.0,94.9,91.9,94.8,19.128,5,5,5,34.906
14.51,4,48.008,64.263,44.486,61.486000000000004,138.04399999999998,139.635,64.7,54.9,29.7,99.6,69.7,89.2,97.3,89.0,94.9,91.9,94.8,19.334000000000003,5,5,5,34.913
14.53,4,47.927,64.33699999999999,44.138000000000005,63.391999999999996,137.86,139.562,64.7,54.9,29.7,99.6,69.7,89.2,97.3,89.0,94.9,91.9,94.8,19.353,5,5,5,34.903999999999996
14.55,4,48.367,64.916,44.24,64.08,137.79399999999998,139.406,64.7,54.9,29.7,99.6,69.7,89.2,97.3,89.0,94.9,91.9,94.8,19.241,5,5,5,34.884
14.57,4,48.321999999999996,64.762,44.37,64.936,137.74200000000002,139.418,64.7,54.9,29.7,99.6,69.7,89.2,97.3,89.0,94.9,91.9,94.8,19.264000000000003,5,5,5,34.851
14.59,4,48.103,64.38399999999999,44.312,65.58,137.689,139.273,64.7,54.9,29.7,99.6,69.7,89.2,97.3,89.0,94.9,91.9,94.8,19.278,5,5,5,34.81
14.61,4,47.916000000000004,63.82899999999999,44.189,65.968,137.55700000000002,139.212,64.7,54.9,29.7,99.6,69.7,89.2,97.3,89.0,94.9,91.9,94.8,20.114,5,5,5,34.785
14.63,4,48.006,64.102,44.259,66.185,137.517,139.091,64.7,54.9,29.7,99.6,69.7,89.2,97.3,89.0,94.9,91.9,94.8,20.038,5,5,5,34.723
14.65,4,48.396,64.27000000000001,44.258,66.03899999999999,137.30599999999998,139.031,64.7,54.9,29.7,99.6,69.7,89.2,97.3,89.0,94.9,91.9,94.8,20.17,5,5,5,34.68
14.67,4,48.293,64.303,44.253,66.381,137.226,138.946,64.7,54.9,29.7,99.6,69.7,89.2,97.3,89.0,94.9,91.9,94.8,20.302,5,5,5,34.632
14.69,4,48.525,64.589,44.11,67.267,137.173,138.837,64.7,54.9,29.7,99.6,69.7,89.2,97.3,89.0,94.9,91.9,94.8,20.256999999999998,5,5,5,34.618
14.71,4,48.17,64.24199999999999,44.055,68.34100000000001,137.10700000000003,138.74,64.7,54.9,29.7,99.6,69.7,89.2,97.3,89.0,94.9,91.9,94.8,20.359,5,5,5,34.573
14.73,4,48.056000000000004,64.49100000000001,44.111,68.202,137.07999999999998,138.667,64.7,54.9,29.7,99.6,69.7,89.2,97.3,89.0,94.9,91.9,94.8,20.299,5,5,5,34.536
14.75,4,47.894,63.887,44.091,68.338,136.89499999999998,138.60700000000003,64.7,54.9,29.7,99.6,69.7,89.2,97.3,89.0,94.9,91.9,94.8,20.305999999999997,5,5,5,34.510000000000005
14.77,4,48.119,64.767,44.194,68.801,136.801,138.42399999999998,64.7,54.9,29.7,99.6,69.7,89.2,97.3,89.0,94.9,91.9,94.8,20.272,5,5,5,34.483000000000004
14.79,4,48.181999999999995,64.15,44.186,69.295,136.722,138.351,64.7,54.9,29.7,99.6,69.7,89.2,97.3,89.0,94.9,91.9,94.8,20.314999999999998,5,5,5,34.43300000000001
14.81,4,47.873000000000005,64.623,43.906,69.2,136.535,138.315,64.7,54.9,29.7,99.6,69.7,89.2,97.3,89.0,94.9,91.9,94.8,20.192999999999998,5,5,5,34.368
14.83,4,48.181999999999995,64.275,44.016999999999996,70.285,136.535,138.23000000000002,64.7,54.9,29.7,99.6,69.7,89.2,97.3,89.0,94.9,91.9,94.8,20.456,5,5,5,34.344
14.85,4,48.168,64.084,44.083,68.46000000000001,136.375,138.01,64.7,54.9,29.7,99.6,69.7,89.2,97.3,89.0,94.9,91.9,94.8,20.32,5,5,5,34.312
14.87,4,48.111999999999995,63.864,43.865,68.10300000000001,136.214,137.913,64.7,54.9,29.7,99.6,69.7,89.2,97.3,89.05,94.9,91.9,94.8,20.175,5,5,5,34.31699999999999
14.89,4,47.94,64.00899999999999,43.94,67.53899999999999,136.188,137.974,64.7,54.9,29.7,99.6,69.7,89.2,97.3,89.116,94.9,91.9,94.8,20.28,5,5,5,34.33
14.91,4,47.562,63.937,43.669000000000004,65.59100000000001,136.121,137.79000000000002,64.7,54.9,29.7,99.6,69.7,89.2,97.3,89.153,94.9,91.9,94.8,20.500999999999998,5,5,5,34.326
14.93,4,47.632,64.481,43.823,66.755,136.0,137.69299999999998,64.7,54.9,29.7,99.6,69.7,89.2,97.3,89.173,94.9,91.9,94.8,20.218,5,5,5,34.349000000000004
14.95,4,47.665,64.518,43.858000000000004,66.61,135.95999999999998,137.70499999999998,64.7,54.9,29.7,99.6,69.7,89.2,97.3,89.185,94.9,91.9,94.8,20.187,5,5,5,34.397
14.97,4,47.885,64.0,43.928000000000004,65.717,135.852,137.558,64.7,54.9,29.7,99.6,69.7,89.2,97.3,89.192,94.9,91.9,94.8,20.491,5,5,5,34.398
14.99,4,48.135,64.464,43.734,64.435,135.664,137.301,64.7,54.9,29.7,99.6,69.7,89.2,97.3,89.195,94.9,91.9,94.8,20.051,5,5,5,34.41
15.01,4,48.095,64.203,43.809,65.786,135.785,137.472,64.7,54.9,29.7,99.6,69.7,89.2,97.3,89.197,94.9,91.9,94.8,20.091,5,5,5,34.475
15.03,4,47.8,64.514,43.804,64.764,135.624,137.411,64.7,54.9,29.7,99.6,69.7,89.2,97.3,89.199,94.9,91.9,94.8,20.333,5,5,5,34.476
15.05,4,48.32899999999999,64.47200000000001,43.604,63.648999999999994,135.55599999999998,137.313,64.7,54.9,29.7,99.6,69.7,89.2,97.3,89.199,94.9,91.9,94.887,20.08,5,5,5,34.482
15.07,4,47.911,64.428,43.748000000000005,65.55,135.48899999999998,137.20299999999997,64.7,54.9,29.7,99.6,69.7,89.2,97.3,89.2,94.9,91.95,94.937,20.198,5,5,5,34.508
15.09,4,48.053000000000004,64.297,43.806,62.879,135.287,137.10399999999998,64.7,54.9,29.7,99.6,69.7,89.2,97.3,89.2,94.9,92.016,94.964,20.067999999999998,5,5,5,34.518
15.11,4,48.206,65.118,43.806,64.33500000000001,135.20499999999998,136.908,64.7,54.9,29.7,99.6,69.7,89.2,97.3,89.2,94.9,92.053,94.98,20.211,5,5,5,34.537
15.13,4,48.003,64.59100000000001,43.671,61.89,135.043,136.858,64.7,54.9,29.7,99.6,69.7,89.2,97.3,89.2,94.9,92.07300000000001,94.98899999999999,19.867,5,5,5,34.562
15.15,4,48.211000000000006,64.71199999999999,43.744,62.475,134.975,136.834,64.7,54.9,29.7,99.6,69.7,89.25,97.3,89.2,94.9,92.085,94.994,20.110999999999997,5,5,5,34.671
15.17,4,47.963,64.523,43.679,60.158,134.921,136.772,64.7,54.9,29.7,99.6,69.7,89.316,97.35,89.2,94.9,92.092,94.99600000000001,20.109,5,5,5,34.71
15.19,4,47.846000000000004,63.978,43.528,60.092,134.812,136.661,64.7,54.9,29.7,99.6,69.7,89.35300000000001,97.416,89.2,94.95,92.095,94.998,20.046,5,5,5,34.784000000000006
15.21,4,48.28,64.305,43.556999999999995,59.16,134.663,136.51299999999998,64.7,54.9,29.7,99.6,69.7,89.373,97.45299999999999,89.2,95.016,92.097,94.999,19.965,5,5,5,34.824
15.23,4,48.156000000000006,64.361,43.574,58.9,134.58100000000002,136.402,64.7,54.9,29.7,99.6,69.7,89.385,97.473,89.2,95.053,92.098,94.999,20.165,5,5,5,34.896
15.25,4,48.227,64.78899999999999,43.501999999999995,58.523999999999994,134.459,136.34,64.7,54.9,29.7,99.6,69.7,89.392,97.485,89.2,95.07300000000001,92.09899999999999,95.0,19.913,5,5,5,34.954
15.27,4,48.516000000000005,64.69200000000001,43.427,57.973,134.445,136.167,64.7,54.9,29.7,99.6,69.7,89.395,97.492,89.2,95.085,92.1,95.0,19.989,5,5,5,35.047
15.29,4,47.806999999999995,64.09700000000001,43.343,57.625,134.336,136.07999999999998,64.7,54.9,29.7,99.6,69.7,89.39699999999999,97.495,89.2,95.092,92.1,95.0,20.017000000000003,5,5,5,35.069
15.31,4,47.96,64.22999999999999,43.409,58.903,134.418,136.278,64.7,54.9,29.7,99.6,69.7,89.398,97.49700000000001,89.2,95.095,92.1,95.0,19.993000000000002,5,5,5,35.111999999999995
15.33,4,48.077,64.74600000000001,43.442,59.291000000000004,134.322,136.167,64.7,54.9,29.7,99.6,69.7,89.399,97.499,89.2,95.097,92.1,95.0,20.034,5,5,5,35.114000000000004
15.35,4,48.207,64.576,43.35,60.488,134.26799999999997,136.05599999999998,64.7,54.9,29.7,99.6,69.7,89.4,97.499,89.2,95.098,92.1,95.0,20.031,5,5,5,35.09
15.37,4,47.86600000000001,64.234,43.397,61.56399999999999,134.103,135.969,64.7,54.9,29.7,99.6,69.7,89.4,97.5,89.2,95.09899999999999,92.1,95.0,20.017000000000003,5,5,5,35.06699999999999
15.39,4,47.988,64.454,43.225,61.876000000000005,134.04899999999998,135.94400000000002,64.7,54.9,29.7,99.6,69.7,89.4,97.5,89.2,95.1,92.1,95.0,20.131,5,5,5,35.033
15.41,4,47.608999999999995,64.256,43.417,63.03,134.062,135.85700000000003,64.7,54.9,29.7,99.6,69.7,89.4,97.5,89.2,95.1,92.1,95.0,20.079,5,5,5,34.948
15.43,4,48.34,64.16,43.168,63.842,133.98000000000002,135.733,64.7,54.9,29.7,99.6,69.7,89.4,97.5,89.2,95.1,92.1,95.0,20.25,5,5,5,34.91
15.45,4,48.158,64.13399999999999,43.159,64.426,133.85700000000003,135.683,64.7,54.9,29.7,99.6,69.7,89.4,97.5,89.2,95.1,92.1,95.0,19.989,5,5,5,34.857
15.47,4,47.964,64.029,43.192,65.618,133.747,135.60899999999998,64.7,54.9,29.7,99.6,69.7,89.4,97.5,89.2,95.1,92.1,95.0,19.978,5,5,5,34.79
15.49,4,48.242,64.257,43.144,65.50399999999999,133.60899999999998,135.52100000000002,64.7,54.9,29.7,99.6,69.7,89.4,97.5,89.2,95.1,92.1,95.0,20.08,5,5,5,34.733000000000004
15.51,4,47.916000000000004,64.138,43.216,67.093,133.527,135.459,64.7,54.9,29.7,99.6,69.7,89.4,97.5,89.2,95.1,92.1,95.0,20.064999999999998,5,5,5,34.685
15.53,4,47.756,64.11500000000001,43.188,66.639,133.582,135.472,64.7,54.9,29.7,99.6,69.7,89.4,97.5,89.2,95.1,92.1,95.0,19.976,5,5,5,34.56699999999999
15.55,4,47.348,63.828,42.985,68.30699999999999,133.389,135.285,64.7,54.9,29.7,99.6,69.7,89.4,97.5,89.2,95.1,92.1,95.0,20.070999999999998,5,5,5,34.519999999999996
15.57,4,47.84,64.074,43.001,67.832,133.30599999999998,135.17200000000003,64.7,54.9,29.7,99.6,69.7,89.4,97.5,89.2,95.1,92.1,95.0,20.073,5,5,5,34.45
15.59,4,47.879,64.208,42.925,69.707,133.278,135.17200000000003,64.7,54.9,29.7,99.6,69.7,89.4,97.5,89.2,95.1,92.1,95.0,19.494,5,5,5,34.391999999999996
15.61,4,47.758,64.266,43.132,69.203,133.11200000000002,135.08499999999998,64.7,54.9,29.7,99.6,69.7,89.4,97.5,89.2,95.1,92.1,95.0,19.173000000000002,5,5,5,34.314
15.63,4,47.646,64.31,42.955999999999996,71.215,133.11200000000002,135.022,64.7,54.9,29.7,99.6,69.7,89.4,97.5,89.2,95.1,92.1,95.0,19.186,5,5,5,34.274
15.65,4,47.728,64.03399999999999,42.937,70.558,133.015,134.947,64.7,54.9,29.7,99.6,69.7,89.4,97.5,89.2,95.1,92.1,95.0,19.216,5,5,5,34.254000000000005
15.67,4,47.537,64.1,42.786,71.625,132.974,134.847,64.7,54.9,29.7,99.6,69.7,89.4,97.5,89.2,95.1,92.1,95.0,19.076,5,5,5,34.234
15.69,4,47.725,64.095,42.894,69.57600000000001,132.78,134.81,64.7,54.9,29.7,99.6,69.7,89.4,97.5,89.2,95.1,92.1,95.0,19.154000000000003,5,5,5,34.163
15.71,4,47.896,64.62899999999999,42.872,70.192,132.459,134.421,64.7,54.9,29.7,99.6,69.7,89.4,97.5,89.2,95.1,92.1,95.0,18.893,5,5,5,34.153000000000006
15.73,4,47.818000000000005,64.063,42.743,67.892,132.39,134.30700000000002,64.7,54.9,29.7,99.6,69.7,89.4,97.5,89.2,95.1,92.1,95.0,18.859,5,5,5,34.177
15.75,4,47.461000000000006,64.251,42.725,66.96600000000001,132.418,134.30700000000002,64.7,54.9,29.7,99.6,69.7,89.4,97.5,89.2,95.1,92.1,95.0,18.930999999999997,5,5,5,34.249
15.77,4,47.787,64.139,42.625,66.828,132.334,134.32,64.7,54.9,29.7,99.6,69.7,89.4,97.5,89.2,95.1,92.1,95.0,18.724,5,5,5,34.263000000000005
15.79,4,47.325,64.269,42.626999999999995,66.21100000000001,132.32,134.39499999999998,64.7,54.9,29.7,99.6,69.7,89.4,97.5,89.2,95.1,92.1,95.0,19.112000000000002,5,5,5,34.284000000000006
15.81,4,47.406000000000006,64.338,42.563,66.57300000000001,132.264,134.421,64.7,54.9,29.7,99.6,69.7,89.4,97.5,89.2,95.1,92.1,95.0,19.249000000000002,5,5,5,34.278000000000006
15.83,4,47.428000000000004,64.656,42.61,66.065,132.222,134.19400000000002,64.7,54.9,29.7,99.6,69.7,89.4,97.5,89.2,95.1,92.1,95.0,19.335,5,5,5,34.288
15.85,4,47.876999999999995,64.55199999999999,42.402,65.902,132.054,134.08100000000002,64.7,54.9,29.7,99.6,69.7,89.4,97.5,89.2,95.1,92.1,95.0,19.2,5,5,5,34.285
15.87,4,46.927,63.761,42.545,65.189,131.942,133.954,64.7,54.9,29.7,99.6,69.7,89.4,97.5,89.2,95.1,92.1,95.0,19.128,5,5,5,34.291
15.89,4,47.742,64.381,42.333,65.46600000000001,131.787,133.86599999999999,64.7,54.9,29.7,99.6,69.7,89.4,97.5,89.2,95.1,92.1,95.0,19.208,5,5,5,34.331999999999994
15.91,4,47.327,64.454,42.558,63.758,131.675,133.79000000000002,64.7,54.9,29.7,99.6,69.7,89.4,97.5,89.2,95.1,92.1,95.0,19.297,5,5,5,34.34
15.93,4,47.093999999999994,64.543,42.424,63.85,131.717,133.702,64.7,54.9,29.7,99.6,69.7,89.4,97.5,89.2,95.1,92.1,95.0,19.093,5,5,5,34.427
15.95,4,47.13399999999999,64.274,42.268,63.773999999999994,131.75900000000001,133.752,64.7,54.9,29.7,99.6,69.7,89.4,97.5,89.2,95.1,92.1,95.0,19.234,5,5,5,34.465
15.97,4,46.729,64.358,42.489000000000004,63.553000000000004,131.675,133.803,64.7,54.9,29.7,99.6,69.7,89.4,97.5,89.2,95.1,92.1,95.0,19.396,5,5,5,34.471999999999994
15.99,4,47.323,64.464,42.336999999999996,62.735,131.435,133.562,64.7,54.9,29.7,99.6,69.7,89.4,97.5,89.2,95.1,92.1,95.0,19.276,5,5,5,34.476
16.01,4,46.935,64.31700000000001,42.25,62.215,131.223,133.41,64.7,54.9,29.7,99.6,69.7,89.4,97.5,89.2,95.1,92.1,95.0,19.042,5,5,5,34.497
16.03,4,47.224,64.25999999999999,42.143,61.703,131.23700000000002,133.461,64.7,54.9,29.7,99.6,69.7,89.4,97.5,89.2,95.1,92.1,95.0,19.059,5,5,5,34.539
16.05,4,46.961999999999996,64.24600000000001,42.21,60.846000000000004,131.095,133.16899999999998,64.7,54.9,29.7,99.6,69.7,89.4,97.5,89.2,95.1,92.1,95.0,18.972,5,5,5,34.568
16.07,4,47.365,64.484,42.268,60.387,130.98200000000003,133.10500000000002,64.7,54.9,29.7,99.5,69.6,89.4,97.5,89.2,95.1,92.1,95.0,19.188,5,5,5,34.685
16.09,4,46.98,64.227,42.199,60.858000000000004,131.124,133.283,64.7,54.9,29.7,99.5,69.6,89.4,97.5,89.2,95.1,92.1,95.0,19.021,5,5,5,34.739999999999995
16.11,4,47.001000000000005,64.244,41.979,59.788000000000004,131.024,133.334,64.7,54.9,29.7,99.5,69.6,89.4,97.5,89.2,95.1,92.1,95.0,18.933,5,5,5,34.754000000000005
16.13,4,47.023,64.469,42.106,62.453,130.98200000000003,133.207,64.7,54.9,29.7,99.5,69.6,89.4,97.5,89.2,95.1,92.1,95.0,19.220999999999997,5,5,5,34.756
16.15,4,46.828,64.03399999999999,42.124,62.596000000000004,130.996,133.118,64.7,54.9,29.7,99.5,69.6,89.4,97.5,89.2,95.1,92.1,95.0,19.607,5,5,5,34.751999999999995
16.17,4,46.907,64.607,42.043,62.317,130.882,133.003,64.7,54.9,29.7,99.5,69.6,89.4,97.5,89.2,95.1,92.1,95.0,19.262,5,5,5,34.745000000000005
16.19,4,47.071999999999996,64.236,41.816,61.776,130.555,132.748,64.7,54.9,29.7,99.5,69.6,89.4,97.5,89.2,95.1,92.1,95.0,19.117,5,5,5,34.729
16.21,4,47.008,64.137,42.07,60.178999999999995,130.44,132.735,64.7,54.9,29.7,99.5,69.6,89.4,97.5,89.2,95.1,92.1,95.0,19.066,5,5,5,34.742
16.23,4,46.474,64.416,41.818000000000005,60.18899999999999,130.483,132.812,64.7,54.9,29.7,99.5,69.6,89.4,97.5,89.2,95.1,92.1,95.0,19.004,5,5,5,34.789
16.25,4,46.549,64.262,41.826,61.549,130.555,132.838,64.7,54.9,29.7,99.5,69.6,89.4,97.5,89.2,95.1,92.1,95.0,19.288,5,5,5,34.786
16.27,4,46.903999999999996,64.217,41.965,60.022,130.426,132.79899999999998,64.7,54.9,29.7,99.5,69.6,89.4,97.5,89.2,95.1,92.1,95.0,19.290999999999997,5,5,5,34.799
16.29,4,46.786,63.841,41.955,61.2,130.32600000000002,132.531,64.7,54.9,29.7,99.5,69.6,89.4,97.5,89.2,95.1,92.1,95.0,19.424,5,5,5,34.784000000000006
16.31,4,46.501999999999995,64.051,41.843,59.62,130.183,132.441,64.7,54.9,29.7,99.5,69.6,89.4,97.5,89.2,95.1,92.1,95.0,19.073,5,5,5,34.786
16.33,4,46.845,64.376,41.792,59.331,130.082,132.377,64.7,54.9,29.7,99.5,69.6,89.4,97.5,89.2,95.1,92.1,95.0,19.239,5,5,5,34.814
16.35,4,46.543,63.916000000000004,41.847,59.167,129.938,132.108,64.7,54.9,29.7,99.5,69.6,89.4,97.5,89.2,95.1,92.1,95.0,19.092,5,5,5,34.844
16.37,4,46.57,63.916000000000004,41.599000000000004,58.957,129.938,132.17200000000003,64.7,54.9,29.7,99.5,69.6,89.4,97.5,89.2,95.1,92.1,95.0,19.134999999999998,5,5,5,34.864999999999995
16.39,4,46.77,63.81,41.731,59.097,129.881,132.108,64.7,54.9,29.7,99.5,69.6,89.4,97.5,89.2,95.1,92.1,95.0,19.073,5,5,5,34.9
16.41,4,46.652,64.19399999999999,41.586999999999996,58.553000000000004,129.79399999999998,132.05599999999998,64.7,54.9,29.7,99.5,69.6,89.4,97.5,89.225,95.1,92.1,95.0,19.357999999999997,5,5,5,34.900999999999996
16.43,4,46.38399999999999,63.806000000000004,41.817,58.54600000000001,129.852,132.14600000000002,64.7,54.9,29.7,99.5,69.6,89.4,97.5,89.30199999999999,95.1,92.1,95.0,19.194000000000003,5,5,5,34.928
16.45,4,46.01,64.199,41.81,57.988,129.78,132.082,64.7,54.9,29.7,99.5,69.6,89.4,97.5,89.345,95.1,92.1,95.0,19.169,5,5,5,34.962
16.47,4,46.286,63.818999999999996,41.53,57.89,129.73700000000002,131.99200000000002,64.7,54.9,29.7,99.5,69.6,89.4,97.5,89.369,95.1,92.1,95.0,19.17,5,5,5,35.015
16.49,4,46.227,64.043,41.711,57.50899999999999,129.63600000000002,131.94,64.7,54.9,29.7,99.5,69.6,89.4,97.5,89.382,95.1,92.1,95.0,19.131,5,5,5,35.042
16.51,4,46.681999999999995,63.83,41.302,57.481,129.60700000000003,131.928,64.7,54.9,29.7,99.5,69.6,89.4,97.525,89.39,95.1,92.1,95.0,19.125999999999998,5,5,5,35.069
16.53,4,46.075,64.077,41.673,57.155,129.51999999999998,131.825,64.7,54.9,29.7,99.5,69.6,89.4,97.602,89.39399999999999,95.1,92.1,95.0,19.185000000000002,5,5,5,35.049
16.55,4,46.382,63.801,41.371,57.225,129.361,131.67000000000002,64.7,54.9,29.7,99.5,69.6,89.4,97.645,89.39699999999999,95.1,92.1,95.0,19.351,5,5,5,35.089
16.57,4,46.426,63.965,41.524,57.056999999999995,129.245,131.657,64.7,54.9,29.7,99.5,69.6,89.4,97.669,89.398,95.1,92.1,95.0,19.384999999999998,5,5,5,35.104
16.59,4,46.286,63.699,41.314,57.155,129.14299999999997,131.631,64.7,54.9,29.7,99.5,69.6,89.4,97.682,89.399,95.1,92.1,95.0,19.516,5,5,5,35.105999999999995
16.61,4,45.885999999999996,63.625,41.422,57.058,129.187,131.502,64.7,54.9,29.7,99.5,69.6,89.4,97.69,89.399,95.1,92.1,95.0,19.146,5,5,5,35.11
16.63,4,45.836999999999996,63.592,41.41,57.236999999999995,129.11399999999998,131.347,64.7,54.9,29.7,99.5,69.6,89.4,97.694,89.4,95.1,92.1,95.025,18.956,5,5,5,35.104
16.65,4,46.407,63.808,41.411,57.434,128.925,131.411,64.7,54.9,29.7,99.5,69.6,89.4,97.697,89.4,95.1,92.1,95.102,19.165999999999997,5,5,5,35.111999999999995
16.67,4,46.13399999999999,63.136,41.323,57.65,129.012,131.35899999999998,64.7,54.9,29.7,99.5,69.6,89.4,97.698,89.4,95.1,92.1,95.145,19.621,5,5,5,35.109
16.69,4,45.94,63.153,41.49,57.506,128.86599999999999,131.23000000000002,64.7,54.9,29.7,99.5,69.6,89.4,97.699,89.4,95.1,92.1,95.169,19.597,5,5,5,35.105999999999995
16.71,4,46.396,63.273999999999994,41.389,57.535,128.764,131.23000000000002,64.7,54.9,29.7,99.5,69.6,89.4,97.699,89.4,95.1,92.1,95.182,19.656,5,5,5,35.105000000000004
16.73,4,45.508,63.656000000000006,41.473,57.43600000000001,128.603,131.126,64.7,54.9,29.7,99.5,69.6,89.4,97.7,89.4,95.1,92.1,95.19,19.570999999999998,5,5,5,35.11
16.75,4,45.977,63.513999999999996,41.272,57.652,128.603,131.035,64.7,54.9,29.7,99.5,69.6,89.4,97.7,89.4,95.1,92.1,95.194,19.147,5,5,5,35.104
16.77,4,45.92,63.20399999999999,41.196,58.253,128.603,130.918,64.7,54.9,29.7,99.5,69.6,89.4,97.7,89.4,95.1,92.1,95.197,18.472,5,5,5,35.107
16.79,4,45.711,63.528,41.349000000000004,58.778,128.45600000000002,130.879,64.7,54.9,29.7,99.5,69.6,89.4,97.7,89.4,95.1,92.1,95.19800000000001,18.282,5,5,5,35.11
16.81,4,45.628,62.957,41.183,58.83,128.412,130.814,64.7,54.9,29.7,99.5,69.6,89.4,97.7,89.4,95.1,92.1,95.199,17.984,5,5,5,35.104
16.83,4,45.635,63.298,41.225,58.876999999999995,128.38299999999998,130.775,64.7,54.9,29.7,99.5,69.6,89.4,97.7,89.4,95.1,92.1,95.199,18.004,5,5,5,35.105000000000004
16.85,4,45.701,63.207,41.094,58.81,128.324,130.684,64.7,54.9,29.7,99.5,69.6,89.4,97.7,89.4,95.1,92.1,95.2,18.155,5,5,5,35.107
16.87,4,45.205,62.928000000000004,41.295,58.525,128.162,130.632,64.7,54.9,29.7,99.5,69.6,89.4,97.7,89.4,95.1,92.1,95.2,18.664,5,5,5,35.107
16.89,4,45.548,62.995,41.043,58.876999999999995,128.103,130.501,64.7,54.9,29.7,99.5,69.6,89.4,97.7,89.4,95.15,92.169,95.2,18.812,5,5,5,35.108000000000004
16.91,4,45.415,63.368,41.145,59.126000000000005,128.118,130.488,64.7,54.9,29.7,99.5,69.6,89.4,97.7,89.4,95.21600000000001,92.226,95.2,19.082,5,5,5,35.107
16.93,4,45.652,63.052,41.038000000000004,59.17,127.911,130.39600000000002,64.7,54.9,29.7,99.5,69.6,89.4,97.7,89.4,95.253,92.258,95.2,18.935000000000002,5,5,5,35.113
16.95,4,45.418,62.418,41.09,59.476000000000006,127.926,130.409,64.7,54.9,29.7,99.5,69.6,89.4,97.7,89.4,95.273,92.277,95.2,18.782,5,5,5,35.111000000000004
16.97,4,45.412,62.854,41.038000000000004,59.236999999999995,127.823,130.213,64.7,54.9,29.7,99.5,69.6,89.4,97.7,89.4,95.285,92.28699999999999,95.2,18.016,5,5,5,35.107
16.99,4,45.603,62.285,41.018,59.36600000000001,127.749,130.095,64.7,54.9,29.7,99.5,69.6,89.4,97.7,89.4,95.292,92.293,95.2,17.881,5,5,5,35.111999999999995
17.01,4,45.343,62.942,40.936,59.202,127.6,130.121,64.7,54.9,29.7,99.5,69.6,89.4,97.7,89.4,95.295,92.296,95.2,17.773,5,5,5,35.111000000000004
17.03,4,44.82,62.705,41.013000000000005,59.27,127.556,130.01600000000002,64.7,54.9,29.7,99.5,69.6,89.4,97.7,89.4,95.297,92.298,95.2,17.722,5,5,5,35.111000000000004
17.05,4,45.248000000000005,62.827,40.911,59.674,127.48100000000001,129.977,64.7,54.9,29.7,99.5,69.6,89.4,97.7,89.4,95.29899999999999,92.29899999999999,95.2,18.369999999999997,5,5,5,35.105000000000004
17.07,4,45.273,62.483000000000004,41.045,59.586000000000006,127.333,129.92399999999998,64.7,54.9,29.7,99.5,69.6,89.4,97.7,89.4,95.29899999999999,92.29899999999999,95.2,18.925,5,5,5,35.11
17.09,4,45.111,62.913000000000004,40.985,59.558,127.37700000000001,129.885,64.7,54.9,29.7,99.5,69.6,89.4,97.7,89.4,95.3,92.3,95.2,18.93,5,5,5,35.103
17.11,4,45.184,62.836000000000006,40.849000000000004,59.3,127.36200000000001,129.898,64.7,54.9,29.7,99.5,69.6,89.4,97.7,89.4,95.3,92.3,95.2,19.125999999999998,5,5,5,35.109
17.13,4,44.553000000000004,62.748000000000005,41.053000000000004,59.153999999999996,127.243,129.81900000000002,64.7,54.9,29.7,99.5,69.6,89.4,97.7,89.4,95.3,92.3,95.2,19.271,5,5,5,35.105999999999995
17.15,4,44.702,62.248999999999995,41.115,59.13,127.079,129.7,64.7,54.9,29.7,99.5,69.6,89.45,97.7,89.4,95.3,92.3,95.2,18.713,5,5,5,35.105000000000004
17.17,4,44.906,62.808,40.741,59.052,127.154,129.67399999999998,64.7,54.9,29.7,99.5,69.6,89.516,97.7,89.4,95.3,92.3,95.2,18.144,5,5,5,35.107
17.19,4,45.16,62.261,40.727,59.013999999999996,127.01899999999999,129.595,64.7,54.9,29.7,99.5,69.6,89.553,97.7,89.4,95.3,92.3,95.2,18.137,5,5,5,35.108000000000004
17.21,4,44.673,62.493,40.777,58.677,126.929,129.542,64.7,54.9,29.7,99.5,69.6,89.57300000000001,97.7,89.4,95.3,92.3,95.2,18.04,5,5,5,35.11
17.23,4,44.459,62.788999999999994,40.693000000000005,59.28,126.884,129.423,64.7,54.9,29.7,99.5,69.6,89.585,97.7,89.4,95.3,92.3,95.2,18.1,5,5,5,35.108000000000004
17.25,4,45.196,62.413000000000004,40.881,58.855,126.764,129.35700000000003,64.7,54.9,29.7,99.5,69.6,89.592,97.7,89.4,95.3,92.3,95.2,18.517000000000003,5,5,5,35.114000000000004
17.27,4,44.888000000000005,62.04,40.567,59.03,126.734,129.423,64.7,54.9,29.7,99.5,69.6,89.595,97.7,89.4,95.3,92.3,95.2,19.154000000000003,5,5,5,35.108000000000004
17.29,4,44.444,62.498000000000005,40.655,59.798,126.61399999999999,129.278,64.7,54.9,29.7,99.5,69.6,89.597,97.7,89.4,95.3,92.3,95.2,18.921,5,5,5,35.114999999999995
17.31,4,45.064,62.413999999999994,40.489000000000004,61.556999999999995,126.59899999999999,129.211,64.7,54.9,29.7,99.5,69.6,89.598,97.7,89.4,95.3,92.3,95.2,19.03,5,5,5,35.086
17.33,4,44.879,62.146,40.929,61.676,126.508,129.10500000000002,64.7,54.9,29.7,99.5,69.6,89.59899999999999,97.7,89.4,95.3,92.3,95.2,18.869999999999997,5,5,5,35.056
17.35,4,45.134,62.424,40.564,61.203,126.43299999999999,129.079,64.7,54.9,29.7,99.5,69.6,89.6,97.7,89.4,95.3,92.3,95.2,18.552,5,5,5,34.949
17.37,4,44.555,61.922,40.546,61.79,126.43299999999999,129.05200000000002,64.7,54.9,29.7,99.5,69.6,89.6,97.7,89.4,95.3,92.3,95.2,18.262999999999998,5,5,5,34.917
17.39,4,44.468,62.381,40.677,61.199,126.34200000000001,128.89299999999997,64.7,54.9,29.7,99.5,69.6,89.6,97.7,89.4,95.3,92.3,95.2,18.141,5,5,5,34.918000000000006
17.41,4,44.501999999999995,62.123999999999995,40.676,61.58,126.16,128.91899999999998,64.7,54.9,29.7,99.5,69.6,89.6,97.7,89.4,95.3,92.3,95.2,18.040999999999997,5,5,5,34.919
17.43,4,44.418,61.813,40.398,61.038000000000004,126.206,128.72,64.7,54.9,29.7,99.5,69.6,89.6,97.7,89.4,95.3,92.3,95.2,18.08,5,5,5,34.917
17.45,4,44.663000000000004,61.885,40.597,61.669,126.039,128.8,64.7,54.9,29.7,99.5,69.6,89.6,97.7,89.4,95.3,92.3,95.2,18.377000000000002,5,5,5,34.916
17.47,4,44.512,62.286,40.512,63.044,126.024,128.72,64.7,54.9,29.7,99.5,69.6,89.6,97.7,89.4,95.3,92.3,95.2,18.747,5,5,5,34.915
17.49,4,44.628,61.852,40.309,61.626999999999995,125.993,128.666,64.7,54.9,29.7,99.5,69.6,89.6,97.7,89.4,95.3,92.3,95.2,18.442,5,5,5,34.89
17.51,4,44.239000000000004,61.873999999999995,40.366,62.578,125.948,128.70600000000002,64.7,54.9,29.7,99.5,69.6,89.6,97.7,89.4,95.3,92.3,95.2,19.336,5,5,5,34.887
17.53,4,43.739000000000004,62.228,40.591,61.952,125.735,128.45299999999997,64.7,54.9,29.7,99.5,69.6,89.6,97.7,89.4,95.3,92.3,95.2,19.235999999999997,5,5,5,34.881
17.55,4,44.183,62.00899999999999,40.571999999999996,62.55,125.765,128.45299999999997,64.7,54.9,29.7,99.5,69.6,89.6,97.7,89.4,95.3,92.3,95.2,18.65,5,5,5,34.884
17.57,4,44.379,62.095,40.32,62.074,125.67399999999999,128.35899999999998,64.7,54.9,29.7,99.5,69.6,89.6,97.7,89.4,95.3,92.3,95.2,18.115000000000002,5,5,5,34.885000000000005
17.59,4,43.988,61.657,40.248000000000005,61.905,125.613,128.31900000000002,64.7,54.9,29.7,99.5,69.6,89.6,97.7,89.4,95.3,92.3,95.2,18.009999999999998,5,5,5,34.884
17.61,4,44.279,62.04600000000001,40.064,62.815,125.49,128.346,64.7,54.9,29.7,99.5,69.6,89.6,97.7,89.4,95.3,92.3,95.2,17.208,5,5,5,34.885000000000005
17.63,4,44.154,61.768,40.225,62.306999999999995,125.49,128.23899999999998,64.7,54.9,29.7,99.5,69.6,89.6,97.7,89.4,95.3,92.3,95.2,18.07,5,5,5,34.85
17.65,4,43.727,62.052,40.233000000000004,64.25399999999999,125.475,128.17200000000003,64.7,54.9,29.7,99.5,69.6,89.6,97.7,89.4,95.3,92.3,95.2,17.089,5,5,5,34.802
17.67,4,43.942,61.705,40.263000000000005,63.738,125.337,128.158,64.7,54.9,29.7,99.5,69.6,89.6,97.7,89.4,95.3,92.3,95.2,16.429000000000002,5,5,5,34.751999999999995
17.69,4,43.677,61.891000000000005,40.196999999999996,65.799,125.229,128.131,64.7,54.9,29.7,99.5,69.6,89.6,97.7,89.4,95.3,92.3,95.2,17.401,5,5,5,34.7
17.71,4,43.812,61.549,40.14,64.983,125.214,128.037,64.7,54.9,29.7,99.5,69.6,89.6,97.7,89.4,95.3,92.3,95.2,16.162,5,5,5,34.586
17.73,4,43.958,61.638000000000005,40.086,65.41499999999999,125.10600000000001,127.916,64.7,54.9,29.7,99.5,69.6,89.6,97.7,89.4,95.3,92.3,95.2,16.682000000000002,5,5,5,34.571
17.75,4,43.312,61.361000000000004,40.319,64.719,125.07600000000001,127.822,64.7,54.9,29.7,99.5,69.6,89.6,97.7,89.4,95.3,92.3,95.2,16.434,5,5,5,34.566
17.77,4,43.5,62.037,40.172,63.896,125.029,127.809,64.7,54.9,29.7,99.5,69.6,89.6,97.7,89.4,95.3,92.3,95.2,15.357999999999999,5,5,5,34.562
17.79,4,43.427,61.577,39.872,63.123999999999995,124.95200000000001,127.76799999999999,64.7,54.9,29.7,99.5,69.6,89.6,97.7,89.4,95.3,92.3,95.2,15.799000000000001,5,5,5,34.564
17.81,4,43.195,61.78,39.846,62.657,124.844,127.76799999999999,64.7,54.9,29.7,99.5,69.6,89.6,97.7,89.4,95.3,92.3,95.2,16.078,5,5,5,34.573
17.83,4,43.548,61.18,39.76,62.082,124.78200000000001,127.70100000000001,64.7,54.9,29.7,99.5,69.6,89.6,97.7,89.4,95.3,92.3,95.2,14.806000000000001,5,5,5,34.588
17.85,4,43.019,61.398999999999994,40.053000000000004,61.731,124.67399999999999,127.634,64.7,54.9,29.7,99.5,69.6,89.6,97.7,89.4,95.3,92.3,95.2,15.84,5,5,5,34.637
17.87,4,43.141999999999996,61.438,39.881,61.236999999999995,124.565,127.52600000000001,64.7,54.9,29.7,99.5,69.6,89.6,97.7,89.4,95.3,92.3,95.2,15.359000000000002,5,5,5,34.674
17.89,4,42.969,61.407,39.976,60.701,124.596,127.431,64.7,54.9,29.7,99.5,69.6,89.6,97.7,89.4,95.3,92.3,95.2,14.519,5,5,5,34.681
17.91,4,43.596,61.228,39.871,60.388000000000005,124.565,127.471,64.7,54.9,29.7,99.5,69.6,89.6,97.7,89.4,95.3,92.3,95.2,15.607999999999999,5,5,5,34.698
17.93,4,42.879,61.757,39.989000000000004,60.283,124.45700000000001,127.404,64.7,54.9,29.7,99.5,69.6,89.6,97.7,89.4,95.3,92.3,95.2,14.804,5,5,5,34.723
17.95,4,42.993,61.52,39.909,59.806999999999995,124.47200000000001,127.35,64.7,54.9,29.7,99.5,69.6,89.6,97.7,89.4,95.3,92.3,95.2,14.305,5,5,5,34.762
17.97,4,43.047,61.262,39.865,59.678000000000004,124.37899999999999,127.28200000000001,64.7,54.9,29.7,99.5,69.6,89.6,97.7,89.4,95.3,92.3,95.2,15.475999999999999,5,5,5,34.783
17.99,4,43.195,61.777,39.723,59.145,124.348,127.323,64.7,54.9,29.7,99.5,69.6,89.6,97.7,89.4,95.3,92.3,95.2,14.597999999999999,5,5,5,34.788
18.01,4,43.047,61.32,39.924,59.49100000000001,124.12899999999999,127.26799999999999,64.7,54.9,29.7,99.5,69.6,89.6,97.7,89.4,95.3,92.3,95.2,15.277999999999999,5,5,5,34.821
18.03,4,43.379,61.228,39.671,60.342,124.12899999999999,127.18700000000001,64.7,54.9,29.7,99.5,69.6,89.6,97.7,89.4,95.3,92.3,95.2,15.227,5,5,5,34.831999999999994
18.05,4,42.944,61.455,39.905,61.863,124.08200000000001,127.07799999999999,64.7,54.9,29.7,99.5,69.6,89.6,97.7,89.4,95.3,92.3,95.2,14.541,5,5,5,34.802
18.07,4,42.955,61.516000000000005,39.637,62.356,124.06700000000001,127.024,64.9,55.0,29.6,99.5,69.5,89.6,97.7,89.4,95.3,92.3,95.2,14.728,5,5,5,34.783
18.09,4,42.458,61.538999999999994,39.586,62.803999999999995,123.988,126.902,64.9,55.0,29.6,99.5,69.5,89.6,97.7,89.425,95.3,92.3,95.2,15.067,5,5,5,34.766999999999996
18.11,4,43.144,61.336999999999996,39.65,63.744,123.91,126.779,64.9,55.0,29.6,99.5,69.5,89.6,97.7,89.502,95.3,92.3,95.2,14.415,5,5,5,34.715999999999994
18.13,4,42.693000000000005,61.28,39.681,65.032,123.95700000000001,126.765,64.9,55.0,29.6,99.5,69.5,89.6,97.7,89.545,95.3,92.3,95.2,15.206,5,5,5,34.685
18.15,4,42.516999999999996,61.141000000000005,39.593,64.868,123.76899999999999,126.779,64.9,55.0,29.6,99.5,69.5,89.6,97.7,89.569,95.3,92.3,95.2,14.855,5,5,5,34.579
18.17,4,42.541,61.104,39.738,67.024,123.62700000000001,126.738,64.9,55.0,29.6,99.5,69.5,89.6,97.7,89.582,95.3,92.3,95.2,13.992,5,5,5,34.547
18.19,4,42.641,61.381,39.544000000000004,66.22200000000001,123.64299999999999,126.615,64.9,55.0,29.6,99.5,69.5,89.6,97.7,89.59,95.3,92.3,95.2,15.068,5,5,5,34.5
18.21,4,42.538000000000004,61.038999999999994,39.65,67.16,123.596,126.588,64.9,55.0,29.6,99.5,69.5,89.6,97.7,89.594,95.3,92.3,95.2,14.334,5,5,5,34.443
18.23,4,42.179,61.373999999999995,39.74,64.714,123.501,126.51899999999999,64.9,55.0,29.6,99.5,69.5,89.6,97.7,89.597,95.3,92.3,95.2,13.841000000000001,5,5,5,34.375
18.25,4,42.409,61.013999999999996,39.57,66.43299999999999,123.485,126.396,64.9,55.0,29.6,99.5,69.5,89.6,97.7,89.598,95.3,92.3,95.2,15.094,5,5,5,34.363
18.27,4,42.275,61.004,39.655,64.965,123.39,126.478,64.9,55.0,29.6,99.5,69.5,89.6,97.7,89.59899999999999,95.3,92.3,95.2,14.236,5,5,5,34.357
18.29,4,41.893,61.315,39.644,63.565,123.2,126.396,64.9,55.0,29.6,99.5,69.5,89.6,97.787,89.59899999999999,95.3,92.3,95.2,14.482000000000001,5,5,5,34.384
18.31,4,42.348,61.361999999999995,39.486,62.39,122.978,126.08,64.9,55.0,29.6,99.5,69.5,89.6,97.837,89.6,95.3,92.3,95.2,15.004,5,5,5,34.409000000000006
18.33,4,42.036,61.132,39.687,61.809,122.962,126.204,64.9,55.0,29.6,99.5,69.5,89.6,97.86399999999999,89.6,95.3,92.3,95.2,13.843,5,5,5,34.425
18.35,4,42.26,61.693999999999996,39.574,61.736999999999995,122.819,125.846,64.9,55.0,29.6,99.5,69.5,89.6,97.88,89.6,95.3,92.3,95.2,14.356,5,5,5,34.44
18.37,4,42.48,61.053999999999995,39.46,61.20399999999999,122.835,125.95700000000001,64.9,55.0,29.6,99.5,69.5,89.6,97.889,89.6,95.3,92.3,95.2,14.828,5,5,5,34.46
18.39,4,42.063,61.523,39.372,60.434,122.771,125.97,64.9,55.0,29.6,99.5,69.5,89.6,97.89399999999999,89.6,95.3,92.3,95.2,13.611,5,5,5,34.491
18.41,4,41.93,61.083999999999996,39.4,59.714,122.73899999999999,125.72200000000001,64.9,55.0,29.6,99.5,69.5,89.6,97.896,89.6,95.3,92.3,95.2,14.454,5,5,5,34.519999999999996
18.43,4,41.833,61.018,39.582,59.903,122.675,125.708,64.9,55.0,29.6,99.5,69.5,89.6,97.898,89.6,95.3,92.3,95.2,14.45,5,5,5,34.56
18.45,4,41.830999999999996,60.841,39.494,59.354,122.675,125.65299999999999,64.9,55.0,29.6,99.5,69.5,89.6,97.899,89.6,95.3,92.3,95.2,13.532,5,5,5,34.571
18.47,4,42.207,61.049,39.391999999999996,59.144,122.499,125.515,64.9,55.0,29.6,99.5,69.5,89.6,97.899,89.6,95.3,92.3,95.2,14.708,5,5,5,34.635000000000005
18.49,4,41.659,60.93899999999999,39.294000000000004,58.22,122.48299999999999,125.556,64.9,55.0,29.6,99.5,69.5,89.6,97.9,89.6,95.3,92.3,95.2,13.974,5,5,5,34.69
18.51,4,41.676,60.438,39.439,58.393,122.322,125.36200000000001,64.9,55.0,29.6,99.5,69.5,89.6,97.9,89.6,95.3,92.3,95.2,13.617,5,5,5,34.727
18.53,4,41.665,60.913999999999994,39.324,57.897,122.338,125.417,64.9,55.0,29.6,99.5,69.5,89.6,97.9,89.6,95.3,92.3,95.2,14.907,5,5,5,34.789
18.55,4,42.005,60.927,39.418,60.005,122.48299999999999,125.52799999999999,64.9,55.0,29.6,99.5,69.5,89.6,97.9,89.6,95.3,92.3,95.2,14.151,5,5,5,34.79
18.57,4,41.681999999999995,61.11600000000001,39.229,59.717,122.41799999999999,125.625,64.9,55.0,29.6,99.5,69.5,89.6,97.9,89.6,95.3,92.3,95.2,14.219,5,5,5,34.805
18.59,4,41.578,60.805,39.04,61.497,122.402,125.48700000000001,64.9,55.0,29.6,99.5,69.5,89.6,97.9,89.6,95.3,92.3,95.2,15.213,5,5,5,34.795
18.61,4,41.067,60.952,39.433,61.89,122.338,125.473,64.9,55.0,29.6,99.5,69.5,89.6,97.9,89.6,95.3,92.3,95.2,14.25,5,5,5,34.774
18.63,4,41.469,60.736999999999995,39.348,62.793,122.338,125.39,64.9,55.0,29.6,99.5,69.5,89.6,97.9,89.6,95.3,92.3,95.2,14.297,5,5,5,34.721999999999994
18.65,4,41.404,61.174,39.234,63.933,122.258,125.39,64.9,55.0,29.6,99.5,69.5,89.6,97.9,89.6,95.3,92.3,95.2,15.182,5,5,5,34.662
18.67,4,41.37,60.638000000000005,39.256,64.297,122.209,125.32,64.9,55.0,29.6,99.5,69.5,89.6,97.9,89.6,95.3,92.3,95.2,14.222000000000001,5,5,5,34.575
18.69,4,41.321,60.409,39.196999999999996,64.984,122.11200000000001,125.36200000000001,64.9,55.0,29.6,99.5,69.5,89.6,97.9,89.6,95.3,92.3,95.2,14.743,5,5,5,34.521
18.71,4,41.365,60.586000000000006,39.078,65.65100000000001,122.04799999999999,125.251,64.9,55.0,29.6,99.5,69.5,89.6,97.9,89.6,95.3,92.3,95.2,15.238,5,5,5,34.494
18.73,4,40.934,61.013000000000005,39.053000000000004,66.678,121.98299999999999,125.167,64.9,55.0,29.6,99.5,69.5,89.6,97.9,89.6,95.3,92.3,95.225,14.277000000000001,5,5,5,34.416
18.75,4,41.055,60.349,39.11,66.689,121.88600000000001,125.15299999999999,64.9,55.0,29.6,99.5,69.5,89.6,97.9,89.6,95.3,92.3,95.30199999999999,14.726,5,5,5,34.340999999999994
18.77,4,40.858000000000004,60.65,39.036,66.876,121.805,125.014,64.9,55.0,29.6,99.5,69.5,89.6,97.9,89.6,95.3,92.3,95.345,15.217,5,5,5,34.281
18.79,4,41.139,61.226000000000006,39.023,68.563,121.805,124.97200000000001,64.9,55.0,29.6,99.5,69.5,89.6,97.9,89.6,95.3,92.3,95.369,14.19,5,5,5,34.263000000000005
18.81,4,41.048,60.542,39.071999999999996,69.529,121.72399999999999,124.93,64.9,55.0,29.6,99.5,69.5,89.6,97.9,89.6,95.3,92.3,95.382,14.807,5,5,5,34.201
18.83,4,40.958,61.132,38.925,69.622,121.72399999999999,125.0,64.9,55.0,29.6,99.5,69.5,89.6,97.9,89.6,95.3,92.3,95.39,15.286,5,5,5,34.120999999999995
18.85,4,41.124,60.472,39.086,69.587,121.626,124.875,64.9,55.0,29.6,99.5,69.5,89.6,97.9,89.6,95.3,92.3,95.39399999999999,14.096,5,5,5,34.06
18.87,4,40.979,60.516999999999996,39.037,70.782,121.545,124.861,64.9,55.0,29.6,99.5,69.5,89.6,97.9,89.6,95.35,92.3,95.39699999999999,14.809,5,5,5,34.054
18.89,4,40.775,60.50899999999999,38.968,70.812,121.545,124.819,64.9,55.0,29.6,99.5,69.5,89.6,97.9,89.6,95.416,92.3,95.398,15.302999999999999,5,5,5,34.036
18.91,4,40.811,60.224,38.899,72.723,121.43,124.777,64.9,55.0,29.6,99.5,69.5,89.6,97.9,89.6,95.453,92.3,95.399,14.152000000000001,5,5,5,34.004999999999995
18.93,4,40.65,60.506,38.991,71.931,121.398,124.679,64.9,55.0,29.6,99.5,69.5,89.6,97.9,89.6,95.473,92.3,95.399,14.866,5,5,5,33.961
18.95,4,40.17,60.659,38.981,72.35600000000001,121.33200000000001,124.665,64.9,55.0,29.6,99.5,69.5,89.6,97.9,89.6,95.485,92.3,95.4,14.96,5,5,5,33.94
18.97,4,40.5,60.19,38.929,71.367,121.3,124.56700000000001,64.9,55.0,29.6,99.5,69.5,89.6,97.9,89.6,95.492,92.3,95.4,13.964,5,5,5,33.916
18.99,4,40.133,60.622,39.097,72.62899999999999,121.20100000000001,124.525,64.9,55.0,29.6,99.5,69.5,89.6,97.9,89.6,95.495,92.3,95.4,15.005,5,5,5,33.888999999999996
19.01,4,40.523,60.16,38.793,71.819,121.054,124.539,64.9,55.0,29.6,99.5,69.5,89.6,97.9,89.6,95.497,92.3,95.4,15.083,5,5,5,33.845
19.03,4,40.316,60.906000000000006,38.887,72.32,121.07,124.454,64.9,55.0,29.6,99.5,69.5,89.6,97.9,89.6,95.499,92.3,95.4,14.023,5,5,5,33.85
19.05,4,40.354,60.533,38.838,71.732,121.037,124.48200000000001,64.9,55.0,29.6,99.5,69.5,89.6,97.9,89.6,95.499,92.3,95.4,14.975,5,5,5,33.846000000000004
19.07,4,40.086,60.721000000000004,38.975,72.027,120.971,124.384,64.9,55.0,29.6,99.5,69.5,89.6,97.9,89.6,95.5,92.3,95.4,14.984,5,5,5,33.840999999999994
19.09,4,40.397,60.703,38.694,69.82300000000001,120.774,124.145,64.9,55.0,29.6,99.5,69.5,89.6,97.9,89.6,95.5,92.3,95.4,13.951,5,5,5,33.840999999999994
19.11,4,40.164,60.364,38.805,70.005,120.939,124.314,64.9,55.0,29.6,99.5,69.5,89.6,97.9,89.6,95.5,92.3,95.4,15.119,5,5,5,33.831
19.13,4,40.09,60.39,38.664,67.457,120.60799999999999,124.01799999999999,64.9,55.0,29.6,99.5,69.5,89.6,97.9,89.6,95.5,92.3,95.4,14.63,5,5,5,33.831
19.15,4,39.921,60.845,38.768,67.644,120.542,123.98899999999999,64.9,55.0,29.6,99.5,69.5,89.6,97.9,89.6,95.5,92.3,95.4,13.911,5,5,5,33.839
19.17,4,39.972,60.551,38.726,67.72999999999999,120.641,124.116,64.9,55.0,29.6,99.5,69.5,89.6,97.9,89.6,95.5,92.3,95.4,15.139,5,5,5,33.913
19.19,4,39.86,60.191,38.891,67.632,120.525,124.102,64.9,55.0,29.6,99.5,69.5,89.6,97.9,89.6,95.5,92.3,95.4,14.61,5,5,5,33.923
19.21,4,39.969,60.89,38.650999999999996,65.451,120.39299999999999,123.791,64.9,55.0,29.6,99.5,69.5,89.6,97.9,89.6,95.5,92.3,95.4,14.015,5,5,5,33.929
19.23,4,40.167,60.4,38.556,65.794,120.34299999999999,123.706,64.9,55.0,29.6,99.5,69.5,89.6,97.9,89.6,95.5,92.3,95.4,15.147,5,5,5,33.978
19.25,4,39.718,60.806999999999995,38.696,65.305,120.243,123.62100000000001,64.9,55.0,29.6,99.5,69.5,89.6,97.9,89.6,95.5,92.3,95.4,14.344,5,5,5,34.035
19.27,4,39.809,60.42100000000001,38.635999999999996,65.088,120.426,123.848,64.9,55.0,29.6,99.5,69.5,89.6,97.9,89.6,95.5,92.3,95.4,14.059,5,5,5,34.041
19.29,4,39.398,60.525,38.698,64.957,120.44200000000001,123.89,64.9,55.0,29.6,99.5,69.5,89.6,97.9,89.6,95.5,92.3,95.4,15.245999999999999,5,5,5,34.041
19.31,4,39.71,60.605,38.654,64.80799999999999,120.34299999999999,123.777,64.9,55.0,29.6,99.5,69.5,89.6,97.9,89.6,95.5,92.3,95.4,14.625,5,5,5,34.041
19.33,6,39.492,60.229,38.797,61.34,120.126,123.663,64.9,55.0,29.6,99.5,69.5,89.6,97.9,89.6,95.5,92.3,95.4,14.02,5,5,5,34.05
19.35,6,39.638000000000005,60.368,38.645,60.94,120.226,123.706,64.9,55.0,29.6,99.5,69.5,89.6,97.9,89.6,95.5,92.3,95.4,15.29,5,5,5,34.234
19.37,6,38.977,60.458999999999996,38.685,52.434,120.176,123.706,64.9,55.0,29.6,99.5,69.5,89.6,97.9,89.6,95.5,92.3,95.4,14.549,5,5,5,34.652
19.39,6,38.626,60.717,38.688,40.359,119.875,123.507,64.9,55.0,29.6,99.5,69.5,89.6,97.9,89.6,95.5,92.3,95.4,14.136000000000001,5,5,5,36.006
19.41,6,39.428000000000004,60.396,38.604,36.959,119.89200000000001,123.279,64.9,55.0,29.6,99.5,69.5,89.6,97.9,89.6,95.5,92.3,95.4,15.045,5,5,5,37.608000000000004
19.43,6,38.986,60.453,38.486999999999995,36.94199999999999,119.959,123.436,64.9,55.0,29.6,99.5,69.5,89.6,97.9,89.6,95.5,92.3,95.4,14.362,5,5,5,39.092
19.45,6,39.073,60.065,38.654,58.074,120.042,123.279,64.9,55.0,29.6,99.5,69.5,89.6,97.9,89.6,95.5,92.3,95.4,14.091000000000001,5,5,5,40.41
19.47,6,38.716,59.498000000000005,38.611,60.824,119.94200000000001,123.13600000000001,64.9,55.0,29.6,99.5,69.5,89.6,97.9,89.6,95.5,92.3,95.4,15.498,5,5,5,41.21
19.49,6,39.361999999999995,58.793,38.394,52.967,119.875,122.86399999999999,64.9,55.0,29.6,99.5,69.5,89.6,97.9,89.6,95.5,92.3,95.4,14.368,5,5,5,41.858000000000004
19.51,6,38.871,58.926,38.435,62.019,119.741,122.792,64.9,55.0,29.6,99.5,69.5,89.6,97.9,89.6,95.5,92.3,95.4,14.548,5,5,5,42.336999999999996
19.53,6,39.058,57.748000000000005,38.647,51.141000000000005,119.757,122.56200000000001,64.9,55.0,29.6,99.5,69.5,89.6,97.9,89.6,95.5,92.3,95.4,15.627,5,5,5,42.705
19.55,6,39.367,57.075,38.54,56.857,119.60600000000001,122.51799999999999,64.9,55.0,29.6,99.5,69.5,89.6,97.9,89.6,95.5,92.3,95.4,14.408999999999999,5,5,5,42.895
19.57,6,39.232,56.083,38.624,54.222,119.741,122.258,64.9,55.0,29.6,99.5,69.5,89.6,97.9,89.6,95.5,92.3,95.4,14.363999999999999,5,5,5,43.05
19.59,6,39.135,55.52,38.745,58.076,119.62299999999999,122.244,64.9,55.0,29.6,99.5,69.5,89.6,97.9,89.6,95.5,92.3,95.4,14.91,5,5,5,43.207
19.61,6,39.062,55.032,38.75,60.049,119.538,122.229,64.9,55.0,29.6,99.5,69.5,89.6,97.9,89.6,95.5,92.3,95.4,14.366,5,5,5,43.353
19.63,6,39.101,54.922,38.825,60.18600000000001,119.589,122.055,64.9,55.0,29.6,99.5,69.5,89.64399999999999,97.9,89.6,95.5,92.3,95.4,14.684,5,5,5,43.513000000000005
19.65,6,39.141,54.1,38.661,60.552,119.42,121.92399999999999,64.9,55.0,29.6,99.5,69.5,89.668,97.9,89.6,95.5,92.3,95.4,14.649,5,5,5,43.684
19.67,6,38.641999999999996,53.571999999999996,38.791,57.18,119.40299999999999,122.041,64.9,55.0,29.6,99.5,69.5,89.682,97.9,89.6,95.5,92.3,95.4,13.433,5,5,5,43.852
19.69,6,39.001,53.568999999999996,38.711,57.977,119.43700000000001,121.91,64.9,55.0,29.6,99.5,69.5,89.69,97.9,89.6,95.5,92.3,95.4,14.663,5,5,5,44.029
19.71,6,38.945,52.916000000000004,38.571999999999996,59.091,119.234,121.895,64.9,55.0,29.6,99.5,69.5,89.694,97.9,89.6,95.5,92.3,95.4,13.748,5,5,5,44.193000000000005
19.73,6,39.138000000000005,53.382,38.589,61.023,119.319,121.79299999999999,64.9,55.0,29.6,99.5,69.5,89.697,97.9,89.6,95.5,92.3,95.4,14.288,5,5,5,44.355
19.75,6,39.138000000000005,52.976000000000006,38.367,59.578,119.132,121.822,64.9,55.0,29.6,99.5,69.5,89.69800000000001,97.9,89.6,95.5,92.3,95.4,13.731,5,5,5,44.549
19.77,6,38.838,52.957,38.552,59.22,119.081,121.779,64.9,55.0,29.6,99.5,69.5,89.699,97.9,89.6,95.5,92.3,95.4,13.601,5,5,5,44.702
19.79,6,38.245,53.18899999999999,38.455,59.758,119.064,121.80799999999999,64.9,55.0,29.6,99.5,69.5,89.699,97.9,89.6,95.5,92.3,95.4,14.368,5,5,5,44.887
19.81,6,38.58,53.126999999999995,38.59,59.681999999999995,118.979,121.647,64.9,55.0,29.6,99.5,69.5,89.7,97.9,89.6,95.5,92.3,95.4,13.021,5,5,5,45.053000000000004
19.83,6,38.555,53.074,38.518,62.553999999999995,118.91,121.633,64.9,55.0,29.6,99.5,69.5,89.7,97.9,89.6,95.5,92.3,95.4,14.079,5,5,5,45.188
19.85,6,38.91,52.445,38.321,58.765,118.928,121.589,64.9,55.0,29.6,99.5,69.5,89.7,97.9,89.6,95.5,92.3,95.4,13.425,5,5,5,45.376
19.87,6,38.598,51.994,38.48,59.523999999999994,118.825,121.603,64.9,55.0,29.6,99.5,69.5,89.7,97.9,89.6,95.5,92.3,95.4,13.754,5,5,5,45.539
19.89,6,38.496,52.543,38.397,59.613,118.84200000000001,121.574,64.9,55.0,29.6,99.5,69.5,89.7,97.9,89.6,95.5,92.3,95.4,13.596,5,5,5,45.721
19.91,6,38.431,52.158,38.296,59.391999999999996,118.705,121.384,64.9,55.0,29.6,99.5,69.5,89.7,97.9,89.6,95.5,92.3,95.4,13.082,5,5,5,45.865
19.93,6,38.381,52.555,38.29,62.68,118.757,121.413,64.9,55.0,29.6,99.5,69.5,89.7,97.9,89.6,95.5,92.3,95.4,14.324,5,5,5,46.025999999999996
19.95,6,38.271,52.081,38.369,61.36600000000001,118.637,121.369,64.9,55.0,29.6,99.5,69.5,89.7,97.9,89.6,95.5,92.3,95.4,13.148,5,5,5,46.187
19.97,6,37.993,51.91,38.646,60.943999999999996,118.602,121.208,64.9,55.0,29.6,99.5,69.5,89.7,97.9,89.6,95.5,92.35,95.4,13.742,5,5,5,46.345
19.99,6,38.359,52.06,38.239000000000004,61.543,118.568,121.22200000000001,64.9,55.0,29.6,99.5,69.5,89.7,97.9,89.6,95.5,92.416,95.4,13.484,5,5,5,46.473
20.01,6,38.141,52.223,38.343,60.637,118.48200000000001,121.34,64.9,55.0,29.6,99.5,69.5,89.7,97.9,89.6,95.5,92.453,95.4,13.673,5,5,5,46.648
20.03,6,37.578,52.053999999999995,38.253,63.721000000000004,118.413,121.134,64.9,55.0,29.6,99.5,69.5,89.7,97.9,89.6,95.5,92.473,95.4,13.927999999999999,5,5,5,46.791
20.05,6,37.798,51.441,38.2,65.31800000000001,118.396,121.208,64.9,55.0,29.6,99.5,69.5,89.7,97.9,89.6,95.5,92.485,95.4,12.838999999999999,5,5,5,46.945
20.07,6,37.773,52.06399999999999,37.98,62.949,118.189,121.105,65.0,55.0,29.6,99.5,69.4,89.7,97.9,89.6,95.5,92.492,95.4,14.152000000000001,5,5,5,47.071999999999996
20.09,6,37.751999999999995,51.286,38.079,62.705,118.137,121.149,65.0,55.0,29.6,99.5,69.4,89.7,97.9,89.6,95.5,92.495,95.4,13.207,5,5,5,47.262
20.11,6,37.691,51.791000000000004,37.907,62.57,118.189,121.105,65.0,55.0,29.6,99.5,69.4,89.7,97.9,89.6,95.5,92.497,95.4,13.69,5,5,5,47.404
20.13,6,37.977,51.05,37.973,63.147,118.154,121.06,65.0,55.0,29.6,99.5,69.4,89.7,97.9,89.6,95.5,92.499,95.4,13.347999999999999,5,5,5,47.566
20.15,6,37.334,51.5,38.221,64.16,118.03299999999999,121.031,65.0,55.0,29.6,99.5,69.4,89.7,97.9,89.6,95.5,92.499,95.4,13.259,5,5,5,47.722
20.17,6,37.44,51.448,38.257,63.641999999999996,118.016,121.075,65.0,55.0,29.6,99.5,69.4,89.7,97.9,89.6,95.5,92.5,95.4,14.125,5,5,5,47.842
20.19,6,37.533,51.458999999999996,37.945,63.243,118.102,120.898,65.0,55.0,29.6,99.5,69.4,89.7,97.9,89.6,95.5,92.5,95.4,12.846,5,5,5,48.001999999999995
20.21,6,37.774,50.858000000000004,37.917,63.119,117.946,120.95700000000001,65.0,55.0,29.6,99.5,69.4,89.7,97.9,89.6,95.5,92.5,95.4,13.693,5,5,5,48.152
20.23,6,37.471,51.277,37.869,63.903999999999996,117.87700000000001,120.94200000000001,65.0,55.0,29.6,99.5,69.4,89.7,97.9,89.6,95.5,92.5,95.4,13.216000000000001,5,5,5,48.257
20.25,6,37.211999999999996,51.032,37.999,65.848,117.755,120.78,65.0,55.0,29.6,99.5,69.4,89.7,97.9,89.6,95.5,92.5,95.4,13.389,5,5,5,48.411
20.27,6,37.463,50.483000000000004,37.83,64.574,117.79,120.765,65.0,55.0,29.6,99.5,69.4,89.7,97.9,89.6,95.5,92.5,95.4,13.385,5,5,5,48.556
20.29,6,37.143,50.528999999999996,37.803000000000004,63.674,117.70200000000001,120.735,65.0,55.0,29.6,99.5,69.4,89.7,97.9,89.6,95.5,92.5,95.4,12.832,5,5,5,48.711999999999996
20.31,6,37.75,50.292,37.923,63.625,117.667,120.75,65.0,55.0,29.6,99.5,69.4,89.7,97.9,89.6,95.5,92.5,95.4,14.205,5,5,5,48.811
20.33,6,37.626999999999995,51.188,37.829,62.894,117.685,120.706,65.0,55.0,29.6,99.5,69.4,89.7,97.9,89.6,95.5,92.5,95.4,12.861,5,5,5,48.967
20.35,6,37.378,50.332,37.823,66.34,117.58,120.617,65.0,55.0,29.6,99.5,69.4,89.7,97.9,89.6,95.5,92.5,95.4,13.781,5,5,5,49.093
20.37,6,37.346,50.565,37.778,64.217,117.45700000000001,120.51299999999999,65.0,55.0,29.6,99.5,69.4,89.7,97.9,89.6,95.5,92.5,95.4,13.527000000000001,5,5,5,49.21
20.39,6,36.66,50.354,37.744,63.808,117.52799999999999,120.632,65.0,55.0,29.6,99.5,69.4,89.7,97.9,89.6,95.5,92.5,95.4,14.16,5,5,5,49.34
20.41,6,37.14,50.376000000000005,37.760999999999996,64.768,117.51,120.45299999999999,65.0,55.0,29.6,99.5,69.4,89.7,97.9,89.6,95.5,92.5,95.4,14.07,5,5,5,49.439
20.43,6,36.794,50.107,37.678000000000004,62.845,117.29899999999999,120.40899999999999,65.0,55.0,29.6,99.5,69.4,89.7,97.9,89.6,95.5,92.5,95.4,12.96,5,5,5,49.588
20.45,6,36.637,49.864,37.86,65.196,117.352,120.37899999999999,65.0,55.0,29.6,99.5,69.4,89.7,97.9,89.6,95.5,92.5,95.4,14.454,5,5,5,49.693000000000005
20.47,6,36.891,49.601000000000006,37.72,65.979,117.28200000000001,120.319,65.0,55.0,29.6,99.5,69.4,89.7,97.9,89.6,95.5,92.5,95.4,13.379,5,5,5,49.838
20.49,6,36.760000000000005,50.667,37.743,63.433,117.211,120.215,65.0,55.0,29.6,99.5,69.4,89.7,97.9,89.6,95.5,92.5,95.4,14.082,5,5,5,49.952
20.51,6,36.436,49.82899999999999,37.52,64.298,117.176,120.215,65.0,55.0,29.6,99.5,69.4,89.7,97.9,89.6,95.5,92.5,95.4,13.517999999999999,5,5,5,50.068000000000005
20.53,6,36.464,49.993,37.708,63.369,117.141,120.125,65.0,55.0,29.6,99.5,69.4,89.7,97.9,89.6,95.5,92.5,95.4,13.488,5,5,5,50.172
20.55,6,36.489000000000004,49.662,37.531,64.799,117.035,120.095,65.0,55.0,29.6,99.5,69.4,89.7,97.9,89.6,95.5,92.5,95.4,14.324,5,5,5,50.294000000000004
20.57,6,36.803,50.215,37.611,67.17,117.0,120.17,65.0,55.0,29.6,99.5,69.4,89.7,97.9,89.6,95.5,92.5,95.4,13.274,5,5,5,50.436
20.59,6,36.751,49.51,37.24,64.34,117.053,120.11,65.0,55.0,29.6,99.5,69.4,89.7,97.9,89.6,95.5,92.5,95.4,12.939,5,5,5,50.545
20.61,6,36.525,49.343999999999994,37.558,64.63499999999999,116.876,120.08,65.0,55.0,29.6,99.5,69.4,89.7,97.9,89.6,95.5,92.5,95.4,12.807,5,5,5,50.671
20.63,6,36.125,49.233999999999995,37.699,64.262,116.84,119.961,65.0,55.0,29.6,99.5,69.4,89.7,97.9,89.6,95.5,92.5,95.4,11.436,5,5,5,50.775
20.65,6,36.42,49.203,37.422,64.83500000000001,116.68,119.90100000000001,65.0,55.0,29.6,99.5,69.4,89.7,97.9,89.6,95.5,92.5,95.4,12.120000000000001,5,5,5,50.889
20.67,6,35.756,49.858000000000004,37.525999999999996,66.49199999999999,116.734,119.975,65.0,55.0,29.6,99.5,69.4,89.7,97.9,89.64399999999999,95.5,92.5,95.4,12.235,5,5,5,51.001000000000005
20.69,6,36.272,49.646,37.44,66.672,116.62700000000001,119.825,65.0,55.0,29.6,99.5,69.4,89.7,97.9,89.668,95.5,92.5,95.4,11.355,5,5,5,51.111999999999995
20.71,6,36.077,49.158,37.49,65.363,116.645,119.825,65.0,55.0,29.6,99.5,69.4,89.7,97.9,89.682,95.5,92.5,95.4,10.947,5,5,5,51.273
20.73,6,35.714,49.67100000000001,37.463,65.751,116.555,119.795,65.0,55.0,29.6,99.5,69.4,89.7,97.9,89.69,95.5,92.5,95.4,10.940999999999999,5,5,5,51.386
20.75,6,36.016,49.46,37.483000000000004,64.993,116.538,119.825,65.0,55.0,29.6,99.5,69.4,89.7,97.9,89.694,95.5,92.5,95.4,10.863,5,5,5,51.493
20.77,6,35.577,49.727,37.486999999999995,68.69399999999999,116.484,119.81,65.0,55.0,29.6,99.5,69.4,89.7,97.9,89.697,95.5,92.5,95.4,10.151,5,5,5,51.602
20.79,6,35.513000000000005,49.331,37.376,66.46100000000001,116.448,119.615,65.0,55.0,29.6,99.5,69.4,89.7,97.9,89.69800000000001,95.5,92.5,95.4,10.381,5,5,5,51.733000000000004
20.81,6,35.513999999999996,49.591,37.199,66.57300000000001,116.37700000000001,119.57,65.0,55.0,29.6,99.5,69.4,89.7,97.9,89.699,95.5,92.5,95.4,10.924,5,5,5,51.82
20.83,6,35.331999999999994,49.434,37.43,67.37899999999999,116.215,119.72,65.0,55.0,29.6,99.5,69.4,89.7,97.9,89.699,95.5,92.5,95.4,10.218,5,5,5,51.898999999999994
20.85,6,36.018,49.413999999999994,37.181999999999995,65.053,116.305,119.524,65.0,55.0,29.6,99.5,69.4,89.7,97.9,89.7,95.5,92.5,95.4,9.718,5,5,5,51.986000000000004
20.87,6,35.620999999999995,49.152,37.367,68.405,116.179,119.419,65.0,55.0,29.6,99.5,69.4,89.7,97.9,89.7,95.5,92.5,95.4,9.942,5,5,5,52.083999999999996
20.89,6,36.028000000000006,49.1,37.546,68.196,116.071,119.449,65.0,55.0,29.6,99.5,69.4,89.7,97.9,89.7,95.5,92.5,95.4,9.887,5,5,5,52.155
20.91,6,35.489000000000004,49.115,37.466,65.69200000000001,116.125,119.6,65.0,55.0,29.6,99.5,69.4,89.7,97.9,89.7,95.5,92.5,95.4,9.309999999999999,5,5,5,52.242
20.93,6,35.479,48.963,37.18,67.34899999999999,116.089,119.37299999999999,65.0,55.0,29.6,99.5,69.4,89.7,97.9,89.7,95.5,92.5,95.4,9.709,5,5,5,52.346000000000004
20.95,6,35.16,49.07,37.418,66.47800000000001,116.071,119.28200000000001,65.0,55.0,29.6,99.5,69.4,89.7,97.9,89.7,95.5,92.5,95.4,10.398,5,5,5,52.431000000000004
20.97,6,35.509,48.903999999999996,37.217,67.622,116.01700000000001,119.34299999999999,65.0,55.0,29.6,99.5,69.4,89.7,97.9,89.7,95.5,92.5,95.4,9.507,5,5,5,52.518
20.99,6,35.584,48.364,37.387,70.872,115.927,119.23700000000001,65.0,55.0,29.6,99.5,69.4,89.7,97.9,89.7,95.5,92.5,95.4,9.286000000000001,5,5,5,52.61600000000001
21.01,6,35.348,49.585,37.293,67.006,115.891,119.22200000000001,65.0,55.0,29.6,99.5,69.4,89.7,97.9,89.7,95.5,92.5,95.4,9.536999999999999,5,5,5,52.723
21.03,6,35.187,49.525,37.66,67.723,115.837,119.22200000000001,65.0,55.0,29.6,99.5,69.4,89.7,97.9,89.7,95.5,92.5,95.4,9.757,5,5,5,52.823
21.05,6,35.068,49.406000000000006,37.409,67.063,115.87299999999999,119.116,65.0,55.0,29.6,99.5,69.4,89.7,97.9,89.7,95.5,92.5,95.4,9.472999999999999,5,5,5,52.905
21.07,6,35.003,48.498999999999995,37.214,68.375,115.69200000000001,119.146,65.0,55.0,29.6,99.5,69.4,89.7,97.9,89.7,95.5,92.5,95.4,9.637,5,5,5,53.021
21.09,6,35.230000000000004,49.022,37.359,70.271,115.728,119.20700000000001,65.0,55.0,29.6,99.5,69.4,89.7,97.9,89.7,95.5,92.5,95.4,10.443999999999999,5,5,5,53.121
21.11,6,34.878,49.302,37.321,68.941,115.728,119.085,65.0,55.0,29.6,99.5,69.4,89.7,97.9,89.7,95.5,92.5,95.4,9.690000000000001,5,5,5,53.265
21.13,6,34.497,49.153,37.148,69.067,115.78200000000001,118.994,65.0,55.0,29.6,99.5,69.4,89.7,97.9,89.7,95.5,92.5,95.4,9.079,5,5,5,53.354
21.15,6,34.482,49.236000000000004,37.235,68.804,115.601,119.055,65.0,55.0,29.6,99.5,69.4,89.7,97.9,89.7,95.5,92.5,95.4,9.549,5,5,5,53.513000000000005
21.17,6,35.122,48.632,37.266,68.227,115.546,118.91799999999999,65.0,55.0,29.6,99.5,69.4,89.7,97.9,89.7,95.5,92.5,95.4,9.846,5,5,5,53.641999999999996
21.19,6,34.93300000000001,48.005,37.214,72.834,115.583,118.91799999999999,65.0,55.0,29.6,99.5,69.4,89.7,97.9,89.7,95.5,92.5,95.4,9.392,5,5,5,53.808
21.21,6,34.309,48.049,37.330999999999996,71.64699999999999,115.52799999999999,119.055,65.0,55.0,29.6,99.5,69.4,89.7,97.9,89.7,95.5,92.5,95.4,9.324,5,5,5,53.98
21.23,6,34.477,48.533,37.336999999999996,68.80199999999999,115.546,118.948,65.0,55.0,29.6,99.5,69.4,89.7,97.9,89.7,95.5,92.5,95.4,10.281,5,5,5,54.12
21.25,6,34.657,48.652,37.361999999999995,70.916,115.40100000000001,118.765,65.0,55.0,29.6,99.5,69.4,89.7,97.98700000000001,89.7,95.5,92.5,95.4,9.297,5,5,5,54.285
21.27,6,34.266,48.842,37.242,68.21100000000001,115.309,118.689,65.0,55.0,29.6,99.5,69.4,89.7,98.037,89.7,95.5,92.5,95.4,8.72,5,5,5,54.388999999999996
21.29,6,34.604,48.327,37.185,72.071,115.36399999999999,118.67399999999999,65.0,55.0,29.6,99.5,69.4,89.7,98.064,89.7,95.5,92.5,95.4,9.370000000000001,5,5,5,54.593
21.31,6,34.655,48.476000000000006,37.071,70.97800000000001,115.32799999999999,118.65799999999999,65.0,55.0,29.6,99.5,69.4,89.7,98.08,89.7,95.5,92.5,95.4,9.373999999999999,5,5,5,54.765
21.33,6,33.823,48.238,36.992,69.779,115.10799999999999,118.65799999999999,65.0,55.0,29.6,99.5,69.4,89.7,98.089,89.7,95.5,92.5,95.4,9.011,5,5,5,54.907
21.35,6,34.406,48.513999999999996,37.09,70.57300000000001,115.21799999999999,118.61200000000001,65.0,55.0,29.6,99.5,69.4,89.7,98.094,89.7,95.5,92.5,95.4,9.251999999999999,5,5,5,55.085
21.37,6,34.725,48.745,37.281,69.14399999999999,115.14399999999999,118.47399999999999,65.0,55.0,29.6,99.5,69.4,89.7,98.096,89.7,95.5,92.5,95.4,9.949,5,5,5,55.216
21.39,6,34.148,48.306000000000004,37.297,70.795,114.99700000000001,118.551,65.0,55.0,29.6,99.5,69.4,89.7,98.098,89.7,95.5,92.5,95.4,9.153,5,5,5,55.365
21.41,6,33.804,48.078,36.989000000000004,74.771,115.10799999999999,118.29,65.0,55.0,29.6,99.5,69.4,89.7,98.09899999999999,89.7,95.5,92.5,95.4,8.495000000000001,5,5,5,55.528
21.43,6,33.812,48.342,37.394,71.10300000000001,114.961,118.351,65.0,55.0,29.6,99.5,69.4,89.7,98.09899999999999,89.7,95.5,92.5,95.4,9.183,5,5,5,55.699
21.45,6,34.118,48.013999999999996,37.07,69.625,114.99700000000001,118.105,65.0,55.0,29.6,99.5,69.4,89.7,98.1,89.7,95.5,92.5,95.4,9.454,5,5,5,55.888000000000005
21.47,6,33.726,47.937,37.092,69.387,114.869,118.305,65.0,55.0,29.6,99.5,69.4,89.7,98.1,89.7,95.5,92.5,95.4,9.4,5,5,5,56.011
21.49,6,34.306,47.703,37.043,70.72800000000001,114.905,118.228,65.0,55.0,29.6,99.5,69.4,89.7,98.1,89.7,95.5,92.5,95.4,9.196000000000002,5,5,5,56.169
21.51,6,34.218,48.06100000000001,37.132,73.256,114.73899999999999,118.15100000000001,65.0,55.0,29.6,99.5,69.4,89.7,98.1,89.7,95.5,92.5,95.4,9.77,5,5,5,56.363
21.53,6,34.284000000000006,47.92100000000001,37.159,70.267,114.85,118.228,65.0,55.0,29.6,99.5,69.4,89.7,98.1,89.7,95.5,92.5,95.4,9.474,5,5,5,56.51
21.55,6,33.721000000000004,47.88,37.106,71.264,114.721,118.228,65.0,55.0,29.6,99.5,69.4,89.7,98.1,89.7,95.5,92.5,95.4,8.484,5,5,5,56.672
21.57,6,33.927,47.88,37.076,69.82600000000001,114.461,118.13600000000001,65.0,55.0,29.6,99.5,69.4,89.7,98.1,89.7,95.5,92.5,95.4,9.209,5,5,5,56.843999999999994
21.59,6,33.513000000000005,48.643,37.019,70.763,114.647,118.12,65.0,55.0,29.6,99.5,69.4,89.7,98.1,89.7,95.5,92.5,95.4,10.006,5,5,5,57.013999999999996
21.61,6,33.491,47.91,36.988,74.783,114.572,118.04299999999999,65.0,55.0,29.6,99.5,69.4,89.7,98.1,89.7,95.5,92.5,95.4,9.254999999999999,5,5,5,57.181000000000004
21.63,6,33.812,47.578,37.061,72.984,114.48,118.105,65.0,55.0,29.6,99.5,69.4,89.7,98.1,89.7,95.5,92.5,95.4,8.314,5,5,5,57.339
21.65,6,33.648,47.50899999999999,37.287,70.921,114.44200000000001,118.059,65.0,55.0,29.6,99.5,69.4,89.7,98.1,89.7,95.5,92.5,95.4,9.175,5,5,5,57.56
21.67,6,33.245999999999995,47.17,37.19,72.65,114.42399999999999,117.95,65.0,55.0,29.6,99.5,69.4,89.7,98.1,89.7,95.5,92.5,95.4,9.732,5,5,5,57.726000000000006
21.69,6,33.575,47.291000000000004,37.071,69.844,114.387,117.96600000000001,65.0,55.0,29.6,99.5,69.4,89.7,98.1,89.7,95.5,92.5,95.4,9.206,5,5,5,57.905
21.71,6,33.339,47.762,37.314,74.66,114.368,117.95,65.0,55.0,29.6,99.5,69.4,89.7,98.1,89.7,95.5,92.5,95.4,9.015,5,5,5,58.09
21.73,6,34.012,47.398999999999994,36.958,73.345,114.331,117.71799999999999,65.0,55.0,29.6,99.5,69.4,89.7,98.1,89.7,95.5,92.5,95.4,9.131,5,5,5,58.294
21.75,6,33.729,46.773999999999994,37.099000000000004,71.82,114.2,117.73299999999999,65.0,55.0,29.6,99.5,69.4,89.7,98.1,89.7,95.5,92.5,95.4,9.288,5,5,5,58.463
21.77,6,33.822,47.482,36.858000000000004,73.155,114.331,117.764,65.0,55.0,29.6,99.5,69.4,89.7,98.1,89.7,95.5,92.5,95.4,9.4,5,5,5,58.61600000000001
21.79,6,33.641,47.68899999999999,36.963,70.465,114.125,117.609,65.0,55.0,29.6,99.5,69.4,89.7,98.1,89.7,95.5,92.5,95.4,9.056999999999999,5,5,5,58.795
21.81,6,33.504999999999995,47.466,36.907,72.242,113.994,117.749,65.0,55.0,29.6,99.5,69.4,89.7,98.1,89.7,95.5,92.5,95.4,9.292,5,5,5,58.968
21.83,6,33.608000000000004,47.26,37.115,74.149,114.031,117.624,65.0,55.0,29.6,99.5,69.4,89.7,98.1,89.7,95.5,92.5,95.4,8.989,5,5,5,59.143
21.85,6,33.048,47.506,36.82,71.263,113.994,117.5,65.0,55.0,29.6,99.5,69.4,89.7,98.1,89.7,95.5,92.5,95.4,8.204,5,5,5,59.299
21.87,6,32.839,47.412,37.093,71.99600000000001,113.9,117.531,65.0,55.0,29.6,99.5,69.4,89.7,98.1,89.7,95.5,92.5,95.4,8.998999999999999,5,5,5,59.465
21.89,6,33.446,47.472,36.945,70.82300000000001,113.881,117.515,65.0,55.0,29.6,99.5,69.4,89.7,98.1,89.7,95.5,92.5,95.4,9.949,5,5,5,59.647
21.91,6,33.307,46.748000000000005,36.849000000000004,71.539,113.76799999999999,117.57799999999999,65.0,55.0,29.6,99.5,69.4,89.7,98.1,89.7,95.5,92.5,95.4,9.154,5,5,5,59.795
21.93,6,32.95,46.903999999999996,37.145,75.12899999999999,113.73,117.391,65.0,55.0,29.6,99.5,69.4,89.7,98.1,89.7,95.5,92.5,95.4,8.487,5,5,5,59.981
21.95,6,32.705,47.133,37.157,72.111,113.73,117.375,65.0,55.0,29.6,99.5,69.4,89.7,98.1,89.7,95.5,92.5,95.4,9.129,5,5,5,60.153999999999996
21.97,6,32.923,47.708999999999996,37.097,71.252,113.67299999999999,117.42200000000001,65.0,55.0,29.6,99.5,69.4,89.7,98.1,89.7,95.5,92.5,95.4,9.165,5,5,5,60.323
21.99,6,32.873000000000005,47.547,36.885000000000005,70.28399999999999,113.654,117.29700000000001,65.0,55.0,29.6,99.5,69.4,89.7,98.1,89.7,95.5,92.5,95.4,9.123999999999999,5,5,5,60.537
22.01,6,32.709,46.869,36.875,71.16199999999999,113.711,117.42200000000001,65.0,55.0,29.6,99.5,69.4,89.7,98.1,89.7,95.5,92.5,95.4,8.952,5,5,5,60.715
22.03,6,33.047,47.17100000000001,36.837,73.653,113.579,117.171,65.0,55.0,29.6,99.5,69.4,89.7,98.1,89.7,95.5,92.5,95.4,9.035,5,5,5,60.891000000000005
22.05,6,32.883,47.036,37.062,70.672,113.522,117.29700000000001,65.0,55.0,29.6,99.5,69.4,89.7,98.1,89.7,95.5,92.5,95.4,9.326,5,5,5,61.055
22.07,6,32.480000000000004,47.637,36.825,71.61399999999999,113.465,117.18700000000001,65.2,55.1,29.5,99.7,69.3,89.7,98.1,89.7,95.5,92.5,95.4,8.496,5,5,5,61.268
22.09,6,32.782,46.403,36.733000000000004,71.046,113.37,117.046,65.2,55.1,29.5,99.7,69.3,89.7,98.1,89.7,95.5,92.5,95.4,8.911,5,5,5,61.446000000000005
22.11,6,32.608000000000004,46.875,36.980000000000004,70.536,113.465,117.014,65.2,55.1,29.5,99.7,69.3,89.7,98.1,89.7,95.5,92.5,95.4,9.74,5,5,5,61.59
22.13,6,32.625,46.461000000000006,36.89,75.595,113.40799999999999,116.98299999999999,65.2,55.1,29.5,99.7,69.3,89.7,98.1,89.7,95.5,92.5,95.4,9.385,5,5,5,61.788999999999994
22.15,6,32.531,46.994,36.917,74.191,113.275,116.936,65.2,55.1,29.5,99.7,69.3,89.7,98.1,89.7,95.5,92.5,95.4,8.327,5,5,5,61.961000000000006
22.17,6,32.614999999999995,46.81,36.766,71.828,113.294,116.999,65.2,55.1,29.5,99.7,69.3,89.7,98.1,89.7,95.5,92.5,95.4,9.018,5,5,5,62.133
22.19,6,32.333,46.669,36.962,73.795,113.256,116.825,65.2,55.1,29.5,99.7,69.3,89.7,98.1,89.7,95.5,92.5,95.4,9.388,5,5,5,62.309
22.21,6,32.475,45.961999999999996,36.879999999999995,70.76,113.103,116.96700000000001,65.2,55.1,29.5,99.7,69.3,89.7,98.1,89.7,95.5,92.5,95.4,8.722,5,5,5,62.516000000000005
22.23,6,32.307,46.951,36.843,74.154,113.179,116.825,65.2,55.1,29.5,99.7,69.3,89.7,98.1,89.7,95.5,92.5,95.4,8.76,5,5,5,62.677
22.25,6,32.9,46.57899999999999,36.701,73.654,113.103,116.92,65.2,55.1,29.5,99.7,69.3,89.7,98.1,89.7,95.5,92.5,95.4,9.023,5,5,5,62.869
22.27,6,32.628,46.72,36.84,71.645,113.103,116.794,65.2,55.1,29.5,99.7,69.3,89.7,98.1,89.7,95.5,92.5,95.4,8.9,5,5,5,63.037
22.29,6,32.453,45.924,36.914,72.654,113.12200000000001,116.762,65.2,55.1,29.5,99.7,69.3,89.7,98.1,89.7,95.5,92.5,95.4,8.625,5,5,5,63.211999999999996
22.31,6,32.513000000000005,46.527,36.53,71.48899999999999,113.02600000000001,116.715,65.2,55.1,29.5,99.7,69.3,89.7,98.1,89.7,95.5,92.5,95.4,8.865,5,5,5,63.387
22.33,6,32.426,46.663999999999994,36.656,73.296,113.12200000000001,116.88799999999999,65.2,55.1,29.5,99.7,69.3,89.7,98.1,89.7,95.5,92.5,95.4,9.629999999999999,5,5,5,63.576
22.35,6,32.353,46.656000000000006,36.723,76.274,112.969,116.652,65.2,55.1,29.5,99.7,69.3,89.7,98.1,89.7,95.5,92.5,95.4,8.870000000000001,5,5,5,63.74
22.37,6,32.298,45.715,36.762,73.388,112.949,116.572,65.2,55.1,29.5,99.7,69.3,89.7,98.1,89.7,95.5,92.5,95.4,7.992,5,5,5,63.916000000000004
22.39,6,32.051,46.92,36.616,72.278,113.007,116.699,65.2,55.1,29.5,99.7,69.3,89.7,98.1,89.7,95.5,92.5,95.4,8.908,5,5,5,64.065
22.41,6,31.824,45.989,36.916,71.208,112.641,116.715,65.2,55.1,29.5,99.7,69.3,89.7,98.1,89.7,95.5,92.5,95.4,9.485,5,5,5,64.287
22.43,6,31.307,46.04,36.956,72.368,112.738,116.477,65.2,55.1,29.5,99.7,69.3,89.7,98.1,89.7,95.5,92.5,95.4,8.774,5,5,5,64.476
22.45,6,32.09,45.653,36.719,74.563,112.66,116.414,65.2,55.1,29.5,99.7,69.3,89.7,98.1,89.7,95.5,92.5,95.4,8.532,5,5,5,64.656
22.47,6,31.656,46.099,36.559,71.513,112.93,116.366,65.2,55.1,29.5,99.7,69.3,89.7,98.1,89.7,95.5,92.5,95.4,8.957,5,5,5,64.821
22.49,6,31.658,46.119,36.568,71.622,112.71799999999999,116.461,65.2,55.1,29.5,99.7,69.3,89.7,98.1,89.7,95.5,92.5,95.4,8.981,5,5,5,65.00399999999999
22.51,6,31.355,46.24100000000001,36.715,70.13,112.795,116.398,65.2,55.1,29.5,99.7,69.3,89.7,98.1,89.7,95.5,92.5,95.4,8.815,5,5,5,65.196
22.53,6,31.144000000000002,46.284,36.811,70.664,112.525,116.318,65.2,55.1,29.5,99.7,69.3,89.7,98.1,89.7,95.5,92.5,95.4,8.739,5,5,5,65.356
22.55,6,31.694000000000003,46.086000000000006,36.47,75.289,112.66,116.302,65.2,55.1,29.5,99.7,69.3,89.7,98.1,89.7,95.5,92.5,95.4,8.864,5,5,5,65.514
22.57,6,31.42,46.044,36.759,72.965,112.525,116.20700000000001,65.2,55.1,29.5,99.7,69.3,89.7,98.1,89.7,95.5,92.5,95.4,8.98,5,5,5,65.689
22.59,6,30.826999999999998,45.961000000000006,36.669,70.885,112.583,116.175,65.2,55.1,29.5,99.7,69.3,89.7,98.1,89.7,95.5,92.5,95.4,9.09,5,5,5,65.873
22.61,6,31.561999999999998,45.963,36.521,72.164,112.602,116.20700000000001,65.2,55.1,29.5,99.7,69.3,89.7,98.1,89.7,95.5,92.5,95.4,8.982,5,5,5,66.042
22.63,6,31.484,46.0,36.626999999999995,69.91199999999999,112.46700000000001,116.12700000000001,65.2,55.1,29.5,99.7,69.3,89.7,98.1,89.7,95.5,92.5,95.4,9.043,5,5,5,66.231
22.65,6,31.78,45.819,36.426,74.965,112.40899999999999,116.111,65.2,55.1,29.5,99.7,69.3,89.7,98.1,89.7,95.5,92.5,95.4,9.647,5,5,5,66.387
22.67,6,31.75,45.345,36.619,74.445,112.311,116.04700000000001,65.2,55.1,29.5,99.7,69.3,89.7,98.1,89.7,95.5,92.5,95.425,9.035,5,5,5,66.571
22.69,6,30.823,46.071999999999996,36.56,72.185,112.331,116.111,65.2,55.1,29.5,99.7,69.3,89.7,98.1,89.7,95.5,92.5,95.502,8.507,5,5,5,66.738
22.71,6,30.552,45.827,36.637,73.483,112.46700000000001,115.95100000000001,65.2,55.1,29.5,99.7,69.3,89.7,98.1,89.7,95.5,92.5,95.545,9.181999999999999,5,5,5,66.935
22.73,6,31.088,45.747,36.69,70.806,112.214,116.015,65.2,55.1,29.5,99.7,69.3,89.7,98.1,89.7,95.5,92.5,95.569,9.262,5,5,5,67.143
22.75,6,30.833000000000002,45.418,36.478,73.763,112.214,116.111,65.2,55.1,29.5,99.7,69.3,89.7,98.1,89.7,95.5,92.5,95.582,9.016,5,5,5,67.325
22.77,6,31.087,45.658,36.706999999999994,74.967,112.175,116.06299999999999,65.2,55.1,29.5,99.7,69.3,89.7,98.1,89.7,95.5,92.5,95.59,9.161999999999999,5,5,5,67.507
22.79,6,30.451,45.909,36.491,72.15899999999999,112.116,115.95100000000001,65.2,55.1,29.5,99.7,69.3,89.7,98.1,89.7,95.5,92.5,95.594,9.834,5,5,5,67.71000000000001
22.81,6,31.093000000000004,45.778,36.611999999999995,72.215,112.13600000000001,115.935,65.2,55.1,29.5,99.7,69.3,89.7,98.1,89.7,95.5,92.5,95.597,9.227,5,5,5,67.886
22.83,6,30.648000000000003,44.9,36.445,71.721,112.175,115.87100000000001,65.2,55.1,29.5,99.7,69.3,89.7,98.1,89.7,95.5,92.5,95.598,8.671,5,5,5,68.09100000000001
22.85,6,30.84,45.812,36.55800000000001,72.977,112.05799999999999,115.935,65.2,55.1,29.5,99.7,69.3,89.7,98.1,89.7,95.5,92.5,95.59899999999999,9.213999999999999,5,5,5,68.245
22.87,6,30.366,45.492,36.444,76.37100000000001,111.86200000000001,115.919,65.2,55.1,29.5,99.7,69.3,89.7,98.1,89.7,95.5,92.5,95.59899999999999,9.475999999999999,5,5,5,68.447
22.89,6,30.701,45.245,36.278000000000006,73.267,111.96,115.759,65.2,55.1,29.5,99.7,69.3,89.7,98.1,89.7,95.5,92.5,95.6,8.969,5,5,5,68.609
22.91,6,30.563000000000002,45.201,36.506,72.399,112.01899999999999,115.727,65.2,55.1,29.5,99.7,69.3,89.7,98.1,89.7,95.5,92.5,95.6,9.153,5,5,5,68.8
22.93,6,30.090999999999998,45.425,36.664,70.737,111.881,115.759,65.2,55.1,29.5,99.7,69.3,89.7,98.1,89.7,95.5,92.5,95.6,9.908999999999999,5,5,5,68.951
22.95,6,30.055999999999997,45.15,36.413,71.562,111.90100000000001,115.61399999999999,65.2,55.1,29.5,99.7,69.3,89.7,98.1,89.7,95.5,92.5,95.6,9.33,5,5,5,69.13
22.97,6,30.133000000000003,44.996,36.426,74.265,112.01899999999999,115.646,65.2,55.1,29.5,99.7,69.3,89.7,98.1,89.7,95.5,92.5,95.6,8.776,5,5,5,69.309
22.99,6,30.406,44.951,36.321,71.501,111.822,115.727,65.2,55.1,29.5,99.7,69.3,89.7,98.1,89.7,95.5,92.5,95.6,9.184000000000001,5,5,5,69.47800000000001
23.01,6,30.728,45.17,36.620999999999995,71.507,111.84200000000001,115.566,65.2,55.1,29.5,99.7,69.3,89.7,98.1,89.7,95.5,92.5,95.6,9.341999999999999,5,5,5,69.676
23.03,6,29.998,45.213,36.510999999999996,70.835,111.78299999999999,115.51700000000001,65.2,55.1,29.5,99.7,69.3,89.7,98.1,89.7,95.5,92.5,95.6,8.673,5,5,5,69.83699999999999
23.05,6,30.586,45.325,36.396,70.303,111.546,115.598,65.2,55.1,29.5,99.7,69.3,89.7,98.1,89.7,95.5,92.5,95.6,9.283999999999999,5,5,5,70.027
23.07,6,29.98,44.78,36.480999999999995,74.876,111.803,115.598,65.2,55.1,29.5,99.7,69.3,89.7,98.1,89.7,95.5,92.5,95.6,10.09,5,5,5,70.204
23.09,6,29.835,45.501999999999995,36.657,74.05,111.76299999999999,115.598,65.2,55.1,29.5,99.7,69.3,89.7,98.1,89.7,95.55,92.5,95.6,9.163,5,5,5,70.39
23.11,6,29.67,45.851,36.117,71.324,111.586,115.51700000000001,65.2,55.1,29.5,99.7,69.3,89.7,98.1,89.7,95.616,92.5,95.6,9.044,5,5,5,70.562
23.13,6,29.909000000000002,45.356,36.366,72.958,111.605,115.339,65.2,55.1,29.5,99.7,69.3,89.7,98.1,89.7,95.653,92.5,95.6,9.475,5,5,5,70.747
23.15,6,29.881,44.814,36.104,70.301,111.48700000000001,115.485,65.2,55.1,29.5,99.7,69.3,89.7,98.1,89.7,95.673,92.5,95.6,9.533000000000001,5,5,5,70.918
23.17,6,29.683000000000003,44.696,36.44,74.00399999999999,111.506,115.339,65.2,55.1,29.5,99.7,69.3,89.7,98.1,89.7,95.685,92.5,95.6,8.479,5,5,5,71.108
23.19,6,30.142,45.016999999999996,36.099000000000004,73.512,111.40700000000001,115.291,65.2,55.1,29.5,99.7,69.3,89.7,98.1,89.7,95.692,92.5,95.6,9.517,5,5,5,71.304
23.21,6,29.811,45.114000000000004,36.385000000000005,71.65,111.30799999999999,115.242,65.2,55.1,29.5,99.7,69.3,89.7,98.1,89.7,95.695,92.5,95.6,9.792,5,5,5,71.475
23.23,6,29.861,45.161,36.31699999999999,73.273,111.32799999999999,115.21,65.2,55.1,29.5,99.7,69.3,89.7,98.1,89.7,95.697,92.5,95.6,9.553,5,5,5,71.658
23.25,6,29.655,45.316,36.425,71.181,111.387,115.339,65.2,55.1,29.5,99.7,69.3,89.7,98.1,89.7,95.699,92.5,95.6,9.561,5,5,5,71.85499999999999
23.27,6,29.671,44.571,36.19,73.265,111.387,115.226,65.2,55.1,29.5,99.7,69.3,89.7,98.1,89.7,95.699,92.5,95.6,9.514,5,5,5,72.064
23.29,6,29.984,44.466,36.429,75.931,111.40700000000001,115.06299999999999,65.2,55.1,29.5,99.7,69.3,89.7,98.1,89.7,95.7,92.5,95.6,9.966999999999999,5,5,5,72.24000000000001
23.31,6,29.386999999999997,44.175,36.402,72.36,111.387,115.031,65.2,55.1,29.5,99.7,69.3,89.7,98.1,89.7,95.7,92.5,95.6,8.808,5,5,5,72.438
23.33,6,29.936999999999998,45.101,36.297,72.337,111.26799999999999,115.04700000000001,65.2,55.1,29.5,99.7,69.3,89.7,98.1,89.7,95.7,92.5,95.6,9.34,5,5,5,72.648
23.35,6,29.35,45.012,36.293000000000006,71.42699999999999,111.16799999999999,115.177,65.2,55.1,29.5,99.7,69.3,89.7,98.1,89.7,95.7,92.5,95.6,10.178999999999998,5,5,5,72.851
23.37,6,29.701,44.474000000000004,36.531,72.205,111.148,114.98200000000001,65.2,55.1,29.5,99.7,69.3,89.7,98.1,89.7,95.7,92.5,95.6,9.708,5,5,5,73.02799999999999
23.39,6,29.522,44.496,36.211,74.711,111.16799999999999,114.802,65.2,55.1,29.5,99.7,69.3,89.7,98.1,89.7,95.7,92.5,95.6,9.286999999999999,5,5,5,73.21100000000001
23.41,6,29.678,44.544000000000004,36.412,72.40899999999999,111.088,114.868,65.2,55.1,29.5,99.7,69.3,89.7,98.1,89.7,95.7,92.5,95.6,9.815999999999999,5,5,5,73.408
23.43,6,29.441999999999997,45.045,36.403999999999996,72.15899999999999,111.02799999999999,114.98200000000001,65.2,55.1,29.5,99.7,69.3,89.7,98.1,89.7,95.7,92.5,95.6,9.757,5,5,5,73.584
23.45,6,29.855,44.195,36.372,69.52600000000001,111.068,114.786,65.2,55.1,29.5,99.7,69.3,89.7,98.1,89.7,95.7,92.5,95.6,8.464,5,5,5,73.786
23.47,6,29.445,44.092,36.245000000000005,70.581,111.24799999999999,114.9,65.2,55.1,29.5,99.7,69.3,89.7,98.1,89.7,95.7,92.5,95.6,9.552,5,5,5,73.981
23.49,6,29.081,44.781,36.484,74.938,111.008,114.77,65.2,55.1,29.5,99.7,69.3,89.7,98.1,89.7,95.7,92.5,95.6,10.282,5,5,5,74.176
23.51,6,29.017,44.27,36.352,72.168,110.948,114.884,65.2,55.1,29.5,99.7,69.3,89.7,98.1,89.7,95.7,92.5,95.6,9.862,5,5,5,74.396
23.53,6,29.031999999999996,44.287,36.545,70.442,111.02799999999999,114.68799999999999,65.2,55.1,29.5,99.7,69.3,89.7,98.1,89.7,95.7,92.5,95.6,9.548,5,5,5,74.585
23.55,6,28.725,43.915,36.229,71.28399999999999,111.068,114.786,65.2,55.1,29.5,99.7,69.3,89.7,98.1,89.7,95.7,92.5,95.6,9.376000000000001,5,5,5,74.804
23.57,6,29.316,44.582,36.28,69.149,110.96799999999999,114.704,65.2,55.1,29.5,99.7,69.3,89.7,98.1,89.7,95.7,92.5,95.6,9.357,5,5,5,75.01
23.59,6,28.954,43.98,36.2,74.09899999999999,110.848,114.819,65.2,55.1,29.5,99.7,69.3,89.7,98.1,89.7,95.7,92.5,95.6,9.611,5,5,5,75.252
23.61,6,29.038,44.559,36.288,73.59899999999999,110.82799999999999,114.671,65.2,55.1,29.5,99.7,69.3,89.7,98.1,89.7,95.7,92.5,95.6,8.751999999999999,5,5,5,75.42399999999999
23.63,6,29.074,44.395,36.081999999999994,70.973,110.82799999999999,114.557,65.2,55.1,29.5,99.7,69.3,89.7,98.1,89.7,95.7,92.5,95.6,9.472999999999999,5,5,5,75.671
23.65,6,29.122,43.753,36.150999999999996,72.709,110.76700000000001,114.54,65.2,55.1,29.5,99.7,69.3,89.7,98.1,89.7,95.7,92.5,95.6,9.742,5,5,5,75.889
23.67,6,29.099,43.78,36.062,70.296,110.868,114.44200000000001,65.2,55.1,29.5,99.7,69.3,89.7,98.1,89.7,95.7,92.5,95.6,9.164,5,5,5,76.096
23.69,6,29.194000000000003,44.546,36.519999999999996,73.038,110.68700000000001,114.557,65.2,55.1,29.5,99.7,69.3,89.7,98.1,89.7,95.7,92.5,95.6,9.447,5,5,5,76.376
23.71,6,29.127,43.876,35.986999999999995,74.014,110.525,114.491,65.2,55.1,29.5,99.7,69.3,89.7,98.1,89.7,95.7,92.5,95.6,10.283999999999999,5,5,5,76.578
23.73,6,28.897,43.95,36.101,72.307,110.60600000000001,114.425,65.2,55.1,29.5,99.7,69.3,89.7,98.1,89.7,95.7,92.5,95.6,9.886,5,5,5,76.797
23.75,6,28.601999999999997,43.39,36.179,72.036,110.60600000000001,114.54,65.2,55.1,29.5,99.7,69.3,89.7,98.1,89.7,95.7,92.5,95.6,9.344,5,5,5,77.01100000000001
23.77,6,28.948,43.882,36.291,71.05,110.383,114.244,65.2,55.1,29.5,99.7,69.3,89.7,98.1,89.7,95.7,92.5,95.6,10.486,5,5,5,77.221
23.79,6,28.612,43.716,36.118,72.798,110.464,114.178,65.2,55.1,29.5,99.7,69.3,89.7,98.1,89.7,95.7,92.5,95.6,9.942,5,5,5,77.446
23.81,6,28.88,43.975,36.096999999999994,76.294,110.525,114.211,65.2,55.1,29.5,99.7,69.3,89.7,98.1,89.7,95.7,92.5,95.6,9.145,5,5,5,77.66199999999999
23.83,6,28.559,43.747,35.907,72.057,110.525,114.211,65.2,55.1,29.5,99.7,69.3,89.7,98.1,89.7,95.7,92.5,95.6,9.712,5,5,5,77.88600000000001
23.85,6,28.469,43.893,36.126,72.281,110.525,114.211,65.2,55.1,29.5,99.7,69.3,89.7,98.1,89.7,95.7,92.5,95.6,10.02,5,5,5,78.079
23.87,6,28.198,43.802,36.348,71.60300000000001,110.383,114.06200000000001,65.2,55.1,29.5,99.7,69.3,89.7,98.1,89.7,95.7,92.5,95.6,8.642,5,5,5,78.293
23.89,6,28.811999999999998,43.208,36.119,71.914,110.383,114.095,65.2,55.1,29.5,99.7,69.3,89.7,98.1,89.7,95.7,92.5,95.6,9.812000000000001,5,5,5,78.502
23.91,6,28.221999999999998,44.095,36.114999999999995,74.486,110.42399999999999,114.06200000000001,65.2,55.1,29.5,99.7,69.3,89.7,98.1,89.7,95.7,92.5,95.6,10.395,5,5,5,78.679
23.93,6,28.819000000000003,43.593,36.305,72.441,110.241,114.012,65.2,55.1,29.5,99.7,69.3,89.7,98.1,89.7,95.7,92.5,95.6,9.871,5,5,5,78.896
23.95,6,28.163,43.281,36.013000000000005,71.475,110.26100000000001,113.929,65.2,55.1,29.5,99.7,69.3,89.7,98.1,89.7,95.7,92.5,95.6,9.857,5,5,5,79.079
23.97,6,28.773000000000003,43.201,36.047,70.26,110.241,113.995,65.2,55.1,29.5,99.7,69.3,89.7,98.1,89.7,95.7,92.5,95.6,10.622,5,5,5,79.23
23.99,6,28.224,43.645,35.882,70.124,110.179,114.045,65.2,55.1,29.5,99.7,69.3,89.7,98.1,89.7,95.7,92.5,95.6,9.684000000000001,5,5,5,79.419
24.01,6,28.474,43.558,36.073,74.419,110.26100000000001,113.87899999999999,65.2,55.1,29.5,99.7,69.3,89.7,98.1,89.7,95.7,92.5,95.6,9.507,5,5,5,79.6
24.03,6,28.186,44.101,36.147,72.556,110.2,113.846,65.2,55.1,29.5,99.7,69.3,89.7,98.1,89.7,95.7,92.5,95.6,9.931999999999999,5,5,5,79.759
24.05,6,28.506999999999998,43.216,35.846000000000004,69.65,110.2,113.946,65.2,55.1,29.5,99.7,69.3,89.7,98.1,89.7,95.7,92.5,95.6,10.068000000000001,5,5,5,79.937
24.07,6,28.051,43.459,36.024,71.43,110.098,113.829,65.1,55.1,29.5,100.0,69.2,89.7,98.1,89.7,95.7,92.5,95.6,9.258,5,5,5,80.12
24.09,6,28.022,43.768,36.153999999999996,68.59,110.118,113.863,65.1,55.1,29.5,100.0,69.2,89.7,98.1,89.7,95.7,92.5,95.6,9.8,5,5,5,80.307
24.11,6,28.186,43.218,35.883,72.587,109.913,113.74600000000001,65.1,55.1,29.5,100.0,69.2,89.7,98.1,89.7,95.7,92.5,95.6,10.139,5,5,5,80.464
24.13,6,28.022,43.455,35.939,71.342,109.934,113.74600000000001,65.1,55.1,29.5,100.0,69.2,89.7,98.1,89.7,95.7,92.5,95.6,9.202,5,5,5,80.669
24.15,6,28.249000000000002,42.283,35.979,70.596,109.995,113.646,65.1,55.1,29.5,100.0,69.2,89.7,98.1,89.7,95.7,92.5,95.6,9.594999999999999,5,5,5,80.848
24.17,6,27.822,43.641999999999996,36.158,71.59,109.913,113.729,65.1,55.1,29.5,100.0,69.2,89.7,98.1,89.7,95.7,92.5,95.6,10.135,5,5,5,81.036
24.19,6,27.971999999999998,43.295,35.954,69.613,109.995,113.729,65.1,55.1,29.5,100.0,69.2,89.7,98.1,89.7,95.7,92.5,95.6,9.642,5,5,5,81.204
24.21,6,27.869,43.133,35.846999999999994,71.928,109.831,113.679,65.1,55.1,29.5,100.0,69.2,89.7,98.1,89.7,95.7,92.5,95.6,9.481,5,5,5,81.407
24.23,6,27.622,43.24,35.644000000000005,74.273,109.708,113.663,65.1,55.1,29.5,100.0,69.2,89.7,98.1,89.7,95.7,92.5,95.6,10.229,5,5,5,81.587
24.25,6,27.523000000000003,42.871,36.069,72.01100000000001,109.934,113.495,65.1,55.1,29.5,100.0,69.2,89.7,98.1,89.7,95.7,92.5,95.6,9.623999999999999,5,5,5,81.77
24.27,6,27.871,42.551,35.92,71.617,109.852,113.56200000000001,65.1,55.1,29.5,100.0,69.2,89.7,98.1,89.7,95.7,92.5,95.6,9.064,5,5,5,81.968
24.29,6,27.369,43.343,35.760999999999996,70.578,109.954,113.62899999999999,65.1,55.1,29.5,100.0,69.2,89.7,98.1,89.7,95.7,92.5,95.6,9.397,5,5,5,82.146
24.31,6,27.664,42.828,35.815,72.29899999999999,109.728,113.445,65.1,55.1,29.5,100.0,69.2,89.7,98.1,89.7,95.7,92.5,95.6,9.674,5,5,5,82.335
24.33,6,27.784000000000002,43.286,35.854,74.702,109.749,113.311,65.1,55.1,29.5,100.0,69.2,89.7,98.1,89.7,95.7,92.5,95.6,8.714,5,5,5,82.51100000000001
24.35,6,27.008000000000003,42.969,35.678,71.825,109.708,113.428,65.1,55.1,29.5,100.0,69.2,89.7,98.1,89.7,95.7,92.5,95.6,9.443999999999999,5,5,5,82.72800000000001
24.37,6,27.180999999999997,42.436,35.975,71.642,109.56299999999999,113.277,65.1,55.1,29.5,100.0,69.2,89.7,98.1,89.7,95.7,92.5,95.6,10.068000000000001,5,5,5,82.913
24.39,6,27.930999999999997,43.346,35.662,70.627,109.749,113.361,65.1,55.1,29.5,100.0,69.2,89.7,98.1,89.7,95.7,92.5,95.6,9.645,5,5,5,83.09
24.41,6,27.743000000000002,42.806,35.789,70.968,109.646,113.227,65.1,55.1,29.5,100.0,69.2,89.7,98.1,89.7,95.7,92.5,95.6,9.498999999999999,5,5,5,83.28
24.43,6,27.205,42.691,35.855999999999995,74.03699999999999,109.48,113.193,65.1,55.1,29.5,100.0,69.2,89.7,98.1,89.7,95.7,92.5,95.6,10.343,5,5,5,83.499
24.45,6,27.6,42.554,35.826,72.156,109.501,113.32799999999999,65.1,55.1,29.5,100.0,69.2,89.7,98.1,89.7,95.7,92.5,95.6,9.754,5,5,5,83.65899999999999
24.47,6,27.421999999999997,42.605,35.708,71.04,109.521,113.21,65.1,55.1,29.5,100.0,69.2,89.7,98.1,89.7,95.7,92.5,95.6,9.418,5,5,5,83.833
24.49,6,26.893,42.718,35.835,70.83800000000001,109.584,113.109,65.1,55.1,29.5,100.0,69.2,89.7,98.1,89.7,95.7,92.5,95.6,10.106,5,5,5,84.021
24.51,6,27.184,42.361,35.864000000000004,69.52600000000001,109.376,113.193,65.1,55.1,29.5,100.0,69.2,89.7,98.1,89.7,95.7,92.5,95.6,9.852,5,5,5,84.188
24.53,6,27.160999999999998,42.859,35.79,74.334,109.459,113.109,65.1,55.1,29.5,100.0,69.2,89.7,98.1,89.7,95.7,92.5,95.6,9.203,5,5,5,84.4
24.55,6,26.646,42.626999999999995,35.773,72.557,109.314,113.193,65.1,55.1,29.5,100.0,69.2,89.7,98.1,89.7,95.7,92.5,95.6,9.783000000000001,5,5,5,84.556
24.57,6,27.090999999999998,41.944,35.846000000000004,69.61399999999999,109.43799999999999,113.05799999999999,65.1,55.1,29.5,100.0,69.2,89.7,98.1,89.7,95.7,92.5,95.6,10.535,5,5,5,84.764
24.59,6,26.874000000000002,42.72,35.729,71.748,109.105,113.075,65.1,55.1,29.5,100.0,69.2,89.7,98.1,89.7,95.7,92.5,95.6,9.653,5,5,5,84.96300000000001
24.61,6,26.761,42.32,35.885999999999996,68.49100000000001,109.126,113.244,65.1,55.1,29.5,100.0,69.2,89.7,98.1,89.7,95.7,92.5,95.6,9.379999999999999,5,5,5,85.166
24.63,6,26.787,42.12,35.719,71.844,109.147,113.05799999999999,65.1,55.1,29.5,100.0,69.2,89.7,98.1,89.7,95.7,92.5,95.6,9.743,5,5,5,85.336
24.65,6,26.97,42.334,35.81699999999999,71.437,109.355,113.193,65.1,55.1,29.5,100.0,69.2,89.7,98.1,89.7,95.7,92.5,95.6,9.943000000000001,5,5,5,85.497
24.67,6,26.392,42.469,35.859,68.69200000000001,109.272,113.007,65.1,55.1,29.5,100.0,69.2,89.7,98.1,89.7,95.7,92.5,95.6,8.532,5,5,5,85.738
24.69,6,26.584,42.051,35.956999999999994,70.586,109.16799999999999,113.05799999999999,65.1,55.1,29.5,100.0,69.2,89.7,98.1,89.7,95.7,92.5,95.6,9.641,5,5,5,85.87899999999999
24.71,6,26.789,42.262,35.620000000000005,69.41199999999999,109.105,113.007,65.1,55.1,29.5,100.0,69.2,89.7,98.1,89.7,95.7,92.5,95.6,10.369,5,5,5,86.079
24.73,6,26.808000000000003,42.01,35.888999999999996,71.031,109.084,112.95700000000001,65.1,55.1,29.5,100.0,69.2,89.7,98.1,89.7,95.7,92.5,95.6,9.758,5,5,5,86.262
24.75,6,26.590999999999998,42.296,35.873000000000005,74.38600000000001,108.958,112.77,65.1,55.1,29.5,100.0,69.2,89.7,98.1,89.7,95.7,92.5,95.6,9.591999999999999,5,5,5,86.472
24.77,6,26.177,42.019,35.914,71.118,109.084,112.821,65.1,55.1,29.5,100.0,69.2,89.7,98.1,89.7,95.7,92.5,95.6,10.306000000000001,5,5,5,86.656
24.79,6,26.728,42.114000000000004,35.726,70.25399999999999,108.916,112.75299999999999,65.1,55.1,29.5,100.0,69.2,89.7,98.1,89.7,95.7,92.5,95.6,9.616,5,5,5,86.848
24.81,6,27.055999999999997,42.106,35.694,70.41,109.084,112.97399999999999,65.1,55.1,29.5,100.0,69.2,89.7,98.1,89.7,95.7,92.5,95.6,9.111,5,5,5,87.03
24.83,6,26.299,42.219,36.028999999999996,71.07600000000001,108.979,112.736,65.1,55.1,29.5,100.0,69.2,89.7,98.1,89.7,95.7,92.5,95.6,9.586,5,5,5,87.241
24.85,6,26.24,42.363,35.852,73.093,109.0,112.685,65.1,55.1,29.5,100.0,69.2,89.7,98.1,89.7,95.7,92.5,95.6,10.04,5,5,5,87.41199999999999
24.87,6,26.551,41.989000000000004,35.694,70.807,108.874,112.65100000000001,65.1,55.1,29.5,100.0,69.2,89.7,98.1,89.7,95.7,92.5,95.6,8.952,5,5,5,87.618
24.89,6,26.733,42.251999999999995,35.751,70.993,108.874,112.634,65.1,55.1,29.5,100.0,69.2,89.7,98.1,89.7,95.7,92.5,95.6,9.463999999999999,5,5,5,87.803
24.91,6,26.289,41.915,36.078,69.902,108.811,112.566,65.1,55.1,29.5,100.0,69.2,89.7,98.1,89.7,95.7,92.5,95.6,10.169,5,5,5,88.015
24.93,6,26.573,41.973,35.712,69.695,108.83200000000001,112.566,65.1,55.1,29.5,100.0,69.2,89.7,98.1,89.7,95.7,92.5,95.6,9.681999999999999,5,5,5,88.185
24.95,6,26.1,41.875,35.725,74.965,108.685,112.49799999999999,65.1,55.1,29.5,100.0,69.2,89.7,98.1,89.7,95.7,92.5,95.6,9.431999999999999,5,5,5,88.391
24.97,6,26.2,41.154,35.943,72.419,108.62100000000001,112.634,65.1,55.1,29.5,100.0,69.2,89.7,98.1,89.7,95.7,92.5,95.6,9.895,5,5,5,88.55
24.99,6,26.276,41.764,35.816,70.671,108.55799999999999,112.6,65.1,55.1,29.5,100.0,69.2,89.7,98.1,89.7,95.7,92.5,95.6,9.573,5,5,5,88.735
25.01,6,26.482,41.828,35.620000000000005,71.556,108.6,112.6,65.1,55.1,29.5,100.0,69.2,89.7,98.1,89.7,95.7,92.5,95.6,8.936,5,5,5,88.896
25.03,6,26.05,41.959,35.676,69.286,108.6,112.515,65.1,55.1,29.5,100.0,69.2,89.7,98.1,89.7,95.7,92.5,95.6,9.397,5,5,5,89.071
25.05,6,25.944000000000003,41.821,35.713,73.157,108.55799999999999,112.446,65.1,55.1,29.5,100.0,69.2,89.7,98.1,89.7,95.7,92.5,95.6,9.73,5,5,5,89.24
25.07,6,25.956,41.446999999999996,35.851,71.9,108.55799999999999,112.344,65.1,55.1,29.5,100.0,69.2,89.7,98.1,89.7,95.7,92.5,95.6,9.605,5,5,5,89.419
25.09,6,25.789,41.58,35.846999999999994,69.9,108.536,112.361,65.1,55.1,29.5,100.0,69.2,89.7,98.1,89.7,95.7,92.5,95.6,9.458,5,5,5,89.597
25.11,6,25.647,41.79,35.64,71.316,108.55799999999999,112.412,65.1,55.1,29.5,100.0,69.2,89.7,98.1,89.7,95.7,92.5,95.6,10.178999999999998,5,5,5,89.789
25.13,6,25.705,41.799,35.691,68.05799999999999,108.40899999999999,112.241,65.1,55.1,29.5,100.0,69.2,89.7,98.1,89.7,95.7,92.5,95.6,9.658000000000001,5,5,5,89.972
25.15,6,25.831,41.723,35.599000000000004,71.077,108.515,112.20700000000001,65.1,55.1,29.5,100.0,69.2,89.7,98.1,89.7,95.7,92.5,95.6,9.206,5,5,5,90.165
25.17,6,25.663,41.586,35.760999999999996,72.689,108.45100000000001,112.258,65.1,55.1,29.5,100.0,69.2,89.7,98.1,89.7,95.7,92.5,95.6,9.586,5,5,5,90.329
25.19,6,25.555,41.461999999999996,35.674,68.796,108.38799999999999,112.258,65.1,55.1,29.5,100.0,69.2,89.7,98.1,89.7,95.7,92.5,95.6,9.585,5,5,5,90.53
25.21,6,25.369,41.178000000000004,35.725,70.145,108.324,112.22399999999999,65.1,55.1,29.5,100.0,69.2,89.7,98.1,89.7,95.7,92.5,95.6,8.65,5,5,5,90.69
25.23,6,25.581999999999997,41.381,35.620999999999995,69.359,108.515,112.292,65.1,55.1,29.5,100.0,69.2,89.7,98.1,89.7,95.7,92.5,95.6,9.397,5,5,5,90.895
25.25,6,25.506,41.187,35.774,70.829,108.45100000000001,112.052,65.1,55.1,29.5,100.0,69.2,89.7,98.1,89.7,95.7,92.5,95.6,9.949,5,5,5,91.079
25.27,6,25.447,41.082,35.7,74.878,108.345,112.01700000000001,65.1,55.1,29.5,100.0,69.2,89.7,98.1,89.7,95.7,92.5,95.6,9.536999999999999,5,5,5,91.257
25.29,6,25.615,40.801,35.684,71.29,108.303,112.155,65.1,55.1,29.5,100.0,69.2,89.7,98.1,89.7,95.7,92.5,95.6,9.33,5,5,5,91.435
25.31,6,25.669,41.356,35.592,70.46300000000001,108.21700000000001,112.052,65.1,55.1,29.5,100.0,69.2,89.7,98.1,89.7,95.7,92.5,95.6,10.091999999999999,5,5,5,91.632
25.33,6,25.312,41.505,35.742,69.556,108.089,112.01700000000001,65.1,55.1,29.5,100.0,69.2,89.7,98.1,89.7,95.7,92.5,95.6,9.561,5,5,5,91.821
25.35,6,25.607,41.486999999999995,35.563,70.255,108.17399999999999,112.104,65.1,55.1,29.5,100.0,69.2,89.7,98.1,89.7,95.7,92.5,95.6,8.855,5,5,5,92.012
25.37,6,25.618000000000002,41.233000000000004,35.501999999999995,72.65,108.196,112.104,65.1,55.1,29.5,100.0,69.2,89.7,98.1,89.7,95.7,92.5,95.6,9.375,5,5,5,92.196
25.39,6,25.706,41.531,35.538,70.714,108.089,111.82799999999999,65.1,55.1,29.5,100.0,69.2,89.7,98.1,89.7,95.7,92.5,95.6,9.536000000000001,5,5,5,92.369
25.41,7,25.127,40.885,35.783,70.007,108.06700000000001,112.086,65.1,55.1,29.5,100.0,69.2,89.7,98.1,89.7,95.7,92.5,95.6,8.275,5,5,5,92.604
25.43,7,25.57,41.186,35.516999999999996,62.20399999999999,107.93799999999999,112.052,65.1,55.1,29.5,100.0,69.2,89.7,98.1,89.7,95.7,92.5,95.6,9.23,5,5,5,92.898
25.45,7,25.245,40.87,35.721999999999994,47.138999999999996,107.874,112.104,65.1,55.1,29.5,100.0,69.2,89.7,98.1,89.7,95.7,92.5,95.6,9.677,5,5,5,93.48899999999999
25.47,7,25.149,41.853,35.486000000000004,36.9,107.766,111.914,65.1,55.1,29.5,100.0,69.2,89.7,98.1,89.7,95.7,92.5,95.6,9.158000000000001,5,5,5,94.198
25.49,7,25.059,40.309,35.458,30.053,107.831,111.77600000000001,65.1,55.1,29.5,100.0,69.2,89.7,98.1,89.7,95.7,92.5,95.6,9.108,5,5,5,94.738
25.51,7,24.929000000000002,41.001999999999995,35.665,24.82,107.766,111.87899999999999,65.1,55.1,29.5,100.0,69.2,89.7,98.1,89.7,95.7,92.5,95.6,10.097999999999999,5,5,5,95.1
25.53,7,25.132,41.001,35.431,18.324,107.65799999999999,111.637,65.1,55.1,29.5,100.0,69.2,89.7,98.1,89.7,95.7,92.5,95.6,8.431000000000001,5,5,5,95.319
25.55,7,24.704,40.963,35.641999999999996,13.801,107.70100000000001,111.446,65.1,55.1,29.5,100.0,69.2,89.7,98.1,89.7,95.7,92.5,95.6,9.153,5,5,5,95.49700000000001
25.57,7,25.085,40.64,35.549,10.792000000000002,107.441,111.53299999999999,65.1,55.1,29.5,100.0,69.2,89.7,98.1,89.7,95.7,92.5,95.6,9.993,5,5,5,95.665
25.59,7,24.605999999999998,41.111999999999995,35.620000000000005,10.162,107.397,111.236,65.1,55.1,29.5,100.0,69.2,89.7,98.1,89.7,95.7,92.5,95.6,9.311,5,5,5,95.863
25.61,7,24.824,40.815,35.622,7.6579999999999995,107.484,111.446,65.1,55.1,29.5,100.0,69.2,89.78699999999999,98.1,89.7,95.7,92.5,95.6,8.248999999999999,5,5,5,96.09899999999999
25.63,7,24.599,40.324,35.493,6.776,107.70100000000001,111.49799999999999,65.1,55.1,29.5,100.0,69.2,89.837,98.1,89.7,95.7,92.5,95.6,9.001000000000001,5,5,5,96.31700000000001
25.65,7,24.47,41.034,35.421,6.104,107.63600000000001,111.49799999999999,65.1,55.1,29.5,100.0,69.2,89.86399999999999,98.1,89.7,95.7,92.5,95.6,9.497,5,5,5,96.475
25.67,7,24.802,41.221,35.521,12.189,107.55,111.39299999999999,65.1,55.1,29.5,100.0,69.2,89.88,98.1,89.7,95.7,92.5,95.6,8.921,5,5,5,96.64299999999999
25.69,7,24.682000000000002,41.073,35.55800000000001,9.99,107.55,111.446,65.1,55.1,29.5,100.0,69.2,89.889,98.1,89.7,95.7,92.5,95.6,8.531,5,5,5,96.77799999999999
25.71,7,24.739,40.705999999999996,35.585,7.736000000000001,107.484,111.53299999999999,65.1,55.1,29.5,100.0,69.2,89.89399999999999,98.1,89.7,95.7,92.5,95.6,8.888,5,5,5,96.863
25.73,7,24.792,40.421,35.257,11.391,107.723,111.446,65.1,55.1,29.5,100.0,69.2,89.896,98.1,89.7,95.7,92.5,95.6,9.443999999999999,5,5,5,96.943
25.75,7,24.927,40.438,35.479,11.678999999999998,107.506,111.463,65.1,55.1,29.5,100.0,69.2,89.898,98.1,89.7,95.7,92.5,95.6,8.879,5,5,5,97.01
25.77,7,24.144000000000002,40.729,35.456,8.92,107.52799999999999,111.306,65.1,55.1,29.5,100.0,69.2,89.899,98.1,89.7,95.7,92.5,95.6,8.475,5,5,5,97.10799999999999
25.79,7,24.750999999999998,40.086999999999996,35.425,7.656000000000001,107.484,111.411,65.1,55.1,29.5,100.0,69.2,89.899,98.1,89.7,95.7,92.5,95.6,8.887,5,5,5,97.18
25.81,7,24.489,40.453,35.262,6.734,107.397,111.271,65.1,55.1,29.5,100.0,69.2,89.9,98.1,89.7,95.7,92.5,95.6,9.298,5,5,5,97.28
25.83,7,24.959,40.405,35.367,15.332,107.419,111.18299999999999,65.1,55.1,29.5,100.0,69.2,89.9,98.1,89.7,95.7,92.5,95.6,8.751999999999999,5,5,5,97.416
25.85,7,24.277,40.485,35.403999999999996,12.885,107.397,111.446,65.1,55.1,29.5,100.0,69.2,89.9,98.1,89.7,95.7,92.5,95.6,8.674,5,5,5,97.677
25.87,7,24.684,40.368,35.374,19.633,107.33200000000001,111.236,65.1,55.1,29.5,100.0,69.2,89.9,98.1,89.7,95.7,92.5,95.6,8.833,5,5,5,98.006
25.89,7,24.647000000000002,40.503,35.269000000000005,19.68,107.441,111.463,65.1,55.1,29.5,100.0,69.2,89.9,98.1,89.7,95.7,92.5,95.6,9.032,5,5,5,98.39399999999999
25.91,7,24.305,40.41,35.351,23.452,107.244,111.411,65.1,55.1,29.5,100.0,69.2,89.9,98.1,89.7,95.7,92.5,95.6,8.725,5,5,5,98.852
25.93,7,24.167,40.516,35.393,21.307000000000002,107.33200000000001,111.288,65.1,55.1,29.5,100.0,69.2,89.9,98.1,89.7,95.7,92.5,95.6,8.581,5,5,5,99.352
25.95,7,24.53,39.97,35.30800000000001,22.093,107.244,111.288,65.1,55.1,29.5,100.0,69.2,89.9,98.1,89.7,95.7,92.5,95.6,8.914,5,5,5,99.897
25.97,7,24.031,39.992,35.451,21.232,107.113,111.148,65.1,55.1,29.5,100.0,69.2,89.9,98.1,89.7,95.7,92.5,95.6,9.306000000000001,5,5,5,100.443
25.99,7,25.13,39.791,35.230000000000004,19.485999999999997,107.179,111.131,65.1,55.1,29.5,100.0,69.2,89.9,98.1,89.7,95.7,92.5,95.6,9.051,5,5,5,100.97200000000001
26.01,7,24.041,40.246,35.257,19.152,107.15700000000001,111.25299999999999,65.1,55.1,29.5,100.0,69.2,89.9,98.1,89.7,95.7,92.5,95.6,8.686,5,5,5,101.529
26.03,7,24.479,40.209,35.44199999999999,18.802999999999997,107.179,111.04299999999999,65.1,55.1,29.5,100.0,69.2,89.9,98.1,89.7,95.7,92.5,95.6,8.807,5,5,5,102.04299999999999
26.05,7,24.361,40.099000000000004,35.262,18.119999999999997,107.266,111.04299999999999,65.1,55.1,29.5,100.0,69.2,89.9,98.1,89.7,95.7,92.5,95.6,9.013,5,5,5,102.594
26.07,7,23.771,39.91,35.444,13.604,107.025,111.008,65.1,55.1,29.5,100.7,69.1,89.9,98.1,89.7,95.7,92.5,95.6,8.882,5,5,5,103.132
26.09,7,24.541,39.679,35.236999999999995,11.911000000000001,107.09100000000001,110.973,65.1,55.1,29.5,100.7,69.1,89.9,98.1,89.7,95.7,92.5,95.6,8.748999999999999,5,5,5,103.57700000000001
26.11,7,23.957,39.955999999999996,35.396,10.196000000000002,106.62700000000001,110.51299999999999,65.1,55.1,29.5,100.7,69.1,89.9,98.1,89.7,95.7,92.5,95.6,8.748000000000001,5,5,5,103.932
26.13,7,24.029,39.802,35.372,6.941,106.494,110.31700000000001,65.1,55.1,29.5,100.7,69.1,89.9,98.1,89.7,95.7,92.5,95.6,8.77,5,5,5,104.15299999999999
26.15,7,24.639,40.062,35.113,6.291,106.65,110.54899999999999,65.1,55.1,29.5,100.7,69.1,89.9,98.1,89.7,95.7,92.5,95.6,8.516,5,5,5,104.271
26.17,7,23.953,39.683,35.239000000000004,6.307,106.605,110.67299999999999,65.1,55.1,29.5,100.7,69.1,89.9,98.1,89.7,95.7,92.5,95.6,9.699,5,5,5,104.286
26.19,8,23.847,40.024,35.181,5.324,106.71600000000001,110.51299999999999,65.1,55.1,29.5,100.7,69.1,89.9,98.1,89.7,95.7,92.5,95.6,10.014,5,5,5,104.32
26.21,8,23.909000000000002,39.576,35.402,5.4879999999999995,106.76,110.566,65.1,55.1,29.5,100.7,69.1,89.9,98.1,89.7,95.7,92.5,95.6,10.363,5,5,5,104.361
26.23,8,24.076,40.101,35.243,5.433,106.561,110.42399999999999,65.1,55.1,29.5,100.7,69.1,89.9,98.1,89.7,95.7,92.5,95.6,9.785,5,5,5,104.374
26.25,8,24.026,39.579,35.243,5.215,106.805,110.335,65.1,55.1,29.5,100.7,69.1,89.9,98.1,89.7,95.7,92.5,95.6,9.855,5,5,5,104.405
26.27,8,23.4,39.833,35.493,5.054,106.78299999999999,110.37100000000001,65.1,55.1,29.5,100.7,69.1,89.9,98.1,89.7,95.7,92.5,95.6,10.553999999999998,5,5,5,104.416
26.29,8,23.117,39.491,35.263999999999996,4.717,106.427,110.37100000000001,65.1,55.1,29.5,100.7,69.1,89.9,98.1,89.7,95.7,92.5,95.6,10.383,5,5,5,104.42
26.31,8,23.847,39.75,35.275999999999996,5.458,106.271,110.06700000000001,65.1,55.1,29.5,100.7,69.1,89.9,98.1,89.7,95.7,92.5,95.6,9.297,5,5,5,104.419
26.33,8,23.951,39.372,35.236999999999995,5.646,106.427,110.28200000000001,65.1,55.1,29.5,100.7,69.1,89.9,98.1,89.7,95.7,92.5,95.6,9.86,5,5,5,104.419
26.35,8,23.461,39.749,35.304,5.19,106.516,110.139,65.1,55.1,29.5,100.7,69.1,89.9,98.1,89.7,95.7,92.5,95.6,10.96,5,5,5,104.41799999999999
26.37,8,23.378,39.483000000000004,35.471999999999994,5.825,106.181,110.24600000000001,65.1,55.1,29.5,100.7,69.1,89.9,98.1,89.7,95.7,92.5,95.6,10.594,5,5,5,104.421
26.39,8,23.634,39.101,35.355000000000004,5.44,106.405,110.228,65.1,55.1,29.5,100.7,69.1,89.9,98.1,89.7,95.7,92.5,95.6,9.145,5,5,5,104.427
26.41,8,23.112000000000002,39.866,35.445,5.493,106.271,110.19200000000001,65.1,55.1,29.5,100.7,69.1,89.9,98.1,89.7,95.7,92.5,95.6,10.241,5,5,5,104.425
26.43,8,23.111,39.843,35.352,5.431,106.315,110.103,65.1,55.1,29.5,100.7,69.1,89.9,98.1,89.7,95.7,92.5,95.6,11.119,5,5,5,104.42200000000001
26.45,8,23.584,39.501999999999995,35.19,5.2,106.382,110.04899999999999,65.1,55.1,29.5,100.7,69.1,89.9,98.1,89.7,95.7,92.5,95.6,10.531,5,5,5,104.425
26.47,8,23.743,39.316,35.272,5.332,106.449,110.12100000000001,65.1,55.1,29.5,100.7,69.1,89.9,98.1,89.7,95.7,92.5,95.6,9.197,5,5,5,104.42200000000001
26.49,8,23.526,39.025999999999996,35.163,5.432,106.13600000000001,110.031,65.1,55.1,29.5,100.7,69.1,89.9,98.1,89.7,95.7,92.5,95.6,10.008,5,5,5,104.419
26.51,8,23.29,38.847,35.406,4.938,106.315,110.17399999999999,65.1,55.1,29.5,100.7,69.1,89.9,98.1,89.7,95.7,92.5,95.6,11.207,5,5,5,104.42200000000001
26.53,8,22.866,39.618,35.172,5.06,106.315,110.17399999999999,65.1,55.1,29.5,100.7,69.1,89.9,98.1,89.7,95.7,92.5,95.6,9.76,5,5,5,104.421
26.55,8,23.598,39.05,35.198,5.079,106.271,110.15700000000001,65.1,55.1,29.5,100.7,69.1,89.9,98.1,89.7,95.7,92.5,95.6,10.134,5,5,5,104.419
26.57,8,22.688,39.315,35.108000000000004,5.229,106.29299999999999,110.228,65.1,55.1,29.5,100.7,69.1,89.9,98.1,89.7,95.7,92.5,95.6,10.729,5,5,5,104.42299999999999
26.59,8,23.213,39.221,35.260999999999996,5.103,106.113,110.01299999999999,65.1,55.1,29.5,100.7,69.1,89.9,98.1,89.7,95.7,92.5,95.6,10.211,5,5,5,104.425
26.61,8,23.249000000000002,39.143,35.06699999999999,5.043,106.29299999999999,110.06700000000001,65.1,55.1,29.5,100.7,69.1,89.9,98.1,89.7,95.7,92.5,95.6,9.604,5,5,5,104.42399999999999
26.63,8,23.177,38.833,35.394000000000005,5.076,106.046,109.977,65.1,55.1,29.5,100.7,69.1,89.9,98.1,89.7,95.7,92.5,95.6,10.119,5,5,5,104.42200000000001
26.65,8,22.917,39.486,35.223,4.912,106.13600000000001,110.085,65.1,55.1,29.5,100.7,69.1,89.9,98.1,89.7,95.7,92.5,95.6,10.972999999999999,5,5,5,104.421
26.67,8,23.093,39.508,35.299,5.044,106.24799999999999,110.01299999999999,65.1,55.1,29.5,100.7,69.1,89.9,98.1,89.7,95.7,92.5,95.6,10.549,5,5,5,104.419
26.69,8,22.311,38.872,35.31699999999999,5.108,106.13600000000001,109.959,65.1,55.1,29.5,100.7,69.1,89.9,98.1,89.7,95.7,92.5,95.6,9.651,5,5,5,104.415
26.71,8,23.003,39.495,35.19,4.79,106.20299999999999,109.833,65.1,55.1,29.5,100.7,69.1,89.9,98.1,89.7,95.7,92.5,95.6,10.357,5,5,5,104.416
26.73,8,23.296,38.475,35.260999999999996,5.057,105.93299999999999,109.833,65.1,55.1,29.5,100.7,69.1,89.9,98.1,89.7,95.7,92.5,95.6,11.237,5,5,5,104.421
26.75,8,23.242,38.688,35.156,5.359,105.93299999999999,109.905,65.1,55.1,29.5,100.7,69.1,89.9,98.1,89.7,95.7,92.5,95.6,10.672,5,5,5,104.421
26.77,8,23.188,39.157,35.001999999999995,4.769,105.978,109.779,65.1,55.1,29.5,100.7,69.1,89.9,98.1,89.7,95.7,92.5,95.6,9.791,5,5,5,104.414
26.79,8,22.542,38.899,35.293000000000006,4.729,106.068,109.905,65.1,55.1,29.5,100.7,69.1,89.9,98.1,89.7,95.7,92.5,95.6,10.056000000000001,5,5,5,104.416
26.81,8,22.715999999999998,39.049,35.327,5.283,105.956,109.65299999999999,65.1,55.1,29.5,100.7,69.1,89.9,98.1,89.7,95.7,92.5,95.6,10.902000000000001,5,5,5,104.425
26.83,8,22.37,38.608000000000004,35.088,4.945,105.865,109.635,65.1,55.1,29.5,100.7,69.1,89.9,98.1,89.7,95.7,92.5,95.6,10.433,5,5,5,104.428
26.85,8,22.75,39.18,35.09,4.809,106.046,109.92299999999999,65.1,55.1,29.5,100.7,69.1,89.9,98.1,89.7,95.7,92.5,95.6,8.932,5,5,5,104.419
26.87,8,22.665,38.492,35.329,4.792,105.865,109.725,65.1,55.1,29.5,100.7,69.1,89.9,98.1,89.7,95.7,92.5,95.6,9.289,5,5,5,104.428
26.89,8,22.462,38.665,35.114999999999995,4.947,106.023,109.941,65.1,55.1,29.5,100.7,69.1,89.9,98.1,89.7,95.7,92.5,95.6,9.705,5,5,5,104.429
26.91,8,22.735,39.477,35.116,4.768,106.068,109.743,65.1,55.1,29.5,100.7,69.1,89.9,98.1,89.7,95.7,92.5,95.6,9.099,5,5,5,104.425
26.93,8,22.508,38.147,35.256,4.786,105.84299999999999,109.851,65.1,55.1,29.5,100.7,69.1,89.9,98.1,89.7,95.7,92.5,95.6,7.96,5,5,5,104.42399999999999
26.95,8,22.664,38.674,35.132,4.994,105.88799999999999,109.815,65.1,55.1,29.5,100.7,69.1,89.9,98.1,89.7,95.7,92.5,95.6,8.881,5,5,5,104.426
26.97,8,22.623,38.055,35.144999999999996,4.7379999999999995,105.911,109.617,65.1,55.1,29.5,100.7,69.1,89.9,98.1,89.7,95.7,92.5,95.6,9.222,5,5,5,104.43
26.99,8,23.094,38.594,35.117,4.831,105.978,109.725,65.1,55.1,29.5,100.7,69.1,89.9,98.1,89.7,95.7,92.5,95.6,8.564,5,5,5,104.42299999999999
27.01,8,22.959,38.172,34.907,4.799,105.911,109.815,65.1,55.1,29.5,100.7,69.1,89.9,98.1,89.7,95.7,92.5,95.6,7.571,5,5,5,104.427
27.03,8,22.79,38.24,35.111000000000004,5.093,105.79700000000001,109.65299999999999,65.1,55.1,29.5,100.7,69.1,89.9,98.1,89.7,95.7,92.5,95.6,8.332,5,5,5,104.42299999999999
27.05,8,22.894000000000002,38.925,35.156,5.063,105.75200000000001,109.635,65.1,55.1,29.5,100.7,69.1,89.9,98.1,89.7,95.7,92.5,95.6,9.102,5,5,5,104.42299999999999
27.07,8,22.372,38.804,35.038,5.208,105.79700000000001,109.617,65.1,55.1,29.5,100.7,69.1,89.9,98.1,89.7,95.7,92.5,95.6,8.302,5,5,5,104.417
27.09,8,22.684,38.782,35.09,5.031,105.84299999999999,109.65299999999999,65.1,55.1,29.5,100.7,69.1,89.9,98.1,89.7,95.7,92.5,95.6,7.444,5,5,5,104.419
27.11,8,22.627,38.451,35.16,5.211,105.616,109.65299999999999,65.1,55.1,29.5,100.7,69.1,89.9,98.1,89.7,95.7,92.5,95.6,8.322,5,5,5,104.42
27.13,8,22.899,38.355,35.118,5.256,105.729,109.59899999999999,65.1,55.1,29.5,100.7,69.1,89.9,98.1,89.7,95.7,92.5,95.6,9.011,5,5,5,104.42
27.15,8,22.451,38.323,35.054,5.047,105.63799999999999,109.47200000000001,65.1,55.1,29.5,100.7,69.1,89.9,98.1,89.7,95.7,92.5,95.6,8.173,5,5,5,104.42200000000001
27.17,8,21.977,38.171,35.093,4.943,105.79700000000001,109.59899999999999,65.1,55.1,29.5,100.7,69.1,89.9,98.1,89.7,95.7,92.5,95.6,7.585,5,5,5,104.421
27.19,8,22.382,38.018,35.263000000000005,5.213,105.616,109.49,65.1,55.1,29.5,100.7,69.1,89.9,98.1,89.7,95.7,92.5,95.6,8.197,5,5,5,104.42299999999999
27.21,8,22.291,39.058,34.908,4.978,105.59299999999999,109.454,65.1,55.1,29.5,100.7,69.1,89.9,98.1,89.7,95.7,92.5,95.6,9.022,5,5,5,104.419
27.23,8,21.941,38.379,35.19199999999999,4.86,105.50200000000001,109.30799999999999,65.1,55.1,29.5,100.7,69.1,89.9,98.1,89.7,95.7,92.5,95.6,8.435,5,5,5,104.421
27.25,8,22.197,38.679,34.919,5.083,105.41,109.381,65.1,55.1,29.5,100.7,69.1,89.9,98.1,89.7,95.7,92.5,95.6,7.648,5,5,5,104.419
27.27,8,22.387,37.667,35.010000000000005,5.012,105.295,109.635,65.1,55.1,29.5,100.7,69.1,89.9,98.1,89.7,95.7,92.5,95.6,8.51,5,5,5,104.421
27.29,8,21.927,38.601,35.17,4.721,105.249,109.363,65.1,55.1,29.5,100.7,69.1,89.9,98.1,89.7,95.7,92.5,95.6,9.072,5,5,5,104.425
27.31,8,22.092,37.87,34.934,4.735,105.20299999999999,109.508,65.1,55.1,29.5,100.7,69.1,89.9,98.1,89.7,95.7,92.5,95.6,8.532,5,5,5,104.42399999999999
27.33,8,21.877,38.293,35.218,5.091,105.295,109.417,65.1,55.1,29.5,100.7,69.1,89.9,98.1,89.7,95.7,92.5,95.6,8.088000000000001,5,5,5,104.419
27.35,8,22.045,37.969,34.946,4.6129999999999995,105.295,109.345,65.1,55.1,29.5,100.7,69.1,89.9,98.1,89.7,95.7,92.5,95.6,8.632,5,5,5,104.425
27.37,8,22.021,38.013000000000005,34.983000000000004,4.698,105.227,109.381,65.1,55.1,29.5,100.7,69.1,89.9,98.1,89.7,95.7,92.5,95.6,8.75,5,5,5,104.42200000000001
27.39,8,21.843,37.609,35.07,4.926,105.15700000000001,109.21700000000001,65.1,55.1,29.5,100.7,69.1,89.9,98.1,89.7,95.7,92.5,95.6,8.5,5,5,5,104.42399999999999
27.41,8,21.645,38.385999999999996,35.194,5.105,105.227,109.25399999999999,65.1,55.1,29.5,100.7,69.1,89.9,98.1,89.7,95.7,92.5,95.6,8.523,5,5,5,104.42299999999999
27.43,8,21.750999999999998,38.154,35.165,4.732,105.227,108.99799999999999,65.1,55.1,29.5,100.7,69.1,89.9,98.1,89.7,95.7,92.5,95.6,8.47,5,5,5,104.42399999999999
27.45,8,21.861,37.742,35.081,4.75,105.249,109.10700000000001,65.1,55.1,29.5,100.7,69.1,89.9,98.1,89.7,95.7,92.5,95.6,8.545,5,5,5,104.416
27.47,8,21.602,37.833,35.090999999999994,5.25,105.318,109.30799999999999,65.1,55.1,29.5,100.7,69.1,89.9,98.1,89.7,95.7,92.5,95.6,8.59,5,5,5,104.42200000000001
27.49,8,21.707,37.777,35.167,4.915,105.15700000000001,108.869,65.1,55.1,29.5,100.7,69.1,89.9,98.1,89.7,95.7,92.5,95.6,8.368,5,5,5,104.425
27.51,8,22.22,37.878,35.084,5.084,105.272,109.089,65.1,55.1,29.5,100.7,69.1,89.9,98.1,89.7,95.7,92.5,95.6,8.4,5,5,5,104.42399999999999
27.53,8,21.637,37.639,35.103,5.149,105.18,108.906,65.1,55.1,29.5,100.7,69.1,89.9,98.1,89.7,95.7,92.5,95.6,8.653,5,5,5,104.42399999999999
27.55,8,21.631,37.851,35.018,4.801,105.111,109.016,65.1,55.1,29.5,100.7,69.1,89.9,98.1,89.7,95.7,92.5,95.6,9.021,5,5,5,104.42
27.57,8,21.410999999999998,37.405,35.296,4.828,105.15700000000001,108.851,65.1,55.1,29.5,100.7,69.1,89.9,98.1,89.7,95.7,92.5,95.6,8.399,5,5,5,104.42299999999999
27.59,8,21.743,37.126999999999995,34.873000000000005,4.497,104.973,108.979,65.1,55.1,29.5,100.7,69.1,89.9,98.1,89.7,95.7,92.5,95.6,9.553999999999998,5,5,5,104.425
27.61,8,21.211,37.313,35.126,4.794,104.99600000000001,108.961,65.1,55.1,29.5,100.7,69.1,89.9,98.1,89.7,95.7,92.5,95.6,9.251000000000001,5,5,5,104.42200000000001
27.63,8,21.840999999999998,38.239000000000004,35.147,5.346,105.01899999999999,108.99799999999999,65.1,55.1,29.5,100.7,69.1,89.9,98.1,89.7,95.7,92.5,95.6,9.204,5,5,5,104.419
27.65,8,21.739,37.191,35.186,5.482,105.065,108.979,65.1,55.1,29.5,100.7,69.1,89.9,98.1,89.7,95.7,92.5,95.6,9.864,5,5,5,104.419
27.67,8,21.424,38.043,35.004000000000005,5.258,104.973,108.887,65.1,55.1,29.5,100.7,69.1,89.9,98.1,89.7,95.7,92.5,95.6,8.74,5,5,5,104.426
27.69,8,21.459,37.5,35.124,4.868,105.01899999999999,108.99799999999999,65.1,55.1,29.5,100.7,69.1,89.9,98.1,89.7,95.7,92.5,95.6,9.67,5,5,5,104.417
27.71,8,21.448,37.725,35.054,5.042,105.01899999999999,108.887,65.1,55.1,29.5,100.7,69.1,89.9,98.1,89.7,95.7,92.5,95.6,9.737,5,5,5,104.419
27.73,8,21.292,37.558,34.973,5.201,104.95,108.777,65.1,55.1,29.5,100.7,69.1,89.9,98.1,89.7,95.7,92.5,95.6,9.388,5,5,5,104.42200000000001
27.75,8,21.379,37.683,34.975,4.996,104.973,108.869,65.1,55.1,29.5,100.7,69.1,89.9,98.1,89.7,95.7,92.5,95.6,10.503,5,5,5,104.42200000000001
27.77,8,21.347,37.458,35.155,5.111,105.042,108.759,65.1,55.1,29.5,100.7,69.1,89.9,98.1,89.7,95.7,92.5,95.6,9.832,5,5,5,104.415
27.79,8,21.154,37.621,35.046,5.174,104.95,108.611,65.1,55.1,29.5,100.7,69.1,89.9,98.1,89.7,95.7,92.5,95.6,9.951,5,5,5,104.416
27.81,8,21.282,37.836999999999996,35.015,5.16,104.95,108.62899999999999,65.1,55.1,29.5,100.7,69.1,89.9,98.1,89.7,95.7,92.5,95.6,10.199,5,5,5,104.421
27.83,8,21.271,37.522,35.081999999999994,5.121,104.85700000000001,108.685,65.1,55.1,29.5,100.7,69.1,89.9,98.1,89.7,95.7,92.5,95.6,9.333,5,5,5,104.414
27.85,8,21.473,37.145,34.903999999999996,4.88,104.671,108.759,65.1,55.1,29.5,100.7,69.1,89.9,98.1,89.7,95.7,92.5,95.6,10.707999999999998,5,5,5,104.42
27.87,8,21.237000000000002,37.25,35.010999999999996,5.167,104.741,108.59200000000001,65.1,55.1,29.5,100.7,69.1,89.9,98.1,89.7,95.7,92.5,95.6,9.778,5,5,5,104.419
27.89,8,21.366,36.851,35.045,5.179,104.741,108.611,65.1,55.1,29.5,100.7,69.1,89.9,98.1,89.7,95.7,92.5,95.6,9.913,5,5,5,104.425
27.91,8,21.468,36.931,35.128,5.088,104.647,108.51799999999999,65.1,55.1,29.5,100.7,69.1,89.9,98.1,89.7,95.7,92.5,95.6,10.742,5,5,5,104.426
27.93,8,21.236,37.996,34.941,5.19,104.57700000000001,108.463,65.1,55.1,29.5,100.7,69.1,89.9,98.1,89.7,95.7,92.5,95.6,9.277000000000001,5,5,5,104.428
27.95,8,21.3,37.033,34.927,5.754,104.624,108.40700000000001,65.1,55.1,29.5,100.7,69.1,89.9,98.1,89.7,95.7,92.5,95.6,10.1,5,5,5,104.432
27.97,8,21.025,37.383,34.857,5.788,104.57700000000001,108.48100000000001,65.1,55.1,29.5,100.7,69.1,89.9,98.1,89.7,95.7,92.5,95.6,10.082,5,5,5,104.434
27.99,8,21.149,37.257,34.812,5.516,104.601,108.463,65.1,55.1,29.5,100.7,69.1,89.9,98.1,89.7,95.7,92.5,95.6,9.773,5,5,5,104.42200000000001
28.01,8,20.673000000000002,37.534,35.036,5.726,104.57700000000001,108.296,65.1,55.1,29.5,100.7,69.1,89.9,98.1,89.7,95.7,92.5,95.6,10.745000000000001,5,5,5,104.42200000000001
28.03,8,21.085,37.686,34.925,5.773,104.624,108.333,65.1,55.1,29.5,100.7,69.1,89.9,98.1,89.7,95.7,92.5,95.6,10.05,5,5,5,104.421
28.05,8,20.762,37.494,34.927,5.621,104.53,108.184,65.1,55.1,29.5,100.7,69.1,89.9,98.1,89.7,95.7,92.5,95.6,10.164,5,5,5,104.426
28.07,8,20.740000000000002,37.648,35.009,5.145,104.57700000000001,108.444,65.0,55.1,29.5,100.9,69.3,89.9,98.1,89.7,95.7,92.5,95.6,10.446000000000002,5,5,5,104.421
28.09,8,20.535,37.611999999999995,35.062,5.429,104.57700000000001,108.351,65.0,55.1,29.5,100.9,69.3,89.9,98.1,89.7,95.7,92.5,95.6,9.587,5,5,5,104.426
28.11,8,20.951,37.406,34.97,4.656,104.34299999999999,108.296,65.0,55.1,29.5,100.9,69.3,89.9,98.1,89.7,95.7,92.5,95.6,10.693,5,5,5,104.419
28.13,8,20.597,37.116,34.797,4.642,104.554,108.258,65.0,55.1,29.5,100.9,69.3,89.9,98.1,89.7,95.7,92.5,95.6,10.447,5,5,5,104.42299999999999
28.15,8,20.996,37.31,34.644000000000005,4.763,104.39,108.277,65.0,55.1,29.5,100.9,69.3,89.9,98.1,89.7,95.7,92.5,95.6,10.268,5,5,5,104.42200000000001
28.17,8,20.567,36.486000000000004,35.013000000000005,4.62,104.48299999999999,108.072,65.0,55.1,29.5,100.9,69.3,89.9,98.1,89.7,95.7,92.5,95.6,10.856,5,5,5,104.42
28.19,8,20.947000000000003,36.765,34.861999999999995,4.606,104.24799999999999,108.12799999999999,65.0,55.1,29.5,100.9,69.3,89.9,98.1,89.7,95.7,92.5,95.6,9.722999999999999,5,5,5,104.417
28.21,8,20.834000000000003,37.094,34.734,4.473,104.39,108.20200000000001,65.0,55.1,29.5,100.9,69.3,89.9,98.1,89.7,95.7,92.5,95.6,10.395,5,5,5,104.421
28.23,8,20.692,37.148,35.001,4.683,104.295,108.20200000000001,65.0,55.1,29.5,100.9,69.3,89.9,98.1,89.7,95.7,92.5,95.6,10.424,5,5,5,104.421
28.25,8,20.578,36.313,34.888000000000005,4.864,104.413,108.24,65.0,55.1,29.5,100.9,69.3,89.9,98.1,89.7,95.7,92.5,95.6,10.012,5,5,5,104.42200000000001
28.27,8,20.543,36.229,34.977,4.68,104.46,108.109,65.0,55.1,29.5,100.9,69.3,89.9,98.1,89.7,95.7,92.5,95.6,10.978,5,5,5,104.42299999999999
28.29,8,20.586,36.688,35.102,4.821,104.34299999999999,107.959,65.0,55.1,29.5,100.9,69.3,89.9,98.1,89.7,95.7,92.5,95.6,10.23,5,5,5,104.42
28.31,8,20.887999999999998,36.95,34.93,4.819,104.272,108.146,65.0,55.1,29.5,100.9,69.3,89.9,98.1,89.7,95.7,92.5,95.6,10.309000000000001,5,5,5,104.421
28.33,8,20.583,37.109,34.891999999999996,4.923,104.366,107.959,65.0,55.1,29.5,100.9,69.3,89.9,98.1,89.7,95.7,92.5,95.6,10.718,5,5,5,104.41799999999999
28.35,8,20.683,36.911,34.843,4.9,104.24799999999999,108.09,65.0,55.1,29.5,100.9,69.3,89.9,98.1,89.7,95.7,92.5,95.6,9.729,5,5,5,104.421
28.37,8,20.069000000000003,36.547,34.795,4.793,104.39,108.09,65.0,55.1,29.5,100.9,69.3,89.9,98.1,89.7,95.7,92.5,95.6,10.564,5,5,5,104.419
28.39,8,20.384,36.804,34.965,5.124,104.319,108.296,65.0,55.1,29.5,100.9,69.3,89.9,98.1,89.7,95.7,92.5,95.6,10.109,5,5,5,104.42200000000001
28.41,8,19.695,36.427,35.153000000000006,5.23,104.24799999999999,108.20200000000001,65.0,55.1,29.5,100.9,69.3,89.9,98.1,89.7,95.7,92.5,95.6,10.157,5,5,5,104.427
28.43,8,20.732,36.061,34.826,4.78,104.24799999999999,107.99700000000001,65.0,55.1,29.5,100.9,69.3,89.9,98.1,89.7,95.7,92.5,95.6,10.838999999999999,5,5,5,104.427
28.45,8,20.154000000000003,36.744,34.614999999999995,5.1,104.272,108.016,65.0,55.1,29.5,100.9,69.3,89.9,98.1,89.7,95.7,92.5,95.6,9.579,5,5,5,104.43
28.47,8,20.322000000000003,36.869,34.765,5.395,104.035,107.959,65.0,55.1,29.5,100.9,69.3,89.9,98.1,89.7,95.7,92.5,95.6,10.395,5,5,5,104.43
28.49,8,20.094,36.855999999999995,35.122,4.731,104.083,107.978,65.0,55.1,29.5,100.9,69.3,89.9,98.1,89.7,95.7,92.5,95.6,10.259,5,5,5,104.426
28.51,8,20.398,36.726,34.84,4.814,104.20100000000001,107.84700000000001,65.0,55.1,29.5,100.9,69.3,89.9,98.1,89.7,95.7,92.5,95.6,10.01,5,5,5,104.43
28.53,8,20.04,36.638999999999996,35.066,5.27,104.178,107.959,65.0,55.1,29.5,100.9,69.3,89.9,98.1,89.7,95.7,92.5,95.6,10.951,5,5,5,104.428
28.55,8,20.146,35.948,34.896,5.318,104.059,107.772,65.0,55.1,29.5,100.9,69.3,89.9,98.1,89.7,95.7,92.5,95.6,10.934999999999999,5,5,5,104.428
28.57,8,19.867,36.003,35.046,4.836,103.94,107.809,65.0,55.1,29.5,100.9,69.3,89.9,98.1,89.7,95.7,92.5,95.6,10.963999999999999,5,5,5,104.427
28.59,8,19.676,36.173,34.760000000000005,4.986,104.012,107.809,65.0,55.1,29.5,100.9,69.3,89.9,98.1,89.7,95.7,92.5,95.6,12.17,5,5,5,104.427
28.61,8,19.759,36.351,34.864999999999995,5.503,104.035,107.75299999999999,65.0,55.1,29.5,100.9,69.3,89.9,98.1,89.7,95.7,92.5,95.6,11.341000000000001,5,5,5,104.428
28.63,8,19.880000000000003,36.1,35.031,5.12,104.154,107.75299999999999,65.0,55.1,29.5,100.9,69.3,89.9,98.1,89.7,95.7,92.5,95.6,12.273,5,5,5,104.426
28.65,8,19.987000000000002,36.306,34.773,4.898,103.845,107.75299999999999,65.0,55.1,29.5,100.9,69.3,89.9,98.1,89.7,95.7,92.5,95.6,12.373999999999999,5,5,5,104.43299999999999
28.67,8,19.856,36.738,34.861999999999995,5.498,103.869,107.64,65.0,55.1,29.5,100.9,69.3,89.9,98.1,89.7,95.7,92.5,95.6,11.639,5,5,5,104.43299999999999
28.69,8,20.076,36.31,34.792,5.064,103.988,107.734,65.0,55.1,29.5,100.9,69.3,89.9,98.1,89.7,95.7,92.5,95.6,13.052,5,5,5,104.428
28.71,8,20.161,35.839,34.939,5.065,103.964,107.75299999999999,65.0,55.1,29.5,100.9,69.3,89.9,98.1,89.7,95.7,92.5,95.6,12.437999999999999,5,5,5,104.429
28.73,8,20.149,36.144999999999996,34.788,5.586,103.988,107.62100000000001,65.0,55.1,29.5,100.9,69.3,89.9,98.1,89.7,95.7,92.5,95.6,12.889,5,5,5,104.435
28.75,8,19.774,36.06,34.929,4.903,103.821,107.715,65.0,55.1,29.5,100.9,69.3,89.9,98.1,89.7,95.7,92.5,95.6,13.493,5,5,5,104.42399999999999
28.77,8,19.768,35.997,34.739000000000004,5.097,103.774,107.715,65.0,55.1,29.5,100.9,69.3,89.9,98.1,89.7,95.7,92.5,95.6,12.3,5,5,5,104.428
28.79,8,19.86,36.385999999999996,34.956999999999994,5.05,103.774,107.696,65.0,55.1,29.5,100.9,69.3,89.9,98.1,89.7,95.7,92.5,95.6,13.7,5,5,5,104.427
28.81,8,19.884,36.18,34.726,5.298,103.89299999999999,107.75299999999999,65.0,55.1,29.5,100.9,69.3,89.9,98.1,89.7,95.7,92.5,95.6,13.064,5,5,5,104.427
28.83,8,19.322000000000003,36.405,35.012,5.188,103.726,107.75299999999999,65.0,55.1,29.5,100.9,69.3,89.9,98.1,89.7,95.7,92.5,95.6,12.733,5,5,5,104.427
28.85,8,19.894,35.629999999999995,34.494,4.572,103.79799999999999,107.734,65.0,55.1,29.5,100.9,69.3,89.9,98.1,89.7,95.7,92.5,95.6,14.25,5,5,5,104.427
28.87,8,19.988,35.876,34.863,4.857,103.89299999999999,107.696,65.0,55.1,29.5,100.9,69.3,89.9,98.1,89.7,95.7,92.5,95.6,13.055,5,5,5,104.425
28.89,8,19.784,35.986000000000004,34.704,5.066,103.75,107.583,65.0,55.1,29.5,100.9,69.3,89.9,98.1,89.7,95.7,92.5,95.6,13.76,5,5,5,104.42299999999999
28.91,8,19.874000000000002,35.226,34.913,4.729,103.60600000000001,107.431,65.0,55.1,29.5,100.9,69.3,89.9,98.1,89.7,95.7,92.5,95.6,14.096,5,5,5,104.42200000000001
28.93,8,19.645,36.129000000000005,34.718,4.768,103.79799999999999,107.374,65.0,55.1,29.5,100.9,69.3,89.9,98.1,89.7,95.7,92.5,95.6,12.875,5,5,5,104.42299999999999
28.95,8,19.228,35.705,34.833,4.744,103.79799999999999,107.583,65.0,55.1,29.5,100.9,69.3,89.9,98.1,89.7,95.7,92.5,95.6,14.079,5,5,5,104.429
28.97,8,19.543,35.789,34.946,4.521,103.821,107.488,65.0,55.1,29.5,100.9,69.3,89.9,98.1,89.7,95.7,92.5,95.6,13.558,5,5,5,104.431
28.99,8,19.911,36.172,35.001,4.49,103.63,107.279,65.0,55.1,29.5,100.9,69.3,89.9,98.1,89.7,95.7,92.5,95.6,13.454,5,5,5,104.427
29.01,8,19.752000000000002,35.516999999999996,34.596000000000004,4.471,103.58200000000001,107.39299999999999,65.0,55.1,29.5,100.9,69.3,89.9,98.1,89.7,95.7,92.5,95.6,14.396,5,5,5,104.43
29.03,8,20.039,35.858000000000004,34.917,4.669,103.462,107.39299999999999,65.0,55.1,29.5,100.9,69.3,89.9,98.1,89.7,95.7,92.5,95.6,13.128,5,5,5,104.42399999999999
29.05,8,19.683,35.993,34.684,4.931,103.55799999999999,107.241,65.0,55.1,29.5,100.9,69.3,89.9,98.1,89.7,95.7,92.5,95.6,14.09,5,5,5,104.426
29.07,8,19.719,35.741,35.004999999999995,4.74,103.53399999999999,107.45,65.0,55.1,29.5,100.9,69.3,89.9,98.1,89.7,95.7,92.5,95.6,13.801,5,5,5,104.42399999999999
29.09,8,19.367,36.033,34.869,4.7219999999999995,103.414,107.374,65.0,55.1,29.5,100.9,69.3,89.9,98.1,89.7,95.7,92.5,95.6,13.079,5,5,5,104.427
29.11,8,19.654000000000003,36.271,34.787,4.772,103.53399999999999,107.374,65.0,55.1,29.5,100.9,69.3,89.9,98.1,89.7,95.7,92.5,95.6,14.336,5,5,5,104.427
29.13,8,19.605,35.311,34.626,4.506,103.29299999999999,107.336,65.0,55.1,29.5,100.9,69.3,89.9,98.1,89.7,95.7,92.5,95.6,13.593,5,5,5,104.42299999999999
29.15,8,19.048000000000002,35.827,35.113,5.037,103.245,107.374,65.0,55.1,29.5,100.9,69.3,89.9,98.1,89.7,95.7,92.5,95.6,14.027000000000001,5,5,5,104.429
29.17,8,19.491,35.441,34.687,4.685,103.53399999999999,107.279,65.0,55.1,29.5,100.9,69.3,89.9,98.1,89.7,95.7,92.5,95.6,14.488999999999999,5,5,5,104.426
29.19,8,19.603,36.051,34.56,4.831,103.53399999999999,107.374,65.0,55.1,29.5,100.9,69.3,89.9,98.1,89.7,95.7,92.5,95.6,13.172,5,5,5,104.43
29.21,8,19.217,35.263000000000005,34.717,4.889,103.486,107.45,65.0,55.1,29.5,100.9,69.3,89.9,98.1,89.7,95.7,92.5,95.6,14.435,5,5,5,104.42299999999999
29.23,8,19.392000000000003,35.893,34.629999999999995,4.907,103.43799999999999,107.39299999999999,65.0,55.1,29.5,100.9,69.3,89.9,98.1,89.7,95.7,92.5,95.6,13.751,5,5,5,104.427
29.25,8,18.694000000000003,34.995000000000005,34.715,4.91,103.486,107.279,65.0,55.1,29.5,100.9,69.3,89.9,98.1,89.7,95.7,92.5,95.6,13.371,5,5,5,104.428
29.27,8,19.116,35.679,34.946,4.883,103.486,107.45,65.0,55.1,29.5,100.9,69.3,89.9,98.1,89.7,95.7,92.5,95.6,14.333,5,5,5,104.431
29.29,8,19.155,35.281,34.601,4.847,103.366,107.22200000000001,65.0,55.1,29.5,100.9,69.3,89.9,98.1,89.7,95.7,92.5,95.6,13.472999999999999,5,5,5,104.426
29.31,8,19.581,35.257,34.643,4.945,103.43799999999999,107.184,65.0,55.1,29.5,100.9,69.3,89.9,98.1,89.7,95.7,92.5,95.6,14.012,5,5,5,104.429
29.33,8,18.863,35.288,34.604,5.287,103.29299999999999,107.184,65.0,55.1,29.5,100.9,69.3,89.9,98.1,89.7,95.7,92.5,95.6,14.043,5,5,5,104.42399999999999
29.35,8,18.922,35.449,35.013999999999996,5.563,103.414,107.241,65.0,55.1,29.5,100.9,69.3,89.9,98.1,89.7,95.7,92.5,95.6,12.933,5,5,5,104.426
29.37,8,19.039,35.675,34.669,5.292,103.31700000000001,107.146,65.0,55.1,29.5,100.9,69.3,89.9,98.1,89.7,95.7,92.5,95.6,14.299,5,5,5,104.428
29.39,8,18.834000000000003,35.866,34.78,5.025,103.43799999999999,107.241,65.0,55.1,29.5,100.9,69.3,89.9,98.1,89.7,95.7,92.5,95.6,13.519,5,5,5,104.426
29.41,8,19.169,35.22,34.562,5.62,103.148,107.146,65.0,55.1,29.5,100.9,69.3,89.9,98.1,89.7,95.7,92.5,95.6,13.677999999999999,5,5,5,104.427
29.43,8,19.575,35.361999999999995,34.769999999999996,4.993,103.02600000000001,107.05,65.0,55.1,29.5,100.9,69.3,89.9,98.1,89.7,95.7,92.5,95.6,14.417,5,5,5,104.426
29.45,8,19.266,35.131,34.754999999999995,5.209,103.29299999999999,107.12700000000001,65.0,55.1,29.5,100.9,69.3,89.9,98.1,89.7,95.7,92.5,95.6,13.237,5,5,5,104.426
29.47,8,19.14,35.81,34.753,5.383,103.39,107.336,65.0,55.1,29.5,100.9,69.3,89.9,98.1,89.7,95.7,92.5,95.6,14.035,5,5,5,104.42299999999999
29.49,8,18.685000000000002,35.364000000000004,34.956,5.324,103.29299999999999,107.26,65.0,55.1,29.5,100.9,69.3,89.9,98.1,89.7,95.7,92.5,95.6,13.838,5,5,5,104.42399999999999
29.51,8,19.286,35.455,34.671,5.078,103.196,107.10799999999999,65.0,55.1,29.5,100.9,69.3,89.9,98.1,89.7,95.7,92.5,95.6,14.118,5,5,5,104.427
29.53,8,18.871,35.638999999999996,34.624,5.075,102.977,107.20299999999999,65.0,55.1,29.5,100.9,69.3,89.9,98.1,89.7,95.7,92.5,95.6,13.835,5,5,5,104.432
29.55,8,19.192999999999998,35.677,34.806,5.34,103.196,106.993,65.0,55.1,29.5,100.9,69.3,89.9,98.1,89.7,95.7,92.5,95.6,13.852,5,5,5,104.427
29.57,8,19.122,35.439,34.756,5.31,103.31700000000001,107.05,65.0,55.1,29.5,100.9,69.3,89.9,98.1,89.7,95.7,92.5,95.6,14.839,5,5,5,104.429
29.59,8,19.430999999999997,35.368,34.563,4.646,103.05,106.97399999999999,65.0,55.1,29.5,100.9,69.3,89.9,98.1,89.7,95.7,92.5,95.6,15.534,5,5,5,104.429
29.61,8,18.602,34.994,34.548,5.323,103.148,106.97399999999999,65.0,55.1,29.5,100.9,69.3,89.9,98.1,89.7,95.7,92.5,95.6,15.897,5,5,5,104.427
29.63,8,18.714,35.06699999999999,34.766,5.21,103.09899999999999,107.031,65.0,55.1,29.5,100.9,69.3,89.9,98.1,89.7,95.7,92.5,95.6,15.144,5,5,5,104.436
29.65,8,18.723,35.187,34.482,4.767,103.22,106.916,65.0,55.1,29.5,100.9,69.3,89.9,98.1,89.7,95.7,92.5,95.6,14.953,5,5,5,104.43299999999999
29.67,8,19.02,35.1,34.548,5.208,103.245,106.531,65.0,55.1,29.5,100.9,69.3,89.9,98.1,89.7,95.7,92.5,95.6,15.08,5,5,5,104.431
29.69,8,18.98,35.373000000000005,34.486000000000004,4.957,103.17200000000001,106.935,65.0,55.1,29.5,100.9,69.3,89.9,98.1,89.7,95.7,92.5,95.6,16.051,5,5,5,104.431
29.71,8,18.813,34.599000000000004,34.677,4.872,103.29299999999999,106.859,65.0,55.1,29.5,100.9,69.3,89.9,98.1,89.7,95.7,92.5,95.6,16.467,5,5,5,104.432
29.73,8,18.631999999999998,34.955,34.29,4.992,103.00200000000001,106.666,65.0,55.1,29.5,100.9,69.3,89.9,98.1,89.7,95.7,92.5,95.6,16.546,5,5,5,104.43299999999999
29.75,8,19.528,35.044,34.412,4.898,103.02600000000001,106.762,65.0,55.1,29.5,100.9,69.3,89.9,98.1,89.7,95.7,92.5,95.6,15.789000000000001,5,5,5,104.42399999999999
29.77,8,18.43,35.159000000000006,34.674,5.175,103.12299999999999,106.916,65.0,55.1,29.5,100.9,69.3,89.9,98.1,89.7,95.7,92.5,95.6,15.556,5,5,5,104.43299999999999
29.79,8,19.324,34.844,34.618,5.072,103.09899999999999,106.72399999999999,65.0,55.1,29.5,100.9,69.3,89.85,98.1,89.7,95.7,92.5,95.6,16.028,5,5,5,104.429
29.81,8,18.279000000000003,34.284000000000006,34.744,5.004,103.075,106.589,65.0,55.1,29.5,100.9,69.3,89.78399999999999,98.1,89.7,95.7,92.5,95.6,16.832,5,5,5,104.43
29.83,8,18.391,35.283,34.605000000000004,5.476,103.09899999999999,106.839,65.0,55.1,29.5,100.9,69.3,89.747,98.1,89.7,95.7,92.5,95.6,17.089,5,5,5,104.429
29.85,8,18.64,34.644000000000005,34.548,4.986,103.02600000000001,106.801,65.0,55.1,29.5,100.9,69.3,89.727,98.1,89.7,95.7,92.5,95.6,16.831,5,5,5,104.429
29.87,8,18.555999999999997,34.971000000000004,34.655,5.384,103.148,106.801,65.0,55.1,29.5,100.9,69.3,89.715,98.1,89.7,95.7,92.5,95.6,16.124000000000002,5,5,5,104.426
29.89,8,18.492,34.449,34.451,4.928,102.88,106.685,65.0,55.1,29.5,100.9,69.3,89.708,98.1,89.7,95.7,92.5,95.6,15.923,5,5,5,104.429
29.91,8,18.241,34.67,34.719,4.661,102.977,106.897,65.0,55.1,29.5,100.9,69.3,89.705,98.1,89.7,95.7,92.5,95.6,16.625,5,5,5,104.428
29.93,8,18.429000000000002,34.855999999999995,34.584,5.052,102.929,106.762,65.0,55.1,29.5,100.9,69.3,89.703,98.1,89.7,95.7,92.5,95.6,17.195,5,5,5,104.432
29.95,8,18.172,35.164,34.775,4.93,102.929,106.897,65.0,55.1,29.5,100.9,69.3,89.70100000000001,98.1,89.7,95.7,92.5,95.6,17.365000000000002,5,5,5,104.43299999999999
29.97,8,17.593,34.878,34.635000000000005,4.623,102.73299999999999,106.743,65.0,55.1,29.5,100.9,69.3,89.70100000000001,98.1,89.7,95.7,92.5,95.6,16.786,5,5,5,104.429
29.99,8,18.929000000000002,34.831,34.536,4.78,102.68299999999999,106.55,65.0,55.1,29.5,100.9,69.3,89.7,98.1,89.7,95.7,92.5,95.6,16.314999999999998,5,5,5,104.417
30.01,8,18.287,34.094,34.407,4.817,102.73299999999999,106.78200000000001,65.0,55.1,29.5,100.9,69.3,89.7,98.1,89.7,95.7,92.5,95.6,16.069000000000003,5,5,5,104.421
30.03,8,18.197000000000003,34.977,34.501,4.381,102.855,106.589,65.0,55.1,29.5,100.9,69.3,89.7,98.1,89.7,95.7,92.5,95.6,17.282,5,5,5,104.414
30.05,8,18.122,34.95,34.55800000000001,4.579,102.68299999999999,106.705,65.0,55.1,29.5,100.9,69.3,89.7,98.1,89.7,95.7,92.5,95.6,17.285,5,5,5,104.421
30.07,8,18.744999999999997,35.102,34.574,4.681,102.806,106.62700000000001,65.0,55.0,29.4,101.0,69.5,89.7,98.1,89.7,95.7,92.5,95.6,17.329,5,5,5,104.419
30.09,8,18.03,34.522,34.399,4.795,102.929,106.589,65.0,55.0,29.4,101.0,69.5,89.7,98.1,89.7,95.7,92.5,95.6,16.527,5,5,5,104.416
30.11,8,18.302,34.687,34.728,4.979,102.78200000000001,106.647,65.0,55.0,29.4,101.0,69.5,89.7,98.1,89.7,95.7,92.5,95.6,16.22,5,5,5,104.421
30.13,8,18.311,34.138000000000005,34.316,4.976,102.634,106.705,65.0,55.0,29.4,101.0,69.5,89.7,98.1,89.7,95.7,92.5,95.6,16.192999999999998,5,5,5,104.412
30.15,8,18.2,35.016999999999996,34.605999999999995,5.6690000000000005,102.806,106.45299999999999,65.0,55.0,29.4,101.0,69.5,89.7,98.1,89.7,95.7,92.5,95.6,17.278,5,5,5,104.41799999999999
30.17,8,17.731,34.71,34.303,5.006,102.65899999999999,106.395,65.0,55.0,29.4,101.0,69.5,89.7,98.1,89.7,95.7,92.5,95.6,17.314999999999998,5,5,5,104.42
30.19,8,17.994,35.024,34.649,4.949,102.462,106.31700000000001,65.0,55.0,29.4,101.0,69.5,89.7,98.1,89.7,95.7,92.5,95.6,17.215,5,5,5,104.414
30.21,8,17.924,34.103,34.75,5.462,102.708,106.395,65.0,55.0,29.4,101.0,69.5,89.7,98.1,89.7,95.7,92.5,95.6,16.554000000000002,5,5,5,104.419
30.23,8,17.863,34.378,34.811,5.14,102.56,106.376,65.0,55.0,29.4,101.0,69.5,89.7,98.1,89.7,95.7,92.5,95.6,16.214,5,5,5,104.417
30.25,8,17.668,34.447,34.587,5.122,102.56,106.22,65.0,55.0,29.4,101.0,69.5,89.7,98.1,89.7,95.7,92.5,95.6,16.737000000000002,5,5,5,104.42
30.27,8,17.862000000000002,34.704,34.568,4.844,102.387,106.35600000000001,65.0,55.0,29.4,101.0,69.5,89.7,98.1,89.7,95.7,92.5,95.6,17.406,5,5,5,104.41799999999999
30.29,8,18.242,34.257,34.534000000000006,5.01,102.387,106.23899999999999,65.0,55.0,29.4,101.0,69.5,89.7,98.1,89.7,95.7,92.5,95.6,17.502000000000002,5,5,5,104.414
30.31,8,17.897,34.802,34.55,5.12,102.536,106.181,65.0,55.0,29.4,101.0,69.5,89.7,98.05,89.656,95.7,92.5,95.6,16.982,5,5,5,104.42200000000001
30.33,8,18.017000000000003,34.092,34.301,5.187,102.363,106.29799999999999,65.0,55.0,29.4,101.0,69.5,89.7,97.984,89.632,95.7,92.5,95.6,16.489,5,5,5,104.416
30.35,8,17.91,34.439,34.522,5.185,102.387,106.376,65.0,55.0,29.4,101.0,69.5,89.7,97.947,89.618,95.7,92.5,95.575,16.185000000000002,5,5,5,104.41799999999999
30.37,8,17.968,34.1,34.525,5.052,102.412,106.414,65.0,55.0,29.4,101.0,69.5,89.7,97.927,89.61,95.7,92.5,95.498,16.942,5,5,5,104.419
30.39,8,17.887999999999998,34.394999999999996,34.932,5.2780000000000005,102.31299999999999,106.12200000000001,65.0,55.0,29.4,101.0,69.5,89.7,97.915,89.60600000000001,95.7,92.5,95.455,17.563,5,5,5,104.421
30.41,8,17.849,34.539,34.596000000000004,4.655,102.213,106.181,65.0,55.0,29.4,101.0,69.5,89.7,97.90799999999999,89.60300000000001,95.7,92.5,95.431,17.631999999999998,5,5,5,104.419
30.43,8,17.664,34.217,34.783,4.942,102.238,106.044,65.0,55.0,29.4,101.0,69.5,89.7,97.905,89.602,95.7,92.5,95.418,16.699,5,5,5,104.427
30.45,8,17.993000000000002,34.046,34.426,4.812,102.31299999999999,106.044,65.0,55.0,29.4,101.0,69.5,89.7,97.90299999999999,89.601,95.7,92.5,95.41,16.391,5,5,5,104.429
30.47,8,17.805,34.032,34.574,4.912,102.51100000000001,106.23899999999999,65.0,55.0,29.4,101.0,69.5,89.7,97.902,89.601,95.7,92.5,95.406,16.290999999999997,5,5,5,104.426
30.49,8,17.741,33.949,34.5,5.29,102.26299999999999,106.005,65.0,55.0,29.4,101.0,69.5,89.7,97.90100000000001,89.6,95.7,92.5,95.403,17.16,5,5,5,104.42399999999999
30.51,8,17.787,33.437,34.577,5.254,102.31299999999999,106.161,65.0,55.0,29.4,101.0,69.5,89.7,97.9,89.6,95.7,92.5,95.402,17.46,5,5,5,104.427
30.53,8,17.648,34.085,34.429,5.429,102.11399999999999,105.946,65.0,55.0,29.4,101.0,69.5,89.7,97.9,89.6,95.7,92.5,95.40100000000001,17.343,5,5,5,104.427
30.55,8,17.720999999999997,33.934,34.673,4.952,102.462,106.12200000000001,65.0,55.0,29.4,101.0,69.5,89.7,97.9,89.6,95.7,92.5,95.40100000000001,16.75,5,5,5,104.427
30.57,8,17.258,34.549,34.363,4.999,102.43700000000001,106.083,65.0,55.0,29.4,101.0,69.5,89.7,97.9,89.6,95.7,92.5,95.4,16.384,5,5,5,104.428
30.59,8,17.625,33.751,34.705,5.384,102.11399999999999,105.985,65.0,55.0,29.4,101.0,69.5,89.7,97.9,89.6,95.7,92.5,95.4,16.439999999999998,5,5,5,104.427
30.61,8,17.075,33.855999999999995,34.774,5.229,102.412,106.005,65.0,55.0,29.4,101.0,69.5,89.7,97.9,89.6,95.7,92.5,95.4,17.302999999999997,5,5,5,104.429
30.63,8,17.482999999999997,34.524,34.641,5.138,102.26299999999999,106.161,65.0,55.0,29.4,101.0,69.5,89.7,97.9,89.6,95.7,92.5,95.4,17.707,5,5,5,104.43
30.65,8,17.753,34.177,34.577,4.689,102.363,106.259,65.0,55.0,29.4,101.0,69.5,89.7,97.9,89.6,95.7,92.5,95.4,17.668,5,5,5,104.43299999999999
30.67,8,17.612000000000002,34.043000000000006,34.744,5.249,102.31299999999999,106.044,65.0,55.0,29.4,101.0,69.5,89.7,97.9,89.6,95.7,92.5,95.4,16.864,5,5,5,104.43299999999999
30.69,8,17.189999999999998,33.840999999999994,34.61,5.417,102.238,105.75,65.0,55.0,29.4,101.0,69.5,89.7,97.9,89.6,95.7,92.5,95.4,16.439,5,5,5,104.434
30.71,8,17.258,33.95,34.705,5.011,102.26299999999999,105.927,65.0,55.0,29.4,101.0,69.5,89.7,97.9,89.6,95.7,92.5,95.4,16.427,5,5,5,104.428
30.73,8,17.299,33.535,34.605999999999995,4.602,102.189,105.927,65.0,55.0,29.4,101.0,69.5,89.7,97.9,89.6,95.7,92.5,95.4,17.449,5,5,5,104.425
30.75,8,17.208,33.798,34.747,5.215,102.363,106.044,65.0,55.0,29.4,101.0,69.5,89.7,97.9,89.6,95.7,92.5,95.4,17.505000000000003,5,5,5,104.432
30.77,8,17.582,33.861000000000004,34.428,5.657,102.238,106.044,65.0,55.0,29.4,101.0,69.5,89.7,97.9,89.6,95.7,92.5,95.4,17.617,5,5,5,104.427
30.79,8,17.214,34.06699999999999,34.624,4.86,102.288,105.927,65.0,55.0,29.4,101.0,69.5,89.7,97.9,89.6,95.7,92.5,95.4,17.105,5,5,5,104.429
30.81,8,16.851,33.337,34.43,5.12,102.139,105.96600000000001,65.0,55.0,29.4,101.0,69.5,89.7,97.9,89.6,95.7,92.5,95.4,16.677,5,5,5,104.432
30.83,8,17.529000000000003,34.104,34.260999999999996,5.162,102.338,105.927,65.0,55.0,29.4,101.0,69.5,89.7,97.9,89.6,95.7,92.5,95.4,16.485999999999997,5,5,5,104.428
30.85,8,17.184,33.278000000000006,34.467,4.817,102.213,105.946,65.0,55.0,29.4,101.0,69.5,89.7,97.9,89.6,95.631,92.5,95.4,17.165999999999997,5,5,5,104.427
30.87,8,17.250999999999998,33.965,34.58,4.646,102.26299999999999,106.14200000000001,65.0,55.0,29.4,101.0,69.5,89.7,97.9,89.6,95.574,92.5,95.4,17.735,5,5,5,104.426
30.89,8,17.564999999999998,33.329,34.306,5.284,102.26299999999999,106.044,65.0,55.0,29.4,101.0,69.5,89.7,97.9,89.6,95.542,92.5,95.4,17.645,5,5,5,104.432
30.91,8,16.782,34.099000000000004,34.805,4.968,102.189,105.887,65.0,55.0,29.4,101.0,69.5,89.7,97.9,89.6,95.523,92.5,95.4,17.229,5,5,5,104.432
30.93,8,16.984,33.617,34.655,4.758,102.11399999999999,105.76899999999999,65.0,55.0,29.4,101.0,69.5,89.7,97.9,89.6,95.513,92.5,95.4,16.735999999999997,5,5,5,104.427
30.95,8,17.226,34.089,34.485,4.891,102.189,105.887,65.0,55.0,29.4,101.0,69.5,89.7,97.9,89.6,95.507,92.5,95.4,16.506,5,5,5,104.421
30.97,8,16.349,33.585,34.545,4.97,102.189,105.73,65.0,55.0,29.4,101.0,69.5,89.7,97.9,89.6,95.50399999999999,92.5,95.4,17.173000000000002,5,5,5,104.427
30.99,8,17.339,33.72,34.376,4.897,102.164,105.75,65.0,55.0,29.4,101.0,69.5,89.7,97.9,89.6,95.502,92.5,95.4,17.66,5,5,5,104.425
31.01,8,17.136,33.422,34.400999999999996,4.555,102.26299999999999,105.82799999999999,65.0,55.0,29.4,101.0,69.5,89.7,97.9,89.6,95.501,92.5,95.4,17.725,5,5,5,104.425
31.03,8,16.930999999999997,33.714,34.641999999999996,4.765,101.98899999999999,105.848,65.0,55.0,29.4,101.0,69.5,89.7,97.9,89.6,95.501,92.5,95.4,17.360999999999997,5,5,5,104.42399999999999
31.05,8,17.247,33.236999999999995,34.324,4.777,101.964,105.887,65.0,55.0,29.4,101.0,69.5,89.7,97.9,89.6,95.5,92.5,95.4,16.651,5,5,5,104.429
31.07,8,17.217,33.503,34.510999999999996,4.767,101.964,105.73,65.0,55.0,29.4,101.0,69.5,89.7,97.9,89.6,95.5,92.5,95.4,16.41,5,5,5,104.425
31.09,8,16.915999999999997,33.098,34.641,4.977,102.139,105.809,65.0,55.0,29.4,101.0,69.5,89.7,97.9,89.6,95.5,92.5,95.4,16.968,5,5,5,104.426
31.11,8,16.384,33.81699999999999,34.744,4.877,102.164,105.90700000000001,65.0,55.0,29.4,101.0,69.5,89.7,97.9,89.6,95.5,92.41199999999999,95.4,17.567999999999998,5,5,5,104.425
31.13,8,17.011,33.155,34.375,4.946,101.98899999999999,105.671,65.0,55.0,29.4,101.0,69.5,89.7,97.9,89.6,95.5,92.363,95.4,17.619,5,5,5,104.42299999999999
31.15,8,17.274,33.391,34.536,5.022,101.939,106.025,65.0,55.0,29.4,101.0,69.5,89.7,97.9,89.6,95.5,92.336,95.4,17.555,5,5,5,104.429
31.17,8,16.914,33.649,34.454,4.656,101.913,105.71,65.0,55.0,29.4,101.0,69.5,89.7,97.9,89.6,95.5,92.32,95.4,16.829,5,5,5,104.426
31.19,8,17.040999999999997,33.034000000000006,34.620000000000005,4.884,101.913,105.90700000000001,65.0,55.0,29.4,101.0,69.5,89.7,97.9,89.6,95.5,92.311,95.4,16.455,5,5,5,104.43
31.21,8,16.891,33.257,34.513000000000005,5.309,102.014,105.671,65.0,55.0,29.4,101.0,69.5,89.7,97.9,89.6,95.5,92.306,95.4,16.968,5,5,5,104.429
31.23,8,17.239,33.646,34.364999999999995,4.64,102.064,105.512,65.0,55.0,29.4,101.0,69.5,89.7,97.9,89.6,95.5,92.304,95.4,17.735999999999997,5,5,5,104.43
31.25,8,16.562,33.861999999999995,34.554,4.561,101.939,105.611,65.0,55.0,29.4,101.0,69.5,89.7,97.9,89.6,95.5,92.30199999999999,95.4,17.775,5,5,5,104.429
31.27,8,17.048000000000002,33.124,34.398,5.091,101.838,105.76899999999999,65.0,55.0,29.4,101.0,69.5,89.7,97.9,89.6,95.5,92.301,95.4,17.64,5,5,5,104.428
31.29,8,16.551,33.230000000000004,34.361000000000004,4.614,101.88799999999999,105.552,65.0,55.0,29.4,101.0,69.5,89.7,97.9,89.6,95.5,92.301,95.4,16.874000000000002,5,5,5,104.43
31.31,8,17.289,32.784000000000006,34.35,4.2,101.98899999999999,105.671,65.0,55.0,29.4,101.0,69.5,89.7,97.9,89.6,95.5,92.3,95.4,16.609,5,5,5,104.425
31.36,18,17.288,32.702,34.359,4.118,101.939,105.671,65.0,55.0,29.4,101.0,69.5,89.7,97.9,89.6,95.5,92.3,95.4,16.777,5,5,5,104.42399999999999
31.41,18,16.648,33.367,34.594,4.484,101.863,105.512,65.0,55.0,29.4,101.0,69.5,89.7,97.9,89.6,95.5,92.3,95.4,16.805999999999997,5,5,5,104.42
31.46,18,16.561,32.797,34.528999999999996,4.715,101.611,105.43299999999999,65.0,55.0,29.4,101.0,69.5,89.7,97.9,89.6,95.5,92.3,95.4,17.146,5,5,5,104.429
31.51,18,16.767000000000003,33.495000000000005,34.282,4.815,101.88799999999999,105.45299999999999,65.0,55.0,29.4,101.0,69.5,89.7,97.9,89.6,95.5,92.3,95.4,17.572000000000003,5,5,5,104.42200000000001
31.56,18,16.462,33.367,34.331,4.928,101.88799999999999,105.71,65.0,55.0,29.4,101.0,69.5,89.7,97.9,89.6,95.5,92.3,95.4,17.048000000000002,5,5,5,104.432
31.61,18,17.073,32.393,34.129000000000005,32.799,101.788,105.552,65.0,55.0,29.4,101.0,69.5,89.7,97.9,89.6,95.5,92.3,95.4,14.95,5,5,5,104.429
31.66,18,17.207,32.698,34.227,50.123999999999995,101.712,105.413,65.0,55.0,29.4,101.0,69.5,89.7,97.9,89.6,95.5,92.3,95.4,14.753,5,5,5,104.43299999999999
31.71,18,16.639000000000003,32.493,34.340999999999994,59.248000000000005,101.81299999999999,105.413,65.0,55.0,29.4,101.0,69.5,89.7,97.9,89.6,95.5,92.3,95.4,15.011000000000001,5,5,5,104.428
31.76,18,16.286,32.997,33.405,81.695,101.484,105.552,65.0,55.0,29.4,101.0,69.5,89.7,97.9,89.6,95.5,92.3,95.4,13.749,5,5,5,104.425
31.81,18,16.957,33.157,32.834,102.31299999999999,101.63600000000001,105.473,65.0,55.0,29.4,101.0,69.5,89.7,97.9,89.6,95.5,92.3,95.4,13.318999999999999,5,5,5,104.427
31.86,18,16.387,33.072,33.041,122.615,101.863,105.294,65.0,55.0,29.4,101.0,69.5,89.7,97.9,89.6,95.5,92.3,95.4,15.102,5,5,5,104.43
31.91,18,16.298000000000002,33.103,32.96,139.532,101.73700000000001,105.234,65.0,55.0,29.4,101.0,69.5,89.7,97.9,89.6,95.5,92.3,95.4,14.068,5,5,5,104.427
31.96,18,16.136,33.05800000000001,32.918000000000006,154.347,101.68700000000001,105.134,65.0,55.0,29.4,101.0,69.5,89.7,97.9,89.6,95.5,92.3,95.4,13.064,5,5,5,104.432
32.01,18,16.034,33.120999999999995,33.114999999999995,165.328,101.40799999999999,105.054,65.0,55.0,29.4,101.0,69.5,89.7,97.9,89.6,95.5,92.3,95.4,14.005,5,5,5,104.429
32.06,18,16.175,32.516999999999996,32.785,174.261,101.459,104.934,65.0,55.0,29.4,101.0,69.5,89.7,97.9,89.6,95.5,92.3,95.4,13.162,5,5,5,104.41799999999999
32.11,18,16.695999999999998,32.744,32.689,179.699,101.43299999999999,105.154,64.9,54.9,29.4,101.0,69.7,89.7,97.9,89.6,95.5,92.3,95.4,12.713999999999999,5,5,5,104.425
32.16,18,16.0,32.230000000000004,33.138000000000005,176.766,101.535,105.074,64.9,54.9,29.4,101.0,69.7,89.7,97.9,89.6,95.5,92.3,95.4,13.73,5,5,5,104.419
32.21,18,15.620999999999999,32.644999999999996,33.013000000000005,174.859,101.43299999999999,105.074,64.9,54.9,29.4,101.0,69.7,89.7,97.9,89.6,95.5,92.3,95.4,12.984,5,5,5,104.414
32.26,18,16.105,32.348,32.814,176.942,101.33200000000001,105.03399999999999,64.9,54.9,29.4,101.0,69.7,89.7,97.9,89.6,95.5,92.3,95.4,12.295,5,5,5,104.419
32.31,18,16.131999999999998,33.010000000000005,32.563,174.39700000000002,101.281,104.954,64.9,54.9,29.4,101.0,69.7,89.7,97.9,89.6,95.5,92.3,95.4,13.368,5,5,5,104.414
32.36,18,16.037,33.003,32.754999999999995,173.09599999999998,101.33200000000001,104.79299999999999,64.9,54.9,29.4,101.0,69.7,89.7,97.9,89.6,95.5,92.3,95.4,13.29,5,5,5,104.41799999999999
32.41,18,15.583,32.337,32.870999999999995,175.053,101.33200000000001,104.934,64.9,54.9,29.4,101.0,69.7,89.7,97.9,89.6,95.5,92.3,95.4,11.954,5,5,5,104.419
32.46,18,15.025,32.403000000000006,32.938,175.65599999999998,101.204,104.97399999999999,64.9,54.9,29.4,101.0,69.7,89.7,97.9,89.6,95.5,92.3,95.4,13.41,5,5,5,104.429
32.51,10,15.722000000000001,32.024,32.671,146.465,101.15299999999999,104.954,64.9,54.9,29.4,101.0,69.7,89.7,97.9,89.6,95.5,92.3,95.4,12.917000000000002,5,5,5,104.429
32.56,10,15.079,32.042,32.786,102.911,101.024,104.51,64.9,54.9,29.4,101.0,69.7,89.7,97.9,89.6,95.5,92.3,95.4,12.648,5,5,5,104.413
32.61,10,15.350999999999999,32.181,32.738,64.363,101.12700000000001,104.632,64.9,54.9,29.4,101.0,69.7,89.7,97.9,89.6,95.5,92.3,95.4,11.531,5,5,5,104.412
32.66,10,15.526,32.422,32.730000000000004,47.336999999999996,100.947,104.59100000000001,64.9,54.9,29.4,101.0,69.7,89.7,97.9,89.6,95.5,92.3,95.4,10.462,5,5,5,104.415
32.71,10,15.414000000000001,32.038,32.975,50.348,100.99799999999999,104.38799999999999,64.9,54.9,29.4,101.0,69.7,89.7,97.9,89.6,95.5,92.3,95.4,10.687000000000001,5,5,5,104.41799999999999
32.76,10,14.69,32.15,32.971000000000004,48.809,101.07600000000001,104.652,64.9,54.9,29.4,101.0,69.7,89.7,97.9,89.6,95.5,92.3,95.4,11.567,5,5,5,104.419
32.81,10,15.36,32.438,32.742,54.658,100.921,104.914,64.9,54.9,29.4,101.0,69.7,89.7,97.9,89.6,95.5,92.3,95.4,10.281,5,5,5,104.42299999999999
32.86,10,15.261,32.315,32.891999999999996,58.718999999999994,101.024,104.40799999999999,64.9,54.9,29.4,101.0,69.7,89.7,97.9,89.6,95.5,92.3,95.4,9.763,5,5,5,104.425
32.91,10,15.579,31.375,32.778000000000006,57.938,101.07600000000001,104.712,64.9,54.9,29.4,101.0,69.7,89.7,97.9,89.6,95.5,92.3,95.4,10.128,5,5,5,104.41799999999999
32.96,10,15.387,32.557,33.150999999999996,70.631,100.947,104.571,64.9,54.9,29.4,101.0,69.7,89.7,97.9,89.6,95.5,92.3,95.4,10.217,5,5,5,104.425
33.01,10,15.422,32.728,33.361000000000004,75.89,100.662,104.652,64.9,54.9,29.4,101.0,69.7,89.7,97.9,89.6,95.5,92.3,95.4,9.806999999999999,5,5,5,104.425
33.06,10,14.211,33.046,32.809,73.569,100.973,104.632,64.9,54.9,29.4,101.0,69.7,89.7,97.9,89.6,95.5,92.3,95.4,9.96,5,5,5,104.42
33.11,10,11.918,31.35,32.184,61.33,100.792,104.34700000000001,64.9,54.9,29.4,101.0,69.7,89.7,97.9,89.6,95.5,92.3,95.4,9.61,5,5,5,104.42299999999999
33.16,10,9.466000000000001,28.801,29.031999999999996,37.688,100.766,104.73299999999999,64.9,54.9,29.4,101.0,69.7,89.7,97.9,89.6,95.5,92.3,95.4,10.181000000000001,5,5,5,104.42299999999999
33.21,10,6.075,24.379,23.441,22.401,100.53200000000001,104.38799999999999,64.9,54.9,29.4,101.0,69.7,89.7,97.78399999999999,89.6,95.5,92.3,95.4,10.628,5,5,5,104.426
33.26,10,5.589,17.524,14.531,11.195,100.06,104.266,64.9,54.9,29.4,101.0,69.7,89.7,97.72,89.6,95.5,92.3,95.4,9.758,5,5,5,104.431
33.31,10,5.822,9.299,5.451,22.601,100.11200000000001,104.08200000000001,64.9,54.9,29.4,101.0,69.7,89.7,97.705,89.6,95.5,92.3,95.4,8.875,5,5,5,104.42200000000001
33.36,10,6.107,5.509,5.0,47.367,100.244,104.02,64.9,54.9,29.4,101.0,69.7,89.7,97.70100000000001,89.6,95.5,92.3,95.4,10.02,5,5,5,104.42
33.41,10,6.165,5.469,5.01,59.118,100.21799999999999,103.462,64.9,54.9,29.4,101.0,69.7,89.7,97.7,89.46300000000001,95.374,92.3,95.4,10.172999999999998,5,5,5,104.42299999999999
33.46,10,6.164,5.435,5.0,61.277,100.007,103.337,64.9,54.9,29.4,101.0,69.7,89.7,97.7,89.415,95.318,92.3,95.4,9.77,5,5,5,104.42299999999999
33.51,10,6.188,5.468,5.001,60.621,100.21799999999999,103.35799999999999,64.9,54.9,29.4,101.0,69.7,89.7,97.7,89.404,95.304,92.14699999999999,95.4,9.023,5,5,5,104.429
33.56,10,5.979,5.498,5.012,61.986999999999995,100.375,103.295,64.9,54.9,29.4,101.0,69.7,89.7,97.7,89.40100000000001,95.301,92.111,95.4,10.011,5,5,5,104.42299999999999
33.61,10,5.983,5.484,5.0,63.132,100.323,103.212,64.9,54.9,29.4,101.0,69.7,89.7,97.7,89.4,95.3,92.10300000000001,95.4,9.055,5,5,5,104.425
33.66,10,6.368,5.472,5.0,63.354,100.03299999999999,103.649,64.9,54.9,29.4,101.0,69.7,89.7,97.7,89.4,95.3,92.101,95.4,9.373000000000001,5,5,5,104.429
33.71,10,6.622,5.466,5.0,62.988,100.27,103.48299999999999,64.9,54.9,29.4,101.0,69.7,89.7,97.7,89.4,95.3,92.1,95.4,9.727,5,5,5,104.43
33.76,10,6.327,5.449,5.0,66.547,100.375,103.566,64.9,54.9,29.4,101.0,69.7,89.7,97.7,89.4,95.3,92.1,95.28399999999999,8.984,5,5,5,104.428
33.81,10,6.448,5.486,5.003,107.45,100.454,103.441,64.9,54.9,29.4,101.0,69.7,89.624,97.7,89.4,95.3,92.1,95.22,9.21,5,5,5,104.417
33.86,10,5.961,5.456,5.002,122.277,100.27,103.62799999999999,64.9,54.9,29.4,101.0,69.7,89.60600000000001,97.7,89.4,95.3,92.1,95.205,9.635,5,5,5,104.434
33.91,10,6.273,5.469,5.015,132.60399999999998,100.139,103.35799999999999,64.9,54.9,29.4,101.0,69.7,89.601,97.7,89.4,95.3,92.1,95.20100000000001,8.704,5,5,5,104.432
33.96,10,6.271,5.496,5.001,142.32399999999998,100.244,103.587,64.9,54.9,29.4,101.0,69.7,89.6,97.7,89.4,95.3,92.1,95.2,9.193999999999999,5,5,5,104.44
34.01,10,6.205,5.469,5.064,150.151,100.21799999999999,103.545,64.9,54.9,29.4,101.0,69.7,89.6,97.7,89.4,95.3,92.1,95.2,9.261,5,5,5,104.434
34.06,10,6.136,5.46,5.0,155.61700000000002,100.139,103.337,64.9,54.9,29.4,101.0,69.7,89.6,97.7,89.4,95.3,92.1,95.2,8.933,5,5,5,104.427
34.11,10,5.693,5.47,5.0,158.781,100.21799999999999,103.316,64.8,54.9,29.4,100.8,69.8,89.6,97.7,89.4,95.3,92.1,95.2,9.036000000000001,5,5,5,104.434
34.16,10,6.155,5.458,5.011,160.336,100.165,103.17,64.8,54.9,29.4,100.8,69.8,89.6,97.7,89.4,95.3,92.1,95.2,9.527000000000001,5,5,5,104.434
34.21,10,5.868,5.529,5.0,150.113,100.11200000000001,102.96,64.8,54.9,29.4,100.8,69.8,89.6,97.7,89.4,95.3,92.1,95.2,8.836,5,5,5,104.431
34.26,10,6.199,5.434,5.0,101.696,100.139,103.274,64.8,54.9,29.4,100.8,69.8,89.6,97.7,89.4,95.3,92.1,95.2,9.158999999999999,5,5,5,104.43299999999999
34.31,10,6.102,5.469,5.058,65.999,100.165,103.00200000000001,64.8,54.9,29.4,100.8,69.8,89.6,97.7,89.4,95.3,92.1,95.2,9.158999999999999,5,5,5,104.429
34.36,10,6.306,5.478,5.0,40.315,100.165,102.77,64.8,54.9,29.4,100.8,69.8,89.6,97.7,89.4,95.3,92.1,95.2,8.459,5,5,5,104.44
34.41,10,5.807,5.466,5.0,24.61,99.714,102.833,64.8,54.9,29.4,100.8,69.8,89.6,97.7,89.4,95.3,92.1,95.2,8.899,5,5,5,104.43
34.46,11,6.505,5.435,5.06,11.414,100.086,103.12799999999999,64.8,54.9,29.4,100.8,69.8,89.6,97.7,89.4,95.3,92.1,95.2,8.964,5,5,5,104.446
34.51,11,6.1240000000000006,5.469,5.001,7.5489999999999995,99.821,103.023,64.8,54.9,29.4,100.8,69.8,89.6,97.7,89.4,95.3,92.1,95.2,8.591000000000001,5,5,5,104.449
34.56,11,6.0120000000000005,5.434,5.035,5.755,99.821,103.00200000000001,64.8,54.9,29.4,100.8,69.8,89.6,97.65,89.4,95.3,92.1,95.2,9.637,5,5,5,104.45100000000001
34.61,11,5.997,5.502,5.019,5.8309999999999995,99.90100000000001,103.086,64.8,54.9,29.4,100.8,69.8,89.6,97.536,89.4,95.3,92.1,95.2,8.866,5,5,5,104.448
34.66,11,6.353,5.433,5.002,5.52,99.794,103.149,64.8,54.9,29.4,100.8,69.8,89.6,97.508,89.4,95.3,92.1,95.2,8.998999999999999,5,5,5,104.45200000000001
34.71,11,6.181,5.469,5.019,5.38,99.954,102.896,64.8,54.9,29.4,100.8,69.8,89.6,97.50200000000001,89.4,95.3,92.1,95.2,9.303,5,5,5,104.448
34.76,11,6.12,5.441,5.033,5.316,99.874,102.685,64.8,54.9,29.4,100.8,69.8,89.6,97.5,89.4,95.3,92.1,95.2,8.735,5,5,5,104.45700000000001
34.81,11,6.354,5.67,5.0,5.313,99.68799999999999,102.854,64.8,54.9,29.4,100.8,69.8,89.6,97.5,89.4,95.3,92.1,95.2,9.697,5,5,5,104.449
34.86,11,6.24,5.449,5.001,5.361,99.98,102.81200000000001,64.8,54.9,29.4,100.8,69.8,89.6,97.5,89.4,95.3,92.1,95.2,9.125,5,5,5,104.447
34.91,11,6.071,5.4879999999999995,5.082,4.76,99.821,102.791,64.8,54.9,29.4,100.8,69.8,89.6,97.5,89.4,95.3,92.1,95.2,9.231,5,5,5,104.444
34.96,11,6.004,5.463,5.032,5.522,99.527,102.81200000000001,64.8,54.9,29.4,100.8,69.8,89.6,97.5,89.4,95.3,92.1,95.2,9.448,5,5,5,104.449
35.01,11,6.326,5.472,5.02,4.989,100.165,103.065,64.8,54.9,29.4,100.8,69.8,89.6,97.5,89.4,95.3,92.1,95.2,8.531,5,5,5,104.454
35.06,11,6.617,5.439,5.0,31.506999999999998,100.007,103.12799999999999,64.8,54.9,29.4,100.8,69.8,89.6,97.5,89.4,95.3,92.1,95.2,8.996,5,5,5,104.456
35.11,11,6.186,5.467,5.065,43.387,100.007,102.81200000000001,64.8,54.9,29.4,100.8,69.8,89.6,97.5,89.4,95.3,92.1,95.2,9.157,5,5,5,104.45200000000001
35.16,11,6.4399999999999995,5.445,5.0,58.382,100.03299999999999,102.98100000000001,64.8,54.9,29.4,100.8,69.8,89.6,97.5,89.4,95.3,92.1,95.2,8.535,5,5,5,104.44200000000001
35.21,11,6.606,5.516,5.096,73.167,100.29700000000001,103.23299999999999,64.8,54.9,29.4,100.8,69.8,89.6,97.5,89.4,95.3,92.1,95.2,8.808,5,5,5,104.435
35.26,11,6.409,5.523,5.005,73.273,100.19200000000001,103.274,64.8,54.9,29.4,100.8,69.8,89.6,97.5,89.4,95.3,92.1,95.2,8.843,5,5,5,104.445
35.31,11,6.872,5.471,5.001,47.089,99.714,102.98100000000001,64.8,54.9,29.4,100.8,69.8,89.6,97.5,89.4,95.3,92.1,95.2,7.915,5,5,5,104.439
35.36,11,5.9990000000000006,5.474,5.005,41.949,99.177,102.74799999999999,64.8,54.9,29.4,100.8,69.8,89.6,97.5,89.4,95.3,92.1,95.2,8.987,5,5,5,104.436
35.41,11,6.393,5.57,5.059,43.525999999999996,98.65799999999999,102.493,64.8,54.9,29.4,100.8,69.8,89.6,97.5,89.4,95.3,92.1,95.2,8.61,5,5,5,104.44
35.46,11,6.166,5.432,5.002,47.466,98.32600000000001,102.194,64.8,54.9,29.4,100.8,69.8,89.6,97.5,89.4,95.3,92.1,95.2,8.65,5,5,5,104.44
35.51,12,6.8100000000000005,5.478,5.006,75.929,98.01899999999999,102.344,64.8,54.9,29.4,100.8,69.8,89.6,97.5,89.4,95.3,92.1,95.2,8.581,5,5,5,104.441
35.56,12,6.5280000000000005,5.472,5.033,41.225,98.075,102.17200000000001,64.8,54.9,29.4,100.8,69.8,89.6,97.5,89.4,95.3,92.1,95.2,10.475,5,5,5,104.43799999999999
35.61,12,6.103,5.579,5.042,29.331999999999997,97.766,101.95700000000001,64.8,54.9,29.4,100.8,69.8,89.6,97.5,89.4,95.17399999999999,92.1,95.2,9.718,5,5,5,104.441
35.66,12,6.12,5.476,5.06,17.969,97.766,101.805,64.8,54.9,29.4,100.8,69.8,89.6,97.5,89.4,95.118,92.1,95.2,12.137,5,5,5,104.439
35.71,12,6.232,5.525,5.061,9.483,97.794,102.065,64.8,54.9,29.4,100.8,69.8,89.6,97.5,89.4,95.104,92.1,95.2,11.157,5,5,5,104.436
35.76,12,6.563000000000001,5.439,5.021,7.417,97.738,101.82700000000001,64.8,54.9,29.4,100.8,69.8,89.6,97.5,89.4,95.101,92.1,95.2,12.979,5,5,5,104.443
35.81,12,6.273,5.4879999999999995,5.041,6.734,97.935,102.344,64.8,54.9,29.4,100.8,69.8,89.6,97.5,89.4,95.1,92.1,95.2,12.844999999999999,5,5,5,104.439
35.86,12,6.226,5.601,5.006,5.931,98.32600000000001,102.515,64.8,54.9,29.4,100.8,69.8,89.6,97.5,89.4,95.1,92.1,95.2,14.34,5,5,5,104.439
35.91,12,6.554,5.472,5.056,5.834,98.52,102.833,64.8,54.9,29.4,100.8,69.8,89.6,97.5,89.4,95.1,92.1,95.2,13.574,5,5,5,104.439
35.96,12,6.2620000000000005,5.505,5.047,6.537,97.738,102.429,64.8,54.9,29.4,100.8,69.8,89.6,97.5,89.274,95.1,92.1,95.2,14.77,5,5,5,104.443
36.01,12,6.6080000000000005,5.498,5.001,5.872,97.51100000000001,102.194,64.8,54.9,29.4,100.8,69.8,89.6,97.5,89.218,95.1,92.1,95.2,14.11,5,5,5,104.43700000000001
36.06,12,6.491,5.446,5.023,4.846,97.709,101.45700000000001,64.8,54.9,29.4,100.8,69.8,89.6,97.5,89.204,95.1,92.1,95.2,15.067,5,5,5,104.444
36.11,12,6.51,5.525,5.011,4.237,96.87899999999999,98.31200000000001,64.8,54.9,29.3,100.6,70.1,89.6,97.5,89.20100000000001,95.1,92.1,95.2,14.601,5,5,5,104.436
36.16,12,6.493,5.503,5.002,3.965,93.843,94.127,64.8,54.9,29.3,100.6,70.1,89.6,97.5,89.2,95.1,92.1,95.2,15.01,5,5,5,104.439
36.21,12,6.519,5.472,5.002,4.026,93.62,94.527,64.8,54.9,29.3,100.6,70.1,89.6,97.5,89.2,95.1,92.1,95.2,14.799,5,5,5,104.443
36.26,12,6.672,5.433,5.0,3.967,93.556,93.258,64.8,54.9,29.3,100.6,70.1,89.6,97.5,89.2,95.1,92.1,95.2,15.334000000000001,5,5,5,104.44
36.31,12,6.535,5.568,5.086,4.69,93.748,93.12,64.8,54.9,29.3,100.6,70.1,89.6,97.5,89.2,95.1,92.1,95.2,14.56,5,5,5,104.44
36.36,12,6.832,5.4879999999999995,5.046,5.305,93.459,93.176,64.8,54.9,29.3,100.6,70.1,89.6,97.5,89.2,95.1,92.1,95.2,14.193999999999999,5,5,5,104.44200000000001
36.41,12,6.802,5.501,5.012,5.787,93.491,93.12,64.8,54.9,29.3,100.6,70.1,89.6,97.5,89.2,95.1,92.1,95.055,15.187999999999999,5,5,5,104.439
36.46,12,6.165,5.461,5.017,7.731,93.233,93.01,64.8,54.9,29.3,100.6,70.1,89.6,97.5,89.2,95.1,92.1,95.013,13.834,5,5,5,104.439
36.51,12,6.651,5.518,5.045,8.142,93.523,92.815,64.8,54.9,29.3,100.6,70.1,89.6,97.5,89.2,95.1,92.1,95.003,14.661,5,5,5,104.435
36.56,12,6.303,5.471,5.149,8.003,93.684,93.12,64.8,54.9,29.3,100.6,70.1,89.6,97.5,89.2,95.1,92.1,95.001,16.701,5,5,5,104.44
36.61,12,6.414,5.476,5.017,5.055,93.03699999999999,92.954,64.8,54.9,29.3,100.6,70.1,89.6,97.5,89.2,95.1,92.075,95.0,16.567999999999998,5,5,5,104.439
36.66,12,6.192,5.43,5.0,3.968,93.33,92.676,64.8,54.9,29.3,100.6,70.1,89.6,97.5,89.2,95.1,91.942,95.0,19.004,5,5,5,104.436
36.71,12,6.52,5.7,5.004,3.963,93.843,92.78699999999999,64.8,54.9,29.3,100.6,70.1,89.6,97.5,89.2,95.1,91.91,95.0,18.119999999999997,5,5,5,104.441
36.76,12,6.573,5.507,5.004,4.174,93.78,92.843,64.8,54.9,29.3,100.6,70.1,89.484,97.5,89.2,95.1,91.902,95.0,18.649,5,5,5,104.44
36.81,12,6.6530000000000005,5.492,5.059,5.607,93.58800000000001,93.01,64.8,54.9,29.3,100.6,70.1,89.42,97.5,89.2,95.1,91.90100000000001,95.0,17.695,5,5,5,104.445
36.86,12,6.641,5.435,5.023,5.503,93.362,92.982,64.8,54.9,29.3,100.6,70.1,89.405,97.5,89.2,95.1,91.9,95.0,18.66,5,5,5,104.43299999999999
36.91,12,6.385,5.638,5.033,5.269,93.233,92.759,64.8,54.9,29.3,100.6,70.1,89.40100000000001,97.475,89.2,95.1,91.9,95.0,18.964,5,5,5,104.43799999999999
36.96,12,6.24,5.5969999999999995,5.0,5.053,93.395,92.87100000000001,64.8,54.9,29.3,100.6,70.1,89.4,97.34200000000001,89.2,95.1,91.9,95.0,18.500999999999998,5,5,5,104.43799999999999
37.01,12,6.356,5.47,5.075,4.558,93.135,92.732,64.8,54.9,29.3,100.6,70.1,89.4,97.31,89.2,95.1,91.9,95.0,19.539,5,5,5,104.43799999999999
37.06,12,6.152,5.49,5.099,4.6370000000000005,93.491,93.148,64.8,54.9,29.3,100.6,70.1,89.4,97.302,89.2,95.1,91.9,95.0,18.829,5,5,5,104.444
37.11,12,6.274,5.53,5.033,13.165,93.652,92.954,64.8,54.9,29.3,100.6,70.1,89.4,97.301,89.2,95.1,91.9,95.0,19.823,5,5,5,104.441
37.16,12,6.147,5.516,5.089,13.096,93.395,92.535,64.8,54.9,29.3,100.6,70.1,89.4,97.3,89.2,95.1,91.9,95.0,18.658,5,5,5,104.441
37.21,12,6.197,5.555,5.212,39.777,93.2,92.33800000000001,64.8,54.9,29.3,100.6,70.1,89.4,97.3,89.2,95.1,91.9,95.0,19.899,5,5,5,104.444
37.26,12,6.39,5.523,5.022,63.223,93.168,92.253,64.8,54.9,29.3,100.6,70.1,89.4,97.3,89.2,95.1,91.9,95.0,18.891,5,5,5,104.441
37.31,12,6.41,5.542,5.056,84.847,93.005,92.31,64.8,54.9,29.3,100.6,70.1,89.4,97.3,89.2,95.1,91.9,95.0,19.525,5,5,5,104.444
37.36,12,6.707,5.58,5.023,97.852,92.906,91.911,64.8,54.9,29.3,100.6,70.1,89.4,97.3,89.2,95.1,91.9,95.0,19.575,5,5,5,104.439
