SampleTime,Phase,Sensor1,Sensor2,Sensor3,IJ,Sensor5,Sensor6,MouldTemp1,MouldTemp2,MouldTemp3,MouldTemp4,MouldTemp5,MouldTemp9,MouldTemp10,MouldTemp11,MouldTemp12,MouldTemp13,MouldTemp14,Sensor8,MouldFlow1,MouldFlow2,MouldFlow3,SP
0.0,1.0,5.583,5.598,5.217,97.94,92.961,92.357,64.7,55.8,30.8,95.0,65.4,84.5,92.3,83.8,93.1,89.42,92.4,15.591,5,5,5,104.58
0.05,1.0,5.538,5.712,5.307,68.28999999999999,92.961,92.411,64.7,55.8,30.8,95.0,65.4,84.5,92.3,83.8,93.1,89.405,92.4,15.04,5,5,5,104.57700000000001
0.1,1.0,5.439,5.66,5.311,40.969,92.775,91.732,64.7,55.8,30.8,95.0,65.4,84.5,92.3,83.8,93.1,89.40100000000001,92.4,15.462,5,5,5,104.572
0.15,1.0,5.539,5.626,5.208,30.818,92.744,91.732,64.7,55.8,30.8,95.0,65.4,84.347,92.3,83.8,93.1,89.4,92.4,15.245999999999999,5,5,5,104.579
0.2,1.0,5.433,5.535,5.228,18.329,92.837,92.06,64.7,55.8,30.8,95.0,65.4,84.311,92.3,83.8,93.1,89.4,92.4,14.867,5,5,5,104.575
0.25,1.0,5.312,5.562,5.213,35.224000000000004,92.93,92.626,64.7,55.8,30.8,95.0,65.4,84.303,92.3,83.8,93.1,89.4,92.4,15.502,5,5,5,104.573
0.3,1.0,5.474,5.744,5.183,36.141,92.961,92.384,64.7,55.8,30.8,95.0,65.4,84.301,92.3,83.8,93.1,89.4,92.4,15.591,5,5,5,104.569
0.35,1.0,5.444,5.661,5.396,36.132,93.23899999999999,92.786,64.7,55.8,30.8,95.0,65.4,84.3,92.3,83.8,93.1,89.4,92.4,15.077,5,5,5,104.57600000000001
0.4,1.0,5.388,5.531,5.282,50.357,93.23899999999999,92.51899999999999,64.7,55.8,30.8,95.0,65.4,84.3,92.3,83.8,93.1,89.4,92.4,15.0,5,5,5,104.581
0.45,1.0,5.354,5.626,5.325,60.948,93.483,92.786,64.7,55.8,30.8,95.0,65.4,84.3,92.3,83.8,93.1,89.4,92.4,15.549000000000001,5,5,5,104.579
0.5,1.0,5.457,5.679,5.27,64.19399999999999,93.392,93.13,64.7,55.8,30.8,95.0,65.4,84.3,92.3,83.8,93.1,89.4,92.4,15.228,5,5,5,104.585
0.55,1.0,5.35,5.596,5.098,60.108999999999995,93.665,93.366,64.7,55.8,30.8,95.0,65.4,84.3,92.3,83.8,93.1,89.4,92.4,14.896,5,5,5,104.58200000000001
0.6,1.0,5.458,5.563,5.27,57.673,94.116,93.497,64.7,55.8,30.8,95.0,65.4,84.3,92.3,83.8,93.1,89.4,92.4,15.333,5,5,5,104.585
0.65,1.0,5.444,5.551,5.1,46.192,94.206,93.523,64.7,55.8,30.8,95.0,65.4,84.3,92.3,83.8,93.1,89.4,92.4,15.587,5,5,5,104.585
0.7,1.0,5.407,5.557,5.344,26.976,94.325,93.756,64.7,55.8,30.8,95.0,65.4,84.3,92.3,83.8,93.1,89.4,92.4,15.199,5,5,5,104.586
0.75,1.0,5.318,5.688,5.106,12.662,94.384,94.014,64.7,55.8,30.8,95.0,65.4,84.3,92.3,83.8,93.1,89.4,92.4,14.907,5,5,5,104.584
0.8,1.0,5.411,5.739,5.424,17.762999999999998,94.679,94.014,64.7,55.8,30.8,95.0,65.4,84.3,92.3,83.8,93.1,89.4,92.4,15.494000000000002,5,5,5,104.588
0.85,1.0,5.331,5.6579999999999995,5.176,31.166999999999998,94.561,93.962,64.7,55.8,30.8,95.0,65.4,84.3,92.3,83.8,93.1,89.4,92.4,15.700999999999999,5,5,5,104.58200000000001
0.9,1.0,5.382,5.8759999999999994,5.305,29.686,94.502,94.244,64.7,55.8,30.8,95.0,65.4,84.3,92.184,83.8,93.1,89.4,92.4,15.081,5,5,5,104.588
0.95,1.0,5.467,5.504,5.292,24.415,94.62,94.065,64.7,55.8,30.8,95.0,65.4,84.3,92.12,83.8,93.1,89.4,92.375,14.916,5,5,5,104.581
1.0,1.0,5.324,5.745,5.194,26.804000000000002,94.62,94.193,64.7,55.8,30.8,95.0,65.4,84.3,92.105,83.8,93.1,89.4,92.242,15.489,5,5,5,104.579
1.05,1.0,5.384,5.713,5.109,27.752,94.737,94.447,64.7,55.8,30.7,94.8,65.4,84.3,92.101,83.8,93.1,89.4,92.21,15.36,5,5,5,104.583
1.1,1.0,5.347,5.525,5.283,27.308000000000003,94.796,94.67399999999999,64.7,55.8,30.7,94.8,65.4,84.3,92.1,83.73100000000001,93.1,89.4,92.202,14.943,5,5,5,104.581
1.15,1.0,5.52,5.826,5.14,27.531999999999996,94.767,94.624,64.7,55.8,30.7,94.8,65.4,84.3,92.1,83.631,93.1,89.4,92.20100000000001,15.944,5,5,5,104.579
1.2,1.0,5.426,5.632,5.264,27.522,95.17399999999999,94.498,64.7,55.8,30.7,94.8,65.4,84.3,92.1,83.607,93.1,89.4,92.2,17.355,5,5,5,104.583
1.25,1.0,5.461,5.615,5.202,27.180999999999997,94.708,94.498,64.7,55.8,30.7,94.8,65.4,84.3,92.1,83.602,93.05,89.4,92.2,17.404000000000003,5,5,5,104.59100000000001
1.3,1.0,5.347,5.756,5.187,27.405,94.854,94.825,64.7,55.8,30.7,94.8,65.4,84.3,92.1,83.6,92.936,89.4,92.2,18.526,5,5,5,104.584
1.35,1.0,5.326,5.509,5.208,27.541999999999998,94.913,94.725,64.7,55.8,30.7,94.8,65.4,84.3,92.1,83.6,92.908,89.4,92.2,18.299,5,5,5,104.575
1.4,1.0,5.391,5.718,5.035,27.230999999999998,95.116,95.05,64.7,55.8,30.7,94.8,65.4,84.3,92.1,83.6,92.902,89.4,92.2,19.146,5,5,5,104.57799999999999
1.45,1.0,5.297,5.799,5.125,27.059,95.145,95.17399999999999,64.7,55.8,30.7,94.8,65.4,84.3,92.1,83.6,92.9,89.4,92.2,18.742,5,5,5,104.583
1.5,1.0,5.407,5.554,5.186,27.427,95.087,94.875,64.7,55.8,30.7,94.8,65.4,84.3,92.1,83.6,92.9,89.4,92.2,19.555999999999997,5,5,5,104.583
1.55,1.0,5.434,5.888,5.156,27.039,95.145,95.248,64.7,55.8,30.7,94.8,65.4,84.3,92.1,83.6,92.9,89.4,92.2,19.004,5,5,5,104.58200000000001
1.6,1.0,5.329,5.652,5.275,27.016,95.347,95.199,64.7,55.8,30.7,94.8,65.4,84.3,92.1,83.6,92.9,89.4,92.2,19.812,5,5,5,104.58200000000001
1.65,1.0,5.374,5.543,5.245,26.98,95.17399999999999,95.446,64.7,55.8,30.7,94.8,65.4,84.3,92.1,83.6,92.9,89.4,92.2,19.234,5,5,5,104.584
1.7,1.0,5.552,5.643,5.127,27.19,95.289,95.39699999999999,64.7,55.8,30.7,94.8,65.4,84.3,92.1,83.6,92.9,89.4,92.2,19.917,5,5,5,104.583
1.75,1.0,5.476,5.523,5.246,26.598000000000003,95.145,95.248,64.7,55.8,30.7,94.8,65.4,84.3,92.1,83.6,92.9,89.4,92.2,19.34,5,5,5,104.57799999999999
1.8,1.0,5.499,5.744,5.191,26.985,95.232,95.347,64.7,55.8,30.7,94.8,65.4,84.3,92.1,83.6,92.9,89.4,92.2,20.032,5,5,5,104.58
1.85,1.0,5.332,5.63,5.216,26.564,95.26100000000001,95.421,64.7,55.8,30.7,94.8,65.4,84.3,92.1,83.6,92.9,89.4,92.2,19.357999999999997,5,5,5,104.58200000000001
1.9,1.0,5.496,5.477,5.204,26.682,95.462,95.618,64.7,55.8,30.7,94.8,65.4,84.3,92.1,83.6,92.9,89.4,92.2,20.018,5,5,5,104.57799999999999
1.95,1.0,5.599,5.674,5.204,26.534000000000002,95.889,95.71600000000001,64.7,55.8,30.7,94.8,65.4,84.3,92.1,83.6,92.9,89.4,92.2,19.427,5,5,5,104.572
2.0,1.0,5.358,5.665,5.265,26.281999999999996,95.548,95.88600000000001,64.7,55.8,30.7,94.8,65.4,84.3,92.1,83.6,92.9,89.35,92.2,20.042,5,5,5,104.579
2.05,1.0,5.394,5.654,5.137,25.9,95.51899999999999,95.495,64.7,55.8,30.7,94.8,65.4,84.3,92.1,83.6,92.9,89.236,92.2,19.397,5,5,5,104.574
2.1,1.0,5.404,5.813,5.154,25.42,95.775,95.691,64.7,55.8,30.7,94.8,65.4,84.3,92.1,83.6,92.9,89.208,92.2,19.622,5,5,5,104.58
2.15,1.0,5.572,5.699,5.166,24.615,95.605,95.765,64.7,55.8,30.7,94.8,65.4,84.3,92.1,83.6,92.9,89.202,92.2,20.039,5,5,5,104.57600000000001
2.2,1.0,5.441,5.579,5.365,25.04,95.66199999999999,95.911,64.7,55.8,30.7,94.8,65.4,84.3,92.1,83.6,92.9,89.2,92.2,19.466,5,5,5,104.583
2.25,1.0,5.372,5.891,5.392,25.12,95.51899999999999,95.667,64.7,55.8,30.7,94.8,65.4,84.3,92.1,83.6,92.9,89.2,92.2,20.079,5,5,5,104.56700000000001
2.3,1.0,5.356,5.594,5.266,26.068,95.605,95.983,64.7,55.8,30.7,94.8,65.4,84.3,92.1,83.6,92.9,89.2,92.2,19.451999999999998,5,5,5,104.575
2.35,1.0,5.303,5.651,5.366,24.866,95.945,95.88600000000001,64.7,55.8,30.7,94.8,65.4,84.3,92.1,83.6,92.9,89.2,92.2,20.060000000000002,5,5,5,104.574
2.4,1.0,5.3629999999999995,5.579,5.142,24.997,95.49,95.83800000000001,64.7,55.8,30.7,94.8,65.4,84.3,92.05,83.6,92.9,89.2,92.2,19.476,5,5,5,104.587
2.45,1.0,5.53,5.781,5.189,40.215,95.605,95.71600000000001,64.7,55.8,30.7,94.8,65.4,84.3,91.936,83.6,92.9,89.2,92.2,20.040999999999997,5,5,5,104.584
2.5,1.0,5.399,5.93,5.289,66.416,95.57600000000001,95.593,64.7,55.8,30.7,94.8,65.4,84.3,91.908,83.6,92.9,89.2,92.2,19.484,5,5,5,104.59299999999999
2.55,1.0,5.318,5.538,5.184,100.39299999999999,95.26100000000001,95.83800000000001,64.7,55.8,30.7,94.8,65.4,84.3,91.902,83.6,92.9,89.2,92.2,20.094,5,5,5,104.586
2.6,1.0,5.595,5.489,5.231,133.766,95.462,95.569,64.7,55.8,30.7,94.8,65.4,84.3,91.9,83.6,92.9,89.2,92.2,19.43,5,5,5,104.57700000000001
2.65,1.0,5.471,5.617,5.296,159.447,95.548,95.52,64.7,55.8,30.7,94.8,65.4,84.3,91.9,83.6,92.9,89.2,92.2,20.009,5,5,5,104.585
2.7,1.0,5.31,5.547,5.266,175.50900000000001,95.376,95.618,64.7,55.8,30.7,94.8,65.4,84.3,91.9,83.6,92.9,89.2,92.2,19.459000000000003,5,5,5,104.58
2.75,1.0,5.455,5.464,5.098,181.15900000000002,95.347,95.789,64.7,55.8,30.7,94.8,65.4,84.3,91.9,83.6,92.9,89.2,92.2,20.023,5,5,5,104.57799999999999
2.8,1.0,5.449,5.632,5.219,177.78,95.347,95.52,64.7,55.8,30.7,94.8,65.4,84.3,91.9,83.6,92.9,89.2,92.2,19.567,5,5,5,104.584
2.85,1.0,5.321,5.804,5.236,162.32299999999998,95.232,95.52,64.7,55.8,30.7,94.8,65.4,84.21300000000001,91.9,83.6,92.9,89.2,92.2,20.054000000000002,5,5,5,104.581
2.9,1.0,5.49,5.694,5.15,135.297,95.289,95.544,64.7,55.8,30.7,94.8,65.4,84.127,91.9,83.6,92.9,89.2,92.2,19.48,5,5,5,104.583
2.95,1.0,5.394,5.752,5.213,103.87799999999999,95.232,95.569,64.7,55.8,30.7,94.8,65.4,84.10600000000001,91.9,83.6,92.9,89.2,92.2,20.054000000000002,5,5,5,104.579
3.0,1.0,5.349,5.8420000000000005,5.458,76.956,95.232,95.618,64.7,55.8,30.7,94.8,65.4,84.102,91.9,83.6,92.9,89.2,92.2,19.519,5,5,5,104.586
3.05,1.0,5.345,5.819,5.219,58.313,95.548,95.74,64.7,55.8,30.7,94.6,65.3,84.1,91.9,83.6,92.9,89.2,92.2,20.064999999999998,5,5,5,104.587
3.1,14.0,5.446,5.504,5.144,101.11,95.347,95.959,64.7,55.8,30.7,94.6,65.3,84.1,91.9,83.484,92.9,89.2,92.2,19.680999999999997,5,5,5,104.58
3.15,14.0,5.365,5.8420000000000005,5.022,114.84,95.605,95.39699999999999,64.7,55.8,30.7,94.6,65.3,84.1,91.9,83.42,92.9,89.2,92.2,20.008,5,5,5,104.58
3.2,14.0,5.395,5.791,5.039,85.96600000000001,95.376,95.421,64.7,55.8,30.7,94.6,65.3,84.1,91.9,83.405,92.9,89.2,92.2,19.509,5,5,5,104.584
3.25,14.0,5.31,5.976,5.047,67.878,95.26100000000001,95.347,64.7,55.8,30.7,94.6,65.3,84.1,91.9,83.40100000000001,92.9,89.2,92.2,20.029000000000003,5,5,5,104.58200000000001
3.3,14.0,5.435,5.73,5.001,46.25899999999999,95.029,94.59899999999999,64.7,55.8,30.7,94.6,65.3,84.1,91.9,83.4,92.9,89.2,92.2,19.649,5,5,5,104.583
3.35,14.0,5.353,5.495,5.163,49.391999999999996,95.0,94.925,64.7,55.8,30.7,94.6,65.3,84.1,91.9,83.4,92.85,89.2,92.2,19.968,5,5,5,104.58200000000001
3.4,14.0,5.322,5.7509999999999994,5.266,52.998999999999995,94.971,95.32300000000001,64.7,55.8,30.7,94.6,65.3,84.1,91.9,83.4,92.736,89.2,92.2,19.527,5,5,5,104.59100000000001
3.45,14.0,5.352,5.681,5.104,58.748000000000005,95.17399999999999,95.199,64.7,55.8,30.7,94.6,65.3,84.1,91.9,83.4,92.708,89.2,92.2,19.97,5,5,5,104.57700000000001
3.5,14.0,5.306,5.75,5.259,83.035,95.232,95.421,64.7,55.8,30.7,94.6,65.3,84.1,91.9,83.4,92.702,89.2,92.2,19.549,5,5,5,104.583
3.55,14.0,5.381,5.818,5.207,105.883,95.26100000000001,95.372,64.7,55.8,30.7,94.6,65.3,84.1,91.9,83.4,92.7,89.2,92.2,20.051,5,5,5,104.579
3.6,14.0,5.375,5.756,5.207,128.0,95.376,95.149,64.7,55.8,30.7,94.6,65.3,84.1,91.9,83.4,92.7,89.2,92.074,19.562,5,5,5,104.57700000000001
3.65,14.0,5.419,5.553,5.174,145.122,95.17399999999999,95.199,64.7,55.8,30.7,94.6,65.3,84.1,91.9,83.4,92.7,89.2,92.018,20.043,5,5,5,104.57
3.7,14.0,5.397,5.554,5.188,158.556,95.347,95.17399999999999,64.7,55.8,30.7,94.6,65.3,84.1,91.9,83.4,92.7,89.2,92.00399999999999,19.499000000000002,5,5,5,104.573
3.75,14.0,5.332,5.571,5.147,168.792,95.26100000000001,95.17399999999999,64.7,55.8,30.7,94.6,65.3,84.1,91.9,83.4,92.7,89.2,92.001,19.913,5,5,5,104.568
3.8,14.0,5.366,5.964,5.384,177.032,95.145,95.075,64.7,55.8,30.7,94.6,65.3,84.1,91.9,83.4,92.7,89.2,92.0,19.429000000000002,5,5,5,104.574
3.85,14.0,5.462,5.631,5.366,176.775,94.825,94.8,64.7,55.8,30.7,94.6,65.3,84.1,91.9,83.4,92.7,89.2,92.0,19.932000000000002,5,5,5,104.565
3.9,14.0,5.38,5.446,5.158,177.47400000000002,95.289,95.248,64.7,55.8,30.7,94.6,65.3,84.1,91.9,83.4,92.7,89.2,92.0,19.445,5,5,5,104.571
3.95,14.0,5.306,5.454,5.19,176.16299999999998,95.116,95.075,64.7,55.8,30.7,94.6,65.3,84.1,91.9,83.4,92.7,89.2,92.0,19.989,5,5,5,104.56700000000001
4.0,14.0,5.355,5.593,5.084,172.842,95.347,95.149,64.7,55.8,30.7,94.6,65.3,84.1,91.9,83.4,92.7,89.2,92.0,19.531,5,5,5,104.571
4.05,14.0,5.431,5.744,5.352,174.56900000000002,95.145,95.075,64.7,55.8,30.7,94.6,65.3,84.1,91.9,83.4,92.7,89.2,92.0,20.006,5,5,5,104.57600000000001
4.1,14.0,5.362,5.781,5.323,175.637,95.116,95.32300000000001,64.7,55.8,30.7,94.6,65.3,84.1,91.9,83.4,92.7,89.2,92.0,20.232999999999997,5,5,5,104.572
4.15,14.0,5.53,5.606,5.309,173.19,95.26100000000001,94.875,64.7,55.8,30.7,94.6,65.3,84.1,91.9,83.4,92.7,89.2,92.0,19.444000000000003,5,5,5,104.575
4.17,3.0,5.465,5.857,5.282,175.544,95.058,95.0,64.7,55.8,30.7,94.6,65.3,84.1,91.9,83.4,92.7,89.2,92.0,20.085,5,5,5,104.56200000000001
4.19,3.0,5.391,5.798,5.2620000000000005,170.392,94.561,94.193,64.7,55.8,30.7,94.6,65.3,84.1,91.9,83.4,92.7,89.2,92.0,20.004,5,5,5,104.56299999999999
4.21,3.0,5.474,5.841,5.24,153.19799999999998,95.0,94.825,64.7,55.8,30.7,94.6,65.3,84.1,91.9,83.4,92.7,89.2,92.0,20.008,5,5,5,104.56700000000001
4.23,3.0,5.4879999999999995,5.548,5.287,136.056,95.029,94.95,64.7,55.8,30.7,94.6,65.3,84.1,91.9,83.4,92.7,89.2,92.0,19.993000000000002,5,5,5,104.566
4.25,3.0,5.601,5.503,5.201,119.501,94.971,94.85,64.7,55.8,30.7,94.6,65.3,84.1,91.9,83.4,92.7,89.2,92.0,20.099,5,5,5,104.56700000000001
4.27,3.0,5.359,5.569,5.207,99.98700000000001,94.825,94.95,64.7,55.8,30.7,94.6,65.3,84.1,91.85,83.4,92.7,89.2,92.0,20.057000000000002,5,5,5,104.568
4.29,3.0,5.514,5.497,5.112,85.661,94.825,94.67399999999999,64.7,55.8,30.7,94.6,65.3,84.1,91.78399999999999,83.4,92.7,89.2,92.0,20.085,5,5,5,104.564
4.31,3.0,5.465,5.471,5.112,90.15,94.942,94.624,64.7,55.8,30.7,94.6,65.3,84.1,91.747,83.4,92.7,89.2,92.0,20.064,5,5,5,104.564
4.33,3.0,5.43,5.461,5.231,82.308,95.029,94.925,64.7,55.8,30.7,94.6,65.3,84.1,91.727,83.4,92.7,89.2,92.0,20.035,5,5,5,104.28200000000001
4.35,3.0,5.625,5.46,5.207,78.042,95.17399999999999,94.975,64.7,55.8,30.7,94.6,65.3,84.1,91.715,83.4,92.7,89.2,92.0,20.05,5,5,5,103.495
4.37,3.0,5.482,5.46,5.225,58.905,95.058,95.025,64.7,55.8,30.7,94.6,65.3,84.1,91.708,83.4,92.7,89.2,92.0,20.11,5,5,5,102.28200000000001
4.39,3.0,5.965,5.483,5.301,58.852,95.145,95.075,64.7,55.8,30.7,94.6,65.3,84.1,91.705,83.4,92.7,89.2,92.0,20.08,5,5,5,101.01
4.41,3.0,5.529,5.525,5.316,47.858999999999995,95.087,95.17399999999999,64.7,55.8,30.7,94.6,65.3,84.1,91.703,83.4,92.7,89.2,92.0,20.115000000000002,5,5,5,99.3
4.43,3.0,5.917,5.547,5.127,37.468,95.087,95.32300000000001,64.7,55.8,30.7,94.6,65.3,84.1,91.70100000000001,83.4,92.7,89.2,92.0,20.081,5,5,5,97.87
4.45,3.0,5.335,5.466,5.229,30.618000000000002,95.029,94.95,64.7,55.8,30.7,94.6,65.3,84.1,91.70100000000001,83.4,92.7,89.2,92.0,20.107999999999997,5,5,5,96.648
4.47,3.0,5.346,5.46,5.352,36.385999999999996,95.087,95.05,64.7,55.8,30.7,94.6,65.3,84.1,91.7,83.4,92.7,89.2,92.0,20.107999999999997,5,5,5,95.662
4.49,3.0,5.627,5.462,5.17,38.978,95.029,95.149,64.7,55.8,30.7,94.6,65.3,84.1,91.7,83.4,92.7,89.2,92.0,20.083,5,5,5,94.74700000000001
4.51,3.0,5.761,5.462,5.174,40.738,95.17399999999999,95.025,64.7,55.8,30.7,94.6,65.3,84.1,91.7,83.4,92.7,89.113,92.0,20.101,5,5,5,93.84299999999999
4.53,3.0,5.5649999999999995,5.462,5.257,45.141999999999996,95.145,94.9,64.7,55.8,30.7,94.6,65.3,84.1,91.7,83.4,92.7,89.063,92.0,20.131,5,5,5,92.925
4.55,3.0,5.58,5.523,5.23,49.077,94.883,94.875,64.7,55.8,30.7,94.6,65.3,84.1,91.7,83.4,92.7,89.036,92.0,20.124000000000002,5,5,5,92.01899999999999
4.57,3.0,5.379,5.478,5.149,52.641000000000005,94.971,94.775,64.7,55.8,30.7,94.6,65.3,84.1,91.7,83.4,92.7,89.02,92.0,20.08,5,5,5,91.152
4.59,3.0,5.397,5.478,5.126,56.54600000000001,95.17399999999999,95.05,64.7,55.8,30.7,94.6,65.3,84.1,91.7,83.4,92.7,89.01100000000001,92.0,20.022,5,5,5,90.288
4.61,3.0,5.508,5.461,5.097,59.302,95.116,95.05,64.7,55.8,30.7,94.6,65.3,84.1,91.7,83.4,92.7,89.006,92.0,20.14,5,5,5,89.41
4.63,3.0,5.504,5.459,5.128,60.352,95.058,95.0,64.7,55.8,30.7,94.6,65.3,84.1,91.7,83.4,92.7,89.00399999999999,92.0,20.088,5,5,5,88.616
4.65,3.0,5.589,5.46,5.017,64.68299999999999,95.203,95.149,64.7,55.8,30.7,94.6,65.3,84.1,91.7,83.4,92.7,89.002,92.0,20.104,5,5,5,87.928
4.67,3.0,5.639,5.502,5.068,66.984,94.913,95.05,64.7,55.8,30.7,94.6,65.3,84.1,91.7,83.4,92.7,89.001,92.0,20.129,5,5,5,87.21300000000001
4.69,3.0,5.726,5.469,5.021,71.127,95.058,94.775,64.7,55.8,30.7,94.6,65.3,84.1,91.7,83.4,92.7,89.001,92.0,20.173000000000002,5,5,5,86.51100000000001
4.71,3.0,5.507,5.459,5.143,72.837,95.17399999999999,95.17399999999999,64.7,55.8,30.7,94.6,65.3,84.1,91.7,83.4,92.7,89.0,92.0,20.112000000000002,5,5,5,85.758
4.73,3.0,5.408,5.458,5.057,75.017,95.26100000000001,95.39699999999999,64.7,55.8,30.7,94.6,65.3,84.1,91.7,83.4,92.7,89.0,92.0,20.14,5,5,5,84.975
4.75,3.0,5.332,5.537,5.078,76.017,95.232,95.544,64.7,55.8,30.7,94.6,65.3,84.1,91.7,83.4,92.7,89.0,92.0,20.1,5,5,5,84.181
4.77,3.0,5.328,5.573,5.251,77.21,95.116,95.544,64.7,55.8,30.7,94.6,65.3,84.1,91.7,83.4,92.7,89.0,92.0,20.119999999999997,5,5,5,83.384
4.79,3.0,5.346,5.478,5.12,77.28,95.058,95.862,64.7,55.8,30.7,94.6,65.3,84.1,91.7,83.4,92.7,89.0,92.0,20.1,5,5,5,82.527
4.81,3.0,5.474,5.459,5.063,77.318,95.116,96.321,64.7,55.8,30.7,94.6,65.3,84.1,91.7,83.4,92.7,89.0,92.0,20.025,5,5,5,81.709
4.83,3.0,5.471,5.459,5.034,77.498,95.116,96.68,64.7,55.8,30.7,94.6,65.3,84.1,91.7,83.4,92.7,89.0,92.0,20.066,5,5,5,80.86
4.85,3.0,5.49,5.459,5.122,77.536,95.116,97.05799999999999,64.7,55.8,30.7,94.6,65.3,84.1,91.7,83.4,92.7,89.0,92.0,20.034,5,5,5,79.98
4.87,3.0,5.437,5.477,5.201,77.743,95.0,97.757,64.7,55.8,30.7,94.6,65.3,84.1,91.7,83.4,92.7,89.0,92.0,20.006999999999998,5,5,5,79.166
4.89,3.0,5.416,5.5120000000000005,5.068,78.005,95.087,98.805,64.7,55.8,30.7,94.6,65.3,84.1,91.7,83.4,92.7,89.0,92.0,20.079,5,5,5,78.28399999999999
4.91,3.0,5.451,5.526,5.135,78.277,95.116,100.258,64.7,55.8,30.7,94.6,65.3,84.1,91.7,83.4,92.7,89.0,92.0,20.070999999999998,5,5,5,77.439
4.93,3.0,5.39,5.464,5.133,78.935,95.405,102.485,64.7,55.8,30.7,94.6,65.3,84.1,91.7,83.4,92.7,89.0,92.0,20.08,5,5,5,76.612
4.95,3.0,5.542,5.458,5.107,78.959,95.116,105.1,64.7,55.8,30.7,94.6,65.3,84.1,91.7,83.4,92.7,89.0,92.0,20.131,5,5,5,75.78
4.97,3.0,5.435,5.493,5.072,79.61399999999999,95.203,109.492,64.7,55.8,30.7,94.6,65.3,84.1,91.7,83.4,92.7,89.0,92.0,20.125,5,5,5,74.937
4.99,3.0,5.483,5.496,5.177,79.334,95.17399999999999,117.50200000000001,64.7,55.8,30.7,94.6,65.3,84.1,91.7,83.4,92.7,89.0,92.0,20.028,5,5,5,74.078
5.01,3.0,5.59,5.478,5.092,80.066,95.203,128.255,64.8,55.8,30.6,94.4,65.2,84.1,91.7,83.4,92.7,89.0,92.0,20.025,5,5,5,73.237
5.03,3.0,5.58,5.465,5.139,80.306,95.17399999999999,145.278,64.8,55.8,30.6,94.4,65.2,84.1,91.7,83.4,92.7,89.0,92.0,19.991,5,5,5,72.391
5.05,3.0,5.409,5.772,5.222,80.611,95.548,178.45,64.8,55.8,30.6,94.4,65.2,84.1,91.7,83.4,92.7,89.0,92.0,20.127000000000002,5,5,5,71.56800000000001
5.07,3.0,5.462,6.17,5.226,80.903,96.059,242.96099999999998,64.8,55.8,30.6,94.4,65.2,84.1,91.7,83.4,92.613,89.0,92.0,19.607999999999997,5,5,5,70.708
5.09,3.0,5.563,6.063,5.1,81.527,97.6,237.94299999999998,64.8,55.8,30.6,94.4,65.2,84.1,91.7,83.4,92.563,89.0,92.0,19.414,5,5,5,69.86500000000001
5.11,3.0,5.468,6.77,5.162,81.76899999999999,99.435,234.013,64.8,55.8,30.6,94.4,65.2,84.1,91.7,83.4,92.536,89.0,92.0,19.380000000000003,5,5,5,69.025
5.13,3.0,5.474,6.98,5.147,82.205,101.78399999999999,232.519,64.8,55.8,30.6,94.4,65.2,84.1,91.7,83.35,92.52,89.0,92.0,19.434,5,5,5,68.18199999999999
5.15,3.0,5.332,6.869,5.105,82.041,104.955,231.738,64.8,55.8,30.6,94.4,65.2,84.1,91.7,83.28399999999999,92.51100000000001,89.0,92.0,19.34,5,5,5,67.339
5.17,3.0,5.401,7.204000000000001,5.201,82.25399999999999,108.545,231.59,64.8,55.8,30.6,94.4,65.2,84.1,91.7,83.247,92.506,89.0,92.0,19.372999999999998,5,5,5,66.485
5.19,3.0,5.493,7.707,5.14,81.09,111.634,231.36700000000002,64.8,55.8,30.6,94.4,65.2,84.1,91.7,83.227,92.50399999999999,89.0,92.0,19.467,5,5,5,65.593
5.21,3.0,5.418,7.798,5.164,78.64399999999999,114.586,230.625,64.8,55.8,30.6,94.4,65.2,84.1,91.7,83.215,92.502,89.0,92.0,19.378,5,5,5,64.671
5.23,3.0,5.472,8.213000000000001,5.19,76.762,118.046,229.50400000000002,64.8,55.8,30.6,94.4,65.2,84.1,91.7,83.208,92.501,89.0,92.0,19.386,5,5,5,63.695
5.25,3.0,5.461,9.120000000000001,5.076,74.262,121.193,228.28900000000002,64.8,55.8,30.6,94.4,65.2,84.1,91.7,83.205,92.501,89.0,92.0,19.427,5,5,5,62.756
5.27,3.0,5.455,10.011,5.102,72.464,124.965,227.102,64.8,55.8,30.6,94.4,65.2,84.1,91.7,83.203,92.5,89.0,92.0,19.424,5,5,5,61.835
5.29,3.0,5.523,10.611,5.117,71.28,130.17200000000003,225.88299999999998,64.8,55.8,30.6,94.4,65.2,84.1,91.7,83.20100000000001,92.5,89.0,92.0,19.408,5,5,5,60.907
5.31,3.0,5.652,11.236,5.143,71.02199999999999,135.907,224.524,64.8,55.8,30.6,94.4,65.2,84.1,91.7,83.20100000000001,92.5,89.0,92.0,19.442999999999998,5,5,5,60.006
5.33,3.0,5.524,11.690000000000001,5.175,70.815,142.082,223.013,64.8,55.8,30.6,94.4,65.2,84.1,91.7,83.2,92.5,89.0,92.0,19.449,5,5,5,59.147
5.35,3.0,5.322,12.097000000000001,5.489,70.808,149.55,221.558,64.8,55.8,30.6,94.4,65.2,84.1,91.7,83.2,92.5,89.0,92.0,19.482,5,5,5,58.286
5.37,3.0,5.319,12.783999999999999,5.741,71.093,160.35399999999998,219.94099999999997,64.8,55.8,30.6,94.4,65.2,84.1,91.7,83.2,92.5,89.0,92.0,19.415999999999997,5,5,5,57.428000000000004
5.39,3.0,5.418,12.781,6.446,71.548,179.627,218.76,64.8,55.8,30.6,94.4,65.2,84.1,91.7,83.2,92.5,89.0,92.0,19.426,5,5,5,56.575
5.41,3.0,5.589,13.5,6.783,71.056,235.22299999999998,218.43900000000002,64.8,55.8,30.6,94.4,65.2,84.1,91.7,83.2,92.5,89.0,92.0,19.42,5,5,5,55.713
5.43,3.0,5.823,13.869,7.093,71.561,242.544,218.261,64.8,55.8,30.6,94.4,65.2,84.1,91.7,83.2,92.5,89.0,92.0,19.429000000000002,5,5,5,54.876999999999995
5.45,3.0,5.8629999999999995,13.857000000000001,7.611000000000001,71.538,237.57299999999998,218.368,64.8,55.8,30.6,94.4,65.2,84.1,91.7,83.2,92.5,89.0,92.0,19.427,5,5,5,54.00899999999999
5.47,3.0,6.01,15.124,8.213000000000001,72.117,234.15400000000002,218.92700000000002,64.8,55.8,30.6,94.4,65.2,84.1,91.7,83.2,92.5,89.0,92.0,19.451999999999998,5,5,5,53.188
5.49,3.0,5.742,15.435,8.679,72.399,231.52900000000002,219.774,64.8,55.8,30.6,94.4,65.2,84.1,91.7,83.2,92.5,89.0,92.0,19.485,5,5,5,52.318999999999996
5.51,3.0,6.2170000000000005,15.594000000000001,9.247,72.557,229.308,220.53900000000002,64.8,55.8,30.6,94.4,65.2,84.1,91.7,83.2,92.5,89.0,92.0,19.412,5,5,5,51.473
5.53,3.0,6.125,15.460999999999999,9.636,70.184,227.421,220.99400000000003,64.8,55.8,30.6,94.4,65.2,84.1,91.7,83.2,92.5,89.0,92.0,19.437,5,5,5,50.655
5.55,3.0,6.106,16.653,10.198,70.05,225.581,221.09,64.8,55.8,30.6,94.4,65.2,84.05,91.7,83.2,92.5,89.0,92.0,19.46,5,5,5,49.957
5.57,3.0,6.473,16.468,10.375,68.628,223.958,220.99400000000003,64.8,55.8,30.6,94.4,65.2,83.984,91.7,83.2,92.5,89.0,92.0,19.415999999999997,5,5,5,49.236999999999995
5.59,3.0,6.696,17.437,10.912,68.976,223.301,220.707,64.8,55.8,30.6,94.4,65.2,83.947,91.7,83.2,92.5,89.0,92.0,19.415999999999997,5,5,5,48.561
5.61,3.0,7.006,16.742,11.189,68.765,222.96099999999998,220.24,64.8,55.8,30.6,94.4,65.2,83.92699999999999,91.7,83.2,92.5,89.0,92.0,19.429000000000002,5,5,5,47.88
5.63,3.0,6.896,17.825,11.576,68.989,222.549,219.607,64.8,55.8,30.6,94.4,65.2,83.915,91.7,83.2,92.5,89.0,92.0,19.444000000000003,5,5,5,47.191
5.65,3.0,7.147,17.731,11.631,69.601,222.209,218.796,64.8,55.8,30.6,94.4,65.2,83.908,91.7,83.2,92.5,89.0,92.0,19.455,5,5,5,46.522
5.67,3.0,7.25,17.956,12.121,69.277,221.979,217.88099999999997,64.8,55.8,30.6,94.4,65.2,83.905,91.7,83.2,92.5,89.0,92.0,19.436,5,5,5,45.858000000000004
5.69,3.0,7.276,18.105,12.501000000000001,70.067,221.90599999999998,216.908,64.8,55.8,30.6,94.4,65.2,83.903,91.7,83.2,92.5,89.0,91.931,19.409,5,5,5,45.166
5.71,3.0,7.443,18.887,12.623,69.225,221.785,215.88,64.8,55.8,30.6,94.4,65.2,83.902,91.7,83.2,92.5,89.0,91.874,19.469,5,5,5,44.508
5.73,3.0,7.5969999999999995,19.259,12.745000000000001,70.149,221.41,214.831,64.8,55.8,30.6,94.4,65.2,83.90100000000001,91.7,83.2,92.5,89.0,91.842,19.449,5,5,5,43.830999999999996
5.75,3.0,7.436999999999999,19.36,13.206,66.148,220.87900000000002,213.797,64.8,55.8,30.6,94.4,65.2,83.9,91.7,83.2,92.5,89.0,91.82300000000001,19.459000000000003,5,5,5,43.162
5.77,3.0,7.9,18.978,13.28,65.19800000000001,220.3,212.812,64.8,55.8,30.6,94.4,65.2,83.9,91.7,83.2,92.5,89.0,91.813,19.437,5,5,5,42.684
5.79,3.0,8.07,19.64,13.297,63.513999999999996,219.734,211.796,64.8,55.8,30.6,94.4,65.2,83.9,91.7,83.2,92.5,89.0,91.807,19.442,5,5,5,42.244
5.81,4.0,7.831,19.163,13.463,62.854,219.19299999999998,210.887,64.8,55.8,30.6,94.4,65.2,83.9,91.7,83.2,92.5,89.0,91.804,19.455,5,5,5,41.840999999999994
5.83,4.0,7.781000000000001,19.232,13.751,57.018,218.497,210.06099999999998,64.8,55.8,30.6,94.4,65.2,83.9,91.65,83.2,92.5,89.0,91.80199999999999,19.569000000000003,5,5,5,41.464
5.85,4.0,8.135,19.512,13.59,53.258,217.515,209.27200000000002,64.8,55.8,30.6,94.4,65.2,83.9,91.584,83.2,92.5,89.0,91.801,19.637999999999998,5,5,5,41.272
5.87,4.0,8.562,19.343,13.578,53.88,216.178,208.485,64.8,55.8,30.6,94.4,65.2,83.9,91.547,83.2,92.5,89.0,91.801,19.657,5,5,5,41.306
5.89,4.0,10.126000000000001,19.038,13.494,49.68,216.023,207.815,64.8,55.8,30.6,94.4,65.2,83.9,91.527,83.2,92.5,89.0,91.8,19.585,5,5,5,41.275
5.91,4.0,12.793,19.133,13.613999999999999,48.371,216.607,207.204,64.8,55.8,30.6,94.4,65.2,83.9,91.515,83.2,92.5,89.0,91.8,19.683,5,5,5,41.3
5.93,4.0,13.312999999999999,19.381999999999998,13.496,47.012,216.36900000000003,206.582,64.8,55.8,30.6,94.4,65.2,83.9,91.508,83.2,92.5,89.0,91.8,19.387999999999998,5,5,5,41.283
5.95,4.0,13.597999999999999,19.381999999999998,13.62,44.926,215.678,205.938,64.8,55.8,30.6,94.4,65.2,83.9,91.505,83.2,92.5,89.0,91.8,19.380000000000003,5,5,5,41.269999999999996
5.97,4.0,13.974,19.546,13.533999999999999,44.991,214.81,205.342,64.8,55.8,30.6,94.4,65.2,83.9,91.503,83.2,92.5,89.0,91.8,19.372,5,5,5,41.273
5.99,4.0,13.818999999999999,19.012999999999998,13.603,43.279,213.956,204.757,64.8,55.8,30.6,94.4,65.2,83.9,91.501,83.2,92.5,89.0,91.8,19.424,5,5,5,41.269999999999996
6.01,4.0,14.085,18.853,13.491,44.37,213.14,204.162,64.8,55.8,30.6,94.4,65.2,83.9,91.501,83.2,92.5,89.0,91.8,19.519,5,5,5,41.245000000000005
6.03,4.0,14.156,19.201999999999998,13.549,42.843,212.361,203.614,64.8,55.8,30.6,94.4,65.2,83.9,91.5,83.2,92.5,89.0,91.8,19.395,5,5,5,41.208
6.05,4.0,14.085,18.727,13.686,42.954,211.571,203.032,64.8,55.8,30.6,94.4,65.2,83.9,91.5,83.2,92.5,89.0,91.8,19.408,5,5,5,41.185
6.07,4.0,13.68,18.809,14.217,42.208,210.842,202.50799999999998,64.8,55.8,30.6,94.4,65.2,83.9,91.5,83.2,92.5,89.0,91.8,19.930999999999997,5,5,5,41.149
6.09,4.0,13.802999999999999,18.025,15.081,40.514,210.12599999999998,201.96200000000002,64.8,55.8,30.6,94.4,65.2,83.9,91.5,83.2,92.5,89.0,91.8,19.783,5,5,5,41.117
6.11,4.0,14.08,18.964,15.445,42.150999999999996,209.481,201.417,64.8,55.8,30.6,94.4,65.2,83.9,91.5,83.2,92.5,89.0,91.8,19.793,5,5,5,41.1
6.13,4.0,13.425,18.064999999999998,15.414000000000001,39.98,208.83700000000002,200.917,64.8,55.8,30.6,94.4,65.2,83.9,91.5,83.2,92.5,89.0,91.8,19.834000000000003,5,5,5,40.985
6.15,4.0,13.731,17.927,15.333,41.295,208.195,200.396,64.8,55.8,30.6,94.4,65.2,83.9,91.5,83.2,92.5,89.0,91.8,19.828,5,5,5,40.919
6.17,4.0,14.227,18.048000000000002,15.28,40.426,207.635,199.90900000000002,64.8,55.8,30.6,94.4,65.2,83.9,91.5,83.2,92.5,89.0,91.8,19.864,5,5,5,40.811
6.19,4.0,14.231,18.097,15.328,41.701,207.157,199.457,64.8,55.8,30.6,94.4,65.2,83.9,91.5,83.2,92.5,89.0,91.8,19.831,5,5,5,40.733000000000004
6.21,4.0,13.988,18.461,15.369000000000002,41.113,206.55200000000002,198.99400000000003,64.8,55.8,30.6,94.4,65.2,83.9,91.5,83.2,92.5,89.0,91.8,19.854,5,5,5,40.629000000000005
6.23,4.0,15.054,18.180999999999997,15.51,42.441,206.017,198.554,64.8,55.8,30.6,94.4,65.2,83.9,91.5,83.2,92.5,89.0,91.8,19.802999999999997,5,5,5,40.537
6.25,4.0,14.994,18.326999999999998,15.788,41.918,205.50599999999997,198.10299999999998,64.8,55.8,30.6,94.4,65.2,83.9,91.5,83.2,92.5,89.0,91.8,19.814,5,5,5,40.424
6.27,4.0,15.421,18.146,16.012,43.012,205.00799999999998,197.675,64.8,55.8,30.6,94.4,65.2,83.9,91.5,83.2,92.5,89.0,91.8,19.804000000000002,5,5,5,40.302
6.29,4.0,15.452,18.158,16.060000000000002,42.899,204.498,197.28099999999998,64.8,55.8,30.6,94.4,65.2,83.9,91.5,83.2,92.5,89.0,91.8,19.85,5,5,5,40.173
6.31,4.0,15.614,18.875999999999998,16.545,40.204,204.00099999999998,196.854,64.8,55.8,30.6,94.4,65.2,83.9,91.5,83.2,92.5,89.0,91.8,19.782,5,5,5,40.001999999999995
6.33,4.0,15.388,19.095,16.835,41.727,203.55,196.43900000000002,64.8,55.8,30.6,94.4,65.2,83.9,91.5,83.2,92.5,89.0,91.8,19.789,5,5,5,39.971000000000004
6.35,4.0,16.032,19.642000000000003,16.845999999999997,41.838,203.1,196.00099999999998,64.8,55.8,30.6,94.4,65.2,83.9,91.5,83.2,92.5,89.0,91.8,19.788,5,5,5,39.958
6.37,4.0,16.026,19.185000000000002,17.0,42.2,202.56900000000002,195.63099999999997,64.8,55.8,30.6,94.4,65.2,83.9,91.5,83.2,92.5,89.0,91.8,19.768,5,5,5,39.859
6.39,4.0,16.644,19.740000000000002,17.332,41.961999999999996,202.12,195.239,64.8,55.8,30.6,94.4,65.2,83.9,91.5,83.2,92.5,89.0,91.8,19.759999999999998,5,5,5,39.718
6.41,4.0,16.813,19.273,17.411,42.891999999999996,201.69400000000002,194.84799999999998,64.8,55.8,30.6,94.4,65.2,83.9,91.5,83.2,92.5,89.0,91.8,19.784,5,5,5,39.595
6.43,4.0,16.843,19.713,18.256999999999998,43.134,201.22299999999998,194.50099999999998,64.8,55.8,30.6,94.4,65.2,83.9,91.5,83.2,92.5,89.0,91.8,19.741,5,5,5,39.436
6.45,4.0,16.914,20.064999999999998,19.317,43.427,200.80900000000003,194.132,64.8,55.8,30.6,94.4,65.2,83.9,91.5,83.2,92.5,89.0,91.8,19.726,5,5,5,39.296
6.47,4.0,17.324,20.977,20.128,43.074,200.396,193.798,64.8,55.8,30.6,94.4,65.2,83.9,91.5,83.2,92.5,88.931,91.8,19.777,5,5,5,39.219
6.49,4.0,17.223,21.005,20.750999999999998,44.883,199.96,193.452,64.8,55.8,30.6,94.4,65.2,83.9,91.5,83.2,92.5,88.874,91.8,19.852,5,5,5,39.122
6.51,4.0,17.489,21.199,21.395,44.034,199.59400000000002,193.07299999999998,64.8,55.8,30.6,94.4,65.2,83.9,91.5,83.2,92.5,88.842,91.8,19.796,5,5,5,38.989999999999995
6.53,4.0,18.15,21.384,21.835,44.857,199.19299999999998,192.761,64.8,55.8,30.6,94.4,65.2,83.9,91.5,83.2,92.5,88.82300000000001,91.8,19.782,5,5,5,38.812
6.55,4.0,18.415,22.096,22.496,41.236,198.78099999999998,192.438,64.8,55.8,30.6,94.4,65.2,83.9,91.5,83.2,92.5,88.813,91.8,19.735999999999997,5,5,5,38.682
6.57,4.0,18.485999999999997,22.044,23.000999999999998,45.889,198.392,192.071,64.8,55.8,30.6,94.4,65.2,83.9,91.5,83.2,92.5,88.807,91.8,19.724,5,5,5,38.68300000000001
6.59,4.0,19.175,22.958,23.344,42.753,198.02700000000002,191.737,64.8,55.8,30.6,94.4,65.2,83.9,91.5,83.2,92.5,88.804,91.8,19.771,5,5,5,38.574
6.61,4.0,19.235,22.951,23.666,46.324,197.627,191.415,64.8,55.8,30.6,94.4,65.2,83.9,91.5,83.2,92.5,88.80199999999999,91.8,19.716,5,5,5,38.489000000000004
6.63,4.0,19.331,22.774,24.043,40.244,197.262,191.171,64.8,55.8,30.6,94.4,65.2,83.9,91.5,83.2,92.5,88.801,91.8,19.766,5,5,5,38.345
6.65,4.0,19.654000000000003,23.308,24.435,45.848,196.886,190.771,64.8,55.8,30.6,94.4,65.2,83.9,91.5,83.2,92.5,88.801,91.8,19.769,5,5,5,38.331999999999994
6.67,4.0,20.058,23.694000000000003,24.464000000000002,43.576,196.544,190.45,64.8,55.8,30.6,94.4,65.2,83.9,91.5,83.2,92.5,88.8,91.8,19.758,5,5,5,38.236000000000004
6.69,4.0,20.425,24.034000000000002,24.883,46.925,196.146,190.139,64.8,55.8,30.6,94.4,65.2,83.9,91.5,83.2,92.5,88.8,91.8,19.726,5,5,5,38.099000000000004
6.71,4.0,20.445,24.094,25.254,46.044,195.805,189.885,64.8,55.8,30.6,94.4,65.2,83.9,91.5,83.2,92.5,88.8,91.8,19.796,5,5,5,37.948
6.73,4.0,20.826999999999998,24.219,25.285999999999998,47.328,195.452,189.53,64.8,55.8,30.6,94.4,65.2,83.9,91.5,83.2,92.5,88.8,91.8,19.755000000000003,5,5,5,37.806
6.75,4.0,21.412,24.926,25.646,45.567,195.157,189.232,64.8,55.8,30.6,94.4,65.2,83.9,91.5,83.2,92.5,88.8,91.8,19.697000000000003,5,5,5,37.628
6.77,4.0,21.929000000000002,25.449,26.334,47.583,194.805,188.988,64.8,55.8,30.6,94.4,65.2,83.9,91.5,83.2,92.5,88.8,91.8,19.737000000000002,5,5,5,37.554
6.79,4.0,23.066,25.682,26.844,44.741,194.476,188.72299999999998,64.8,55.8,30.6,94.4,65.2,83.9,91.5,83.2,92.5,88.8,91.8,19.716,5,5,5,37.379000000000005
6.81,4.0,23.875,26.505,27.201999999999998,48.733999999999995,194.158,188.458,64.8,55.8,30.6,94.4,65.2,83.9,91.5,83.2,92.5,88.8,91.8,19.667,5,5,5,37.364999999999995
6.83,4.0,24.15,27.485,27.53,44.79,193.84099999999998,188.18200000000002,64.8,55.8,30.6,94.4,65.2,83.9,91.5,83.2,92.5,88.8,91.8,19.646,5,5,5,37.196
6.85,4.0,24.669,28.079,28.131,52.373999999999995,193.50099999999998,187.928,64.8,55.8,30.6,94.4,65.2,83.9,91.5,83.2,92.5,88.8,91.8,19.724,5,5,5,37.233000000000004
6.87,4.0,25.548000000000002,29.199,28.673000000000002,42.241,193.18400000000003,187.707,64.8,55.8,30.6,94.4,65.2,83.9,91.5,83.2,92.5,88.8,91.8,19.683,5,5,5,37.158
6.89,4.0,26.033,28.877,28.98,49.55,192.86700000000002,187.43200000000002,64.8,55.8,30.6,94.4,65.2,83.9,91.5,83.2,92.5,88.8,91.8,19.612000000000002,5,5,5,37.234
6.91,4.0,26.313000000000002,29.35,29.401999999999997,39.058,192.584,187.18900000000002,64.8,55.8,30.6,94.4,65.2,83.9,91.5,83.2,92.413,88.8,91.8,19.703,5,5,5,37.206999999999994
6.93,4.0,26.991999999999997,29.730999999999998,29.77,46.284,192.234,186.87,64.8,55.8,30.6,94.4,65.2,83.9,91.5,83.2,92.363,88.8,91.8,19.665,5,5,5,37.186
6.95,4.0,27.643,30.016,29.83,41.717,191.895,186.627,64.8,55.8,30.6,94.4,65.2,83.9,91.5,83.2,92.336,88.8,91.8,19.668,5,5,5,37.14
6.97,4.0,27.983,30.048000000000002,30.149,43.225,191.578,186.352,64.8,55.8,30.6,94.4,65.2,83.9,91.5,83.2,92.32,88.8,91.8,19.622999999999998,5,5,5,37.138000000000005
6.99,4.0,27.897,30.848000000000003,30.252,41.461999999999996,191.274,186.044,64.8,55.8,30.6,94.4,65.2,83.9,91.5,83.2,92.311,88.8,91.8,19.653,5,5,5,37.17
7.01,4.0,28.53,30.739,30.488000000000003,40.161,190.98,185.824,65.0,55.8,30.6,94.4,65.0,83.9,91.5,83.2,92.306,88.8,91.8,19.634,5,5,5,37.239999999999995
7.03,4.0,28.651999999999997,31.002,30.83,41.946999999999996,190.642,185.549,65.0,55.8,30.6,94.4,65.0,83.9,91.5,83.2,92.304,88.8,91.8,19.614,5,5,5,37.238
7.05,4.0,28.885,31.33,30.592,42.475,190.304,185.252,65.0,55.8,30.6,94.4,65.0,83.9,91.5,83.2,92.30199999999999,88.8,91.8,19.593,5,5,5,37.138000000000005
7.07,4.0,29.147,31.230999999999998,30.889,45.367,189.99900000000002,185.0,65.0,55.8,30.6,94.4,65.0,83.9,91.5,83.2,92.301,88.8,91.8,20.131,5,5,5,37.096999999999994
7.09,4.0,29.101,30.862,30.862,42.979,189.673,184.71400000000003,65.0,55.8,30.6,94.4,65.0,83.9,91.5,83.2,92.301,88.8,91.8,20.032,5,5,5,36.983000000000004
7.11,4.0,29.64,31.701999999999998,31.225,46.398,189.34599999999998,184.495,65.0,55.8,30.6,94.4,65.0,83.9,91.5,83.2,92.3,88.8,91.8,20.054000000000002,5,5,5,36.953
7.13,4.0,29.528000000000002,31.706,31.254,45.272,189.065,184.231,65.0,55.8,30.6,94.4,65.0,83.9,91.5,83.2,92.3,88.8,91.8,20.024,5,5,5,36.949
7.15,4.0,29.726,31.404,31.414,47.348,188.739,183.957,65.0,55.8,30.6,94.4,65.0,83.9,91.5,83.2,92.3,88.8,91.8,20.076,5,5,5,36.902
7.17,4.0,30.021,31.743000000000002,31.56,46.302,188.424,183.727,65.0,55.8,30.6,94.4,65.0,83.9,91.5,83.2,92.3,88.8,91.8,20.008,5,5,5,36.882
7.19,4.0,30.238000000000003,32.022,31.759,46.567,188.132,183.50799999999998,65.0,55.8,30.6,94.4,65.0,83.9,91.5,83.2,92.3,88.8,91.8,20.054000000000002,5,5,5,36.801
7.21,4.0,30.188000000000002,32.162,31.840999999999998,46.155,187.83900000000003,183.234,65.0,55.8,30.6,94.4,65.0,83.9,91.5,83.2,92.3,88.8,91.8,20.114,5,5,5,36.748000000000005
7.23,4.0,30.252,31.879,31.980999999999998,46.308,187.55900000000003,182.982,65.0,55.8,30.6,94.4,65.0,83.9,91.5,83.2,92.3,88.8,91.8,20.066,5,5,5,36.745999999999995
7.25,4.0,30.331,32.361000000000004,32.33,45.634,187.24400000000003,182.752,65.0,55.8,30.6,94.4,65.0,83.9,91.5,83.2,92.3,88.8,91.8,20.006,5,5,5,36.738
7.27,4.0,30.956,33.095,32.415,47.387,186.96400000000003,182.52200000000002,65.0,55.8,30.6,94.4,65.0,83.9,91.5,83.15,92.3,88.8,91.8,20.09,5,5,5,36.739000000000004
7.29,4.0,31.081999999999997,33.331,32.633,38.971,186.717,182.25900000000001,65.0,55.8,30.6,94.4,65.0,83.9,91.5,83.084,92.3,88.8,91.8,20.021,5,5,5,36.67
7.31,4.0,31.043000000000003,33.126999999999995,32.689,45.683,186.403,182.019,65.0,55.8,30.6,94.4,65.0,83.9,91.5,83.047,92.3,88.8,91.8,20.023,5,5,5,36.769000000000005
7.33,4.0,31.121,33.576,32.815,40.025,186.1,181.81099999999998,65.0,55.8,30.6,94.4,65.0,83.9,91.5,83.027,92.3,88.8,91.8,19.997,5,5,5,36.772
7.35,4.0,31.204,33.452,32.989999999999995,40.295,185.842,181.57,65.0,55.8,30.6,94.4,65.0,83.9,91.5,83.015,92.3,88.8,91.8,20.05,5,5,5,36.775999999999996
7.37,4.0,31.351,33.469,33.109,40.235,185.59599999999998,181.297,65.0,55.8,30.6,94.4,65.0,83.9,91.5,83.008,92.3,88.8,91.8,20.072000000000003,5,5,5,36.855999999999995
7.39,4.0,31.533,33.209,33.019000000000005,39.431999999999995,185.282,181.09,65.0,55.8,30.6,94.4,65.0,83.9,91.5,83.005,92.3,88.8,91.8,20.032,5,5,5,36.955
7.41,4.0,31.37,33.411,33.111000000000004,31.747,185.013,180.838,65.0,55.8,30.6,94.4,65.0,83.9,91.5,83.003,92.3,88.8,91.8,20.093,5,5,5,37.055
7.43,4.0,32.230999999999995,33.412,32.976,38.779,184.71099999999998,180.62,65.0,55.8,30.6,94.4,65.0,83.9,91.5,83.001,92.3,88.8,91.8,20.070999999999998,5,5,5,37.161
7.45,4.0,31.899,33.932,32.894999999999996,37.004,184.50900000000001,180.33599999999998,65.0,55.8,30.6,94.4,65.0,83.9,91.5,83.001,92.3,88.8,91.8,20.055999999999997,5,5,5,37.141
7.47,4.0,31.971,33.519999999999996,32.671,38.785,184.15099999999998,180.085,65.0,55.8,30.6,94.4,65.0,83.9,91.5,83.0,92.3,88.8,91.8,20.063,5,5,5,37.105999999999995
7.49,4.0,31.986,33.001,32.709,40.904,183.88299999999998,179.856,65.0,55.8,30.6,94.4,65.0,83.9,91.5,83.0,92.3,88.8,91.8,20.109,5,5,5,37.086
7.51,4.0,31.673000000000002,32.787,32.646,37.993,183.614,179.649,65.0,55.8,30.6,94.4,65.0,83.9,91.5,83.0,92.3,88.8,91.8,20.062,5,5,5,37.072
7.53,4.0,31.766,33.428,32.515,42.36,183.334,179.37599999999998,65.0,55.8,30.6,94.4,65.0,83.9,91.5,83.0,92.3,88.8,91.8,20.028,5,5,5,37.083
7.55,4.0,31.61,33.425,32.36,37.891,183.06599999999997,179.14700000000002,65.0,55.8,30.6,94.4,65.0,83.9,91.5,83.0,92.3,88.8,91.8,20.017000000000003,5,5,5,36.964
7.57,4.0,31.822,33.006,32.506,45.443000000000005,182.731,178.918,65.0,55.8,30.6,94.4,65.0,83.9,91.5,83.0,92.3,88.8,91.8,20.040999999999997,5,5,5,36.977
7.59,4.0,31.799,33.214,32.249,36.868,182.507,178.689,65.0,55.8,30.6,94.4,65.0,83.9,91.5,83.0,92.3,88.8,91.8,20.024,5,5,5,36.944
7.61,4.0,31.546999999999997,33.795,32.35,41.256,182.28400000000002,178.428,65.0,55.8,30.6,94.4,65.0,83.9,91.5,83.0,92.3,88.8,91.8,19.994,5,5,5,36.948
7.63,4.0,31.476999999999997,33.247,32.205,41.032,182.005,178.232,65.0,55.8,30.6,94.4,65.0,83.9,91.5,83.0,92.3,88.8,91.8,20.076,5,5,5,36.951
7.65,4.0,31.43,32.95,32.284000000000006,41.298,181.71400000000003,178.014,65.0,55.8,30.6,94.4,65.0,83.9,91.5,83.0,92.3,88.8,91.8,20.177,5,5,5,36.876999999999995
7.67,4.0,31.748,32.638999999999996,32.19199999999999,40.285,181.435,177.764,65.0,55.8,30.6,94.4,65.0,83.9,91.5,83.0,92.3,88.8,91.8,20.09,5,5,5,36.799
7.69,4.0,31.575,33.203,32.073,39.157,181.21200000000002,177.546,65.0,55.8,30.6,94.4,65.0,83.9,91.5,83.0,92.3,88.8,91.8,20.139000000000003,5,5,5,36.824
7.71,4.0,32.17,33.182,32.182,37.366,180.93200000000002,177.372,65.0,55.8,30.6,94.4,65.0,83.9,91.5,83.0,92.3,88.8,91.8,20.134,5,5,5,36.931
7.73,4.0,31.546999999999997,33.459,32.348,34.023,180.665,177.121,65.0,55.8,30.6,94.4,65.0,83.9,91.5,83.0,92.3,88.8,91.8,20.085,5,5,5,37.012
7.75,4.0,31.737,32.894999999999996,32.281,38.582,180.39700000000002,176.882,65.0,55.8,30.6,94.4,65.0,83.9,91.45,83.0,92.3,88.8,91.8,20.043,5,5,5,37.135000000000005
7.77,4.0,31.47,33.286,32.012,36.549,180.185,176.654,65.0,55.8,30.6,94.4,65.0,83.9,91.384,83.0,92.3,88.8,91.8,20.040999999999997,5,5,5,37.171
7.79,4.0,31.084,32.935,32.178,39.591,179.928,176.491,65.0,55.8,30.6,94.4,65.0,83.9,91.347,83.0,92.3,88.8,91.8,20.122999999999998,5,5,5,37.144999999999996
7.81,4.0,31.235,32.898,32.087,39.089,179.671,176.327,65.0,55.8,30.6,94.4,65.0,83.9,91.327,83.0,92.3,88.8,91.8,20.040999999999997,5,5,5,37.028000000000006
7.83,4.0,31.455,32.648,31.965,41.38,179.437,176.066,65.0,55.8,30.6,94.4,65.0,83.9,91.315,83.0,92.3,88.8,91.8,20.125999999999998,5,5,5,36.962
7.85,4.0,31.33,32.568,31.796,41.375,179.236,175.849,65.0,55.8,30.6,94.4,65.0,83.9,91.308,83.0,92.3,88.8,91.8,20.104,5,5,5,36.839
7.87,4.0,31.145,32.605999999999995,31.793000000000003,44.344,178.96900000000002,175.664,65.0,55.8,30.6,94.4,65.0,83.9,91.305,83.0,92.3,88.8,91.8,20.073,5,5,5,36.785
7.89,4.0,31.416999999999998,32.563,31.878,39.382,178.71200000000002,175.447,65.0,55.8,30.6,94.4,65.0,83.9,91.303,83.0,92.3,88.8,91.8,20.07,5,5,5,36.671
7.91,4.0,31.171999999999997,32.620999999999995,31.927,43.812,178.45600000000002,175.262,65.0,55.8,30.6,94.4,65.0,83.9,91.301,83.0,92.3,88.8,91.8,20.097,5,5,5,36.655
7.93,4.0,31.144000000000002,32.153999999999996,32.131,37.863,178.233,175.056,65.0,55.8,30.6,94.4,65.0,83.9,91.301,83.0,92.3,88.8,91.8,20.028,5,5,5,36.626999999999995
7.95,4.0,31.079,33.036,32.001999999999995,40.813,177.999,174.86,65.0,55.8,30.6,94.4,65.0,83.9,91.3,83.0,92.3,88.8,91.8,20.109,5,5,5,36.653999999999996
7.97,4.0,31.070999999999998,32.811,32.397,44.314,177.776,174.741,65.0,55.8,30.6,94.4,65.0,83.9,91.3,83.0,92.3,88.8,91.8,20.091,5,5,5,36.655
7.99,4.0,31.07,33.037,32.349000000000004,41.504,177.541,174.502,65.0,55.8,30.6,94.4,65.0,83.9,91.3,83.0,92.3,88.8,91.8,20.136,5,5,5,36.595
8.01,4.0,31.008000000000003,32.455,32.243,46.251000000000005,177.31799999999998,174.306,65.0,55.8,30.6,94.4,65.0,83.9,91.3,83.0,92.3,88.8,91.8,20.154000000000003,5,5,5,36.574
8.03,4.0,31.064,32.863,32.236000000000004,41.899,177.107,174.067,65.0,55.8,30.6,94.4,65.0,83.9,91.3,83.0,92.3,88.8,91.8,20.087,5,5,5,36.436
8.05,4.0,31.414,32.727,32.403000000000006,44.821,176.861,173.937,65.0,55.8,30.6,94.4,65.0,83.9,91.3,83.0,92.3,88.8,91.8,19.576999999999998,5,5,5,36.421
8.07,4.0,31.013,33.194,32.554,43.498000000000005,176.683,173.74200000000002,65.0,55.8,30.6,94.4,65.0,83.9,91.3,83.0,92.3,88.8,91.8,19.474,5,5,5,36.424
8.09,4.0,31.418000000000003,33.199,32.757,45.173,176.494,173.524,65.0,55.8,30.6,94.4,65.0,83.9,91.3,83.0,92.3,88.8,91.8,19.355,5,5,5,36.403999999999996
8.11,4.0,31.255,32.72,32.547,41.298,176.215,173.394,65.0,55.8,30.6,94.4,65.0,83.9,91.3,83.0,92.3,88.8,91.8,19.311,5,5,5,36.318
8.13,4.0,31.357,32.725,32.659000000000006,43.438,176.037,173.253,65.0,55.8,30.6,94.4,65.0,83.9,91.3,83.0,92.3,88.8,91.8,19.392000000000003,5,5,5,36.312
8.15,4.0,31.255,33.483000000000004,32.965999999999994,41.732,175.80200000000002,173.003,65.0,55.8,30.6,94.4,65.0,83.9,91.3,83.0,92.3,88.8,91.8,19.345999999999997,5,5,5,36.311
8.17,4.0,31.596999999999998,33.462,32.978,42.654,175.613,172.808,65.0,55.8,30.6,94.4,65.0,83.9,91.3,83.0,92.3,88.8,91.8,19.380000000000003,5,5,5,36.382
8.19,4.0,31.058000000000003,33.368,32.992,36.493,175.401,172.656,65.0,55.8,30.6,94.4,65.0,83.9,91.3,83.0,92.3,88.8,91.8,19.369,5,5,5,36.421
8.21,4.0,31.333000000000002,33.224000000000004,33.076,39.404,175.201,172.472,65.0,55.8,30.6,94.4,65.0,83.9,91.3,83.0,92.3,88.8,91.8,19.391,5,5,5,36.510999999999996
8.23,4.0,31.403000000000002,33.022,33.225,38.967,175.0,172.309,65.0,55.8,30.6,94.4,65.0,83.9,91.3,83.0,92.3,88.8,91.8,19.399,5,5,5,36.533
8.25,4.0,31.463,33.68,33.181,39.681,174.822,172.124,65.0,55.8,30.6,94.4,65.0,83.9,91.3,83.0,92.3,88.8,91.8,19.401,5,5,5,36.551
8.27,4.0,31.480999999999998,33.53,33.282,41.836999999999996,174.58700000000002,171.983,65.0,55.8,30.6,94.4,65.0,83.9,91.3,83.0,92.3,88.8,91.8,19.433,5,5,5,36.522
8.29,4.0,31.416,33.244,33.184,40.722,174.409,171.83100000000002,65.0,55.8,30.6,94.4,65.0,83.9,91.3,83.0,92.3,88.8,91.8,19.380000000000003,5,5,5,36.501999999999995
8.31,4.0,31.811,33.119,33.023,44.735,174.197,171.571,65.0,55.8,30.6,94.4,65.0,83.9,91.3,83.0,92.3,88.8,91.8,19.437,5,5,5,36.519999999999996
8.33,4.0,31.75,33.458,33.049,37.72,174.00799999999998,171.43,65.0,55.8,30.6,94.4,65.0,83.9,91.3,83.0,92.3,88.8,91.8,19.433,5,5,5,36.516999999999996
8.35,4.0,31.49,33.825,33.126999999999995,41.298,173.81799999999998,171.18,65.0,55.8,30.6,94.4,65.0,83.9,91.3,83.0,92.3,88.8,91.8,19.366,5,5,5,36.525
8.37,4.0,31.741,33.537,33.006,43.679,173.606,171.039,65.0,55.8,30.6,94.4,65.0,83.9,91.3,83.0,92.3,88.8,91.8,19.4,5,5,5,36.519000000000005
8.39,4.0,31.558000000000003,33.363,32.936,41.208,173.38299999999998,170.822,65.0,55.8,30.6,94.4,65.0,83.9,91.3,83.0,92.3,88.8,91.8,19.403,5,5,5,36.415
8.41,4.0,31.093000000000004,33.566,33.213,43.86,173.183,170.725,65.0,55.8,30.6,94.4,65.0,83.9,91.3,83.0,92.3,88.8,91.71300000000001,19.451999999999998,5,5,5,36.411
8.43,4.0,31.974,33.999,33.137,43.7,173.004,170.54,65.0,55.8,30.6,94.4,65.0,83.9,91.3,83.0,92.3,88.8,91.663,19.493000000000002,5,5,5,36.315
8.45,4.0,32.016999999999996,33.298,33.116,44.181999999999995,172.803,170.334,65.0,55.8,30.6,94.4,65.0,83.85,91.3,83.0,92.3,88.8,91.63600000000001,19.438,5,5,5,36.243
8.47,4.0,31.939,33.601,33.05800000000001,43.813,172.60299999999998,170.18200000000002,65.0,55.8,30.6,94.4,65.0,83.78399999999999,91.3,83.0,92.3,88.8,91.62,19.458,5,5,5,36.103
8.49,4.0,31.26,33.667,33.206,47.461000000000006,172.435,169.976,65.0,55.8,30.6,94.4,65.0,83.747,91.3,83.0,92.3,88.8,91.611,19.490000000000002,5,5,5,36.023
8.51,4.0,31.719,33.501999999999995,33.292,45.260999999999996,172.22299999999998,169.857,65.0,55.8,30.6,94.4,65.0,83.727,91.3,83.0,92.3,88.8,91.60600000000001,19.415999999999997,5,5,5,35.906
8.53,4.0,31.549,33.769000000000005,33.535,49.146,172.045,169.673,65.0,55.8,30.6,94.4,65.0,83.715,91.3,83.0,92.3,88.8,91.604,19.437,5,5,5,35.906
8.55,4.0,31.988000000000003,33.611999999999995,33.562,45.235,171.878,169.542,65.0,55.8,30.6,94.4,65.0,83.708,91.3,83.0,92.3,88.8,91.602,19.367,5,5,5,35.744
8.57,4.0,31.590999999999998,33.659000000000006,33.854,47.964,171.69899999999998,169.391,65.0,55.8,30.6,94.4,65.0,83.705,91.3,83.0,92.3,88.8,91.601,19.4,5,5,5,35.718
8.59,4.0,31.765,34.132,33.965999999999994,45.926,171.554,169.239,65.0,55.8,30.6,94.4,65.0,83.703,91.3,83.0,92.3,88.8,91.601,19.405,5,5,5,35.635000000000005
8.61,4.0,31.953000000000003,34.221000000000004,34.373000000000005,51.088,171.342,169.065,65.0,55.8,30.6,94.4,65.0,83.70100000000001,91.3,83.0,92.3,88.8,91.6,19.451,5,5,5,35.635999999999996
8.63,4.0,31.848000000000003,34.126,34.695,47.856,171.141,168.957,65.0,55.8,30.6,94.4,65.0,83.70100000000001,91.3,83.0,92.3,88.8,91.6,19.451,5,5,5,35.503
8.65,4.0,32.328,34.537,34.831999999999994,50.927,170.985,168.805,65.0,55.8,30.6,94.4,65.0,83.7,91.3,83.0,92.3,88.8,91.6,19.484,5,5,5,35.471999999999994
8.67,4.0,32.489000000000004,34.804,35.199,48.295,170.817,168.664,65.0,55.8,30.6,94.4,65.0,83.7,91.3,83.0,92.3,88.8,91.6,19.503,5,5,5,35.34
8.69,4.0,32.311,35.672,35.426,50.718,170.661,168.54399999999998,65.0,55.8,30.6,94.4,65.0,83.7,91.3,83.0,92.3,88.8,91.6,19.421,5,5,5,35.298
8.71,4.0,32.523,35.43300000000001,35.823,51.736999999999995,170.516,168.338,65.0,55.8,30.6,94.4,65.0,83.7,91.3,83.0,92.3,88.8,91.6,19.529000000000003,5,5,5,35.293000000000006
8.73,4.0,32.702,35.659000000000006,35.958,48.781000000000006,170.34799999999998,168.241,65.0,55.8,30.6,94.4,65.0,83.7,91.3,83.0,92.3,88.8,91.6,19.474,5,5,5,35.238
8.75,4.0,32.81699999999999,35.546,36.245000000000005,51.333,170.181,168.089,65.0,55.8,30.6,94.4,65.0,83.7,91.3,83.0,92.3,88.8,91.6,19.436,5,5,5,35.236000000000004
8.77,4.0,33.243,36.14,36.44199999999999,50.813,170.058,167.958,65.0,55.8,30.6,94.4,65.0,83.7,91.3,83.0,92.3,88.8,91.6,19.465,5,5,5,35.185
8.79,4.0,33.193,35.971999999999994,36.851,50.753,169.901,167.80700000000002,65.0,55.8,30.6,94.4,65.0,83.7,91.3,83.0,92.3,88.8,91.6,19.441,5,5,5,35.17
8.81,4.0,33.479,36.581,36.96,50.239,169.734,167.69799999999998,65.0,55.8,30.6,94.4,65.0,83.7,91.3,83.0,92.3,88.8,91.6,19.438,5,5,5,35.114000000000004
8.83,4.0,33.876,37.515,37.143,49.519,169.566,167.535,65.0,55.8,30.6,94.4,65.0,83.7,91.3,83.0,92.3,88.8,91.6,19.384999999999998,5,5,5,35.076
8.85,4.0,33.519000000000005,37.298,37.522,50.93600000000001,169.421,167.416,65.0,55.8,30.6,94.4,65.0,83.7,91.3,83.0,92.3,88.8,91.6,19.441,5,5,5,35.053
8.87,4.0,33.561,37.063,37.76,46.18899999999999,169.309,167.275,65.0,55.8,30.6,94.4,65.0,83.7,91.3,83.0,92.3,88.8,91.6,19.413,5,5,5,35.004000000000005
8.89,4.0,34.099000000000004,37.603,37.949,49.63399999999999,169.085,167.112,65.0,55.8,30.6,94.4,65.0,83.7,91.3,83.0,92.3,88.8,91.6,19.433,5,5,5,35.039
8.91,4.0,33.794,38.265,38.139,44.372,168.94,166.94899999999998,65.0,55.8,30.6,94.4,65.0,83.7,91.3,83.0,92.3,88.8,91.6,19.396,5,5,5,35.044
8.93,4.0,34.373000000000005,38.329,38.201,47.855,168.795,166.852,65.0,55.8,30.6,94.4,65.0,83.7,91.3,83.0,92.3,88.8,91.6,19.353,5,5,5,35.085
8.95,4.0,34.679,38.015,38.229,43.303000000000004,168.638,166.667,65.0,55.8,30.6,94.4,65.0,83.7,91.3,83.0,92.3,88.8,91.6,19.363,5,5,5,35.079
8.97,4.0,34.394000000000005,38.494,38.426,45.193000000000005,168.515,166.558,65.0,55.8,30.6,94.4,65.0,83.7,91.3,83.0,92.3,88.8,91.6,19.421,5,5,5,35.09
8.99,4.0,34.836,38.667,38.556999999999995,40.149,168.325,166.385,65.0,55.8,30.6,94.4,65.0,83.7,91.3,83.0,92.3,88.8,91.6,19.430999999999997,5,5,5,35.191
9.01,4.0,35.225,39.01,38.57,44.04,168.168,166.254,65.1,55.8,30.6,94.5,64.8,83.7,91.3,83.0,92.3,88.8,91.6,19.447000000000003,5,5,5,35.343
9.03,4.0,35.486999999999995,38.311,38.64,43.504,168.011,166.059,65.1,55.8,30.6,94.5,64.8,83.7,91.3,83.0,92.3,88.8,91.6,19.363,5,5,5,35.388000000000005
9.05,4.0,35.07,39.211,38.771,40.609,167.832,165.929,65.1,55.8,30.6,94.5,64.8,83.7,91.3,83.0,92.3,88.8,91.6,19.636,5,5,5,35.482
9.07,4.0,35.772,38.951,38.5,38.836,167.687,165.755,65.1,55.8,30.6,94.5,64.8,83.7,91.3,83.0,92.3,88.8,91.6,19.612000000000002,5,5,5,35.608000000000004
9.09,4.0,35.75,38.902,38.564,37.645,167.519,165.614,65.1,55.8,30.6,94.5,64.8,83.7,91.3,83.0,92.3,88.8,91.6,19.542,5,5,5,35.760000000000005
9.11,4.0,35.973,38.613,38.537,32.739999999999995,167.373,165.407,65.1,55.8,30.6,94.5,64.8,83.7,91.3,83.0,92.3,88.8,91.6,19.57,5,5,5,35.872
9.13,4.0,35.730000000000004,38.835,38.29,38.202,167.127,165.234,65.1,55.8,30.6,94.5,64.8,83.7,91.3,83.0,92.3,88.8,91.6,19.576999999999998,5,5,5,36.001
9.15,4.0,35.723,38.96,38.092,30.809,167.015,165.158,65.1,55.8,30.6,94.5,64.8,83.7,91.3,83.0,92.3,88.8,91.6,19.628,5,5,5,36.052
9.17,4.0,35.786,38.971,38.05,34.102,166.779,164.984,65.1,55.8,30.6,94.5,64.8,83.7,91.3,83.0,92.3,88.8,91.6,19.628,5,5,5,36.238
9.19,4.0,35.41,38.982,37.794000000000004,34.103,166.611,164.72299999999998,65.1,55.8,30.6,94.5,64.8,83.7,91.3,83.0,92.3,88.8,91.6,19.576999999999998,5,5,5,36.396
9.21,4.0,35.653999999999996,38.595,37.577,36.239999999999995,166.454,164.625,65.1,55.8,30.6,94.5,64.8,83.7,91.3,83.0,92.3,88.8,91.6,19.535,5,5,5,36.480999999999995
9.23,4.0,35.824,38.096,37.268,30.866,166.263,164.44,65.1,55.8,30.6,94.5,64.8,83.7,91.3,83.0,92.3,88.8,91.6,19.557000000000002,5,5,5,36.463
9.25,4.0,35.28,38.242,37.027,31.105,166.106,164.266,65.1,55.8,30.6,94.5,64.8,83.7,91.3,83.0,92.3,88.8,91.6,19.605,5,5,5,36.523
9.27,4.0,35.760000000000005,38.461999999999996,36.626,31.116,165.938,164.114,65.1,55.8,30.6,94.5,64.8,83.7,91.3,83.0,92.3,88.8,91.6,19.617,5,5,5,36.69199999999999
9.29,4.0,35.408,37.968,36.354,30.337,165.747,163.929,65.1,55.8,30.6,94.5,64.8,83.7,91.3,83.0,92.3,88.8,91.6,19.614,5,5,5,36.840999999999994
9.31,4.0,35.628,37.764,35.973,26.831,165.545,163.72299999999998,65.1,55.8,30.6,94.5,64.8,83.7,91.3,83.0,92.3,88.8,91.6,19.65,5,5,5,37.004999999999995
9.33,4.0,35.1,37.196,35.728,31.423000000000002,165.332,163.53799999999998,65.1,55.8,30.6,94.5,64.8,83.7,91.3,83.0,92.3,88.8,91.6,19.525,5,5,5,37.132
9.35,4.0,35.062,37.510999999999996,35.458,29.616999999999997,165.197,163.39600000000002,65.1,55.8,30.6,94.5,64.8,83.7,91.3,83.0,92.3,88.8,91.6,19.616,5,5,5,37.135000000000005
9.37,4.0,35.205,36.899,34.887,32.632,165.017,163.244,65.1,55.8,30.6,94.5,64.8,83.7,91.3,83.0,92.3,88.8,91.6,19.59,5,5,5,37.084
9.39,4.0,35.344,35.995000000000005,34.463,30.448,164.815,163.07,65.1,55.8,30.6,94.5,64.8,83.7,91.3,83.0,92.3,88.8,91.6,19.567999999999998,5,5,5,36.956
9.41,4.0,34.80800000000001,36.827,34.198,35.536,164.612,162.852,65.1,55.8,30.6,94.5,64.8,83.7,91.3,83.0,92.3,88.8,91.6,19.567999999999998,5,5,5,36.946
9.43,4.0,34.364000000000004,36.153999999999996,33.840999999999994,29.320999999999998,164.455,162.7,65.1,55.8,30.6,94.5,64.8,83.7,91.3,83.0,92.3,88.8,91.6,19.639000000000003,5,5,5,36.897
9.45,4.0,34.56,36.032,33.756,36.102,164.275,162.569,65.1,55.8,30.6,94.5,64.8,83.7,91.3,83.0,92.3,88.8,91.6,19.55,5,5,5,37.031
9.47,4.0,34.359,35.388999999999996,33.533,30.013,164.072,162.34,65.1,55.8,30.6,94.5,64.8,83.7,91.3,83.0,92.3,88.8,91.6,19.664,5,5,5,37.088
9.49,4.0,34.07,35.212,33.35,38.726,163.858,162.22,65.1,55.8,30.6,94.5,64.8,83.7,91.3,83.0,92.3,88.8,91.6,19.572000000000003,5,5,5,37.248000000000005
9.51,4.0,34.405,35.149,32.943,32.664,163.72299999999998,161.981,65.1,55.8,30.6,94.5,64.8,83.7,91.3,83.0,92.3,88.8,91.6,19.672,5,5,5,37.15
9.53,4.0,34.162,35.161,32.618,36.915,163.52,161.85,65.1,55.8,30.6,94.5,64.8,83.7,91.3,83.0,92.3,88.8,91.6,19.688,5,5,5,37.18300000000001
9.55,4.0,33.968,34.939,32.518,34.007,163.34,161.806,65.1,55.8,30.6,94.5,64.8,83.7,91.3,83.0,92.3,88.8,91.6,19.538,5,5,5,37.119
9.57,4.0,34.239999999999995,34.875,32.465,41.196,163.18200000000002,161.556,65.1,55.8,30.6,94.5,64.8,83.7,91.3,83.0,92.3,88.8,91.6,19.549,5,5,5,37.120000000000005
9.59,4.0,33.46,34.339,32.161,35.233000000000004,162.99,161.447,65.1,55.8,30.6,94.5,64.8,83.7,91.3,83.0,92.3,88.8,91.6,19.558,5,5,5,36.896
9.61,4.0,33.174,33.989000000000004,31.967,44.271,162.81,161.22899999999998,65.1,55.8,30.6,94.5,64.8,83.7,91.3,83.0,92.3,88.8,91.6,19.504,5,5,5,36.837
9.63,4.0,33.105000000000004,34.037,31.859,36.723,162.697,161.119,65.1,55.8,30.6,94.5,64.8,83.7,91.3,83.0,92.3,88.8,91.6,19.509,5,5,5,36.617
9.65,4.0,33.032,33.760999999999996,31.666999999999998,46.27,162.471,160.95600000000002,65.1,55.8,30.6,94.5,64.8,83.7,91.3,83.0,92.3,88.8,91.6,19.524,5,5,5,36.513999999999996
9.67,4.0,33.141,33.794,31.601,37.062,162.358,160.803,65.1,55.8,30.6,94.5,64.8,83.7,91.3,83.0,92.3,88.8,91.6,19.547,5,5,5,36.286
9.69,4.0,32.742,33.885999999999996,31.636999999999997,48.357,162.155,160.672,65.1,55.8,30.6,94.5,64.8,83.7,91.3,83.0,92.3,88.8,91.6,19.588,5,5,5,36.230000000000004
9.71,4.0,32.217,33.93300000000001,31.967,38.163000000000004,161.96200000000002,160.57399999999998,65.1,55.8,30.6,94.5,64.8,83.7,91.388,83.0,92.3,88.8,91.6,19.521,5,5,5,35.969
9.73,4.0,32.461,33.745000000000005,31.985,45.891,161.838,160.44299999999998,65.1,55.8,30.6,94.5,64.8,83.7,91.437,83.0,92.3,88.8,91.6,19.529000000000003,5,5,5,35.859
9.75,4.0,32.635000000000005,34.131,32.262,39.431999999999995,161.668,160.366,65.1,55.8,30.6,94.5,64.8,83.7,91.464,83.0,92.3,88.8,91.6,19.524,5,5,5,35.619
9.77,4.0,32.588,34.552,32.349000000000004,43.103,161.453,160.224,65.1,55.8,30.6,94.5,64.8,83.7,91.48,83.0,92.3,88.8,91.6,19.544,5,5,5,35.628
9.79,4.0,32.678,33.751,32.748000000000005,39.583,161.329,160.039,65.1,55.8,30.6,94.5,64.8,83.7,91.48899999999999,83.0,92.3,88.8,91.6,19.529000000000003,5,5,5,35.631
9.81,4.0,32.638000000000005,34.68,32.89,44.519,161.18200000000002,159.96200000000002,65.1,55.8,30.6,94.5,64.8,83.7,91.494,83.0,92.3,88.8,91.6,19.555999999999997,5,5,5,35.681
9.83,4.0,32.4,33.896,33.296,43.84,161.08,159.886,65.1,55.8,30.6,94.5,64.8,83.7,91.49600000000001,83.0,92.3,88.8,91.6,19.514000000000003,5,5,5,35.638999999999996
9.85,4.0,32.68,34.607,33.456999999999994,43.059,160.898,159.733,65.1,55.8,30.6,94.5,64.8,83.7,91.498,83.0,92.3,88.8,91.6,19.506999999999998,5,5,5,35.578
9.87,4.0,32.562,34.480000000000004,33.581999999999994,46.461000000000006,160.72799999999998,159.645,65.1,55.8,30.6,94.5,64.8,83.7,91.499,83.0,92.3,88.8,91.6,19.54,5,5,5,35.516999999999996
9.89,4.0,32.306,34.05,33.622,44.982,160.60399999999998,159.536,65.1,55.8,30.6,94.5,64.8,83.7,91.499,83.0,92.3,88.8,91.6,19.509999999999998,5,5,5,35.379000000000005
9.91,4.0,32.146,34.943,33.772,46.358999999999995,160.45600000000002,159.394,65.1,55.8,30.6,94.5,64.8,83.7,91.5,83.0,92.3,88.8,91.6,19.531,5,5,5,35.31
9.93,4.0,32.355999999999995,35.124,34.018,46.18600000000001,160.263,159.273,65.1,55.8,30.6,94.5,64.8,83.7,91.5,83.0,92.3,88.8,91.6,19.529000000000003,5,5,5,35.272
9.95,4.0,32.275999999999996,35.205,34.293000000000006,42.558,160.116,159.186,65.1,55.8,30.6,94.5,64.8,83.7,91.5,83.0,92.3,88.8,91.6,19.492,5,5,5,35.277
9.97,4.0,32.336,34.89,34.44,47.081,159.97899999999998,159.109,65.1,55.8,30.6,94.5,64.8,83.7,91.5,83.0,92.3,88.8,91.6,19.465,5,5,5,35.331
9.99,4.0,32.34,35.367,34.493,38.728,159.877,158.923,65.1,55.8,30.6,94.5,64.8,83.7,91.5,83.0,92.3,88.8,91.6,19.462,5,5,5,35.368
10.01,4.0,32.204,35.748000000000005,34.844,45.327,159.684,158.869,65.1,55.8,30.6,94.5,64.8,83.7,91.5,83.0,92.3,88.8,91.6,19.504,5,5,5,35.41
10.03,4.0,32.006,35.705,34.894000000000005,43.539,159.57,158.737,65.1,55.8,30.6,94.5,64.8,83.7,91.5,83.0,92.3,88.8,91.6,19.499000000000002,5,5,5,35.373000000000005
10.05,4.0,32.355999999999995,35.564,35.18,45.781,159.434,158.639,65.1,55.8,30.6,94.5,64.8,83.7,91.5,83.0,92.3,88.8,91.6,20.127000000000002,5,5,5,35.343
10.07,4.0,32.406,36.196,35.096999999999994,46.21,159.308,158.496,65.1,55.8,30.6,94.5,64.8,83.7,91.5,83.0,92.3,88.8,91.6,20.012999999999998,5,5,5,35.315
10.09,4.0,32.152,35.905,35.122,45.809,159.115,158.332,65.1,55.8,30.6,94.5,64.8,83.7,91.5,83.0,92.3,88.8,91.6,20.057000000000002,5,5,5,35.221000000000004
10.11,4.0,31.965,35.888000000000005,35.247,43.718,158.99,158.266,65.1,55.8,30.6,94.5,64.8,83.7,91.5,83.0,92.3,88.8,91.6,20.029000000000003,5,5,5,35.185
10.13,4.0,32.166,35.986999999999995,35.282,47.004,158.887,158.135,65.1,55.8,30.6,94.5,64.8,83.7,91.5,83.0,92.3,88.8,91.6,20.000999999999998,5,5,5,35.223
10.15,4.0,32.263999999999996,35.885000000000005,35.650999999999996,45.055,158.705,158.014,65.1,55.8,30.6,94.5,64.8,83.7,91.5,83.0,92.3,88.8,91.6,20.063,5,5,5,35.184
10.17,4.0,32.289,36.321,35.555,43.718,158.511,157.85,65.1,55.8,30.6,94.5,64.8,83.7,91.5,83.0,92.3,88.8,91.6,20.022,5,5,5,35.129999999999995
10.19,4.0,32.265,36.239000000000004,35.864000000000004,44.495,158.408,157.74,65.1,55.8,30.6,94.5,64.8,83.7,91.5,83.0,92.3,88.8,91.6,19.994999999999997,5,5,5,35.132
10.21,4.0,32.331999999999994,35.469,35.882,38.162,158.27100000000002,157.674,65.1,55.8,30.6,94.5,64.8,83.7,91.5,83.0,92.3,88.8,91.6,20.054000000000002,5,5,5,35.173
10.23,4.0,32.43,36.224000000000004,35.864999999999995,43.325,158.157,157.553,65.1,55.8,30.6,94.5,64.8,83.7,91.5,83.0,92.3,88.8,91.625,20.063,5,5,5,35.344
10.25,4.0,32.322,36.125,36.077,35.734,157.963,157.378,65.1,55.8,30.6,94.5,64.8,83.7,91.5,83.0,92.3,88.8,91.702,20.055999999999997,5,5,5,35.464
10.27,4.0,32.687,35.989000000000004,35.72,40.448,157.872,157.279,65.1,55.8,30.6,94.5,64.8,83.7,91.5,83.0,92.3,88.8,91.745,20.064999999999998,5,5,5,35.638000000000005
10.29,4.0,32.230000000000004,36.31,35.753,32.323,157.7,157.125,65.1,55.8,30.6,94.5,64.8,83.7,91.5,83.0,92.3,88.8,91.76899999999999,20.048000000000002,5,5,5,35.691
10.31,4.0,32.697,36.412,35.754000000000005,41.983000000000004,157.54,156.982,65.1,55.8,30.6,94.5,64.8,83.7,91.5,83.0,92.3,88.8,91.782,20.002000000000002,5,5,5,35.879000000000005
10.33,4.0,32.412,36.573,35.503,33.381,157.414,156.862,65.1,55.8,30.6,94.5,64.8,83.7,91.5,83.0,92.3,88.8,91.79,20.021,5,5,5,35.835
10.35,4.0,32.370000000000005,35.956,35.566,38.361999999999995,157.27700000000002,156.73,65.1,55.8,30.6,94.5,64.8,83.7,91.5,83.0,92.3,88.8,91.794,20.075,5,5,5,35.934
10.37,4.0,32.5,37.022,35.471000000000004,31.766,157.093,156.59799999999998,65.1,55.8,30.6,94.5,64.8,83.7,91.5,83.0,92.3,88.8,91.797,19.994,5,5,5,36.049
10.39,4.0,32.488,36.019999999999996,35.456,37.222,157.002,156.477,65.1,55.8,30.6,94.5,64.8,83.7,91.5,83.0,92.3,88.8,91.798,20.064999999999998,5,5,5,36.107
10.41,4.0,32.527,36.538,35.469,30.149,156.85299999999998,156.356,65.1,55.8,30.6,94.5,64.8,83.7,91.5,83.0,92.3,88.8,91.79899999999999,20.047,5,5,5,36.274
10.43,4.0,32.035,36.273,35.269999999999996,36.652,156.66899999999998,156.235,65.1,55.8,30.6,94.5,64.8,83.7,91.5,83.0,92.3,88.8,91.79899999999999,20.149,5,5,5,36.396
10.45,4.0,32.467,35.9,34.876,29.734,156.509,156.048,65.1,55.8,30.6,94.5,64.8,83.7,91.5,83.0,92.3,88.8,91.8,20.087,5,5,5,36.480999999999995
10.47,4.0,32.065,36.266,34.729,36.418000000000006,156.359,155.937,65.1,55.8,30.6,94.5,64.8,83.7,91.5,83.0,92.3,88.8,91.8,20.076999999999998,5,5,5,36.653999999999996
10.49,4.0,32.335,35.80800000000001,34.381,30.389,156.164,155.717,65.1,55.8,30.6,94.5,64.8,83.7,91.5,83.0,92.3,88.8,91.8,20.055,5,5,5,36.681
10.51,4.0,32.122,35.28,34.324,35.995999999999995,156.061,155.57399999999998,65.1,55.8,30.6,94.5,64.8,83.7,91.5,83.0,92.3,88.8,91.8,20.104,5,5,5,36.769000000000005
10.53,4.0,32.25,35.303,33.741,30.463,155.877,155.453,65.1,55.8,30.6,94.5,64.8,83.7,91.5,83.0,92.3,88.8,91.8,20.095,5,5,5,36.738
10.55,4.0,31.704,35.14,33.6,35.105999999999995,155.773,155.287,65.1,55.8,30.6,94.5,64.8,83.7,91.5,83.0,92.3,88.8,91.8,20.106,5,5,5,36.786
10.57,4.0,32.032,34.57,33.236000000000004,29.728,155.635,155.13299999999998,65.1,55.8,30.6,94.5,64.8,83.7,91.5,83.0,92.3,88.8,91.8,20.042,5,5,5,36.783
10.59,4.0,31.945,34.664,33.133,32.876999999999995,155.451,155.011,65.1,55.8,30.6,94.5,64.8,83.7,91.5,83.0,92.3,88.8,91.8,20.078,5,5,5,36.819
10.61,4.0,32.181,35.088,32.94,28.125999999999998,155.335,154.879,65.1,55.8,30.6,94.5,64.8,83.7,91.5,83.0,92.3,88.825,91.8,20.195999999999998,5,5,5,36.887
10.63,4.0,32.228,34.7,32.684,34.239999999999995,155.186,154.746,65.1,55.8,30.6,94.5,64.8,83.7,91.5,83.0,92.3,88.902,91.8,20.119999999999997,5,5,5,36.82
10.65,4.0,31.976999999999997,34.870999999999995,32.551,28.471,155.047,154.658,65.1,55.8,30.6,94.5,64.8,83.7,91.5,83.0,92.3,88.945,91.8,20.209000000000003,5,5,5,36.754999999999995
10.67,4.0,31.94,34.575,32.259,32.066,154.89700000000002,154.503,65.1,55.8,30.6,94.5,64.8,83.7,91.5,83.0,92.3,88.969,91.8,20.186,5,5,5,36.685
10.69,4.0,31.633000000000003,34.576,32.378,39.199,154.759,154.349,65.1,55.8,30.6,94.5,64.8,83.7,91.5,83.0,92.3,88.982,91.8,20.174,5,5,5,36.679
10.71,4.0,31.500999999999998,34.028000000000006,31.956,32.298,154.597,154.249,65.1,55.8,30.6,94.5,64.8,83.7,91.5,83.0,92.3,88.99,91.8,20.101,5,5,5,36.486000000000004
10.73,4.0,32.069,33.65,31.822,41.218,154.481,154.083,65.1,55.8,30.6,94.5,64.8,83.7,91.5,83.0,92.3,88.994,91.8,20.095,5,5,5,36.346000000000004
10.75,4.0,31.89,33.744,31.879,38.218,154.296,153.97299999999998,65.1,55.8,30.6,94.5,64.8,83.7,91.5,83.0,92.3,88.997,91.8,20.155,5,5,5,36.135999999999996
10.77,4.0,31.333000000000002,34.629000000000005,31.78,40.288000000000004,154.18,153.851,65.1,55.8,30.6,94.5,64.8,83.7,91.5,83.0,92.3,88.998,91.8,20.051,5,5,5,36.079
10.79,4.0,31.57,34.234,31.666999999999998,45.034,154.053,153.773,65.1,55.8,30.6,94.5,64.8,83.7,91.5,83.0,92.3,88.999,91.8,20.149,5,5,5,36.013999999999996
10.81,4.0,31.135,33.929,31.968000000000004,39.657,153.856,153.596,65.1,55.8,30.6,94.5,64.8,83.7,91.5,83.0,92.3,88.999,91.8,20.048000000000002,5,5,5,35.888999999999996
10.83,4.0,31.23,33.766,31.771,47.273,153.74,153.519,65.1,55.8,30.6,94.5,64.8,83.7,91.5,83.0,92.3,89.0,91.8,20.107,5,5,5,35.853
10.85,4.0,31.131999999999998,34.463,31.947,37.17,153.613,153.39700000000002,65.1,55.8,30.6,94.5,64.8,83.7,91.5,83.0,92.3,89.0,91.8,20.062,5,5,5,35.652
10.87,4.0,31.088,33.751999999999995,32.292,45.594,153.438,153.252,65.1,55.8,30.6,94.5,64.8,83.7,91.5,83.0,92.35,89.0,91.8,20.216,5,5,5,35.613
10.89,4.0,31.107,33.698,32.372,40.388000000000005,153.322,153.208,65.1,55.8,30.6,94.5,64.8,83.7,91.5,83.0,92.416,89.0,91.8,20.099,5,5,5,35.436
10.91,4.0,31.073,33.604,32.564,49.724,153.125,153.053,65.1,55.8,30.6,94.5,64.8,83.7,91.5,83.0,92.453,89.0,91.8,20.242,5,5,5,35.385000000000005
10.93,4.0,30.533,33.61,32.702,38.875,153.055,153.042,65.1,55.8,30.6,94.5,64.8,83.7,91.5,83.0,92.473,89.0,91.8,20.133,5,5,5,35.303
10.95,4.0,31.041999999999998,33.803,32.869,46.486000000000004,152.904,152.89700000000002,65.1,55.8,30.6,94.5,64.8,83.7,91.5,83.0,92.485,89.0,91.8,20.088,5,5,5,35.306
10.97,4.0,30.529,34.120000000000005,33.027,45.711999999999996,152.776,152.74200000000002,65.1,55.8,30.6,94.5,64.8,83.7,91.5,83.0,92.492,89.0,91.8,20.04,5,5,5,35.193
10.99,4.0,30.487,33.854,33.113,47.79600000000001,152.671,152.709,65.1,55.8,30.6,94.5,64.8,83.7,91.5,83.0,92.495,89.0,91.8,20.089,5,5,5,35.065
11.01,4.0,30.465999999999998,34.827,33.289,48.982,152.543,152.609,65.3,55.8,30.6,94.7,64.7,83.7,91.5,83.0,92.497,89.0,91.8,20.074,5,5,5,34.943
11.03,4.0,30.936999999999998,34.577,33.458,49.626999999999995,152.38,152.509,65.3,55.8,30.6,94.7,64.7,83.7,91.5,83.0,92.499,89.0,91.8,19.66,5,5,5,34.883
11.05,4.0,31.212,34.743,33.657,49.145,152.204,152.364,65.3,55.8,30.6,94.7,64.7,83.7,91.5,83.0,92.499,89.0,91.8,19.668,5,5,5,34.823
11.07,4.0,30.823,34.936,34.041,48.903999999999996,152.123,152.32,65.3,55.8,30.6,94.7,64.7,83.7,91.5,83.0,92.5,89.0,91.8,19.58,5,5,5,34.821
11.09,4.0,30.704,35.049,34.257,45.68,151.983,152.175,65.3,55.8,30.6,94.7,64.7,83.7,91.5,83.0,92.5,89.0,91.8,19.477,5,5,5,34.85
11.11,4.0,30.55,35.223,34.525999999999996,45.92,151.866,152.119,65.3,55.8,30.6,94.7,64.7,83.7,91.5,83.0,92.5,89.0,91.8,19.560000000000002,5,5,5,34.922
11.13,4.0,30.627,34.973,34.713,45.349000000000004,151.714,152.019,65.3,55.8,30.6,94.7,64.7,83.7,91.569,83.0,92.5,89.0,91.8,19.576,5,5,5,35.03
11.15,4.0,30.423000000000002,34.947,34.977,45.906,151.62,151.852,65.3,55.8,30.6,94.7,64.7,83.7,91.626,83.0,92.5,89.0,91.8,19.715,5,5,5,35.084
11.17,4.0,30.518,35.762,34.887,41.37,151.48,151.763,65.3,55.8,30.6,94.7,64.7,83.7,91.658,83.0,92.5,89.0,91.8,19.572000000000003,5,5,5,35.086
11.19,4.0,30.627,35.715999999999994,34.905,38.02,151.374,151.785,65.3,55.8,30.6,94.7,64.7,83.7,91.67699999999999,83.0,92.5,89.0,91.8,19.523,5,5,5,35.159000000000006
11.21,4.0,30.506999999999998,35.673,35.001,39.067,151.222,151.641,65.3,55.8,30.6,94.7,64.7,83.7,91.687,83.0,92.5,89.0,91.8,19.558,5,5,5,35.312
11.23,4.0,30.386,35.797,34.971000000000004,38.482,150.987,151.317,65.3,55.8,30.6,94.7,64.7,83.7,91.693,83.0,92.5,89.0,91.8,19.726,5,5,5,35.492
11.25,4.0,30.465999999999998,35.763000000000005,34.94199999999999,36.971999999999994,150.964,151.362,65.3,55.8,30.6,94.7,64.7,83.7,91.696,83.0,92.5,89.0,91.8,19.504,5,5,5,35.518
11.27,4.0,30.432,35.336,35.034000000000006,35.001,150.811,151.239,65.3,55.8,30.6,94.7,64.7,83.7,91.69800000000001,83.0,92.5,89.0,91.8,19.699,5,5,5,35.626
11.29,4.0,30.759,35.438,34.775999999999996,37.549,150.68200000000002,151.094,65.3,55.8,30.6,94.7,64.7,83.7,91.699,83.0,92.5,89.0,91.8,19.537,5,5,5,35.719
11.31,4.0,30.694000000000003,35.711,34.518,35.484,150.6,150.982,65.3,55.8,30.6,94.7,64.7,83.7,91.699,83.0,92.5,89.0,91.8,19.555999999999997,5,5,5,35.736000000000004
11.33,4.0,30.613000000000003,35.605000000000004,34.579,37.361,150.458,150.882,65.3,55.8,30.6,94.7,64.7,83.7,91.7,83.0,92.5,89.0,91.8,19.485999999999997,5,5,5,35.758
11.35,4.0,30.784000000000002,35.193,34.441,42.992,150.317,150.792,65.3,55.8,30.6,94.7,64.7,83.7,91.7,83.0,92.5,89.0,91.8,19.625999999999998,5,5,5,35.709
11.37,4.0,31.125,35.576,34.287,36.068,150.211,150.692,65.3,55.8,30.6,94.7,64.7,83.7,91.7,83.069,92.5,89.0,91.8,19.549,5,5,5,35.68
11.39,4.0,30.362,35.885000000000005,34.379000000000005,44.145,150.08100000000002,150.513,65.3,55.8,30.6,94.7,64.7,83.7,91.7,83.126,92.5,89.0,91.8,19.464,5,5,5,35.678
11.41,4.0,30.671999999999997,35.254999999999995,34.153000000000006,34.364999999999995,149.928,150.47899999999998,65.3,55.8,30.6,94.7,64.7,83.7,91.7,83.158,92.5,89.0,91.8,19.592,5,5,5,35.601
11.43,4.0,30.622,35.292,34.098,44.553000000000004,149.786,150.334,65.3,55.8,30.6,94.7,64.7,83.788,91.7,83.17699999999999,92.5,89.0,91.8,19.618000000000002,5,5,5,35.535
11.45,4.0,30.511999999999997,35.525,34.11,35.383,149.645,150.244,65.3,55.8,30.6,94.7,64.7,83.837,91.7,83.187,92.5,89.0,91.8,19.506999999999998,5,5,5,35.385000000000005
11.47,4.0,30.424,35.07,33.857,45.562,149.55,150.076,65.3,55.8,30.6,94.7,64.7,83.86399999999999,91.7,83.193,92.5,89.0,91.8,19.625999999999998,5,5,5,35.446
11.49,4.0,30.625999999999998,34.824,34.043000000000006,35.302,149.467,149.998,65.3,55.8,30.6,94.7,64.7,83.88,91.7,83.196,92.5,89.0,91.8,19.581,5,5,5,35.323
11.51,4.0,30.471999999999998,35.04,34.064,43.584,149.29,149.852,65.3,55.8,30.6,94.7,64.7,83.889,91.7,83.19800000000001,92.5,89.0,91.8,19.505000000000003,5,5,5,35.266999999999996
11.53,4.0,30.461,35.383,34.033,46.449,149.136,149.74,65.3,55.8,30.6,94.7,64.7,83.89399999999999,91.7,83.199,92.5,89.0,91.8,19.559,5,5,5,35.277
11.55,4.0,30.105999999999998,35.016,34.051,42.793,149.077,149.65,65.3,55.8,30.6,94.7,64.7,83.896,91.7,83.199,92.5,89.0,91.8,19.561,5,5,5,35.2
11.57,4.0,30.741,34.9,33.736000000000004,49.173,148.934,149.526,65.3,55.8,30.6,94.7,64.7,83.898,91.7,83.2,92.5,89.0,91.8,19.587,5,5,5,35.225
11.59,4.0,30.781,35.47,34.119,41.506,148.792,149.414,65.3,55.8,30.6,94.7,64.7,83.899,91.7,83.2,92.5,89.0,91.8,19.547,5,5,5,35.081999999999994
11.61,4.0,30.355999999999998,35.368,34.196,46.902,148.638,149.32399999999998,65.3,55.8,30.6,94.7,64.7,83.899,91.7,83.2,92.5,89.0,91.8,19.583,5,5,5,35.07
11.63,4.0,30.11,34.864000000000004,33.962,44.778,148.566,149.21200000000002,65.3,55.8,30.6,94.7,64.7,83.9,91.7,83.2,92.5,89.0,91.8,19.563,5,5,5,35.059
11.65,4.0,30.557,35.131,34.228,47.677,148.483,149.144,65.3,55.8,30.6,94.7,64.7,83.9,91.7,83.2,92.5,89.0,91.8,19.598,5,5,5,34.992
11.67,4.0,30.204,34.967,34.407,45.184,148.233,148.964,65.3,55.8,30.6,94.7,64.7,83.9,91.7,83.2,92.5,89.0,91.8,19.548000000000002,5,5,5,34.882
11.69,4.0,29.916999999999998,35.485,34.331999999999994,48.248999999999995,148.174,148.91899999999998,65.3,55.8,30.6,94.7,64.7,83.9,91.7,83.2,92.5,89.0,91.8,19.586,5,5,5,34.861000000000004
11.71,4.0,29.99,35.469,34.688,44.907,148.043,148.795,65.3,55.8,30.6,94.7,64.7,83.9,91.7,83.2,92.5,89.0,91.8,19.593,5,5,5,34.868
11.73,4.0,30.392,35.959,34.566,48.858000000000004,147.936,148.75,65.3,55.8,30.6,94.7,64.7,83.9,91.7,83.2,92.5,89.0,91.8,19.59,5,5,5,34.937
11.75,4.0,30.193,35.31,34.685,39.663000000000004,147.78,148.559,65.3,55.8,30.6,94.7,64.7,83.9,91.7,83.2,92.5,89.0,91.8,19.548000000000002,5,5,5,34.973
11.77,4.0,30.348000000000003,35.191,34.734,45.069,147.697,148.559,65.3,55.8,30.6,94.7,64.7,83.9,91.7,83.2,92.5,89.0,91.8,19.586,5,5,5,35.036
11.79,4.0,30.051,35.426,34.837,37.742,147.565,148.412,65.3,55.8,30.6,94.7,64.7,83.9,91.7,83.2,92.5,89.0,91.8,19.607999999999997,5,5,5,35.041
11.81,4.0,30.095,35.072,34.864000000000004,38.551,147.47,148.333,65.3,55.8,30.6,94.7,64.7,83.9,91.7,83.2,92.5,89.0,91.8,19.636,5,5,5,35.114999999999995
11.83,4.0,30.252,35.388000000000005,34.763000000000005,43.389,147.338,148.209,65.3,55.8,30.6,94.7,64.7,83.9,91.7,83.2,92.5,89.0,91.8,19.59,5,5,5,35.225
11.85,4.0,30.663,35.859,34.687,41.257,147.219,148.141,65.3,55.8,30.6,94.7,64.7,83.9,91.7,83.2,92.5,89.0,91.8,19.597,5,5,5,35.193
11.87,4.0,30.448,35.585,34.650999999999996,45.414,147.14700000000002,148.05100000000002,65.3,55.8,30.6,94.7,64.7,83.9,91.7,83.2,92.5,89.0,91.8,19.630000000000003,5,5,5,35.120999999999995
11.89,4.0,29.919,35.542,34.685,45.044000000000004,146.991,147.916,65.3,55.8,30.6,94.7,64.7,83.9,91.7,83.2,92.5,89.0,91.8,19.64,5,5,5,34.985
11.91,4.0,30.006,35.403000000000006,34.494,48.11,146.835,147.836,65.3,55.8,30.6,94.7,64.7,83.9,91.7,83.2,92.5,89.0,91.8,19.622999999999998,5,5,5,34.887
11.93,4.0,29.761,35.535,34.791,48.195,146.763,147.71200000000002,65.3,55.8,30.6,94.7,64.7,83.9,91.7,83.2,92.5,89.0,91.8,19.616,5,5,5,34.78
11.95,4.0,29.909000000000002,35.614999999999995,34.787,50.464,146.631,147.622,65.3,55.8,30.6,94.7,64.7,83.9,91.7,83.2,92.5,89.0,91.8,19.579,5,5,5,34.619
11.97,4.0,30.084,35.885999999999996,34.836,51.802,146.499,147.474,65.3,55.8,30.6,94.7,64.7,83.9,91.7,83.2,92.5,89.0,91.8,19.59,5,5,5,34.507
11.99,4.0,30.301,35.882,34.861999999999995,53.678000000000004,146.366,147.418,65.3,55.8,30.6,94.7,64.7,83.9,91.7,83.2,92.5,89.0,91.8,19.557000000000002,5,5,5,34.329
12.01,4.0,29.863000000000003,36.266999999999996,35.006,54.555,146.27,147.35,65.3,55.8,30.6,94.7,64.7,83.9,91.7,83.2,92.5,89.0,91.8,19.551,5,5,5,34.204
12.03,4.0,29.55,35.842,35.315,55.155,146.149,147.27,65.3,55.8,30.6,94.7,64.7,83.9,91.7,83.2,92.5,89.0,91.8,19.583,5,5,5,34.013000000000005
12.05,4.0,29.73,36.134,35.361999999999995,56.118,146.053,147.18,65.3,55.8,30.6,94.7,64.7,83.9,91.7,83.2,92.5,89.0,91.8,19.478,5,5,5,33.831
12.07,4.0,30.038,36.259,35.525999999999996,57.361000000000004,145.95600000000002,147.078,65.3,55.8,30.6,94.7,64.7,83.9,91.7,83.2,92.5,89.0,91.8,19.472,5,5,5,33.664
12.09,4.0,29.967,36.677,35.743,58.004,145.8,147.066,65.3,55.8,30.6,94.7,64.7,83.9,91.7,83.2,92.5,89.0,91.85,19.52,5,5,5,33.484
12.11,4.0,29.891,36.929,36.218,58.833,145.715,146.953,65.3,55.8,30.6,94.7,64.7,83.9,91.7,83.2,92.5,89.0,91.916,19.491,5,5,5,33.359
12.13,4.0,30.163,37.485,36.596999999999994,59.821000000000005,145.63,146.93,65.3,55.8,30.6,94.7,64.7,83.9,91.7,83.2,92.5,89.0,91.953,19.494,5,5,5,33.188
12.15,4.0,29.927,37.273,37.103,60.973,145.485,146.839,65.3,55.8,30.6,94.7,64.7,83.9,91.7,83.2,92.5,89.0,91.973,19.456,5,5,5,33.04
12.17,4.0,29.51,37.68,37.431,62.256,145.376,146.79399999999998,65.3,55.8,30.6,94.7,64.7,83.9,91.7,83.2,92.5,89.0,91.985,19.447000000000003,5,5,5,32.894999999999996
12.19,4.0,29.924,38.209,37.841,62.743,145.243,146.76,65.3,55.8,30.6,94.7,64.7,83.9,91.7,83.2,92.5,89.025,91.992,19.473,5,5,5,32.786
12.21,4.0,29.771,39.177,38.43,63.034,145.17,146.749,65.3,55.8,30.6,94.7,64.7,83.9,91.7,83.2,92.5,89.102,91.995,19.455,5,5,5,32.668000000000006
12.23,4.0,29.79,39.549,38.811,63.998000000000005,145.013,146.68,65.3,55.8,30.6,94.7,64.7,83.9,91.7,83.2,92.5,89.145,91.997,19.445,5,5,5,32.581999999999994
12.25,4.0,30.053,40.111999999999995,39.531,63.606,144.976,146.658,65.3,55.8,30.6,94.7,64.7,83.9,91.78699999999999,83.2,92.5,89.169,91.999,19.463,5,5,5,32.459
12.27,4.0,29.881999999999998,40.46,40.242,64.535,144.928,146.624,65.3,55.8,30.6,94.7,64.7,83.9,91.837,83.2,92.5,89.182,91.999,19.494999999999997,5,5,5,32.367
12.29,4.0,30.272,41.45,40.381,63.498000000000005,144.806,146.54399999999998,65.3,55.8,30.6,94.7,64.7,83.9,91.86399999999999,83.2,92.5,89.19,92.0,19.519,5,5,5,32.251
12.31,4.0,30.274,41.857,40.85,64.935,144.697,146.487,65.3,55.8,30.6,94.7,64.7,83.9,91.88,83.2,92.5,89.194,92.0,19.53,5,5,5,32.208
12.33,4.0,30.869,42.672,41.195,63.935,144.624,146.39600000000002,65.3,55.8,30.6,94.7,64.7,83.9,91.889,83.2,92.5,89.197,92.0,19.579,5,5,5,32.131
12.35,4.0,30.738000000000003,43.083,41.82,65.19200000000001,144.53799999999998,146.351,65.3,55.8,30.6,94.7,64.7,83.9,91.89399999999999,83.2,92.5,89.19800000000001,92.0,19.599,5,5,5,32.103
12.37,4.0,30.919,44.258,42.247,65.142,144.429,146.282,65.3,55.8,30.6,94.7,64.7,83.9,91.896,83.2,92.5,89.199,92.0,19.542,5,5,5,32.090999999999994
12.39,4.0,31.135,44.758,42.609,64.877,144.356,146.237,65.3,55.8,30.6,94.7,64.7,83.9,91.898,83.2,92.5,89.199,92.0,19.487000000000002,5,5,5,32.051
12.41,4.0,31.445,45.42,42.849000000000004,65.46600000000001,144.25799999999998,146.157,65.3,55.8,30.6,94.7,64.7,83.9,91.899,83.2,92.525,89.2,92.0,19.475,5,5,5,32.025
12.43,4.0,31.746,45.746,43.12,65.05799999999999,144.16,146.077,65.3,55.8,30.6,94.7,64.7,83.9,91.899,83.2,92.602,89.2,92.0,19.457,5,5,5,31.976999999999997
12.45,4.0,31.644000000000002,45.968999999999994,43.438,65.257,144.112,146.066,65.3,55.8,30.6,94.7,64.7,83.9,91.9,83.2,92.645,89.2,92.0,19.407,5,5,5,31.965
12.47,4.0,32.111000000000004,46.563,43.746,64.964,144.05100000000002,145.929,65.3,55.8,30.6,94.7,64.7,83.9,91.9,83.2,92.669,89.2,92.0,19.42,5,5,5,31.955
12.49,4.0,32.171,46.982,44.373000000000005,64.399,143.953,145.861,65.3,55.8,30.6,94.7,64.7,83.9,91.9,83.2,92.682,89.2,92.0,19.474,5,5,5,31.95
12.51,4.0,32.527,47.147,44.453,63.849,143.892,145.781,65.3,55.8,30.6,94.7,64.7,83.9,91.9,83.2,92.69,89.2,92.0,19.547,5,5,5,31.949
12.53,4.0,32.551,47.606,44.69,63.278999999999996,143.782,145.655,65.3,55.8,30.6,94.7,64.7,83.9,91.9,83.2,92.694,89.2,92.0,19.61,5,5,5,31.947
12.55,4.0,32.815,47.895,45.010999999999996,62.67,143.659,145.59799999999998,65.3,55.8,30.6,94.7,64.7,83.9,91.9,83.2,92.697,89.2,92.0,19.628,5,5,5,31.943
12.57,4.0,33.359,48.118,44.925,61.906000000000006,143.586,145.507,65.3,55.8,30.6,94.7,64.7,83.9,91.9,83.2,92.69800000000001,89.2,92.0,19.652,5,5,5,31.938000000000002
12.59,4.0,33.43,48.875,45.171,61.43899999999999,143.524,145.392,65.3,55.8,30.6,94.7,64.7,83.9,91.9,83.2,92.699,89.2,92.0,19.7,5,5,5,31.944000000000003
12.61,4.0,33.783,48.428999999999995,45.283,60.76,143.414,145.32399999999998,65.3,55.8,30.6,94.7,64.7,83.9,91.9,83.2,92.699,89.2,92.0,19.714,5,5,5,31.945
12.63,4.0,33.626999999999995,49.111999999999995,45.516999999999996,60.61600000000001,143.34,145.278,65.3,55.8,30.6,94.7,64.7,83.9,91.9,83.2,92.7,89.2,92.0,19.687,5,5,5,31.948
12.65,4.0,34.292,49.236000000000004,45.685,60.445,143.267,145.164,65.3,55.8,30.6,94.7,64.7,83.9,91.9,83.2,92.7,89.2,92.0,19.634,5,5,5,31.955
12.67,4.0,34.547,49.641000000000005,45.8,60.203,143.181,145.003,65.3,55.8,30.6,94.7,64.7,83.9,91.9,83.2,92.7,89.2,92.0,19.704,5,5,5,31.963
12.69,4.0,34.625,49.586000000000006,45.743,59.242,143.07,144.969,65.3,55.8,30.6,94.7,64.7,83.9,91.9,83.2,92.7,89.2,92.0,19.604,5,5,5,31.962
12.71,4.0,34.891,49.871,45.974,58.825,143.00799999999998,144.85399999999998,65.3,55.8,30.6,94.7,64.7,83.9,91.9,83.2,92.7,89.2,92.0,19.57,5,5,5,31.964000000000002
12.73,4.0,34.985,50.475,46.107,59.339,142.92200000000003,144.717,65.3,55.8,30.6,94.7,64.7,83.9,91.9,83.2,92.7,89.2,92.0,19.642000000000003,5,5,5,31.965
12.75,4.0,35.385999999999996,50.763000000000005,46.226000000000006,59.568000000000005,142.762,144.602,65.3,55.8,30.6,94.7,64.7,83.9,91.9,83.225,92.7,89.2,92.0,19.5,5,5,5,31.97
12.77,4.0,35.477,50.379,46.176,58.659,142.688,144.487,65.3,55.8,30.6,94.7,64.7,83.9,91.9,83.30199999999999,92.7,89.2,92.0,19.421,5,5,5,31.969
12.79,4.0,35.958,50.93,46.278,58.629,142.639,144.361,65.3,55.8,30.6,94.7,64.7,83.9,91.9,83.345,92.7,89.2,92.0,19.445,5,5,5,31.975
12.81,4.0,35.565,50.888000000000005,46.283,58.571999999999996,142.528,144.292,65.3,55.8,30.6,94.7,64.7,83.9,91.9,83.369,92.7,89.2,92.0,19.489,5,5,5,31.974
12.83,4.0,35.821,51.765,46.203,58.48,142.404,144.211,65.3,55.8,30.6,94.7,64.7,83.9,91.9,83.382,92.7,89.2,92.0,19.454,5,5,5,31.987
12.85,4.0,36.203,50.864,46.665,58.221000000000004,142.35500000000002,144.085,65.3,55.8,30.6,94.7,64.7,83.9,91.9,83.39,92.7,89.2,92.0,19.477,5,5,5,32.003
12.87,4.0,36.179,51.568999999999996,46.63399999999999,58.185,142.26799999999997,143.947,65.3,55.8,30.6,94.7,64.7,83.9,91.9,83.39399999999999,92.7,89.2,92.0,19.511,5,5,5,32.008
12.89,4.0,36.43,51.229,46.45,58.306000000000004,142.19400000000002,143.832,65.3,55.8,30.6,94.7,64.7,83.9,91.9,83.39699999999999,92.7,89.2,92.0,19.493000000000002,5,5,5,32.010999999999996
12.91,4.0,36.616,51.633,46.552,58.387,142.01999999999998,143.762,65.3,55.8,30.6,94.7,64.7,83.9,91.9,83.398,92.7,89.2,92.0,19.519,5,5,5,32.019999999999996
12.93,4.0,36.938,51.773999999999994,46.68600000000001,58.864,141.983,143.64700000000002,65.3,55.8,30.6,94.7,64.7,83.9,91.9,83.399,92.7,89.2,92.0,19.485999999999997,5,5,5,32.016
12.95,4.0,36.885999999999996,51.707,46.622,58.739,141.85899999999998,143.52,65.3,55.8,30.6,94.7,64.7,83.9,91.9,83.399,92.7,89.2,92.0,19.468,5,5,5,32.025999999999996
12.97,4.0,37.155,51.952,46.729,58.911,141.747,143.439,65.3,55.8,30.6,94.7,64.7,83.9,91.9,83.4,92.7,89.2,92.0,19.445,5,5,5,32.023
12.99,4.0,37.145,51.803999999999995,46.542,59.056999999999995,141.685,143.32399999999998,65.3,55.8,30.6,94.7,64.7,83.9,91.9,83.4,92.7,89.2,92.0,19.481,5,5,5,32.025
13.01,4.0,37.167,52.318999999999996,46.684,58.972,141.611,143.197,65.3,55.8,30.5,95.2,64.6,83.9,91.9,83.4,92.7,89.2,92.0,19.456,5,5,5,32.028999999999996
13.03,4.0,37.173,52.167,46.82899999999999,59.36600000000001,141.499,143.10399999999998,65.3,55.8,30.5,95.2,64.6,83.9,91.9,83.4,92.7,89.2,92.0,20.122999999999998,5,5,5,32.024
13.05,4.0,37.293,52.092,46.74100000000001,59.316,141.412,143.046,65.3,55.8,30.5,95.2,64.6,83.9,91.9,83.4,92.7,89.2,92.0,20.098,5,5,5,32.027
13.07,4.0,37.757,52.463,46.821999999999996,59.519,141.262,142.907,65.3,55.8,30.5,95.2,64.6,83.9,91.9,83.4,92.7,89.2,92.0,20.118000000000002,5,5,5,32.027
13.09,4.0,37.808,52.373000000000005,46.702,59.934,141.187,142.815,65.3,55.8,30.5,95.2,64.6,83.9,91.9,83.4,92.7,89.2,92.0,20.122999999999998,5,5,5,32.025
13.11,4.0,37.667,52.54,46.63399999999999,59.733000000000004,141.15,142.722,65.3,55.8,30.5,95.2,64.6,83.9,91.9,83.4,92.7,89.2,92.0,20.109,5,5,5,32.027
13.13,4.0,38.156,52.586000000000006,46.525,59.648999999999994,141.062,142.61700000000002,65.3,55.8,30.5,95.2,64.6,83.9,91.9,83.4,92.7,89.2,92.0,20.14,5,5,5,32.025999999999996
13.15,4.0,37.857,52.903999999999996,46.88399999999999,59.805,140.95,142.51299999999998,65.3,55.8,30.5,95.2,64.6,83.9,91.95,83.4,92.7,89.2,92.0,20.106,5,5,5,32.027
13.17,4.0,37.783,52.652,46.625,60.137,140.837,142.43200000000002,65.3,55.8,30.5,95.2,64.6,83.9,92.016,83.4,92.7,89.2,92.0,20.112000000000002,5,5,5,32.023
13.19,4.0,38.019,52.544,46.797,60.03,140.775,142.316,65.3,55.8,30.5,95.2,64.6,83.9,92.053,83.4,92.7,89.2,92.0,20.095999999999997,5,5,5,32.010999999999996
13.21,4.0,38.347,52.808,46.718999999999994,60.146,140.662,142.223,65.3,55.8,30.5,95.2,64.6,83.9,92.07300000000001,83.4,92.7,89.2,92.0,20.124000000000002,5,5,5,32.016
13.23,4.0,38.621,52.56,46.63399999999999,59.886,140.587,142.129,65.3,55.8,30.5,95.2,64.6,83.9,92.085,83.4,92.7,89.2,92.0,20.099,5,5,5,32.015
13.25,4.0,38.394,53.032,46.653999999999996,60.167,140.54899999999998,141.99,65.3,55.8,30.5,95.2,64.6,83.9,92.092,83.4,92.7,89.2,92.0,20.091,5,5,5,32.015
13.27,4.0,38.78,53.077,46.816,59.972,140.361,141.86200000000002,65.3,55.8,30.5,95.2,64.6,83.9,92.095,83.4,92.7,89.2,92.0,20.099,5,5,5,32.015
13.29,4.0,38.306999999999995,52.765,46.69,60.14,140.26100000000002,141.803,65.3,55.8,30.5,95.2,64.6,83.9,92.097,83.4,92.7,89.2,92.0,20.131999999999998,5,5,5,32.013999999999996
13.31,4.0,38.585,53.075,46.718999999999994,60.108999999999995,140.20999999999998,141.687,65.3,55.8,30.5,95.2,64.6,83.9,92.098,83.4,92.7,89.2,92.0,20.117,5,5,5,31.996
13.33,4.0,38.176,52.707,46.81,60.157,140.059,141.60500000000002,65.3,55.8,30.5,95.2,64.6,83.9,92.09899999999999,83.4,92.7,89.2,92.0,20.086,5,5,5,31.982
13.35,4.0,39.271,53.191,46.747,60.005,139.98399999999998,141.5,65.3,55.8,30.5,95.2,64.6,83.9,92.1,83.4,92.7,89.2,92.0,20.119999999999997,5,5,5,31.983
13.37,4.0,38.934,53.063,46.742,60.001999999999995,139.858,141.348,65.3,55.8,30.5,95.2,64.6,83.9,92.1,83.4,92.7,89.2,92.0,20.11,5,5,5,31.979
13.39,4.0,38.969,53.372,46.831,59.794,139.782,141.243,65.3,55.8,30.5,95.2,64.6,83.9,92.1,83.4,92.7,89.2,92.0,20.064,5,5,5,31.98
13.41,4.0,38.632,53.059,46.693999999999996,60.045,139.66899999999998,141.219,65.3,55.8,30.5,95.2,64.6,83.9,92.1,83.4,92.7,89.2,92.0,20.083,5,5,5,31.98
13.43,4.0,38.85,53.174,46.693999999999996,59.931999999999995,139.555,141.11399999999998,65.3,55.8,30.5,95.2,64.6,83.9,92.1,83.4,92.7,89.2,92.0,20.087,5,5,5,31.979
13.45,4.0,38.766999999999996,53.214,46.696000000000005,59.927,139.466,140.985,65.3,55.8,30.5,95.2,64.6,83.987,92.1,83.4,92.7,89.225,92.0,20.067999999999998,5,5,5,31.979
13.47,4.0,39.39,53.263999999999996,46.727,60.126000000000005,139.365,140.868,65.3,55.8,30.5,95.2,64.6,84.03699999999999,92.1,83.4,92.7,89.30199999999999,92.0,20.085,5,5,5,31.975
13.49,4.0,39.285,53.453,46.535,60.005,139.264,140.809,65.3,55.8,30.5,95.2,64.6,84.064,92.1,83.4,92.7,89.345,92.05,20.130000000000003,5,5,5,31.976
13.51,4.0,38.984,53.068999999999996,46.745,59.907,139.2,140.692,65.3,55.8,30.5,95.2,64.6,84.08,92.1,83.4,92.7,89.369,92.116,20.112000000000002,5,5,5,31.976
13.53,4.0,39.196999999999996,53.207,46.703,59.681999999999995,139.086,140.657,65.3,55.8,30.5,95.2,64.6,84.089,92.1,83.4,92.7,89.382,92.153,20.113,5,5,5,31.973000000000003
13.55,4.0,39.126,53.42,46.473,59.836999999999996,138.972,140.51600000000002,65.3,55.8,30.5,95.2,64.6,84.094,92.1,83.4,92.7,89.39,92.173,20.11,5,5,5,31.971999999999998
13.57,4.0,39.141,52.957,46.648,59.788000000000004,138.908,140.481,65.3,55.8,30.5,95.2,64.6,84.096,92.1,83.4,92.7,89.39399999999999,92.185,20.101,5,5,5,31.975
13.59,4.0,39.095,53.68899999999999,46.662,60.111999999999995,138.832,140.351,65.3,55.8,30.5,95.2,64.6,84.098,92.1,83.4,92.7,89.39699999999999,92.192,20.099,5,5,5,31.964000000000002
13.61,4.0,39.342,53.099,46.655,60.233000000000004,138.718,140.20999999999998,65.3,55.8,30.5,95.2,64.6,84.09899999999999,92.1,83.4,92.7,89.398,92.195,20.112000000000002,5,5,5,31.964000000000002
13.63,4.0,39.358000000000004,53.18,46.669,60.006,138.59,140.092,65.3,55.8,30.5,95.2,64.6,84.09899999999999,92.1,83.4,92.7,89.399,92.197,20.078,5,5,5,31.965999999999998
13.65,4.0,39.163000000000004,53.318000000000005,46.672,59.803999999999995,138.514,139.998,65.3,55.8,30.5,95.2,64.6,84.1,92.1,83.4,92.7,89.399,92.199,20.059,5,5,5,31.959
13.67,4.0,39.686,53.493,46.568000000000005,59.578,138.45,139.92700000000002,65.3,55.8,30.5,95.2,64.6,84.1,92.1,83.4,92.7,89.4,92.199,20.083,5,5,5,31.956999999999997
13.69,4.0,39.625,53.27,46.701,59.732,138.284,139.845,65.3,55.8,30.5,95.2,64.6,84.1,92.1,83.4,92.725,89.4,92.2,20.1,5,5,5,31.956999999999997
13.71,4.0,39.342,53.623999999999995,46.585,59.744,138.18200000000002,139.715,65.3,55.8,30.5,95.2,64.6,84.1,92.1,83.4,92.80199999999999,89.4,92.2,20.14,5,5,5,31.965999999999998
13.73,4.0,39.045,53.481,46.466,59.793,138.14299999999997,139.608,65.3,55.8,30.5,95.2,64.6,84.1,92.1,83.4,92.845,89.4,92.2,20.11,5,5,5,31.945999999999998
13.75,4.0,39.251,53.777,46.661,59.994,138.028,139.502,65.3,55.8,30.5,95.2,64.6,84.1,92.1,83.4,92.869,89.4,92.2,20.116,5,5,5,31.944000000000003
13.77,4.0,39.428000000000004,52.92,46.43600000000001,59.87,137.874,139.41899999999998,65.3,55.8,30.5,95.2,64.6,84.1,92.1,83.4,92.882,89.4,92.2,20.082,5,5,5,31.943
13.79,4.0,39.361999999999995,53.207,46.521,59.934,137.79700000000003,139.372,65.3,55.8,30.5,95.2,64.6,84.1,92.1,83.4,92.89,89.4,92.2,20.072000000000003,5,5,5,31.944000000000003
13.81,4.0,39.503,53.199,46.282,59.641999999999996,137.72,139.24200000000002,65.3,55.8,30.5,95.2,64.6,84.1,92.1,83.4,92.89399999999999,89.4,92.2,20.057000000000002,5,5,5,31.944000000000003
13.83,4.0,39.541,53.736999999999995,46.438,60.193000000000005,137.61700000000002,139.159,65.3,55.8,30.5,95.2,64.6,84.1,92.1,83.4,92.89699999999999,89.4,92.2,20.054000000000002,5,5,5,31.945
13.85,4.0,39.323,53.688,46.36600000000001,60.271,137.579,139.087,65.3,55.8,30.5,95.2,64.6,84.1,92.1,83.4,92.898,89.4,92.2,20.045,5,5,5,31.938000000000002
13.87,4.0,40.245,53.416000000000004,46.167,59.982,137.42399999999998,138.981,65.3,55.8,30.5,95.2,64.6,84.1,92.1,83.4,92.899,89.4,92.2,20.082,5,5,5,31.93
13.89,4.0,39.578,53.426,46.306999999999995,60.14,137.308,138.80200000000002,65.3,55.8,30.5,95.2,64.6,84.1,92.1,83.4,92.899,89.4,92.2,20.072000000000003,5,5,5,31.936
13.91,4.0,39.652,53.504,46.413000000000004,59.787,137.257,138.743,65.3,55.8,30.5,95.2,64.6,84.1,92.1,83.4,92.9,89.4,92.2,20.064,5,5,5,31.93
13.93,4.0,39.617,53.593,46.295,59.917,137.231,138.731,65.3,55.8,30.5,95.2,64.6,84.1,92.1,83.4,92.9,89.4,92.2,20.101,5,5,5,31.928
13.95,4.0,39.272,53.42100000000001,46.321999999999996,59.875,137.037,138.624,65.3,55.8,30.5,95.2,64.6,84.1,92.1,83.4,92.9,89.4,92.2,20.107999999999997,5,5,5,31.926
13.97,4.0,39.468,53.411,46.276,60.063,136.95999999999998,138.505,65.3,55.8,30.5,95.2,64.6,84.1,92.1,83.4,92.9,89.4,92.2,20.086,5,5,5,31.929000000000002
13.99,4.0,39.336999999999996,53.761,46.226000000000006,60.137,136.82999999999998,138.42200000000003,65.3,55.8,30.5,95.2,64.6,84.1,92.1,83.4,92.9,89.4,92.2,20.11,5,5,5,31.921999999999997
14.01,4.0,39.289,53.438,46.178000000000004,60.083999999999996,136.779,138.35,65.3,55.8,30.5,95.2,64.6,84.1,92.1,83.4,92.9,89.4,92.2,19.954,5,5,5,31.923000000000002
14.03,4.0,39.616,53.391000000000005,46.17,60.071000000000005,136.649,138.219,65.3,55.8,30.5,95.2,64.6,84.1,92.1,83.4,92.9,89.4,92.2,19.765,5,5,5,31.924
14.05,4.0,39.287,53.586000000000006,46.196999999999996,59.913999999999994,136.63600000000002,138.171,65.3,55.8,30.5,95.2,64.6,84.1,92.1,83.4,92.9,89.4,92.2,19.792,5,5,5,31.928
14.07,4.0,39.422,53.961000000000006,46.126999999999995,60.167,136.48000000000002,138.111,65.3,55.8,30.5,95.2,64.6,84.1,92.1,83.4,92.9,89.4,92.2,19.789,5,5,5,31.918000000000003
14.09,4.0,39.603,53.771,46.093,60.26,136.35,138.01600000000002,65.3,55.8,30.5,95.2,64.6,84.1,92.1,83.4,92.9,89.4,92.2,19.711,5,5,5,31.915
14.11,4.0,39.325,53.766999999999996,46.074,60.132,136.25900000000001,137.872,65.3,55.8,30.5,95.2,64.6,84.1,92.1,83.487,92.9,89.4,92.2,19.832,5,5,5,31.901
14.13,4.0,39.506,53.949,46.086999999999996,60.828,136.233,137.777,65.3,55.8,30.5,95.2,64.6,84.1,92.1,83.53699999999999,92.9,89.4,92.2,19.947000000000003,5,5,5,31.898000000000003
14.15,4.0,39.334,53.893,46.246,60.49100000000001,136.142,137.68099999999998,65.3,55.8,30.5,95.2,64.6,84.1,92.1,83.564,92.9,89.4,92.2,19.851,5,5,5,31.873
14.17,4.0,39.949,53.606,45.904,60.117,136.037,137.561,65.3,55.8,30.5,95.2,64.6,84.1,92.1,83.58,92.9,89.4,92.2,19.767000000000003,5,5,5,31.872
14.19,4.0,39.46,54.265,46.038000000000004,59.858000000000004,135.92000000000002,137.525,65.3,55.8,30.5,95.2,64.6,84.1,92.1,83.589,92.9,89.4,92.2,19.96,5,5,5,31.871
14.21,4.0,39.787,53.786,46.04600000000001,60.238,135.80200000000002,137.405,65.3,55.8,30.5,95.2,64.6,84.1,92.1,83.594,92.9,89.4,92.2,19.967,5,5,5,31.874000000000002
14.23,4.0,39.727,53.968,45.894,60.035,135.724,137.309,65.3,55.8,30.5,95.2,64.6,84.1,92.1,83.596,92.9,89.4,92.2,19.894,5,5,5,31.871
14.25,4.0,39.675,54.435,45.842,60.175,135.606,137.321,65.3,55.8,30.5,95.2,64.6,84.1,92.1,83.598,92.9,89.4,92.2,19.92,5,5,5,31.864
14.27,4.0,39.884,53.893,45.91,60.306000000000004,135.527,137.17700000000002,65.3,55.8,30.5,95.2,64.6,84.1,92.15,83.59899999999999,92.9,89.4,92.2,19.942,5,5,5,31.854
14.29,4.0,39.747,53.45,46.183,59.994,135.42200000000003,137.092,65.3,55.8,30.5,95.2,64.6,84.1,92.21600000000001,83.59899999999999,92.9,89.4,92.2,19.901,5,5,5,31.855999999999998
14.31,4.0,39.631,53.922,46.13399999999999,59.955,135.304,136.996,65.3,55.8,30.5,95.2,64.6,84.1,92.253,83.6,92.9,89.4,92.2,19.863,5,5,5,31.857
14.33,4.0,39.733000000000004,53.79,45.966,59.646,135.238,136.876,65.3,55.8,30.5,95.2,64.6,84.1,92.273,83.6,92.9,89.4,92.2,19.902,5,5,5,31.854
14.35,4.0,39.354,53.798,45.922,59.745,135.159,136.851,65.3,55.8,30.5,95.2,64.6,84.1,92.285,83.6,92.9,89.4,92.2,19.957,5,5,5,31.859
14.37,4.0,40.229,53.275,45.929,59.832,135.12,136.779,65.3,55.8,30.5,95.2,64.6,84.1,92.292,83.6,92.9,89.4,92.2,19.901,5,5,5,31.849
14.39,4.0,39.334,53.842,46.051,59.996,135.001,136.658,65.3,55.8,30.5,95.2,64.6,84.1,92.295,83.6,92.9,89.4,92.2,19.948,5,5,5,31.845
14.41,4.0,39.866,53.4,45.815,59.983999999999995,134.988,136.538,65.3,55.8,30.5,95.2,64.6,84.1,92.297,83.6,92.9,89.4,92.2,19.863,5,5,5,31.849
14.43,4.0,39.419000000000004,53.567,45.848,60.016999999999996,134.764,136.441,65.3,55.8,30.5,95.2,64.6,84.1,92.29899999999999,83.6,92.9,89.4,92.2,19.844,5,5,5,31.853
14.45,4.0,39.411,53.891999999999996,45.853,59.958,134.764,136.405,65.3,55.8,30.5,95.2,64.6,84.1,92.29899999999999,83.6,92.9,89.4,92.2,19.879,5,5,5,31.851999999999997
14.47,4.0,39.524,53.527,45.934,59.963,134.592,136.308,65.3,55.8,30.5,95.2,64.6,84.1,92.3,83.6,92.9,89.4,92.2,19.872999999999998,5,5,5,31.853
14.49,4.0,39.527,53.743,45.982,59.595,134.60500000000002,136.17399999999998,65.3,55.8,30.5,95.2,64.6,84.1,92.3,83.6,92.9,89.4,92.2,19.892000000000003,5,5,5,31.851
14.51,4.0,39.661,53.696000000000005,45.882,59.826,134.406,136.077,65.3,55.8,30.5,95.2,64.6,84.1,92.3,83.6,92.9,89.4,92.2,19.834000000000003,5,5,5,31.844
14.53,4.0,39.723,53.982,45.751999999999995,59.883,134.42000000000002,136.029,65.3,55.8,30.5,95.2,64.6,84.1,92.3,83.6,92.9,89.4,92.2,19.856,5,5,5,31.842
14.55,4.0,39.023,53.762,45.933,59.87,134.274,135.908,65.3,55.8,30.5,95.2,64.6,84.1,92.3,83.6,92.9,89.4,92.2,19.899,5,5,5,31.844
14.57,4.0,39.777,53.525,45.633,59.891000000000005,134.04700000000003,135.81,65.3,55.8,30.5,95.2,64.6,84.1,92.3,83.6,92.9,89.4,92.2,19.905,5,5,5,31.844
14.59,4.0,39.449,53.553000000000004,45.718,59.70399999999999,134.034,135.786,65.3,55.8,30.5,95.2,64.6,84.1,92.3,83.6,92.9,89.4,92.2,19.893,5,5,5,31.843000000000004
14.61,4.0,39.006,53.522,45.789,59.736999999999995,134.00799999999998,135.725,65.3,55.8,30.5,95.2,64.6,84.1,92.3,83.6,92.9,89.4,92.2,19.875999999999998,5,5,5,31.84
14.63,4.0,39.154,53.757,45.668,59.684,133.928,135.579,65.3,55.8,30.5,95.2,64.6,84.1,92.3,83.6,92.9,89.4,92.2,19.937,5,5,5,31.839000000000002
14.65,4.0,39.452,53.684,45.556,59.928999999999995,133.76799999999997,135.506,65.3,55.8,30.5,95.2,64.6,84.1,92.3,83.6,92.9,89.4,92.2,19.930999999999997,5,5,5,31.837
14.67,4.0,39.265,54.042,45.884,59.912,133.714,135.48200000000003,65.3,55.8,30.5,95.2,64.6,84.1,92.3,83.6,92.9,89.4,92.2,19.951,5,5,5,31.835
14.69,4.0,39.019,53.347,45.704,59.813,133.67399999999998,135.262,65.3,55.8,30.5,95.2,64.6,84.1,92.3,83.6,92.9,89.4,92.2,19.935000000000002,5,5,5,31.835
14.71,4.0,39.287,54.181999999999995,45.599000000000004,60.068000000000005,133.527,135.238,65.3,55.8,30.5,95.2,64.6,84.1,92.3,83.6,92.9,89.4,92.2,19.939999999999998,5,5,5,31.83
14.73,4.0,39.26,53.913000000000004,45.741,59.919,133.433,135.189,65.3,55.8,30.5,95.2,64.6,84.1,92.3,83.6,92.9,89.4,92.2,19.984,5,5,5,31.826999999999998
14.75,4.0,39.378,53.31100000000001,45.685,59.803000000000004,133.353,135.042,65.3,55.8,30.5,95.2,64.6,84.1,92.3,83.6,92.9,89.4,92.2,19.975,5,5,5,31.828000000000003
14.77,4.0,39.411,53.909,45.477,59.558,133.286,134.94400000000002,65.3,55.8,30.5,95.2,64.6,84.1,92.3,83.6,92.9,89.4,92.2,19.936,5,5,5,31.828000000000003
14.79,4.0,39.438,54.04600000000001,45.582,59.847,133.13799999999998,134.908,65.3,55.8,30.5,95.2,64.6,84.1,92.3,83.6,92.9,89.4,92.2,19.939999999999998,5,5,5,31.826999999999998
14.81,4.0,39.082,53.896,45.714,59.83,133.16500000000002,134.88299999999998,65.3,55.8,30.5,95.2,64.6,84.1,92.3,83.6,92.9,89.4,92.2,19.987000000000002,5,5,5,31.831999999999997
14.83,4.0,39.604,53.191,45.413000000000004,59.722,132.99,134.773,65.3,55.8,30.5,95.2,64.6,84.1,92.3,83.6,92.9,89.4,92.2,20.009,5,5,5,31.816999999999997
14.85,4.0,39.264,54.265,45.589,60.01,132.936,134.675,65.3,55.8,30.5,95.2,64.6,84.1,92.3,83.6,92.9,89.4,92.2,20.029000000000003,5,5,5,31.813000000000002
14.87,4.0,39.069,53.104,45.417,59.906000000000006,132.869,134.54000000000002,65.3,55.8,30.5,95.2,64.6,84.1,92.3,83.6,92.9,89.4,92.2,19.994999999999997,5,5,5,31.801
14.89,4.0,39.282,54.248000000000005,45.541,59.692,132.707,134.429,65.3,55.8,30.5,95.2,64.6,84.1,92.3,83.6,92.9,89.4,92.2,20.081,5,5,5,31.809
14.91,4.0,39.431,53.715,45.451,59.536,132.69299999999998,134.368,65.3,55.8,30.5,95.2,64.6,84.1,92.3,83.6,92.9,89.4,92.2,20.03,5,5,5,31.813000000000002
14.93,4.0,39.661,53.675,45.336999999999996,59.86,132.517,134.244,65.3,55.8,30.5,95.2,64.6,84.1,92.3,83.6,92.9,89.4,92.2,20.017000000000003,5,5,5,31.809
14.95,4.0,39.046,53.573,45.384,59.883,132.463,134.097,65.3,55.8,30.5,95.2,64.6,84.1,92.3,83.6,92.9,89.4,92.2,20.079,5,5,5,31.808000000000003
14.97,4.0,38.703,53.705,45.484,59.74100000000001,132.368,134.13400000000001,65.3,55.8,30.5,95.2,64.6,84.1,92.3,83.6,92.9,89.4,92.2,20.043,5,5,5,31.803
14.99,4.0,38.967,53.486999999999995,45.315,60.023999999999994,132.287,133.998,65.3,55.8,30.5,95.2,64.6,84.1,92.3,83.6,92.9,89.4,92.2,20.038,5,5,5,31.801
15.01,4.0,38.8,53.748999999999995,45.329,59.85,132.219,134.01,65.2,55.8,30.5,95.6,64.5,84.1,92.3,83.6,92.9,89.4,92.2,19.68,5,5,5,31.798000000000002
15.03,4.0,38.760999999999996,53.708999999999996,45.336999999999996,59.728,132.124,133.837,65.2,55.8,30.5,95.6,64.5,84.1,92.3,83.6,92.9,89.4,92.2,19.531,5,5,5,31.796999999999997
15.05,4.0,38.81,53.677,45.368,59.593999999999994,132.029,133.788,65.2,55.8,30.5,95.6,64.5,84.1,92.3,83.6,92.9,89.4,92.2,19.508,5,5,5,31.796999999999997
15.07,4.0,38.701,53.448,45.31,59.855,131.933,133.726,65.2,55.8,30.5,95.6,64.5,84.1,92.3,83.6,92.9,89.4,92.28699999999999,19.494999999999997,5,5,5,31.802
15.09,4.0,38.891,53.815,45.418,60.047,131.865,133.70100000000002,65.2,55.8,30.5,95.6,64.5,84.1,92.3,83.6,92.9,89.487,92.337,19.454,5,5,5,31.78
15.11,4.0,39.012,54.297,45.196999999999996,59.88399999999999,131.74200000000002,133.59,65.2,55.8,30.5,95.6,64.5,84.1,92.3,83.6,92.9,89.53699999999999,92.36399999999999,19.442,5,5,5,31.776999999999997
15.13,4.0,39.166,53.81399999999999,45.278,59.98,131.688,133.478,65.2,55.8,30.5,95.6,64.5,84.1,92.3,83.6,92.9,89.564,92.38,19.412,5,5,5,31.775
15.15,4.0,38.723,53.553000000000004,45.193000000000005,59.797,131.66,133.36700000000002,65.2,55.8,30.5,95.6,64.5,84.1,92.3,83.6,92.9,89.58,92.389,19.427999999999997,5,5,5,31.761999999999997
15.17,4.0,38.544000000000004,53.57,45.378,59.706,131.592,133.28,65.2,55.8,30.5,95.6,64.5,84.1,92.3,83.6,92.987,89.589,92.39399999999999,19.437,5,5,5,31.766
15.19,4.0,38.704,53.621,45.259,59.854,131.428,133.255,65.2,55.8,30.5,95.6,64.5,84.1,92.3,83.6,93.03699999999999,89.594,92.396,19.366,5,5,5,31.761999999999997
15.21,4.0,39.035,53.845,45.168,59.95399999999999,131.373,133.20499999999998,65.2,55.8,30.5,95.6,64.5,84.1,92.3,83.6,93.064,89.596,92.398,19.33,5,5,5,31.76
15.23,4.0,38.788000000000004,53.598,45.253,60.173,131.304,133.093,65.2,55.8,30.5,95.6,64.5,84.1,92.3,83.6,93.08,89.598,92.399,19.363,5,5,5,31.745
15.25,4.0,38.459,53.50899999999999,45.11,60.445,131.167,133.006,65.2,55.8,30.5,95.6,64.5,84.1,92.3,83.6,93.089,89.59899999999999,92.399,19.381,5,5,5,31.726
15.27,4.0,38.694,53.653,45.088,60.131,131.11200000000002,132.994,65.2,55.8,30.5,95.6,64.5,84.1,92.3,83.6,93.094,89.59899999999999,92.4,19.407,5,5,5,31.729
15.29,4.0,39.007,53.732,45.051,60.041000000000004,131.043,132.907,65.2,55.8,30.5,95.6,64.5,84.1,92.3,83.6,93.096,89.6,92.4,19.369,5,5,5,31.733
15.31,4.0,38.687,53.592,44.957,59.968,130.906,132.757,65.2,55.8,30.5,95.6,64.5,84.1,92.3,83.6,93.098,89.6,92.4,19.371,5,5,5,31.733
15.33,4.0,38.833,53.748999999999995,44.963,60.198,130.86399999999998,132.64499999999998,65.2,55.8,30.5,95.6,64.5,84.15,92.3,83.6,93.09899999999999,89.6,92.4,19.375999999999998,5,5,5,31.732
15.35,4.0,38.774,53.023999999999994,44.833,60.325,130.69799999999998,132.68200000000002,65.2,55.8,30.5,95.6,64.5,84.21600000000001,92.3,83.6,93.09899999999999,89.6,92.4,19.451999999999998,5,5,5,31.741
15.37,4.0,38.491,53.67100000000001,45.014,60.173,130.726,132.595,65.2,55.8,30.5,95.6,64.5,84.253,92.3,83.6,93.1,89.6,92.4,19.437,5,5,5,31.728
15.39,4.0,38.111999999999995,53.777,44.895,60.308,130.56,132.445,65.2,55.8,30.5,95.6,64.5,84.273,92.3,83.6,93.1,89.6,92.4,19.472,5,5,5,31.732
15.41,4.0,38.611,53.653999999999996,44.983000000000004,60.006,130.49099999999999,132.43200000000002,65.2,55.8,30.5,95.6,64.5,84.285,92.3,83.6,93.1,89.6,92.4,19.462,5,5,5,31.726999999999997
15.43,4.0,38.129,53.618,44.653,59.809,130.38,132.282,65.2,55.8,30.5,95.6,64.5,84.292,92.387,83.6,93.1,89.6,92.4,19.466,5,5,5,31.724
15.45,4.0,38.438,53.617,44.736999999999995,59.912,130.311,132.207,65.2,55.8,30.5,95.6,64.5,84.295,92.437,83.6,93.1,89.6,92.4,19.451999999999998,5,5,5,31.72
15.47,4.0,38.137,53.532,44.558,60.042,130.255,132.119,65.2,55.8,30.5,95.6,64.5,84.297,92.464,83.6,93.1,89.6,92.4,19.494,5,5,5,31.726
15.49,4.0,38.361999999999995,53.36600000000001,44.689,60.258,130.17200000000003,132.106,65.2,55.8,30.5,95.6,64.5,84.29899999999999,92.48,83.6,93.1,89.6,92.4,19.516,5,5,5,31.724
15.51,4.0,38.729,53.748000000000005,44.639,60.065,130.01799999999997,131.981,65.2,55.8,30.5,95.6,64.5,84.29899999999999,92.48899999999999,83.6,93.1,89.6,92.4,19.677999999999997,5,5,5,31.711
15.53,4.0,38.872,53.574,44.464,60.425,129.99099999999999,131.993,65.2,55.8,30.5,95.6,64.5,84.3,92.494,83.6,93.1,89.6,92.4,19.567999999999998,5,5,5,31.706999999999997
15.55,4.0,38.311,53.38,44.617,59.513999999999996,129.82299999999998,131.767,65.2,55.8,30.5,95.6,64.5,84.3,92.49600000000001,83.6,93.1,89.6,92.4,19.529000000000003,5,5,5,31.701999999999998
15.57,4.0,38.403,53.692,44.686,59.288999999999994,129.907,131.82999999999998,65.2,55.8,30.5,95.6,64.5,84.3,92.498,83.65,93.1,89.6,92.4,19.578,5,5,5,31.706999999999997
15.59,4.0,38.427,53.497,44.63,59.956,129.73899999999998,131.754,65.2,55.8,30.5,95.6,64.5,84.3,92.499,83.71600000000001,93.1,89.6,92.4,19.637,5,5,5,31.701999999999998
15.61,4.0,38.5,53.849,44.437,60.056999999999995,129.655,131.54000000000002,65.2,55.8,30.5,95.6,64.5,84.3,92.499,83.753,93.1,89.6,92.4,19.624000000000002,5,5,5,31.706999999999997
15.63,4.0,38.179,53.349,44.485,59.902,129.655,131.628,65.2,55.8,30.5,95.6,64.5,84.3,92.5,83.773,93.1,89.6,92.4,19.586,5,5,5,31.705
15.65,4.0,38.005,53.887,44.503,59.833,129.529,131.515,65.2,55.8,30.5,95.6,64.5,84.3,92.5,83.785,93.1,89.6,92.4,19.637,5,5,5,31.695999999999998
15.67,4.0,38.613,53.123999999999995,44.384,60.226000000000006,129.459,131.439,65.2,55.8,30.5,95.6,64.5,84.3,92.5,83.792,93.1,89.6,92.4,19.639000000000003,5,5,5,31.697
15.69,4.0,38.293,53.56100000000001,44.492,59.714,129.403,131.401,65.2,55.8,30.5,95.6,64.5,84.3,92.5,83.795,93.1,89.6,92.4,19.567,5,5,5,31.697
15.71,4.0,38.202,53.92100000000001,44.601,59.806000000000004,129.31900000000002,131.312,65.2,55.8,30.5,95.6,64.5,84.3,92.5,83.797,93.1,89.6,92.4,19.589,5,5,5,31.697
15.73,4.0,38.248000000000005,53.408,44.509,59.706,129.248,131.211,65.2,55.8,30.5,95.6,64.5,84.3,92.5,83.79899999999999,93.1,89.6,92.4,19.622999999999998,5,5,5,31.694000000000003
15.75,4.0,38.283,53.163999999999994,44.384,59.978,129.164,131.135,65.2,55.8,30.5,95.6,64.5,84.3,92.5,83.79899999999999,93.1,89.6,92.4,19.551,5,5,5,31.695
15.77,4.0,38.189,53.425,44.384,60.074,129.037,131.122,65.2,55.8,30.5,95.6,64.5,84.3,92.5,83.8,93.1,89.6,92.4,19.504,5,5,5,31.686
15.79,4.0,38.313,53.537,44.453,60.031000000000006,128.938,130.996,65.2,55.8,30.5,95.6,64.5,84.3,92.5,83.8,93.1,89.6,92.4,19.485,5,5,5,31.675
15.81,4.0,37.889,53.278999999999996,44.497,60.216,128.938,130.907,65.2,55.8,30.5,95.6,64.5,84.3,92.5,83.8,93.1,89.6,92.4,19.46,5,5,5,31.679000000000002
15.83,4.0,38.035,53.395,44.043,60.04600000000001,128.754,130.81799999999998,65.2,55.8,30.5,95.6,64.5,84.3,92.5,83.8,93.1,89.6,92.4,19.470999999999997,5,5,5,31.675
15.85,4.0,38.26,53.407,44.382,60.12,128.69799999999998,130.74200000000002,65.2,55.8,30.5,95.6,64.5,84.3,92.5,83.8,93.1,89.6,92.4,19.464,5,5,5,31.677
15.87,4.0,37.961999999999996,53.413000000000004,44.234,59.8,128.655,130.678,65.2,55.8,30.5,95.6,64.5,84.3,92.5,83.8,93.1,89.6,92.4,19.489,5,5,5,31.671
15.89,4.0,38.143,52.961999999999996,44.291,59.928999999999995,128.55599999999998,130.627,65.2,55.8,30.5,95.6,64.5,84.3,92.5,83.8,93.1,89.6,92.4,19.406,5,5,5,31.671999999999997
15.91,4.0,37.734,53.358000000000004,44.251,60.513000000000005,128.499,130.551,65.2,55.8,30.5,95.6,64.5,84.3,92.5,83.8,93.1,89.6,92.4,19.377000000000002,5,5,5,31.662
15.93,4.0,37.668,53.071999999999996,44.455999999999996,60.368,128.371,130.5,65.2,55.8,30.5,95.6,64.5,84.3,92.5,83.8,93.1,89.6,92.4,19.387999999999998,5,5,5,31.654
15.95,4.0,37.580999999999996,53.63,44.078,60.716,128.385,130.5,65.2,55.8,30.5,95.6,64.5,84.3,92.5,83.8,93.1,89.6,92.4,19.432000000000002,5,5,5,31.653000000000002
15.97,4.0,37.722,53.067,44.188,60.446000000000005,128.186,130.26999999999998,65.2,55.8,30.5,95.6,64.5,84.3,92.5,83.8,93.1,89.6,92.4,19.380000000000003,5,5,5,31.648000000000003
15.99,4.0,37.639,53.683,44.248000000000005,60.792,128.14299999999997,130.282,65.2,55.8,30.5,95.6,64.5,84.3,92.5,83.8,93.1,89.6,92.4,19.414,5,5,5,31.647
16.01,4.0,37.457,53.284,44.106,60.815,128.015,130.219,65.2,55.8,30.5,95.6,64.5,84.3,92.5,83.8,93.1,89.6,92.4,20.078,5,5,5,31.651
16.03,4.0,37.501999999999995,53.306999999999995,44.069,60.854,128.015,130.142,65.2,55.8,30.5,95.6,64.5,84.3,92.5,83.8,93.1,89.6,92.4,20.14,5,5,5,31.624000000000002
16.05,4.0,37.26,53.106,44.202,60.729,127.9,130.039,65.2,55.8,30.5,95.6,64.5,84.3,92.5,83.8,93.1,89.6,92.4,20.194000000000003,5,5,5,31.615
16.07,4.0,37.293,53.391000000000005,44.232,60.285,127.814,129.975,65.2,55.8,30.5,95.6,64.5,84.3,92.5,83.8,93.1,89.6,92.4,20.17,5,5,5,31.615
16.09,4.0,37.159,53.181000000000004,44.037,60.317,127.771,129.975,65.2,55.8,30.5,95.6,64.5,84.3,92.5,83.8,93.1,89.6,92.4,20.142000000000003,5,5,5,31.616
16.11,4.0,37.54,53.106,44.004,60.214,127.685,129.911,65.2,55.8,30.5,95.6,64.5,84.3,92.5,83.8,93.1,89.6,92.4,20.2,5,5,5,31.616
16.13,4.0,37.565,53.50899999999999,43.855,60.052,127.61399999999999,129.757,65.2,55.8,30.5,95.6,64.5,84.3,92.5,83.8,93.1,89.6,92.4,20.164,5,5,5,31.611
16.15,4.0,37.047,53.225,44.071,59.96,127.51299999999999,129.76999999999998,65.2,55.8,30.5,95.6,64.5,84.3,92.5,83.8,93.1,89.6,92.4,20.242,5,5,5,31.611
16.17,4.0,37.454,53.167,43.973,59.985,127.455,129.629,65.2,55.8,30.5,95.6,64.5,84.3,92.5,83.8,93.1,89.6,92.4,20.311,5,5,5,31.613000000000003
16.19,4.0,37.274,53.156000000000006,44.056,59.886,127.369,129.61599999999999,65.2,55.8,30.5,95.6,64.5,84.3,92.5,83.8,93.1,89.6,92.4,20.305,5,5,5,31.599
16.21,4.0,36.92,53.136,43.902,59.661,127.34,129.42200000000003,65.2,55.8,30.5,95.6,64.5,84.3,92.5,83.8,93.1,89.6,92.4,20.408,5,5,5,31.596999999999998
16.23,4.0,37.475,53.215,43.823,59.211000000000006,127.196,129.435,65.2,55.8,30.5,95.6,64.5,84.3,92.5,83.8,93.1,89.6,92.4,20.286,5,5,5,31.595
16.25,4.0,37.266999999999996,53.515,43.87,59.107,127.167,129.30599999999998,65.2,55.8,30.5,95.6,64.5,84.3,92.5,83.8,93.1,89.6,92.4,20.313,5,5,5,31.599
16.27,4.0,37.144,53.218999999999994,44.071999999999996,59.108000000000004,127.08,129.30599999999998,65.2,55.8,30.5,95.6,64.5,84.3,92.5,83.8,93.1,89.6,92.4,20.279000000000003,5,5,5,31.599
16.29,4.0,37.014,52.931000000000004,43.961999999999996,59.18899999999999,127.008,129.26799999999997,65.2,55.8,30.5,95.6,64.5,84.3,92.5,83.8,93.1,89.6,92.4,20.324,5,5,5,31.599
16.31,4.0,37.196,53.516999999999996,43.696999999999996,59.04600000000001,126.87700000000001,129.17700000000002,65.2,55.8,30.5,95.6,64.5,84.3,92.5,83.8,93.1,89.6,92.4,20.399,5,5,5,31.601999999999997
16.33,4.0,37.042,53.04,43.739000000000004,59.592,126.834,129.099,65.2,55.8,30.5,95.6,64.5,84.3,92.5,83.8,93.1,89.6,92.4,20.302999999999997,5,5,5,31.599
16.35,4.0,37.141999999999996,53.156000000000006,43.953,59.816,126.67399999999999,129.00900000000001,65.2,55.8,30.5,95.6,64.5,84.3,92.5,83.8,93.1,89.6,92.4,20.377000000000002,5,5,5,31.59
16.37,4.0,36.637,53.248999999999995,43.611999999999995,59.87,126.586,128.97,65.2,55.8,30.5,95.6,64.5,84.3,92.5,83.8,93.1,89.6,92.4,20.206,5,5,5,31.590999999999998
16.39,4.0,36.554,53.156000000000006,43.771,59.54600000000001,126.586,128.983,65.2,55.8,30.5,95.6,64.5,84.3,92.5,83.8,93.1,89.6,92.4,20.083,5,5,5,31.587
16.41,4.0,36.9,53.126000000000005,43.693000000000005,59.411,126.484,128.879,65.2,55.8,30.5,95.6,64.5,84.3,92.5,83.8,93.1,89.6,92.4,20.229,5,5,5,31.583000000000002
16.43,4.0,36.907,53.21,43.771,59.361999999999995,126.397,128.801,65.2,55.8,30.5,95.6,64.5,84.3,92.5,83.8,93.1,89.6,92.4,20.299,5,5,5,31.587
16.45,4.0,36.675,53.063,43.753,59.978,126.338,128.69799999999998,65.2,55.8,30.5,95.6,64.5,84.3,92.5,83.8,93.1,89.6,92.4,20.162,5,5,5,31.581
16.47,4.0,36.438,53.218999999999994,43.863,60.381,126.28,128.685,65.2,55.8,30.5,95.6,64.5,84.3,92.5,83.8,93.1,89.6,92.4,20.118000000000002,5,5,5,31.585
16.49,4.0,36.415,53.118,43.722,60.818000000000005,126.221,128.567,65.2,55.8,30.5,95.6,64.5,84.3,92.5,83.8,93.1,89.6,92.4,20.104,5,5,5,31.573
16.51,4.0,36.658,53.071000000000005,43.595,60.576,126.148,128.58100000000002,65.2,55.8,30.5,95.6,64.5,84.3,92.5,83.8,93.1,89.6,92.4,20.130000000000003,5,5,5,31.576999999999998
16.53,4.0,36.503,52.843999999999994,43.635999999999996,60.336000000000006,126.119,128.385,65.2,55.8,30.5,95.6,64.5,84.3,92.5,83.8,93.1,89.6,92.4,20.081,5,5,5,31.572
16.55,4.0,36.358000000000004,53.06399999999999,43.653,60.198,126.001,128.35899999999998,65.2,55.8,30.5,95.6,64.5,84.3,92.5,83.8,93.1,89.6,92.4,20.158,5,5,5,31.572
16.57,4.0,36.699,52.893,43.458,60.607,125.913,128.281,65.2,55.8,30.5,95.6,64.5,84.3,92.5,83.8,93.1,89.6,92.4,20.067,5,5,5,31.57
16.59,4.0,36.593,53.238,43.658,60.888999999999996,125.884,128.29399999999998,65.2,55.8,30.5,95.6,64.5,84.3,92.5,83.8,93.1,89.6,92.4,20.124000000000002,5,5,5,31.566999999999997
16.61,4.0,36.304,52.495,43.574,60.513999999999996,125.736,128.163,65.2,55.8,30.5,95.6,64.5,84.3,92.5,83.8,93.1,89.6,92.4,20.045,5,5,5,31.566
16.63,4.0,36.379999999999995,53.025,43.615,60.785,125.633,128.124,65.2,55.8,30.5,95.6,64.5,84.3,92.5,83.8,93.1,89.6,92.4,20.073,5,5,5,31.559
16.65,4.0,36.305,53.479,43.400999999999996,60.593999999999994,125.574,128.019,65.2,55.8,30.5,95.6,64.5,84.3,92.5,83.8,93.1,89.6,92.4,20.044,5,5,5,31.555
16.67,4.0,35.894000000000005,53.187,43.342,60.373999999999995,125.559,127.928,65.2,55.8,30.5,95.6,64.5,84.3,92.5,83.8,93.1,89.6,92.4,20.040999999999997,5,5,5,31.554000000000002
16.69,4.0,36.232,52.361000000000004,43.431999999999995,60.6,125.411,127.836,65.2,55.8,30.5,95.6,64.5,84.3,92.5,83.8,93.1,89.6,92.4,20.022,5,5,5,31.55
16.71,4.0,36.092,52.488,43.521,60.441,125.411,127.836,65.2,55.8,30.5,95.6,64.5,84.3,92.5,83.8,93.1,89.6,92.4,20.025,5,5,5,31.555
16.73,4.0,35.744,53.038000000000004,43.445,60.51,125.322,127.665,65.2,55.8,30.5,95.6,64.5,84.3,92.5,83.8,93.1,89.6,92.4,20.018,5,5,5,31.552
16.75,4.0,35.751999999999995,52.986000000000004,43.414,60.338,125.21799999999999,127.678,65.2,55.8,30.5,95.6,64.5,84.3,92.5,83.8,93.1,89.6,92.4,20.028,5,5,5,31.541999999999998
16.77,4.0,35.774,52.842,43.372,60.126999999999995,125.26299999999999,127.59899999999999,65.2,55.8,30.5,95.6,64.5,84.3,92.5,83.8,93.1,89.6,92.4,20.016,5,5,5,31.54
16.79,4.0,35.946,52.773,43.602,60.39,125.11399999999999,127.56,65.2,55.8,30.5,95.6,64.5,84.3,92.5,83.8,93.1,89.6,92.4,20.029000000000003,5,5,5,31.537
16.81,4.0,35.931,52.516000000000005,43.312,59.853,125.07,127.507,65.2,55.8,30.5,95.6,64.5,84.3,92.5,83.8,93.1,89.6,92.4,20.054000000000002,5,5,5,31.535999999999998
16.83,4.0,35.812,52.971000000000004,43.452,59.778,125.025,127.455,65.2,55.8,30.5,95.6,64.5,84.3,92.5,83.8,93.1,89.6,92.4,20.044,5,5,5,31.54
16.85,4.0,35.305,53.373999999999995,43.217,59.73,124.861,127.389,65.2,55.8,30.5,95.6,64.5,84.3,92.5,83.8,93.1,89.6,92.4,20.055,5,5,5,31.543000000000003
16.87,4.0,35.647,53.066,43.068000000000005,59.835,124.846,127.21700000000001,65.2,55.8,30.5,95.6,64.5,84.3,92.55,83.8,93.188,89.6,92.4,20.061,5,5,5,31.537
16.89,4.0,35.655,52.758,43.1,60.095,124.786,127.23,65.2,55.8,30.5,95.6,64.5,84.3,92.616,83.8,93.237,89.6,92.4,20.051,5,5,5,31.539
16.91,4.0,35.548,52.586000000000006,43.314,60.201,124.697,127.177,65.2,55.8,30.5,95.6,64.5,84.3,92.653,83.8,93.264,89.6,92.4,20.055999999999997,5,5,5,31.539
16.93,4.0,35.391999999999996,52.754,43.105,60.108999999999995,124.60700000000001,127.098,65.2,55.8,30.5,95.6,64.5,84.3,92.673,83.8,93.28,89.6,92.4,19.991,5,5,5,31.537
16.95,4.0,35.436,52.367,43.086,59.618,124.54700000000001,127.085,65.2,55.8,30.5,95.6,64.5,84.3,92.685,83.8,93.289,89.6,92.4,19.997999999999998,5,5,5,31.535
16.97,4.0,35.611999999999995,52.725,43.150999999999996,59.482,124.50200000000001,126.979,65.2,55.8,30.5,95.6,64.5,84.3,92.692,83.8,93.294,89.64399999999999,92.4,20.028,5,5,5,31.537
16.99,4.0,35.66,52.277,42.994,59.794,124.367,126.846,65.2,55.8,30.5,95.6,64.5,84.3,92.695,83.8,93.296,89.668,92.4,20.103,5,5,5,31.534000000000002
17.01,4.0,35.303,52.87,42.946,59.88,124.337,126.899,65.0,55.8,30.4,96.0,64.4,84.3,92.697,83.8,93.298,89.682,92.4,19.949,5,5,5,31.54
17.03,4.0,35.43300000000001,52.618,43.075,59.985,124.21600000000001,126.75299999999999,65.0,55.8,30.4,96.0,64.4,84.3,92.699,83.8,93.29899999999999,89.69,92.4,19.877000000000002,5,5,5,31.538
17.05,4.0,35.302,52.766000000000005,42.891,60.104,124.20100000000001,126.66,65.0,55.8,30.4,96.0,64.4,84.3,92.699,83.8,93.29899999999999,89.694,92.4,19.863,5,5,5,31.535
17.07,4.0,35.307,52.489,42.918,60.086000000000006,124.171,126.647,65.0,55.8,30.4,96.0,64.4,84.3,92.7,83.8,93.3,89.697,92.4,19.884,5,5,5,31.54
17.09,4.0,35.238,52.659,42.905,59.994,123.99,126.541,65.0,55.8,30.4,96.0,64.4,84.3,92.7,83.8,93.3,89.69800000000001,92.4,19.857999999999997,5,5,5,31.534000000000002
17.11,4.0,34.893,52.567,42.917,59.648,123.959,126.47399999999999,65.0,55.8,30.4,96.0,64.4,84.3,92.7,83.8,93.3,89.699,92.4,19.801,5,5,5,31.535999999999998
17.13,4.0,34.941,52.727,42.853,59.57899999999999,123.80799999999999,126.434,65.0,55.8,30.4,96.0,64.4,84.3,92.7,83.8,93.3,89.699,92.425,19.808,5,5,5,31.534000000000002
17.15,4.0,34.831999999999994,52.898999999999994,43.098,59.769,123.77799999999999,126.367,65.0,55.8,30.4,96.0,64.4,84.3,92.7,83.8,93.3,89.7,92.502,19.783,5,5,5,31.539
17.17,4.0,35.117,52.711999999999996,43.001999999999995,60.02,123.79299999999999,126.301,65.0,55.8,30.4,96.0,64.4,84.3,92.7,83.8,93.3,89.7,92.545,19.686,5,5,5,31.537
17.19,4.0,35.233000000000004,52.468999999999994,42.835,60.148,123.671,126.34100000000001,65.0,55.8,30.4,96.0,64.4,84.3,92.7,83.8,93.3,89.7,92.569,19.569000000000003,5,5,5,31.531999999999996
17.21,4.0,35.019999999999996,52.391000000000005,42.755,60.123999999999995,123.595,126.20700000000001,65.0,55.8,30.4,96.0,64.4,84.3,92.7,83.8,93.3,89.7,92.582,19.401,5,5,5,31.53
17.23,4.0,35.023,52.738,42.918,59.757,123.595,126.073,65.0,55.8,30.4,96.0,64.4,84.3,92.7,83.8,93.3,89.7,92.59,19.283,5,5,5,31.528000000000002
17.25,4.0,34.644999999999996,52.926,42.735,59.793,123.473,126.03299999999999,65.0,55.8,30.4,96.0,64.4,84.3,92.7,83.8,93.3,89.7,92.594,19.133,5,5,5,31.53
17.27,4.0,34.68300000000001,52.181000000000004,42.78,59.673,123.412,125.993,65.0,55.8,30.4,96.0,64.4,84.3,92.7,83.8,93.3,89.7,92.597,19.095,5,5,5,31.528000000000002
17.29,4.0,34.589,52.847,42.769,59.907,123.336,125.899,65.0,55.8,30.4,96.0,64.4,84.3,92.7,83.8,93.3,89.7,92.598,19.073,5,5,5,31.529
17.31,4.0,34.826,52.24,42.746,60.251999999999995,123.306,125.845,65.0,55.8,30.4,96.0,64.4,84.3,92.7,83.8,93.3,89.7,92.59899999999999,18.979,5,5,5,31.526999999999997
17.33,4.0,34.9,52.188,42.614000000000004,60.111000000000004,123.199,125.88600000000001,65.0,55.8,30.4,96.0,64.4,84.3,92.7,83.8,93.3,89.7,92.59899999999999,18.892000000000003,5,5,5,31.513
17.35,4.0,34.428,52.75899999999999,42.448,60.224,123.10700000000001,125.711,65.0,55.8,30.4,96.0,64.4,84.3,92.7,83.8,93.3,89.7,92.6,18.912,5,5,5,31.511
17.37,4.0,34.557,52.501000000000005,42.603,59.617,123.12200000000001,125.751,65.0,55.8,30.4,96.0,64.4,84.387,92.7,83.8,93.3,89.7,92.6,18.859,5,5,5,31.506
17.39,4.0,34.488,52.631,42.650999999999996,59.73,123.015,125.617,65.0,55.8,30.4,96.0,64.4,84.437,92.7,83.8,93.3,89.7,92.6,18.845999999999997,5,5,5,31.504
17.41,4.0,34.331,52.35,42.666,59.688,122.861,125.49600000000001,65.0,55.8,30.4,96.0,64.4,84.464,92.7,83.869,93.3,89.7,92.6,18.924,5,5,5,31.505
17.43,4.0,34.157,52.415,42.705999999999996,59.791000000000004,122.83,125.49600000000001,65.0,55.8,30.4,96.0,64.4,84.48,92.7,83.926,93.3,89.7,92.6,18.990000000000002,5,5,5,31.503
17.45,4.0,34.234,52.543,42.576,60.153,122.846,125.48200000000001,65.0,55.8,30.4,96.0,64.4,84.48899999999999,92.7,83.958,93.3,89.7,92.6,19.04,5,5,5,31.505
17.47,4.0,34.331,52.177,42.466,59.873999999999995,122.70700000000001,125.428,65.0,55.8,30.4,96.0,64.4,84.494,92.7,83.977,93.3,89.7,92.6,19.229,5,5,5,31.494
17.49,4.0,33.553,52.38,42.635999999999996,60.104,122.661,125.25299999999999,65.0,55.8,30.4,96.0,64.4,84.49600000000001,92.7,83.987,93.3,89.7,92.6,19.409,5,5,5,31.493000000000002
17.51,4.0,33.742,52.556000000000004,42.439,59.925,122.645,125.198,65.0,55.8,30.4,96.0,64.4,84.498,92.7,83.993,93.3,89.7,92.6,19.407,5,5,5,31.493000000000002
17.53,4.0,33.565,52.506,42.595,59.949,122.568,125.171,65.0,55.8,30.4,96.0,64.4,84.499,92.7,83.99600000000001,93.3,89.7,92.6,19.427,5,5,5,31.497
17.55,4.0,34.218,52.757,42.488,60.036,122.491,125.036,65.0,55.8,30.4,96.0,64.4,84.499,92.7,83.998,93.3,89.7,92.6,19.464,5,5,5,31.494
17.57,4.0,33.992,52.4,42.348,60.105,122.351,124.98200000000001,65.0,55.8,30.4,96.0,64.4,84.5,92.7,83.999,93.3,89.7,92.6,19.491,5,5,5,31.493000000000002
17.59,4.0,33.884,52.088,42.455999999999996,60.17,122.274,124.927,65.0,55.8,30.4,96.0,64.4,84.5,92.7,83.999,93.3,89.7,92.6,19.522,5,5,5,31.49
17.61,4.0,33.736000000000004,52.088,42.466,60.167,122.196,125.009,65.0,55.8,30.4,96.0,64.4,84.5,92.7,84.0,93.3,89.7,92.6,19.496,5,5,5,31.480999999999998
17.63,4.0,33.28,51.758,42.465,60.205,122.227,124.859,65.0,55.8,30.4,96.0,64.4,84.5,92.7,84.0,93.3,89.7,92.6,19.534,5,5,5,31.480999999999998
17.65,4.0,33.61,52.221000000000004,42.324,60.293,122.072,124.819,65.0,55.8,30.4,96.0,64.4,84.5,92.7,84.0,93.3,89.7,92.6,19.570999999999998,5,5,5,31.482
17.67,4.0,33.812,52.207,42.36,60.092,122.009,124.77799999999999,65.0,55.8,30.4,96.0,64.4,84.5,92.7,84.0,93.3,89.7,92.6,19.451999999999998,5,5,5,31.484
17.69,4.0,33.22,52.195,42.366,59.958999999999996,121.994,124.682,65.0,55.8,30.4,96.0,64.4,84.5,92.7,84.0,93.3,89.7,92.6,19.320999999999998,5,5,5,31.48
17.71,4.0,33.41,52.119,42.499,60.049,121.884,124.669,65.0,55.8,30.4,96.0,64.4,84.5,92.7,84.0,93.3,89.7,92.6,19.201999999999998,5,5,5,31.473000000000003
17.73,4.0,33.454,51.82,42.423,60.251999999999995,121.853,124.587,65.0,55.8,30.4,96.0,64.4,84.5,92.7,84.0,93.3,89.7,92.6,18.991,5,5,5,31.471
17.75,4.0,33.41,51.781000000000006,42.356,60.445,121.791,124.478,65.0,55.8,30.4,96.0,64.4,84.5,92.7,84.0,93.3,89.7,92.6,18.877000000000002,5,5,5,31.468000000000004
17.77,4.0,32.952,52.306000000000004,42.473,60.54,121.775,124.34100000000001,65.0,55.8,30.4,96.0,64.4,84.5,92.7,84.0,93.3,89.7,92.6,18.864,5,5,5,31.468000000000004
17.79,4.0,32.826,52.067,42.494,60.236000000000004,121.712,124.43700000000001,65.0,55.8,30.4,96.0,64.4,84.5,92.7,84.0,93.3,89.7,92.6,18.899,5,5,5,31.465999999999998
17.81,4.0,33.093,51.858000000000004,42.321999999999996,59.937,121.634,124.355,65.0,55.8,30.4,96.0,64.4,84.5,92.7,84.0,93.3,89.7,92.6,18.817999999999998,5,5,5,31.469
17.83,4.0,33.062,52.376999999999995,42.306999999999995,59.652,121.54,124.286,65.0,55.8,30.4,96.0,64.4,84.5,92.7,84.0,93.3,89.7,92.6,18.779000000000003,5,5,5,31.468000000000004
17.85,4.0,33.022,52.352,42.266,60.059,121.493,124.13600000000001,65.0,55.8,30.4,96.0,64.4,84.5,92.7,84.0,93.3,89.7,92.6,18.788,5,5,5,31.465999999999998
17.87,4.0,32.902,52.153999999999996,42.131,60.227,121.43,124.095,65.0,55.8,30.4,96.0,64.4,84.5,92.7,84.0,93.3,89.7,92.6,18.792,5,5,5,31.469
17.89,4.0,32.803,51.831,42.271,60.119,121.335,124.10799999999999,65.0,55.8,30.4,96.0,64.4,84.5,92.7,84.0,93.3,89.7,92.6,18.782,5,5,5,31.456999999999997
17.91,4.0,33.048,51.748000000000005,42.354,60.221000000000004,121.209,123.88799999999999,65.0,55.8,30.4,96.0,64.4,84.5,92.7,84.0,93.3,89.7,92.6,18.814,5,5,5,31.451999999999998
17.93,4.0,32.913,51.681999999999995,42.201,60.123999999999995,121.256,123.93,65.0,55.8,30.4,96.0,64.4,84.5,92.7,84.0,93.3,89.7,92.6,18.887,5,5,5,31.449
17.95,4.0,32.93300000000001,52.052,42.042,60.052,121.146,123.84700000000001,65.0,55.8,30.4,96.0,64.4,84.5,92.7,84.0,93.3,89.7,92.6,19.009999999999998,5,5,5,31.444000000000003
17.97,4.0,32.9,51.773,42.248000000000005,59.708999999999996,121.11399999999999,123.861,65.0,55.8,30.4,96.0,64.4,84.5,92.7,84.0,93.3,89.7,92.6,19.185000000000002,5,5,5,31.444000000000003
17.99,4.0,32.492,51.636,42.083,60.151,121.08200000000001,123.73700000000001,65.0,55.8,30.4,96.0,64.4,84.5,92.7,84.0,93.3,89.7,92.6,18.833,5,5,5,31.447
18.01,4.0,32.760999999999996,51.678999999999995,42.034,60.313,120.956,123.73700000000001,65.0,55.8,30.4,96.0,64.4,84.5,92.7,84.0,93.3,89.7,92.6,18.925,5,5,5,31.45
18.03,4.0,32.04,52.013999999999996,42.001,60.07899999999999,120.98700000000001,123.62700000000001,65.0,55.8,30.4,96.0,64.4,84.5,92.7,84.0,93.3,89.7,92.6,18.604,5,5,5,31.434
18.05,4.0,32.153000000000006,51.88399999999999,42.1,60.29600000000001,120.81299999999999,123.53,65.0,55.8,30.4,96.0,64.4,84.5,92.7,84.0,93.3,89.7,92.6,17.679000000000002,5,5,5,31.430999999999997
18.07,4.0,32.238,51.431000000000004,41.948,60.208,120.86,123.585,65.0,55.8,30.4,96.0,64.4,84.5,92.7,84.0,93.3,89.7,92.6,17.853,5,5,5,31.433000000000003
18.09,4.0,32.56,51.525,42.076,60.475,120.71700000000001,123.516,65.0,55.8,30.4,96.0,64.4,84.5,92.7,84.0,93.3,89.7,92.6,17.824,5,5,5,31.423000000000002
18.11,4.0,32.383,51.277,42.114000000000004,60.128,120.669,123.585,65.0,55.8,30.4,96.0,64.4,84.5,92.7,84.0,93.3,89.7,92.6,16.909,5,5,5,31.424
18.13,4.0,32.149,51.596000000000004,41.995,60.236000000000004,120.60600000000001,123.488,65.0,55.8,30.4,96.0,64.4,84.5,92.7,84.0,93.3,89.7,92.6,17.084000000000003,5,5,5,31.423000000000002
18.15,4.0,31.958000000000002,51.628,41.899,60.411,120.494,123.419,65.0,55.8,30.4,96.0,64.4,84.5,92.7,84.0,93.3,89.7,92.6,17.152,5,5,5,31.429000000000002
18.17,4.0,32.239999999999995,51.8,41.949,60.385,120.494,123.294,65.0,55.8,30.4,96.0,64.4,84.5,92.7,84.0,93.3,89.7,92.6,16.364,5,5,5,31.43
18.19,4.0,31.908,51.531000000000006,41.853,60.633,120.334,123.197,65.0,55.8,30.4,96.0,64.4,84.5,92.7,84.0,93.3,89.7,92.6,16.415,5,5,5,31.434
18.21,4.0,31.948,51.376000000000005,41.8,59.65,120.318,123.23899999999999,65.0,55.8,30.4,96.0,64.4,84.5,92.7,84.0,93.3,89.7,92.6,16.653,5,5,5,31.433000000000003
18.23,4.0,32.212,51.473,41.875,60.075,120.27,123.12799999999999,65.0,55.8,30.4,96.0,64.4,84.5,92.7,84.0,93.3,89.7,92.6,15.952,5,5,5,31.425
18.25,4.0,31.316999999999997,51.318000000000005,41.972,60.233000000000004,120.25399999999999,122.961,65.0,55.8,30.4,96.0,64.4,84.5,92.7,84.0,93.3,89.7,92.6,15.795,5,5,5,31.435
18.27,4.0,31.774,51.705,41.969,60.108999999999995,120.238,123.044,65.0,55.8,30.4,96.0,64.4,84.5,92.7,84.0,93.3,89.7,92.6,16.246,5,5,5,31.43
18.29,4.0,31.551,51.138000000000005,41.916,60.417,120.141,122.947,65.0,55.8,30.4,96.0,64.4,84.5,92.7,84.0,93.3,89.7,92.6,15.687000000000001,5,5,5,31.433000000000003
18.31,4.0,31.72,51.738,41.841,60.333,120.109,122.919,65.0,55.8,30.4,96.0,64.4,84.5,92.7,84.0,93.3,89.7,92.6,15.382,5,5,5,31.432
18.33,4.0,31.391,51.147,41.773,60.066,120.01299999999999,122.822,65.0,55.8,30.4,96.0,64.4,84.5,92.7,84.0,93.3,89.7,92.6,15.988,5,5,5,31.430999999999997
18.35,4.0,31.581,51.501000000000005,41.798,60.20399999999999,119.835,122.905,65.0,55.8,30.4,96.0,64.4,84.5,92.7,84.0,93.3,89.7,92.6,15.543,5,5,5,31.427
18.37,4.0,32.010999999999996,51.375,41.805,60.394,119.819,122.822,65.0,55.8,30.4,96.0,64.4,84.5,92.7,84.0,93.3,89.7,92.6,15.202,5,5,5,31.427
18.39,4.0,31.320999999999998,51.55,42.005,60.013999999999996,119.72200000000001,122.80799999999999,65.0,55.8,30.4,96.0,64.4,84.5,92.7,84.0,93.3,89.7,92.6,15.804,5,5,5,31.429000000000002
18.41,4.0,31.508000000000003,51.026,41.796,59.909,119.641,122.626,65.0,55.8,30.4,96.0,64.4,84.5,92.7,84.0,93.3,89.7,92.6,15.377,5,5,5,31.427
18.43,4.0,31.218000000000004,51.036,41.708,60.148999999999994,119.641,122.556,65.0,55.8,30.4,96.0,64.4,84.5,92.7,84.0,93.3,89.7,92.6,15.064,5,5,5,31.43
18.45,4.0,31.129,51.27,41.634,60.433,119.625,122.626,65.0,55.8,30.4,96.0,64.4,84.5,92.7,84.0,93.3,89.7,92.6,15.639000000000001,5,5,5,31.421999999999997
18.47,4.0,31.186999999999998,50.738,41.656,60.498999999999995,119.495,122.458,65.0,55.8,30.4,96.0,64.4,84.5,92.7,84.0,93.3,89.7,92.6,15.569,5,5,5,31.413
18.49,4.0,31.046999999999997,50.753,41.833,60.049,119.446,122.514,65.0,55.8,30.4,96.0,64.4,84.5,92.7,84.0,93.3,89.7,92.6,14.96,5,5,5,31.412
18.51,4.0,31.038,51.035,41.655,60.195,119.51100000000001,122.444,65.0,55.8,30.4,96.0,64.4,84.5,92.7,84.0,93.3,89.7,92.6,15.474,5,5,5,31.403000000000002
18.53,4.0,31.209,51.063,41.594,60.018,119.527,122.402,65.0,55.8,30.4,96.0,64.4,84.5,92.7,84.0,93.3,89.7,92.6,15.687999999999999,5,5,5,31.406999999999996
18.55,4.0,30.948,50.913999999999994,41.666,59.99,119.29899999999999,122.303,65.0,55.8,30.4,96.0,64.4,84.5,92.7,84.0,93.3,89.7,92.6,14.959,5,5,5,31.404
18.57,4.0,31.005,51.08,41.547,60.368,119.28299999999999,122.303,65.0,55.8,30.4,96.0,64.4,84.5,92.7,84.0,93.3,89.7,92.6,15.390999999999998,5,5,5,31.406999999999996
18.59,4.0,31.178,51.115,41.583,60.589,119.21799999999999,122.303,65.0,55.8,30.4,96.0,64.4,84.5,92.7,84.0,93.3,89.7,92.6,15.644,5,5,5,31.396
18.61,4.0,30.846999999999998,51.102,41.573,60.57,119.103,122.289,65.0,55.8,30.4,96.0,64.4,84.5,92.7,84.0,93.3,89.7,92.6,15.004,5,5,5,31.389
18.63,4.0,31.028000000000002,50.886,41.547,60.411,119.054,122.191,65.0,55.8,30.4,96.0,64.4,84.5,92.7,84.0,93.3,89.7,92.6,15.277000000000001,5,5,5,31.388
18.65,4.0,30.574,51.141000000000005,41.671,60.256,119.005,122.12,65.0,55.8,30.4,96.0,64.4,84.5,92.7,84.0,93.387,89.7,92.6,15.588,5,5,5,31.391
18.67,4.0,30.875999999999998,50.692,41.429,59.952,119.038,122.05,65.0,55.8,30.4,96.0,64.4,84.5,92.75,84.0,93.437,89.7,92.6,15.058,5,5,5,31.389
18.69,4.0,30.51,51.119,41.454,59.911,119.005,121.92299999999999,65.0,55.8,30.4,96.0,64.4,84.5,92.816,84.0,93.464,89.7,92.6,14.901,5,5,5,31.388
18.71,4.0,30.787,51.196000000000005,41.48,60.163999999999994,118.939,121.90899999999999,65.0,55.8,30.4,96.0,64.4,84.5,92.85300000000001,84.0,93.48,89.7,92.6,15.477,5,5,5,31.389
18.73,4.0,30.5,50.674,41.518,60.32899999999999,118.824,121.81,65.0,55.8,30.4,96.0,64.4,84.5,92.873,84.0,93.48899999999999,89.7,92.6,15.029,5,5,5,31.386999999999997
18.75,4.0,30.986,50.976000000000006,41.516999999999996,60.158,118.874,121.852,65.0,55.8,30.4,96.0,64.4,84.5,92.885,84.0,93.494,89.7,92.6,14.763,5,5,5,31.386999999999997
18.77,4.0,30.622,50.68899999999999,41.641,60.383,118.80799999999999,121.824,65.0,55.8,30.4,96.0,64.4,84.5,92.892,84.0,93.49600000000001,89.7,92.6,15.418,5,5,5,31.383000000000003
18.79,4.0,30.436,51.512,41.385,60.051,118.742,121.725,65.0,55.8,30.4,96.0,64.4,84.5,92.895,84.0,93.498,89.7,92.6,15.022,5,5,5,31.381999999999998
18.81,4.0,30.201999999999998,51.028,41.336999999999996,59.858999999999995,118.544,121.611,65.0,55.8,30.4,96.0,64.4,84.5,92.89699999999999,84.0,93.499,89.7,92.6,14.687000000000001,5,5,5,31.386
18.83,4.0,30.45,50.647,41.321999999999996,59.881,118.544,121.725,65.0,55.8,30.4,96.0,64.4,84.5,92.898,84.0,93.499,89.7,92.6,15.315,5,5,5,31.38
18.85,4.0,30.026999999999997,51.031000000000006,41.231,60.106,118.561,121.64,65.0,55.8,30.4,96.0,64.4,84.5,92.899,84.0,93.5,89.7,92.6,14.999,5,5,5,31.386
18.87,4.0,30.058000000000003,50.55,41.403,60.373000000000005,118.428,121.569,65.0,55.8,30.4,96.0,64.4,84.5,92.9,84.0,93.5,89.7,92.6,14.656,5,5,5,31.384
18.89,4.0,30.326999999999998,50.49,41.286,60.22,118.445,121.455,65.0,55.8,30.4,96.0,64.4,84.5,92.9,84.0,93.5,89.7,92.6,15.24,5,5,5,31.366999999999997
18.91,4.0,30.195999999999998,50.792,41.332,60.365,118.329,121.384,65.0,55.8,30.4,96.0,64.4,84.5,92.9,84.0,93.5,89.7,92.6,15.251,5,5,5,31.363000000000003
18.93,4.0,30.003,50.145,41.135999999999996,60.18600000000001,118.279,121.37,65.0,55.8,30.4,96.0,64.4,84.5,92.9,84.0,93.5,89.7,92.6,14.746,5,5,5,31.355999999999998
18.95,4.0,30.019000000000002,50.958,41.294000000000004,60.211000000000006,118.345,121.28399999999999,65.0,55.8,30.4,96.0,64.4,84.5,92.9,84.0,93.5,89.7,92.6,15.189,5,5,5,31.357
18.97,4.0,29.982,50.353,41.38,60.04600000000001,118.113,121.34100000000001,65.0,55.8,30.4,96.0,64.4,84.5,92.9,84.0,93.5,89.7,92.6,15.429,5,5,5,31.359
18.99,4.0,30.081,50.578,41.259,59.972,118.113,121.227,65.0,55.8,30.4,96.0,64.4,84.5,92.9,84.0,93.5,89.7,92.6,14.933,5,5,5,31.357
19.01,4.0,29.875999999999998,50.824,41.179,60.417,118.06299999999999,121.28399999999999,64.8,55.8,30.4,96.3,64.3,84.5,92.9,84.0,93.5,89.7,92.6,14.736,5,5,5,31.363000000000003
19.03,4.0,29.958000000000002,50.391000000000005,41.349000000000004,60.148,117.896,121.07,64.8,55.8,30.4,96.3,64.3,84.5,92.9,84.0,93.5,89.7,92.6,15.399000000000001,5,5,5,31.37
19.05,4.0,29.788,50.522,41.282,60.303999999999995,117.979,121.113,64.8,55.8,30.4,96.3,64.3,84.5,92.9,84.0,93.5,89.7,92.6,14.947000000000001,5,5,5,31.368000000000002
19.07,4.0,29.511999999999997,50.782,41.25,60.232,117.963,120.999,64.8,55.8,30.4,96.3,64.3,84.5,92.9,84.0,93.5,89.7,92.6,14.693999999999999,5,5,5,31.368000000000002
19.09,4.0,29.866,50.236000000000004,41.191,60.21,117.745,120.97,64.8,55.8,30.4,96.3,64.3,84.5,92.9,84.0,93.5,89.7,92.6,15.280999999999999,5,5,5,31.365
19.11,4.0,29.719,50.74,41.121,60.37,117.712,121.041,64.8,55.8,30.4,96.3,64.3,84.5,92.9,84.0,93.5,89.7,92.6,14.969,5,5,5,31.363000000000003
19.13,4.0,29.729,50.49,41.141999999999996,60.577,117.846,120.82700000000001,64.8,55.8,30.4,96.3,64.3,84.5,92.9,84.0,93.5,89.7,92.6,14.664,5,5,5,31.365
19.15,4.0,29.373,49.989,41.363,60.586999999999996,117.745,120.81200000000001,64.8,55.8,30.4,96.3,64.3,84.5,92.9,84.0,93.5,89.7,92.6,15.304,5,5,5,31.371
19.17,4.0,29.34,50.2,41.238,60.908,117.51,120.78299999999999,64.8,55.8,30.4,96.3,64.3,84.5,92.9,84.0,93.5,89.7,92.6,15.184,5,5,5,31.37
19.19,4.0,29.256,49.989,41.157,60.653999999999996,117.476,120.78299999999999,64.8,55.8,30.4,96.3,64.3,84.5,92.9,84.0,93.5,89.7,92.6,14.704,5,5,5,31.355
19.21,4.0,29.308000000000003,50.528,41.031,60.544,117.493,120.697,64.8,55.8,30.4,96.3,64.3,84.5,92.9,84.0,93.5,89.7,92.6,15.275,5,5,5,31.35
19.23,4.0,29.575,50.092,41.006,60.46,117.39200000000001,120.58200000000001,64.8,55.8,30.4,96.3,64.3,84.5,92.9,84.0,93.5,89.7,92.6,15.343,5,5,5,31.348000000000003
19.25,4.0,29.291999999999998,49.985,41.107,60.512,117.375,120.51,64.8,55.8,30.4,96.3,64.3,84.5,92.9,84.0,93.5,89.7,92.6,14.752,5,5,5,31.35
19.27,4.0,28.88,50.9,41.157,60.416000000000004,117.291,120.669,64.8,55.8,30.4,96.3,64.3,84.5,92.9,84.0,93.5,89.7,92.6,15.212,5,5,5,31.354
19.29,4.0,28.845,50.059,40.939,60.47,117.30799999999999,120.51,64.8,55.8,30.4,96.3,64.3,84.5,92.9,84.0,93.5,89.7,92.6,15.479000000000001,5,5,5,31.353
19.31,6.0,28.873,49.888000000000005,41.016,60.437,117.24,120.43799999999999,64.8,55.8,30.4,96.3,64.3,84.5,92.9,84.0,93.5,89.7,92.6,14.762,5,5,5,31.35
19.33,6.0,28.228,50.282,41.056999999999995,57.685,117.00299999999999,120.279,64.8,55.8,30.4,96.3,64.3,84.5,92.9,84.0,93.5,89.7,92.6,15.109,5,5,5,31.34
19.35,6.0,29.093000000000004,50.093999999999994,40.84,56.161,117.12100000000001,120.43799999999999,64.8,55.8,30.4,96.3,64.3,84.5,92.9,84.0,93.5,89.7,92.6,15.458,5,5,5,31.345
19.37,6.0,29.031,50.364,40.996,44.256,117.00299999999999,120.279,64.8,55.8,30.4,96.3,64.3,84.5,92.9,84.0,93.5,89.7,92.6,14.781,5,5,5,32.062
19.39,6.0,29.025,49.631,40.868,34.623000000000005,116.84899999999999,120.178,64.8,55.8,30.4,96.3,64.3,84.5,92.9,84.0,93.5,89.7,92.6,14.971,5,5,5,33.441
19.41,6.0,28.566999999999997,50.022,41.043,31.268,116.815,120.105,64.8,55.8,30.4,96.3,64.3,84.5,92.9,84.0,93.5,89.7,92.6,15.408,5,5,5,34.846999999999994
19.43,6.0,28.771,50.086000000000006,40.855,38.815,116.95100000000001,120.105,64.8,55.8,30.4,96.3,64.3,84.5,92.9,84.0,93.5,89.7,92.6,14.924,5,5,5,36.046
19.45,6.0,28.833000000000002,49.753,40.772,65.595,116.917,120.09100000000001,64.8,55.8,30.4,96.3,64.3,84.5,92.9,84.0,93.5,89.7,92.6,14.904,5,5,5,36.903999999999996
19.47,6.0,28.295,49.628,41.038000000000004,52.391999999999996,116.883,119.96,64.8,55.8,30.4,96.3,64.3,84.5,92.9,84.0,93.5,89.7,92.6,15.439,5,5,5,37.563
19.49,6.0,29.055,49.232,40.933,61.486999999999995,116.84899999999999,119.87299999999999,64.8,55.8,30.4,96.3,64.3,84.5,92.9,84.0,93.5,89.7,92.6,15.03,5,5,5,38.018
19.51,6.0,29.089000000000002,49.004,40.896,59.973,116.713,119.742,64.8,55.8,30.4,96.3,64.3,84.5,92.9,84.0,93.5,89.7,92.6,14.732000000000001,5,5,5,38.336
19.53,6.0,28.683000000000003,48.787,41.135999999999996,56.788999999999994,116.62700000000001,119.552,64.8,55.8,30.4,96.3,64.3,84.5,92.9,84.0,93.5,89.7,92.6,15.412,5,5,5,38.631
19.55,6.0,28.883000000000003,47.919,41.008,57.518,116.64399999999999,119.464,64.8,55.8,30.4,96.3,64.3,84.5,92.9,84.0,93.5,89.7,92.6,15.042,5,5,5,38.812
19.57,6.0,28.276999999999997,47.632,41.162,58.784,116.662,119.479,64.8,55.8,30.4,96.3,64.3,84.5,92.9,84.0,93.5,89.7,92.6,14.754,5,5,5,38.968
19.59,6.0,28.513,47.285,41.175,61.736999999999995,116.542,119.215,64.8,55.8,30.4,96.3,64.3,84.5,92.9,84.05,93.5,89.7,92.6,15.357000000000001,5,5,5,39.079
19.61,6.0,28.479,47.159,41.115,61.088,116.49,119.33200000000001,64.8,55.8,30.4,96.3,64.3,84.5,92.9,84.116,93.5,89.7,92.6,15.057,5,5,5,39.189
19.63,6.0,28.38,46.443000000000005,41.154,59.55,116.49,119.229,64.8,55.8,30.4,96.3,64.3,84.5,92.9,84.153,93.5,89.7,92.6,14.696,5,5,5,39.266999999999996
19.65,6.0,28.621,46.078,41.283,56.408,116.37,119.185,64.8,55.8,30.4,96.3,64.3,84.5,92.9,84.173,93.5,89.725,92.6,15.298,5,5,5,39.355999999999995
19.67,6.0,28.563000000000002,46.044,41.124,59.894,116.353,119.08200000000001,64.8,55.8,30.4,96.3,64.3,84.5,92.9,84.185,93.5,89.80199999999999,92.6,15.306,5,5,5,39.452
19.69,6.0,28.18,46.001000000000005,41.078,62.235,116.318,118.979,64.8,55.8,30.4,96.3,64.3,84.5,92.9,84.192,93.5,89.845,92.6,14.752,5,5,5,39.590999999999994
19.71,6.0,28.174,45.656,41.11,59.148,116.387,118.964,64.8,55.8,30.4,96.3,64.3,84.5,92.9,84.195,93.5,89.869,92.6,15.218,5,5,5,39.749
19.73,6.0,28.316999999999997,45.525999999999996,41.082,59.453,116.26700000000001,118.846,64.8,55.8,30.4,96.3,64.3,84.5,92.9,84.197,93.5,89.882,92.6,15.402000000000001,5,5,5,39.92
19.75,6.0,28.026999999999997,45.27,40.977,58.711000000000006,116.25,118.891,64.8,55.8,30.4,96.3,64.3,84.5,92.9,84.199,93.5,89.89,92.6,14.777999999999999,5,5,5,40.096999999999994
19.77,6.0,27.875,45.164,40.988,59.727,116.11200000000001,118.802,64.8,55.8,30.4,96.3,64.3,84.5,92.9,84.199,93.5,89.89399999999999,92.6,15.25,5,5,5,40.318
19.79,6.0,28.13,44.625,41.019,61.425,116.11200000000001,118.713,64.8,55.8,30.4,96.3,64.3,84.5,92.9,84.2,93.5,89.89699999999999,92.6,15.452,5,5,5,40.528000000000006
19.81,6.0,28.055999999999997,44.792,40.965,60.787,116.06,118.669,64.8,55.8,30.4,96.3,64.3,84.5,92.9,84.2,93.5,89.898,92.6,14.814,5,5,5,40.745000000000005
19.83,6.0,27.835,44.78,40.913000000000004,57.6,115.99,118.669,64.8,55.8,30.4,96.3,64.3,84.5,92.9,84.2,93.5,89.899,92.6,15.232000000000001,5,5,5,40.936
19.85,6.0,27.954,44.753,41.101,59.0,115.956,118.594,64.8,55.8,30.4,96.3,64.3,84.5,92.9,84.2,93.5,89.899,92.6,15.573,5,5,5,41.156
19.87,6.0,27.383000000000003,44.731,40.85,59.475,115.852,118.594,64.8,55.8,30.4,96.3,64.3,84.5,92.9,84.2,93.5,89.9,92.6,14.816,5,5,5,41.385000000000005
19.89,6.0,28.003,44.361999999999995,40.873000000000005,61.172,115.834,118.58,64.8,55.8,30.4,96.3,64.3,84.5,92.9,84.2,93.5,89.9,92.6,15.049,5,5,5,41.55
19.91,6.0,27.322,44.285,41.031,61.419,115.904,118.505,64.8,55.8,30.4,96.3,64.3,84.5,92.9,84.2,93.5,89.9,92.6,15.584000000000001,5,5,5,41.751999999999995
19.93,6.0,27.721999999999998,44.47,40.967,60.313,115.695,118.40100000000001,64.8,55.8,30.4,96.3,64.3,84.5,92.9,84.2,93.5,89.9,92.669,14.979,5,5,5,41.945
19.95,6.0,27.642,44.069,40.954,60.195,115.625,118.55,64.8,55.8,30.4,96.3,64.3,84.5,92.9,84.2,93.5,89.9,92.726,14.808,5,5,5,42.105
19.97,6.0,27.51,43.486,40.917,59.78,115.556,118.40100000000001,64.8,55.8,30.4,96.3,64.3,84.5,92.9,84.2,93.5,89.9,92.758,15.475999999999999,5,5,5,42.313
19.99,6.0,27.358,44.022,40.908,62.928000000000004,115.556,118.28200000000001,64.8,55.8,30.4,96.3,64.3,84.5,92.9,84.2,93.5,89.9,92.777,15.533,5,5,5,42.507
20.01,6.0,27.39,44.141999999999996,40.804,59.519,115.45100000000001,118.29700000000001,64.8,55.8,30.4,96.3,64.3,84.5,92.9,84.2,93.5,89.9,92.78699999999999,14.724,5,5,5,42.725
20.03,6.0,27.333000000000002,43.928000000000004,40.879,60.503,115.32799999999999,118.23700000000001,64.8,55.8,30.4,96.3,64.3,84.5,92.9,84.2,93.5,89.9,92.793,15.192,5,5,5,42.925
20.05,6.0,27.35,43.836,40.929,60.227,115.275,118.29700000000001,64.8,55.8,30.4,96.3,64.3,84.5,92.9,84.2,93.5,89.9,92.796,15.297,5,5,5,43.141999999999996
20.07,6.0,26.995,43.975,40.977,58.757,115.311,118.163,64.8,55.8,30.4,96.3,64.3,84.5,92.9,84.2,93.5,89.9,92.798,14.535,5,5,5,43.366
20.09,6.0,27.079,43.952,40.607,61.931999999999995,115.18799999999999,118.01299999999999,64.8,55.8,30.4,96.3,64.3,84.5,92.9,84.2,93.5,89.9,92.79899999999999,15.121,5,5,5,43.580999999999996
20.11,6.0,27.125999999999998,43.551,40.718,62.705,115.064,118.02799999999999,64.8,55.8,30.4,96.3,64.3,84.5,92.9,84.2,93.5,89.9,92.79899999999999,14.908999999999999,5,5,5,43.824
20.13,6.0,26.634,43.778,40.748000000000005,58.518,115.135,117.93799999999999,64.8,55.8,30.4,96.3,64.3,84.5,92.9,84.2,93.5,89.9,92.8,14.464,5,5,5,44.028
20.15,6.0,26.607,43.667,40.702,60.169,115.135,117.93799999999999,64.8,55.8,30.4,96.3,64.3,84.5,92.9,84.2,93.5,89.9,92.8,15.1,5,5,5,44.219
20.17,6.0,26.996,44.163000000000004,40.66,60.0,115.029,117.95299999999999,64.8,55.8,30.4,96.3,64.3,84.5,92.9,84.2,93.5,89.9,92.8,14.828,5,5,5,44.47
20.19,6.0,26.945999999999998,43.809,40.635,62.79,115.04700000000001,117.93799999999999,64.8,55.8,30.4,96.3,64.3,84.55,92.9,84.2,93.5,89.9,92.8,14.396,5,5,5,44.621
20.21,6.0,26.848000000000003,43.534,40.583,65.202,114.976,117.848,64.8,55.8,30.4,96.3,64.3,84.616,92.9,84.2,93.5,89.9,92.8,15.022,5,5,5,44.841
20.23,6.0,26.261,43.7,40.782,62.931999999999995,114.976,117.87799999999999,64.8,55.8,30.4,96.3,64.3,84.653,92.9,84.2,93.5,89.9,92.8,14.681000000000001,5,5,5,45.022
20.25,6.0,26.515,43.306999999999995,40.769,62.251000000000005,114.905,117.788,64.8,55.8,30.4,96.3,64.3,84.673,92.9,84.2,93.5,89.9,92.8,14.401,5,5,5,45.208
20.27,6.0,26.515,43.648,40.657,62.243,114.958,117.743,64.8,55.8,30.4,96.3,64.3,84.685,92.9,84.2,93.5,89.9,92.8,15.083,5,5,5,45.398
20.29,6.0,26.043000000000003,43.441,40.67,62.597,114.88799999999999,117.833,64.8,55.8,30.4,96.3,64.3,84.692,92.9,84.2,93.5,89.9,92.8,14.623,5,5,5,45.579
20.31,6.0,26.649,43.459,40.746,64.343,114.74600000000001,117.53200000000001,64.8,55.8,30.4,96.3,64.3,84.695,92.9,84.2,93.5,89.9,92.8,14.471,5,5,5,45.791
20.33,6.0,25.849,43.236999999999995,40.736,63.42100000000001,114.781,117.59200000000001,64.8,55.8,30.4,96.3,64.3,84.697,92.9,84.2,93.5,89.9,92.8,15.104,5,5,5,45.985
20.35,6.0,26.123,43.463,40.599000000000004,62.986999999999995,114.728,117.50200000000001,64.8,55.8,30.4,96.3,64.3,84.699,92.9,84.2,93.5,89.9,92.8,14.6,5,5,5,46.162
20.37,6.0,26.09,43.658,40.588,62.488,114.568,117.57700000000001,64.8,55.8,30.4,96.3,64.3,84.699,92.9,84.2,93.5,89.9,92.8,14.698,5,5,5,46.338
20.39,6.0,26.45,43.434,40.702,62.263000000000005,114.65700000000001,117.54700000000001,64.8,55.8,30.4,96.3,64.3,84.7,92.9,84.2,93.5,89.9,92.8,15.096,5,5,5,46.516
20.41,6.0,25.836,42.714,40.546,65.702,114.604,117.381,64.8,55.8,30.4,96.3,64.3,84.7,92.9,84.2,93.5,89.9,92.8,14.482000000000001,5,5,5,46.723
20.43,6.0,26.035999999999998,43.198,40.554,64.516,114.49700000000001,117.351,64.8,55.8,30.4,96.3,64.3,84.7,92.9,84.2,93.5,89.9,92.8,14.796,5,5,5,46.922
20.45,6.0,25.704,43.2,40.438,63.295,114.37200000000001,117.23,64.8,55.8,30.4,96.3,64.3,84.7,92.9,84.2,93.5,89.9,92.8,15.093,5,5,5,47.07
20.47,6.0,25.621,43.211,40.396,64.114,114.37200000000001,117.366,64.8,55.8,30.4,96.3,64.3,84.7,92.9,84.2,93.5,89.9,92.8,14.427999999999999,5,5,5,47.277
20.49,6.0,25.555,42.971,40.429,61.968,114.318,117.184,64.8,55.8,30.4,96.3,64.3,84.7,92.9,84.2,93.5,89.9,92.8,14.791,5,5,5,47.469
20.51,6.0,25.791,42.698,40.596,65.36,114.229,117.154,64.8,55.8,30.4,96.3,64.3,84.7,92.9,84.2,93.5,89.9,92.8,15.093,5,5,5,47.663000000000004
20.53,6.0,25.704,42.223,40.397,63.948,114.085,117.10799999999999,64.8,55.8,30.4,96.3,64.3,84.7,92.9,84.2,93.5,89.9,92.8,14.375,5,5,5,47.861999999999995
20.55,6.0,25.796,42.954,40.37,62.565,114.229,117.10799999999999,64.8,55.8,30.4,96.3,64.3,84.7,92.9,84.2,93.5,89.9,92.8,14.832,5,5,5,48.082
20.57,6.0,25.468,42.399,40.255,62.537,114.15700000000001,117.13799999999999,64.8,55.8,30.4,96.3,64.3,84.7,92.9,84.2,93.5,89.9,92.8,15.005,5,5,5,48.266
20.59,6.0,25.499000000000002,42.428000000000004,40.278,60.812,114.04899999999999,116.986,64.8,55.8,30.4,96.3,64.3,84.7,92.9,84.2,93.5,89.9,92.8,14.381,5,5,5,48.504
20.61,6.0,25.312,42.264,40.38,62.946000000000005,114.06700000000001,116.941,64.8,55.8,30.4,96.3,64.3,84.7,92.9,84.2,93.5,89.9,92.8,14.857000000000001,5,5,5,48.747
20.63,6.0,25.383,42.894,40.373000000000005,65.31800000000001,114.01299999999999,116.91,64.8,55.8,30.4,96.3,64.3,84.7,92.9,84.2,93.5,89.9,92.8,14.78,5,5,5,48.986999999999995
20.65,6.0,25.805,42.338,40.238,59.88399999999999,113.905,117.04700000000001,64.8,55.8,30.4,96.3,64.3,84.7,92.9,84.2,93.5,89.9,92.8,14.276,5,5,5,49.181999999999995
20.67,6.0,25.493000000000002,42.479,40.232,62.01,113.79700000000001,116.86399999999999,64.8,55.8,30.4,96.3,64.3,84.7,92.9,84.2,93.5,89.9,92.8,14.891,5,5,5,49.353
20.69,6.0,25.355,42.73,40.121,62.243,113.79700000000001,116.803,64.8,55.8,30.4,96.3,64.3,84.7,92.9,84.2,93.5,89.9,92.8,14.583,5,5,5,49.534
20.71,6.0,25.42,42.467,40.264,63.602,113.779,116.819,64.8,55.8,30.4,96.3,64.3,84.7,92.9,84.2,93.5,89.9,92.8,14.279,5,5,5,49.702
20.73,6.0,25.526,42.122,40.08,66.36699999999999,113.76100000000001,116.742,64.8,55.8,30.4,96.3,64.3,84.7,92.9,84.2,93.5,89.9,92.8,14.994,5,5,5,49.906
20.75,6.0,25.135,42.463,40.137,63.784,113.706,116.62,64.8,55.8,30.4,96.3,64.3,84.7,92.9,84.2,93.5,89.9,92.8,14.576,5,5,5,50.049
20.77,6.0,25.183,41.948,40.216,63.68899999999999,113.67,116.712,64.8,55.8,30.4,96.3,64.3,84.7,92.9,84.2,93.5,89.9,92.8,14.321,5,5,5,50.218
20.79,6.0,25.055,41.97,40.098,62.751000000000005,113.616,116.696,64.8,55.8,30.4,96.3,64.3,84.7,92.9,84.2,93.5,89.9,92.8,15.023,5,5,5,50.419000000000004
20.81,6.0,24.595,41.91,40.236999999999995,63.449,113.634,116.559,64.8,55.8,30.4,96.3,64.3,84.7,92.9,84.2,93.5,89.9,92.8,14.548,5,5,5,50.623000000000005
20.83,6.0,24.727,42.074,40.191,65.80199999999999,113.54299999999999,116.48200000000001,64.8,55.8,30.4,96.3,64.3,84.7,92.9,84.2,93.5,89.9,92.8,14.357000000000001,5,5,5,50.826
20.85,6.0,25.023,41.895,40.277,65.074,113.579,116.574,64.8,55.8,30.4,96.3,64.3,84.7,92.9,84.2,93.5,89.9,92.8,15.049,5,5,5,51.015
20.87,6.0,24.851,41.87,40.163000000000004,62.941,113.45200000000001,116.48200000000001,64.8,55.8,30.4,96.3,64.3,84.7,92.9,84.2,93.5,89.9,92.8,14.526,5,5,5,51.202
20.89,6.0,24.687,41.465,39.971,63.665,113.416,116.405,64.8,55.8,30.4,96.3,64.3,84.7,92.9,84.2,93.5,89.9,92.8,14.539,5,5,5,51.405
20.91,6.0,24.597,42.125,40.024,62.739,113.47,116.39,64.8,55.8,30.4,96.3,64.3,84.7,92.9,84.2,93.5,89.9,92.8,15.096,5,5,5,51.599
20.93,6.0,24.509,42.097,40.117,66.676,113.306,116.39,64.8,55.8,30.4,96.3,64.3,84.7,92.9,84.2,93.5,89.9,92.8,14.471,5,5,5,51.824
20.95,6.0,24.749000000000002,41.951,40.217,64.457,113.361,116.26700000000001,64.8,55.8,30.4,96.3,64.3,84.7,92.9,84.2,93.5,89.9,92.8,14.744,5,5,5,51.998000000000005
20.97,6.0,24.205,41.475,40.196999999999996,64.481,113.325,116.189,64.8,55.8,30.4,96.3,64.3,84.7,92.9,84.2,93.5,89.9,92.8,14.683,5,5,5,52.183
20.99,6.0,24.35,42.313,39.938,64.97800000000001,113.25200000000001,116.344,64.8,55.8,30.4,96.3,64.3,84.7,92.9,84.2,93.5,89.9,92.8,14.29,5,5,5,52.379
21.01,6.0,24.511,41.093,39.778,62.795,113.05,116.236,64.6,55.8,30.3,96.3,64.2,84.7,92.9,84.2,93.5,89.9,92.8,13.874,5,5,5,52.57
21.03,6.0,24.403,41.515,39.942,65.792,113.068,116.00399999999999,64.6,55.8,30.3,96.3,64.2,84.7,92.9,84.2,93.5,89.9,92.8,12.946000000000002,5,5,5,52.8
21.05,6.0,24.442,41.56,39.94,66.293,113.105,116.035,64.6,55.8,30.3,96.3,64.2,84.7,92.9,84.2,93.5,89.9,92.8,13.006,5,5,5,52.994
21.07,6.0,24.309,41.126,39.83,63.948,113.05,115.911,64.6,55.8,30.3,96.3,64.2,84.7,92.9,84.2,93.5,89.9,92.8,12.803,5,5,5,53.199
21.09,6.0,23.875999999999998,41.381,39.788000000000004,63.683,112.921,115.94200000000001,64.6,55.8,30.3,96.3,64.2,84.7,92.9,84.2,93.5,89.9,92.8,12.013,5,5,5,53.371
21.11,6.0,24.174,41.461999999999996,39.867,63.166000000000004,112.792,115.94200000000001,64.6,55.8,30.3,96.3,64.2,84.7,92.9,84.2,93.5,89.9,92.8,12.139,5,5,5,53.597
21.13,6.0,24.067999999999998,41.527,39.436,64.935,112.885,115.834,64.6,55.8,30.3,96.3,64.2,84.7,92.9,84.2,93.5,89.9,92.8,11.997,5,5,5,53.784
21.15,6.0,24.035999999999998,41.311,39.689,67.25899999999999,112.719,115.896,64.6,55.8,30.3,96.3,64.2,84.7,92.9,84.2,93.5,89.9,92.8,11.342,5,5,5,53.985
21.17,6.0,23.927,41.567,39.762,65.029,112.719,115.787,64.6,55.8,30.3,96.3,64.2,84.7,92.9,84.2,93.5,89.9,92.8,11.532,5,5,5,54.141999999999996
21.19,6.0,23.836,41.152,39.759,64.988,112.719,115.958,64.6,55.8,30.3,96.3,64.2,84.7,92.9,84.2,93.5,89.9,92.8,11.48,5,5,5,54.31399999999999
21.21,6.0,23.509,41.121,39.79,64.561,112.663,115.803,64.6,55.8,30.3,96.3,64.2,84.7,92.9,84.2,93.5,89.9,92.8,10.818,5,5,5,54.489
21.23,6.0,23.65,40.99,39.735,66.14,112.53299999999999,115.787,64.6,55.8,30.3,96.3,64.2,84.7,92.9,84.2,93.5,89.9,92.8,11.111,5,5,5,54.692
21.25,6.0,23.517,40.839,39.692,67.494,112.53299999999999,115.6,64.6,55.8,30.3,96.3,64.2,84.7,92.9,84.2,93.5,89.9,92.8,11.04,5,5,5,54.905
21.27,6.0,23.910999999999998,41.209,39.573,64.917,112.49600000000001,115.771,64.6,55.8,30.3,96.3,64.2,84.7,92.9,84.2,93.5,89.9,92.8,10.402999999999999,5,5,5,55.111999999999995
21.29,6.0,23.912,41.018,39.659,65.731,112.441,115.429,64.6,55.8,30.3,96.3,64.2,84.7,92.9,84.2,93.5,89.9,92.8,10.779,5,5,5,55.288999999999994
21.31,6.0,23.345,40.473,39.755,66.184,112.42200000000001,115.585,64.6,55.8,30.3,96.3,64.2,84.7,92.9,84.2,93.5,89.9,92.8,10.896,5,5,5,55.498999999999995
21.33,6.0,23.529,40.525,39.566,65.416,112.42200000000001,115.413,64.6,55.8,30.3,96.3,64.2,84.7,92.9,84.2,93.5,89.9,92.8,10.193,5,5,5,55.699
21.35,6.0,23.755,40.839,39.744,69.34100000000001,112.385,115.46,64.6,55.8,30.3,96.3,64.2,84.7,92.9,84.2,93.5,89.9,92.8,10.515,5,5,5,55.907
21.37,6.0,23.57,40.679,39.589,68.106,112.441,115.476,64.6,55.8,30.3,96.3,64.2,84.7,92.9,84.2,93.5,89.9,92.8,10.604,5,5,5,56.123000000000005
21.39,6.0,23.737000000000002,40.577,39.437,66.35,112.31,115.507,64.6,55.8,30.3,96.3,64.2,84.7,92.9,84.2,93.5,89.9,92.8,10.027000000000001,5,5,5,56.294
21.41,6.0,23.302,40.966,39.685,67.227,112.329,115.491,64.6,55.8,30.3,96.3,64.2,84.7,92.9,84.2,93.5,89.9,92.8,10.324,5,5,5,56.495
21.43,6.0,23.122,40.662,39.641999999999996,64.753,112.21700000000001,115.382,64.6,55.8,30.3,96.3,64.2,84.7,92.9,84.2,93.5,89.9,92.8,10.447,5,5,5,56.717
21.45,6.0,23.464000000000002,40.391,39.592,68.303,112.086,115.303,64.6,55.8,30.3,96.3,64.2,84.7,92.9,84.2,93.5,89.9,92.8,9.915,5,5,5,56.95
21.47,6.0,23.354,40.836,39.671,67.267,112.04899999999999,115.319,64.6,55.8,30.3,96.3,64.2,84.7,92.9,84.2,93.5,89.9,92.8,10.217,5,5,5,57.16
21.49,6.0,23.117,40.673,39.588,65.946,112.12299999999999,115.288,64.6,55.8,30.3,96.3,64.2,84.7,92.9,84.2,93.5,89.9,92.8,10.359,5,5,5,57.348
21.51,6.0,23.295,40.521,39.523,66.703,112.03,115.225,64.6,55.8,30.3,96.3,64.2,84.7,92.9,84.2,93.5,89.9,92.8,9.786999999999999,5,5,5,57.568000000000005
21.53,6.0,23.239,39.829,39.69,65.03,111.898,115.005,64.6,55.8,30.3,96.3,64.2,84.7,92.9,84.2,93.5,89.9,92.8,10.125,5,5,5,57.783
21.55,6.0,23.059,39.875,39.571999999999996,67.18100000000001,111.804,115.084,64.6,55.8,30.3,96.3,64.2,84.7,92.9,84.2,93.5,89.9,92.8,10.309999999999999,5,5,5,57.982
21.57,6.0,23.153,40.31,39.368,70.531,111.955,114.98899999999999,64.6,55.8,30.3,96.3,64.2,84.7,92.9,84.2,93.5,89.9,92.8,9.764,5,5,5,58.21
21.59,6.0,22.886,40.512,39.613,66.547,111.76700000000001,114.98899999999999,64.6,55.8,30.3,96.3,64.2,84.7,92.9,84.2,93.5,89.9,92.8,10.104,5,5,5,58.417
21.61,6.0,23.104,40.273,39.391,66.266,111.729,114.8,64.6,55.8,30.3,96.3,64.2,84.7,92.9,84.2,93.5,89.9,92.8,10.217,5,5,5,58.617
21.63,6.0,22.892,40.65,39.53,65.75800000000001,111.691,114.863,64.6,55.8,30.3,96.3,64.2,84.7,92.9,84.2,93.5,89.9,92.8,9.733,5,5,5,58.835
21.65,6.0,22.859,40.01,39.402,66.454,111.615,114.816,64.6,55.8,30.3,96.3,64.2,84.7,92.9,84.2,93.5,89.9,92.8,10.039,5,5,5,59.04
21.67,6.0,22.887,40.304,39.61,67.72200000000001,111.634,114.8,64.6,55.8,30.3,96.3,64.2,84.7,92.9,84.2,93.5,89.9,92.8,10.21,5,5,5,59.208
21.69,6.0,22.554000000000002,40.325,39.622,66.35300000000001,111.615,114.78399999999999,64.6,55.8,30.3,96.3,64.2,84.7,92.9,84.2,93.5,89.9,92.8,9.649000000000001,5,5,5,59.442
21.71,6.0,22.608,40.336,39.458,67.033,111.57799999999999,114.721,64.6,55.8,30.3,96.3,64.2,84.7,92.9,84.2,93.5,89.9,92.8,9.975,5,5,5,59.644
21.73,6.0,22.311,40.516,39.475,66.09899999999999,111.559,114.73700000000001,64.6,55.8,30.3,96.3,64.2,84.7,92.9,84.2,93.5,89.9,92.8,10.17,5,5,5,59.841
21.75,6.0,22.402,40.01,39.542,66.863,111.615,114.689,64.6,55.8,30.3,96.3,64.2,84.7,92.9,84.2,93.5,89.9,92.8,9.687000000000001,5,5,5,60.077
21.77,6.0,22.384,39.934,39.461999999999996,70.47399999999999,111.50200000000001,115.005,64.6,55.8,30.3,96.3,64.2,84.7,92.9,84.2,93.5,89.9,92.8,9.928999999999998,5,5,5,60.254
21.79,6.0,22.584,39.683,39.547,69.09100000000001,111.559,114.705,64.6,55.8,30.3,96.3,64.2,84.7,92.9,84.2,93.5,89.9,92.8,10.120000000000001,5,5,5,60.496
21.81,6.0,22.227999999999998,39.513000000000005,39.452,67.273,111.426,114.65799999999999,64.6,55.8,30.3,96.3,64.2,84.7,92.9,84.2,93.5,89.9,92.8,9.732,5,5,5,60.708
21.83,6.0,21.894000000000002,39.683,39.41,68.643,111.445,114.76899999999999,64.6,55.8,30.3,96.3,64.2,84.7,92.95,84.2,93.5,89.9,92.8,9.881,5,5,5,60.917
21.85,6.0,21.755,39.778,39.397,66.441,111.426,114.721,64.6,55.8,30.3,96.3,64.2,84.7,93.016,84.2,93.5,89.9,92.8,10.077,5,5,5,61.131
21.87,6.0,22.127,39.79,39.609,70.539,111.35,114.67399999999999,64.6,55.8,30.3,96.3,64.2,84.7,93.053,84.2,93.5,89.9,92.8,9.646,5,5,5,61.351000000000006
21.89,6.0,22.134,39.745,39.433,69.095,111.12100000000001,114.515,64.6,55.8,30.3,96.3,64.2,84.7,93.07300000000001,84.2,93.5,89.9,92.8,9.868,5,5,5,61.559
21.91,6.0,22.303,39.607,39.415,67.559,111.274,114.531,64.6,55.8,30.3,96.3,64.2,84.7,93.085,84.2,93.5,89.9,92.8,10.065000000000001,5,5,5,61.783
21.93,6.0,21.971,39.513000000000005,39.327,69.021,111.29299999999999,114.436,64.6,55.8,30.3,96.3,64.2,84.7,93.092,84.2,93.5,89.9,92.8,9.677,5,5,5,62.0
21.95,6.0,21.81,39.88,39.465,66.845,111.064,114.404,64.6,55.8,30.3,96.3,64.2,84.7,93.095,84.2,93.569,89.9,92.8,9.893,5,5,5,62.217
21.97,6.0,22.009,39.582,39.375,68.935,111.14,114.436,64.6,55.8,30.3,96.3,64.2,84.7,93.097,84.2,93.626,89.9,92.8,9.879999999999999,5,5,5,62.45
21.99,6.0,21.972,39.445,39.415,71.332,111.14,114.42,64.6,55.8,30.3,96.3,64.2,84.7,93.098,84.2,93.658,89.9,92.8,9.844,5,5,5,62.655
22.01,6.0,21.973,39.732,39.305,67.706,111.12100000000001,114.35600000000001,64.6,55.8,30.3,96.3,64.2,84.7,93.09899999999999,84.2,93.67699999999999,89.9,92.8,9.841999999999999,5,5,5,62.869
22.03,6.0,21.893,39.588,39.382,68.044,110.98700000000001,114.27600000000001,64.6,55.8,30.3,96.3,64.2,84.7,93.1,84.2,93.687,89.9,92.8,9.469999999999999,5,5,5,63.099
22.05,6.0,21.49,39.139,39.36,67.156,111.006,114.292,64.6,55.8,30.3,96.3,64.2,84.7,93.1,84.2,93.693,89.9,92.8,9.782,5,5,5,63.302
22.07,6.0,21.36,39.809,39.338,68.405,110.96799999999999,114.085,64.6,55.8,30.3,96.3,64.2,84.7,93.1,84.2,93.696,89.9,92.8,9.895,5,5,5,63.518
22.09,6.0,22.012999999999998,39.582,39.391,71.119,110.77600000000001,114.149,64.6,55.8,30.3,96.3,64.2,84.7,93.1,84.2,93.69800000000001,89.9,92.8,9.501000000000001,5,5,5,63.748999999999995
22.11,6.0,21.663,39.411,39.489000000000004,67.53899999999999,110.77600000000001,114.021,64.6,55.8,30.3,96.3,64.2,84.7,93.1,84.2,93.699,89.9,92.8,9.676,5,5,5,63.925
22.13,6.0,21.382,39.329,39.266,68.036,110.795,113.90799999999999,64.6,55.8,30.3,96.3,64.2,84.7,93.1,84.2,93.699,89.9,92.8,9.987,5,5,5,64.141
22.15,6.0,21.311,39.381,39.408,66.733,110.56299999999999,113.82799999999999,64.6,55.8,30.3,96.3,64.2,84.7,93.1,84.2,93.7,89.9,92.8,9.761,5,5,5,64.375
22.17,6.0,21.415,39.403,39.29,67.374,110.814,113.94,64.6,55.8,30.3,96.3,64.2,84.7,93.1,84.2,93.7,89.9,92.8,9.648,5,5,5,64.612
22.19,6.0,21.496,39.391,39.429,70.048,110.66,113.876,64.6,55.8,30.3,96.3,64.2,84.7,93.1,84.2,93.7,89.9,92.8,10.192,5,5,5,64.816
22.21,6.0,21.271,39.138000000000005,39.324,67.799,110.56299999999999,113.86,64.6,55.8,30.3,96.3,64.2,84.7,93.1,84.2,93.7,89.9,92.8,9.713999999999999,5,5,5,65.032
22.23,6.0,21.594,39.077,39.299,66.99600000000001,110.525,113.796,64.6,55.8,30.3,96.3,64.2,84.7,93.1,84.2,93.7,89.9,92.8,9.608,5,5,5,65.256
22.25,6.0,21.079,39.051,39.254,67.834,110.583,113.715,64.6,55.8,30.3,96.3,64.2,84.7,93.1,84.2,93.7,89.9,92.8,9.806000000000001,5,5,5,65.449
22.27,6.0,20.781,38.887,39.458,66.547,110.62100000000001,113.82799999999999,64.6,55.8,30.3,96.3,64.2,84.7,93.1,84.2,93.7,89.9,92.8,9.733,5,5,5,65.658
22.29,6.0,21.149,39.039,39.475,71.01899999999999,110.292,113.74799999999999,64.6,55.8,30.3,96.3,64.2,84.7,93.1,84.2,93.7,89.9,92.8,9.427,5,5,5,65.891
22.31,6.0,21.215,39.349000000000004,39.534,70.597,110.23299999999999,113.619,64.6,55.8,30.3,96.3,64.2,84.7,93.1,84.2,93.7,89.9,92.8,9.761,5,5,5,66.098
22.33,6.0,20.823,38.795,39.446,68.232,110.25299999999999,113.73100000000001,64.6,55.8,30.3,96.3,64.2,84.7,93.1,84.2,93.7,89.9,92.8,9.796,5,5,5,66.314
22.35,6.0,20.875999999999998,39.107,39.325,69.45,110.389,113.602,64.6,55.8,30.3,96.3,64.2,84.7,93.1,84.2,93.7,89.9,92.8,9.283999999999999,5,5,5,66.512
22.37,6.0,20.997999999999998,39.036,39.39,66.763,110.23299999999999,113.602,64.6,55.8,30.3,96.3,64.2,84.7,93.1,84.2,93.7,89.9,92.8,9.695,5,5,5,66.738
22.39,6.0,21.241,38.769,39.391999999999996,69.685,110.23299999999999,113.295,64.6,55.8,30.3,96.3,64.2,84.7,93.1,84.2,93.7,89.9,92.8,9.869,5,5,5,66.989
22.41,6.0,20.92,38.755,39.445,69.987,110.175,113.522,64.6,55.8,30.3,96.3,64.2,84.7,93.1,84.2,93.7,89.9,92.8,9.684999999999999,5,5,5,67.21000000000001
22.43,6.0,20.583,38.955999999999996,39.478,67.298,110.155,113.36,64.6,55.8,30.3,96.3,64.2,84.7,93.1,84.2,93.7,89.9,92.8,9.635,5,5,5,67.412
22.45,6.0,20.925,38.163000000000004,39.144,68.423,110.09700000000001,113.295,64.6,55.8,30.3,96.3,64.2,84.7,93.1,84.2,93.7,89.9,92.8,9.984,5,5,5,67.643
22.47,6.0,20.625,38.018,39.17,67.598,109.979,113.376,64.6,55.8,30.3,96.3,64.2,84.7,93.1,84.2,93.7,89.9,92.8,9.698,5,5,5,67.844
22.49,6.0,20.589,38.433,39.192,68.46600000000001,110.01799999999999,113.376,64.6,55.8,30.3,96.3,64.2,84.7,93.1,84.2,93.7,89.9,92.8,9.577,5,5,5,68.06800000000001
22.51,6.0,20.706,38.637,39.242,71.811,109.999,113.311,64.6,55.8,30.3,96.3,64.2,84.7,93.1,84.2,93.7,89.9,92.8,10.065000000000001,5,5,5,68.27600000000001
22.53,6.0,20.677,38.36,39.341,68.718,110.01799999999999,113.214,64.6,55.8,30.3,96.3,64.2,84.7,93.1,84.2,93.7,89.9,92.8,9.6,5,5,5,68.481
22.55,6.0,20.566,38.186,39.419000000000004,67.94200000000001,110.01799999999999,113.279,64.6,55.8,30.3,96.3,64.2,84.7,93.1,84.2,93.7,89.9,92.8,9.449,5,5,5,68.703
22.57,6.0,20.197000000000003,38.524,39.258,67.19300000000001,109.92,113.06700000000001,64.6,55.8,30.3,96.3,64.2,84.7,93.1,84.2,93.7,89.9,92.8,9.573,5,5,5,68.949
22.59,6.0,20.145,38.408,39.199,67.88399999999999,109.881,113.262,64.6,55.8,30.3,96.3,64.2,84.7,93.1,84.2,93.7,89.9,92.8,9.604,5,5,5,69.157
22.61,6.0,20.413,38.497,39.227,70.117,109.802,113.06700000000001,64.6,55.8,30.3,96.3,64.2,84.7,93.1,84.2,93.7,89.9,92.8,9.169,5,5,5,69.375
22.63,6.0,20.317,38.622,39.323,68.321,109.76299999999999,113.116,64.6,55.8,30.3,96.3,64.2,84.7,93.1,84.2,93.7,89.9,92.8,9.607,5,5,5,69.604
22.65,6.0,20.03,38.317,39.332,66.827,109.802,112.88799999999999,64.6,55.8,30.3,96.3,64.2,84.7,93.1,84.2,93.7,89.9,92.8,9.599,5,5,5,69.815
22.67,6.0,20.106,38.184,39.246,66.351,109.861,113.051,64.6,55.8,30.3,96.3,64.2,84.7,93.1,84.2,93.7,89.9,92.8,9.241,5,5,5,70.061
22.69,6.0,20.268,37.923,39.14,66.923,109.625,112.92,64.6,55.8,30.3,96.3,64.2,84.7,93.1,84.2,93.7,89.9,92.8,9.678999999999998,5,5,5,70.275
22.71,6.0,19.949,38.278,39.14,71.053,109.684,113.084,64.6,55.8,30.3,96.3,64.2,84.7,93.1,84.2,93.7,89.9,92.8,9.838000000000001,5,5,5,70.513
22.73,6.0,20.093,38.14,39.102,69.39399999999999,109.664,113.00200000000001,64.6,55.8,30.3,96.3,64.2,84.7,93.1,84.2,93.7,89.9,92.8,9.556999999999999,5,5,5,70.735
22.75,6.0,19.688,38.513000000000005,39.117,67.11699999999999,109.506,112.93700000000001,64.6,55.8,30.3,96.3,64.2,84.7,93.1,84.2,93.7,89.9,92.8,9.623000000000001,5,5,5,70.922
22.77,6.0,19.811,38.05,39.009,69.003,109.506,112.87100000000001,64.6,55.8,30.3,96.3,64.2,84.7,93.1,84.2,93.7,89.9,92.8,10.120000000000001,5,5,5,71.132
22.79,6.0,20.026,37.885999999999996,39.016,66.905,109.664,112.839,64.6,55.8,30.3,96.3,64.2,84.7,93.1,84.2,93.7,89.9,92.8,9.645,5,5,5,71.35
22.81,6.0,19.194000000000003,38.266999999999996,39.111,70.498,109.566,112.806,64.6,55.8,30.3,96.3,64.2,84.7,93.1,84.2,93.7,89.9,92.8,9.588999999999999,5,5,5,71.574
22.83,6.0,19.539,38.349000000000004,39.111,69.138,109.427,112.70700000000001,64.6,55.8,30.3,96.3,64.2,84.7,93.1,84.2,93.7,89.9,92.8,9.86,5,5,5,71.78800000000001
22.85,6.0,19.419,37.876999999999995,39.218,68.027,109.447,112.855,64.6,55.8,30.3,96.3,64.2,84.7,93.1,84.2,93.7,89.9,92.8,9.739,5,5,5,71.994
22.87,6.0,19.665,38.31,39.28,68.56899999999999,109.40700000000001,112.675,64.6,55.8,30.3,96.3,64.2,84.7,93.1,84.2,93.7,89.9,92.8,9.41,5,5,5,72.21000000000001
22.89,6.0,19.464,37.524,39.016,66.954,109.447,112.625,64.6,55.8,30.3,96.3,64.2,84.7,93.1,84.2,93.7,89.9,92.8,9.684999999999999,5,5,5,72.458
22.91,6.0,19.347,37.763000000000005,38.965,69.17,109.26799999999999,112.675,64.6,55.8,30.3,96.3,64.2,84.7,93.1,84.2,93.7,89.9,92.8,9.837,5,5,5,72.723
22.93,6.0,19.487000000000002,37.461999999999996,39.153,71.195,109.427,112.609,64.6,55.8,30.3,96.3,64.2,84.7,93.1,84.2,93.7,89.9,92.8,9.305,5,5,5,72.964
22.95,6.0,19.775,37.699,39.205,68.127,109.288,112.461,64.6,55.8,30.3,96.3,64.2,84.7,93.1,84.2,93.7,89.9,92.8,9.732,5,5,5,73.176
22.97,6.0,19.753,37.679,39.032,67.88300000000001,109.208,112.461,64.6,55.8,30.3,96.3,64.2,84.7,93.1,84.2,93.7,89.9,92.8,9.783999999999999,5,5,5,73.416
22.99,6.0,19.368000000000002,37.635999999999996,38.965,67.50800000000001,109.148,112.477,64.6,55.8,30.3,96.3,64.2,84.7,93.1,84.2,93.7,89.9,92.8,10.071000000000002,5,5,5,73.64
23.01,6.0,19.116,37.847,39.095,67.939,109.30799999999999,112.411,64.6,55.9,30.2,96.1,64.2,84.7,93.1,84.2,93.7,89.9,92.8,9.559000000000001,5,5,5,73.896
23.03,6.0,19.612000000000002,37.156,39.09,70.60600000000001,109.34700000000001,112.59200000000001,64.6,55.9,30.2,96.1,64.2,84.7,93.1,84.2,93.7,89.9,92.8,10.029,5,5,5,74.11399999999999
23.05,6.0,19.433,37.793,39.025,68.12,109.24799999999999,112.411,64.6,55.9,30.2,96.1,64.2,84.7,93.1,84.2,93.7,89.9,92.8,10.077,5,5,5,74.351
23.07,6.0,19.088,37.558,39.06,68.234,109.16799999999999,112.477,64.6,55.9,30.2,96.1,64.2,84.7,93.1,84.2,93.7,89.9,92.8,9.779,5,5,5,74.551
23.09,6.0,19.583,37.359,39.064,66.812,109.148,112.461,64.6,55.9,30.2,96.1,64.2,84.7,93.1,84.2,93.7,89.9,92.8,10.33,5,5,5,74.78699999999999
23.11,6.0,19.377000000000002,37.592,38.854,67.44399999999999,109.088,112.51,64.6,55.9,30.2,96.1,64.2,84.7,93.1,84.2,93.7,89.9,92.8,10.16,5,5,5,75.012
23.13,6.0,19.360999999999997,37.626999999999995,38.977,70.702,109.008,112.345,64.6,55.9,30.2,96.1,64.2,84.7,93.1,84.2,93.7,89.9,92.8,10.046,5,5,5,75.279
23.15,6.0,19.086,37.556999999999995,39.059,68.743,109.008,112.13,64.6,55.9,30.2,96.1,64.2,84.7,93.1,84.2,93.7,89.9,92.8,10.642,5,5,5,75.493
23.17,6.0,19.133,37.666,38.998000000000005,66.63399999999999,109.02799999999999,112.296,64.6,55.9,30.2,96.1,64.2,84.7,93.1,84.2,93.7,89.9,92.8,10.299,5,5,5,75.753
23.19,6.0,19.012999999999998,37.765,38.96,66.91499999999999,108.82700000000001,112.18,64.6,55.9,30.2,96.1,64.2,84.7,93.1,84.2,93.7,89.9,92.8,10.276,5,5,5,75.999
23.21,6.0,18.82,36.902,38.904,66.05600000000001,108.96799999999999,112.014,64.6,55.9,30.2,96.1,64.2,84.7,93.1,84.2,93.7,89.9,92.8,10.379,5,5,5,76.266
23.23,6.0,18.867,37.016999999999996,38.806999999999995,69.822,108.868,111.98,64.6,55.9,30.2,96.1,64.2,84.7,93.1,84.2,93.7,89.9,92.8,9.939,5,5,5,76.516
23.25,6.0,18.544,37.677,38.894,68.921,108.848,111.947,64.6,55.9,30.2,96.1,64.2,84.7,93.1,84.2,93.7,89.9,92.8,10.29,5,5,5,76.782
23.27,6.0,19.047,37.427,38.742,67.143,108.82700000000001,112.13,64.6,55.9,30.2,96.1,64.2,84.7,93.1,84.2,93.7,89.9,92.8,10.327000000000002,5,5,5,77.012
23.29,6.0,18.676,37.38,38.696,68.87899999999999,108.686,112.13,64.6,55.9,30.2,96.1,64.2,84.7,93.1,84.2,93.7,89.9,92.8,10.23,5,5,5,77.26
23.31,6.0,18.719,36.837,38.949,66.35499999999999,108.76700000000001,111.86399999999999,64.6,55.9,30.2,96.1,64.2,84.7,93.1,84.2,93.7,89.9,92.8,10.774000000000001,5,5,5,77.548
23.33,6.0,18.775,37.001,38.829,68.65100000000001,108.74700000000001,111.964,64.6,55.9,30.2,96.1,64.2,84.7,93.1,84.2,93.7,89.9,92.8,10.317,5,5,5,77.825
23.35,6.0,19.067999999999998,37.135,38.830999999999996,69.596,108.727,112.03,64.6,55.9,30.2,96.1,64.2,84.7,93.1,84.2,93.7,89.9,92.8,10.356,5,5,5,78.086
23.37,6.0,18.359,37.404,39.010999999999996,67.641,108.585,111.83,64.6,55.9,30.2,96.1,64.2,84.7,93.1,84.2,93.7,89.9,92.8,10.525,5,5,5,78.367
23.39,6.0,18.663,37.158,38.703,68.485,108.626,111.93,64.6,55.9,30.2,96.1,64.2,84.7,93.1,84.2,93.7,89.9,92.8,9.907,5,5,5,78.619
23.41,6.0,18.543,36.955,38.794000000000004,67.60499999999999,108.484,111.647,64.6,55.9,30.2,96.1,64.2,84.7,93.1,84.2,93.7,89.9,92.8,10.401,5,5,5,78.922
23.43,6.0,18.206,37.262,39.019,68.684,108.525,112.014,64.6,55.9,30.2,96.1,64.2,84.7,93.1,84.2,93.7,89.9,92.8,10.471,5,5,5,79.179
23.45,6.0,18.539,37.193000000000005,38.853,71.977,108.42299999999999,111.74700000000001,64.6,55.9,30.2,96.1,64.2,84.7,93.1,84.2,93.7,89.9,92.8,10.178999999999998,5,5,5,79.456
23.47,6.0,18.161,36.515,38.797,68.077,108.545,111.74700000000001,64.6,55.9,30.2,96.1,64.2,84.7,93.1,84.2,93.7,89.9,92.8,10.875,5,5,5,79.69
23.49,6.0,18.074,36.596999999999994,38.874,67.986,108.34200000000001,111.546,64.6,55.9,30.2,96.1,64.2,84.7,93.1,84.2,93.7,89.9,92.8,10.417000000000002,5,5,5,79.965
23.51,6.0,18.34,36.58,38.896,67.248,108.34200000000001,111.647,64.6,55.9,30.2,96.1,64.2,84.7,93.1,84.2,93.7,89.9,92.8,10.404,5,5,5,80.226
23.53,6.0,17.854,36.413,38.773,67.916,108.322,111.529,64.6,55.9,30.2,96.1,64.2,84.7,93.1,84.2,93.7,89.9,92.8,10.716000000000001,5,5,5,80.46300000000001
23.55,6.0,18.004,36.375,38.887,69.734,108.22,111.546,64.6,55.9,30.2,96.1,64.2,84.7,93.1,84.2,93.7,89.9,92.8,10.091000000000001,5,5,5,80.752
23.57,6.0,18.311,36.829,38.72,68.78999999999999,108.22,111.79700000000001,64.6,55.9,30.2,96.1,64.2,84.7,93.1,84.2,93.7,89.9,92.8,10.393,5,5,5,81.00399999999999
23.59,6.0,17.985,36.417,38.84,67.296,108.15799999999999,111.429,64.6,55.9,30.2,96.1,64.2,84.7,93.1,84.2,93.7,89.9,92.8,10.486,5,5,5,81.248
23.61,6.0,17.726,36.352,38.711,67.007,108.179,111.361,64.6,55.9,30.2,96.1,64.2,84.7,93.1,84.2,93.7,89.9,92.8,10.099,5,5,5,81.484
23.63,6.0,18.047,36.063,38.789,66.968,108.118,111.647,64.6,55.9,30.2,96.1,64.2,84.7,93.1,84.2,93.7,89.9,92.8,10.562999999999999,5,5,5,81.73899999999999
23.65,6.0,17.594,36.474000000000004,38.854,70.82300000000001,107.954,111.445,64.6,55.9,30.2,96.1,64.2,84.7,93.1,84.2,93.7,89.9,92.8,10.453,5,5,5,82.007
23.67,6.0,18.044,36.524,38.758,68.80799999999999,108.09700000000001,111.311,64.6,55.9,30.2,96.1,64.2,84.7,93.1,84.2,93.7,89.9,92.8,10.32,5,5,5,82.233
23.69,6.0,18.366,36.307,38.714,67.359,108.07700000000001,111.613,64.6,55.9,30.2,96.1,64.2,84.7,93.1,84.2,93.7,89.9,92.8,10.796,5,5,5,82.444
23.71,6.0,17.797,36.714,38.796,67.738,107.995,111.647,64.6,55.9,30.2,96.1,64.2,84.7,93.1,84.2,93.7,89.9,92.8,10.428999999999998,5,5,5,82.711
23.73,6.0,18.070999999999998,35.955,38.696999999999996,65.21000000000001,108.13799999999999,111.26,64.6,55.9,30.2,96.1,64.2,84.7,93.1,84.2,93.7,89.9,92.8,10.425,5,5,5,82.949
23.75,6.0,17.532,35.973,38.703,69.342,107.954,111.395,64.6,55.9,30.2,96.1,64.2,84.7,93.1,84.2,93.7,89.9,92.8,10.547999999999998,5,5,5,83.193
23.77,6.0,17.65,36.044,38.805,68.016,107.913,111.209,64.6,55.9,30.2,96.1,64.2,84.7,93.1,84.2,93.7,89.9,92.8,9.969999999999999,5,5,5,83.39699999999999
23.79,6.0,17.823,36.242,38.699,66.476,107.851,111.462,64.6,55.9,30.2,96.1,64.2,84.7,93.1,84.2,93.7,89.9,92.8,10.406,5,5,5,83.62899999999999
23.81,6.0,17.429000000000002,35.94,38.736,67.611,107.89200000000001,111.14200000000001,64.6,55.9,30.2,96.1,64.2,84.7,93.1,84.2,93.7,89.9,92.8,10.469,5,5,5,83.869
23.83,6.0,17.936,36.331999999999994,38.577,66.125,107.789,111.15899999999999,64.6,55.9,30.2,96.1,64.2,84.7,93.1,84.2,93.7,89.9,92.8,10.26,5,5,5,84.105
23.85,6.0,17.08,35.870000000000005,38.632,68.095,107.74799999999999,111.057,64.6,55.9,30.2,96.1,64.2,84.7,93.1,84.2,93.7,89.9,92.8,10.859,5,5,5,84.343
23.87,6.0,17.104,35.839,38.864000000000004,70.067,107.686,111.176,64.6,55.9,30.2,96.1,64.2,84.7,93.1,84.2,93.7,89.9,92.8,10.431000000000001,5,5,5,84.536
23.89,6.0,17.243000000000002,36.141,38.625,67.16,107.70700000000001,111.14200000000001,64.6,55.9,30.2,96.1,64.2,84.7,93.1,84.2,93.7,89.9,92.8,10.383,5,5,5,84.80199999999999
23.91,6.0,17.43,36.009,38.795,67.35499999999999,107.76899999999999,111.10799999999999,64.6,55.9,30.2,96.1,64.2,84.7,93.1,84.2,93.7,89.9,92.8,10.658,5,5,5,85.043
23.93,6.0,17.451,35.727,38.628,66.765,107.665,111.15899999999999,64.6,55.9,30.2,96.1,64.2,84.7,93.1,84.2,93.7,89.9,92.8,10.009,5,5,5,85.28399999999999
23.95,6.0,17.201999999999998,35.861000000000004,38.781,67.67,107.603,111.14200000000001,64.6,55.9,30.2,96.1,64.2,84.7,93.1,84.2,93.7,89.9,92.8,10.412,5,5,5,85.50399999999999
23.97,6.0,16.741,35.876999999999995,38.663000000000004,69.931,107.686,111.14200000000001,64.6,55.9,30.2,96.1,64.2,84.7,93.1,84.2,93.7,89.9,92.8,10.492999999999999,5,5,5,85.782
23.99,6.0,17.225,35.891,38.677,68.137,107.479,111.14200000000001,64.6,55.9,30.2,96.1,64.2,84.7,93.1,84.2,93.7,89.9,92.8,10.594999999999999,5,5,5,85.98899999999999
24.01,6.0,16.881999999999998,35.521,38.74,67.832,107.583,111.09100000000001,64.6,55.9,30.2,96.1,64.2,84.7,93.1,84.2,93.7,89.9,92.8,10.428,5,5,5,86.229
24.03,6.0,17.003,36.171,38.656,66.547,107.56200000000001,111.023,64.6,55.9,30.2,96.1,64.2,84.7,93.1,84.2,93.7,89.9,92.8,10.906,5,5,5,86.454
24.05,6.0,16.708,35.54,38.626999999999995,67.282,107.583,111.023,64.6,55.9,30.2,96.1,64.2,84.7,93.1,84.2,93.7,89.9,92.8,10.213999999999999,5,5,5,86.697
24.07,6.0,16.914,35.79,38.715,69.961,107.665,110.87100000000001,64.6,55.9,30.2,96.1,64.2,84.7,93.1,84.2,93.7,89.9,92.8,10.625,5,5,5,86.976
24.09,6.0,16.782,35.370999999999995,38.766,67.97200000000001,107.479,111.057,64.6,55.9,30.2,96.1,64.2,84.7,93.1,84.2,93.7,89.9,92.8,10.732,5,5,5,87.185
24.11,6.0,16.927999999999997,35.773,38.683,67.143,107.354,110.88799999999999,64.6,55.9,30.2,96.1,64.2,84.7,93.1,84.2,93.7,89.9,92.8,10.592,5,5,5,87.396
24.13,6.0,16.505000000000003,35.03,38.663000000000004,67.794,107.292,110.786,64.6,55.9,30.2,96.1,64.2,84.7,93.1,84.2,93.7,89.9,92.8,11.0,5,5,5,87.649
24.15,6.0,16.459000000000003,35.286,38.724000000000004,66.456,107.333,110.735,64.6,55.9,30.2,96.1,64.2,84.7,93.1,84.2,93.7,89.9,92.8,10.318,5,5,5,87.877
24.17,6.0,16.427999999999997,35.399,38.675,70.199,107.25,110.803,64.6,55.9,30.2,96.1,64.2,84.7,93.1,84.2,93.7,89.9,92.8,10.725999999999999,5,5,5,88.152
24.19,6.0,16.939999999999998,35.379000000000005,38.662,68.311,107.292,110.88799999999999,64.6,55.9,30.2,96.1,64.2,84.7,93.1,84.2,93.7,89.9,92.8,10.809000000000001,5,5,5,88.36399999999999
24.21,6.0,16.038,35.232,38.735,66.47800000000001,107.31299999999999,110.666,64.6,55.9,30.2,96.1,64.2,84.7,93.1,84.2,93.7,89.9,92.8,10.731,5,5,5,88.575
24.23,6.0,16.899,35.331999999999994,38.661,68.421,107.146,110.54700000000001,64.6,55.9,30.2,96.1,64.2,84.7,93.1,84.2,93.7,89.9,92.8,11.047,5,5,5,88.81
24.25,6.0,16.341,35.18300000000001,38.439,65.481,107.125,110.76899999999999,64.6,55.9,30.2,96.1,64.2,84.7,93.1,84.2,93.7,89.9,92.8,10.405000000000001,5,5,5,89.008
24.27,6.0,16.601,35.67,38.676,68.196,107.18700000000001,110.632,64.6,55.9,30.2,96.1,64.2,84.7,93.1,84.2,93.7,89.9,92.8,10.889,5,5,5,89.25
24.29,6.0,16.067,35.098,38.518,67.82300000000001,107.125,110.7,64.6,55.9,30.2,96.1,64.2,84.7,93.1,84.2,93.7,89.9,92.8,10.925,5,5,5,89.494
24.31,6.0,16.500999999999998,35.513000000000005,38.713,65.983,107.06200000000001,110.39299999999999,64.6,55.9,30.2,96.1,64.2,84.7,93.1,84.2,93.7,89.9,92.8,10.83,5,5,5,89.73
24.33,6.0,16.437,35.302,38.626,67.38399999999999,107.041,110.632,64.6,55.9,30.2,96.1,64.2,84.7,93.1,84.2,93.7,89.9,92.8,11.16,5,5,5,89.93
24.35,6.0,16.502000000000002,35.06699999999999,38.729,65.89500000000001,107.166,110.581,64.6,55.9,30.2,96.1,64.2,84.7,93.1,84.2,93.7,89.9,92.8,10.568999999999999,5,5,5,90.185
24.37,6.0,16.279000000000003,34.894999999999996,38.593,67.589,106.95700000000001,110.41,64.6,55.9,30.2,96.1,64.2,84.7,93.1,84.2,93.7,89.9,92.8,11.094999999999999,5,5,5,90.41
24.39,6.0,16.115000000000002,35.047,38.61,70.67699999999999,107.02,110.39299999999999,64.6,55.9,30.2,96.1,64.2,84.7,93.1,84.2,93.7,89.9,92.8,10.998,5,5,5,90.62899999999999
24.41,6.0,15.944,34.879000000000005,38.655,67.592,107.02,110.289,64.6,55.9,30.2,96.1,64.2,84.7,93.1,84.2,93.7,89.9,92.8,10.967,5,5,5,90.857
24.43,6.0,16.174,34.965,38.67,66.749,107.02,110.444,64.6,55.9,30.2,96.1,64.2,84.7,93.1,84.2,93.7,89.9,92.8,11.134,5,5,5,91.101
24.45,6.0,15.952,34.775,38.624,66.544,107.06200000000001,110.34100000000001,64.6,55.9,30.2,96.1,64.2,84.7,93.1,84.2,93.7,89.9,92.8,10.635,5,5,5,91.311
24.47,6.0,15.796,34.623000000000005,38.555,67.083,106.95700000000001,110.34100000000001,64.6,55.9,30.2,96.1,64.2,84.7,93.1,84.2,93.7,89.9,92.8,11.315999999999999,5,5,5,91.546
24.49,6.0,15.775,34.661,38.52,68.90100000000001,106.999,110.20299999999999,64.6,55.9,30.2,96.1,64.2,84.7,93.1,84.2,93.7,89.9,92.8,10.982,5,5,5,91.771
24.51,6.0,15.61,34.84,38.601,67.582,106.852,110.272,64.6,55.9,30.2,96.1,64.2,84.7,93.1,84.2,93.7,89.9,92.8,10.945,5,5,5,91.98299999999999
24.53,6.0,16.003,34.944,38.538000000000004,66.951,106.831,110.20299999999999,64.6,55.9,30.2,96.1,64.2,84.7,93.1,84.2,93.7,89.9,92.8,11.136,5,5,5,92.21600000000001
24.55,6.0,15.977,34.473,38.641,65.725,106.831,110.169,64.6,55.9,30.2,96.1,64.2,84.7,93.1,84.2,93.7,89.9,92.8,10.658999999999999,5,5,5,92.42399999999999
24.57,6.0,16.017000000000003,34.408,38.536,66.77000000000001,106.89399999999999,110.1,64.6,55.9,30.2,96.1,64.2,84.7,93.1,84.2,93.7,89.9,92.8,11.424,5,5,5,92.679
24.59,6.0,15.651,34.613,38.616,69.36,106.915,110.20299999999999,64.6,55.9,30.2,96.1,64.2,84.7,93.1,84.2,93.7,89.9,92.8,11.008,5,5,5,92.913
24.61,6.0,15.388,34.071,38.619,68.53800000000001,106.704,110.117,64.6,55.9,30.2,96.1,64.2,84.7,93.1,84.2,93.7,89.9,92.8,10.943,5,5,5,93.124
24.63,6.0,15.659,34.884,38.492,66.863,106.662,109.979,64.6,55.9,30.2,96.1,64.2,84.7,93.1,84.2,93.7,89.9,92.8,11.129,5,5,5,93.38
24.65,6.0,15.585999999999999,34.894999999999996,38.424,67.261,106.831,110.169,64.6,55.9,30.2,96.1,64.2,84.7,93.1,84.2,93.7,89.9,92.8,10.647,5,5,5,93.57
24.67,6.0,15.552999999999999,34.313,38.673,65.786,106.76700000000001,110.083,64.6,55.9,30.2,96.1,64.2,84.7,93.1,84.2,93.7,89.9,92.8,11.392,5,5,5,93.855
24.69,7.0,15.136000000000001,34.5,38.442,69.1,106.725,110.04799999999999,64.6,55.9,30.2,96.1,64.2,84.7,93.1,84.2,93.7,89.9,92.8,10.988,5,5,5,94.09899999999999
24.71,7.0,15.693,34.248000000000005,38.524,62.213,106.725,110.065,64.6,55.9,30.2,96.1,64.2,84.7,93.1,84.2,93.7,89.9,92.8,10.89,5,5,5,94.28299999999999
24.73,7.0,15.671,34.548,38.507,46.986000000000004,106.53399999999999,110.031,64.6,55.9,30.2,96.1,64.2,84.7,93.1,84.2,93.7,89.9,92.8,11.115,5,5,5,94.521
24.75,7.0,15.302,34.396,38.709,36.675,106.619,109.979,64.6,55.9,30.2,96.1,64.2,84.7,93.1,84.2,93.7,89.9,92.8,10.867,5,5,5,94.74799999999999
24.77,7.0,15.842,34.120999999999995,38.439,29.862,106.68299999999999,110.04799999999999,64.6,55.9,30.2,96.1,64.2,84.7,93.1,84.2,93.7,89.9,92.8,11.367,5,5,5,94.889
24.79,7.0,15.902999999999999,34.327,38.189,24.36,106.53399999999999,109.84,64.6,55.9,30.2,96.1,64.2,84.7,93.1,84.2,93.7,89.9,92.8,10.981,5,5,5,95.015
24.81,7.0,15.564,34.306,38.495,17.531,106.492,109.927,64.6,55.9,30.2,96.1,64.2,84.7,93.1,84.2,93.7,89.9,92.8,10.971,5,5,5,95.05
24.83,7.0,15.116,34.3,38.443000000000005,13.549,106.36399999999999,109.788,64.6,55.9,30.2,96.1,64.2,84.7,93.1,84.2,93.7,89.9,92.8,11.096,5,5,5,95.06
24.85,7.0,15.154,34.218,38.42,10.318999999999999,106.15,109.51,64.6,55.9,30.2,96.1,64.2,84.7,93.1,84.2,93.7,89.9,92.8,10.8,5,5,5,95.052
24.87,7.0,15.254000000000001,33.831999999999994,38.441,8.734,106.257,109.59700000000001,64.6,55.9,30.2,96.1,64.2,84.7,93.1,84.2,93.7,89.9,92.8,11.397,5,5,5,95.05799999999999
24.89,7.0,14.896,33.998000000000005,38.578,7.192,106.10799999999999,109.492,64.6,55.9,30.2,96.1,64.2,84.7,93.1,84.2,93.7,89.9,92.8,10.828,5,5,5,95.054
24.91,7.0,15.5,33.788,38.547,6.258,106.322,109.719,64.6,55.9,30.2,96.1,64.2,84.7,93.1,84.2,93.7,89.9,92.8,10.932,5,5,5,95.056
24.93,7.0,14.916,34.455,38.542,8.51,106.428,109.684,64.6,55.9,30.2,96.1,64.2,84.7,93.1,84.2,93.7,89.9,92.8,11.045,5,5,5,95.059
24.95,7.0,15.34,33.806,38.492,15.936,106.36399999999999,109.632,64.6,55.9,30.2,96.1,64.2,84.7,93.1,84.2,93.7,89.9,92.8,10.838,5,5,5,95.05799999999999
24.97,7.0,15.13,33.792,38.319,12.012,106.34299999999999,109.667,64.6,55.9,30.2,96.1,64.2,84.7,93.1,84.2,93.7,89.9,92.8,11.209,5,5,5,95.05799999999999
24.99,7.0,14.949,33.879000000000005,38.453,8.872,106.193,109.684,64.6,55.9,30.2,96.1,64.2,84.7,93.1,84.2,93.7,89.9,92.8,10.937999999999999,5,5,5,95.05
25.01,7.0,15.045,33.546,38.413000000000004,7.614,106.17200000000001,109.667,64.7,55.8,30.2,95.8,64.2,84.7,93.1,84.2,93.7,89.9,92.8,10.729,5,5,5,95.07
25.03,7.0,14.874,34.098,38.433,12.949,106.279,109.75399999999999,64.7,55.8,30.2,95.8,64.2,84.7,93.1,84.2,93.7,89.9,92.8,11.104,5,5,5,95.101
25.05,7.0,14.861,33.254999999999995,38.344,10.212,106.17200000000001,109.59700000000001,64.7,55.8,30.2,95.8,64.2,84.7,93.1,84.2,93.7,89.9,92.8,10.672999999999998,5,5,5,95.19200000000001
25.07,7.0,14.818,33.855999999999995,38.582,20.948,106.428,109.545,64.7,55.8,30.2,95.8,64.2,84.7,93.1,84.2,93.7,89.9,92.8,10.682,5,5,5,95.337
25.09,7.0,14.981,33.475,38.213,26.964000000000002,106.17200000000001,109.719,64.7,55.8,30.2,95.8,64.2,84.7,93.1,84.2,93.7,89.9,92.8,10.786000000000001,5,5,5,95.709
25.11,7.0,14.873,33.465999999999994,38.299,27.186999999999998,106.15,109.579,64.7,55.8,30.2,95.8,64.2,84.7,93.1,84.2,93.7,89.9,92.8,10.256,5,5,5,96.229
25.13,7.0,14.699,33.335,38.436,24.58,106.257,109.44,64.7,55.8,30.2,95.8,64.2,84.7,93.1,84.2,93.7,89.9,92.8,10.636,5,5,5,96.83
25.15,7.0,14.964,33.715,38.426,21.912,106.10799999999999,109.45700000000001,64.7,55.8,30.2,95.8,64.2,84.7,93.1,84.2,93.7,89.9,92.8,10.621,5,5,5,97.419
25.17,7.0,14.734,33.543000000000006,38.509,18.183,106.10799999999999,109.51,64.7,55.8,30.2,95.8,64.2,84.7,93.1,84.2,93.7,89.9,92.8,10.484,5,5,5,97.99799999999999
25.19,7.0,14.486,33.523,38.463,18.269,106.12899999999999,109.44,64.7,55.8,30.2,95.8,64.2,84.7,93.1,84.2,93.7,89.9,92.8,10.962,5,5,5,98.55799999999999
25.21,7.0,14.67,33.787,38.279,18.305,106.10799999999999,109.45700000000001,64.7,55.8,30.2,95.8,64.2,84.7,93.1,84.2,93.7,89.9,92.8,10.574,5,5,5,99.104
25.23,7.0,14.548,33.527,38.503,18.244,106.086,109.387,64.7,55.8,30.2,95.8,64.2,84.7,93.1,84.2,93.7,89.9,92.8,10.539,5,5,5,99.631
25.25,7.0,14.451,33.144999999999996,38.569,19.262,106.04299999999999,109.352,64.7,55.8,30.2,95.8,64.2,84.7,93.1,84.2,93.7,89.9,92.8,10.703,5,5,5,100.175
25.27,7.0,14.626,33.465,38.507,18.499000000000002,105.936,109.335,64.7,55.8,30.2,95.8,64.2,84.7,93.1,84.2,93.7,89.9,92.8,10.087,5,5,5,100.681
25.29,7.0,14.412,33.456999999999994,38.527,18.657,105.87100000000001,109.51,64.7,55.8,30.2,95.8,64.2,84.7,93.1,84.2,93.7,89.9,92.8,10.527000000000001,5,5,5,101.215
25.31,7.0,14.176,32.867,38.358000000000004,18.217,105.914,109.42200000000001,64.7,55.8,30.2,95.8,64.2,84.7,93.1,84.2,93.7,89.9,92.8,10.577000000000002,5,5,5,101.742
25.33,7.0,14.652000000000001,33.234,38.474000000000004,18.259,105.979,109.31700000000001,64.7,55.8,30.2,95.8,64.2,84.7,93.1,84.2,93.7,89.9,92.8,10.344,5,5,5,102.28
25.35,7.0,14.647,32.958,38.387,17.046,106.022,109.475,64.7,55.8,30.2,95.8,64.2,84.7,93.1,84.2,93.7,89.9,92.8,10.911000000000001,5,5,5,102.809
25.37,7.0,14.385,33.153000000000006,38.455,13.017000000000001,105.82799999999999,109.387,64.7,55.8,30.2,95.8,64.2,84.7,93.1,84.2,93.7,89.9,92.8,10.517,5,5,5,103.33200000000001
25.39,7.0,14.557,33.087,38.211999999999996,10.221,105.785,109.37,64.7,55.8,30.2,95.8,64.2,84.7,93.1,84.2,93.7,89.9,92.8,10.433,5,5,5,103.738
25.41,7.0,14.189,33.161,38.492,8.52,105.568,108.87700000000001,64.7,55.8,30.2,95.8,64.2,84.7,93.1,84.2,93.7,89.9,92.8,10.696000000000002,5,5,5,104.037
25.43,7.0,14.054,32.789,38.366,6.625,105.459,108.98299999999999,64.7,55.8,30.2,95.8,64.2,84.7,93.1,84.2,93.7,89.9,92.8,9.991,5,5,5,104.18700000000001
25.45,7.0,14.524,33.208,38.325,6.386,105.546,108.824,64.7,55.8,30.2,95.8,64.2,84.7,93.1,84.2,93.7,89.9,92.8,10.349,5,5,5,104.226
25.47,7.0,14.1,32.613,38.376999999999995,6.303,105.72,109.0,64.7,55.8,30.2,95.8,64.2,84.7,93.1,84.2,93.7,89.9,92.8,10.457999999999998,5,5,5,104.26100000000001
25.49,8.0,13.856,32.980999999999995,38.505,5.409,105.459,109.089,64.7,55.8,30.2,95.8,64.2,84.7,93.1,84.2,93.7,89.9,92.8,10.163,5,5,5,104.30799999999999
25.51,8.0,14.248,33.003,38.175,5.042,105.59,109.124,64.7,55.8,30.2,95.8,64.2,84.7,93.1,84.2,93.7,89.9,92.8,10.815000000000001,5,5,5,104.31
25.53,8.0,13.922,33.501,38.364000000000004,5.112,105.48100000000001,108.98299999999999,64.7,55.8,30.2,95.8,64.2,84.7,93.1,84.2,93.7,89.9,92.8,10.440000000000001,5,5,5,104.344
25.55,8.0,13.741,32.799,38.203,5.02,105.39399999999999,108.98299999999999,64.7,55.8,30.2,95.8,64.2,84.7,93.1,84.2,93.7,89.9,92.8,10.312000000000001,5,5,5,104.402
25.57,8.0,13.799,33.339,38.383,4.537,105.59,109.0,64.7,55.8,30.2,95.8,64.2,84.7,93.1,84.2,93.7,89.9,92.8,10.7,5,5,5,104.426
25.59,8.0,14.107000000000001,32.93,38.317,4.394,105.35,108.912,64.7,55.8,30.2,95.8,64.2,84.7,93.1,84.2,93.7,89.9,92.8,10.07,5,5,5,104.42299999999999
25.61,8.0,13.787,32.945,38.123000000000005,4.52,105.43700000000001,108.912,64.7,55.8,30.2,95.8,64.2,84.7,93.1,84.2,93.7,89.9,92.8,10.356,5,5,5,104.428
25.63,8.0,14.136000000000001,32.454,38.102,4.632,105.37200000000001,108.77,64.7,55.8,30.2,95.8,64.2,84.7,93.1,84.2,93.7,89.9,92.8,10.471,5,5,5,104.43299999999999
25.65,8.0,13.86,32.431,38.368,4.872,105.262,108.912,64.7,55.8,30.2,95.8,64.2,84.7,93.1,84.2,93.7,89.9,92.8,10.074,5,5,5,104.436
25.67,8.0,13.886000000000001,32.81,38.193000000000005,5.097,105.35,108.89399999999999,64.7,55.8,30.2,95.8,64.2,84.7,93.1,84.2,93.7,89.9,92.8,10.539,5,5,5,104.435
25.69,8.0,13.543,32.665,38.284,5.303,105.524,108.859,64.7,55.8,30.2,95.8,64.2,84.7,93.1,84.2,93.7,89.9,92.8,10.395,5,5,5,104.43700000000001
25.71,8.0,13.654,32.554,38.071999999999996,5.215,105.24,108.788,64.7,55.8,30.2,95.8,64.2,84.7,93.1,84.2,93.7,89.9,92.8,10.242999999999999,5,5,5,104.431
25.73,8.0,13.863,32.846999999999994,38.33,5.455,105.28399999999999,108.71700000000001,64.7,55.8,30.2,95.8,64.2,84.7,93.1,84.2,93.7,89.9,92.8,10.727,5,5,5,104.439
25.75,8.0,13.052999999999999,32.416,38.260999999999996,5.647,105.131,108.806,64.7,55.8,30.2,95.8,64.2,84.7,93.1,84.2,93.7,89.9,92.8,10.332,5,5,5,104.432
25.77,8.0,13.447000000000001,32.340999999999994,38.319,5.255,104.955,108.735,64.7,55.8,30.2,95.8,64.2,84.7,93.1,84.2,93.7,89.9,92.8,10.344999999999999,5,5,5,104.43299999999999
25.79,8.0,13.45,32.251999999999995,38.107,5.443,105.04299999999999,108.646,64.7,55.8,30.2,95.8,64.2,84.7,93.1,84.2,93.7,89.9,92.8,10.492,5,5,5,104.43299999999999
25.81,8.0,13.125,32.816,38.309,5.072,105.131,108.646,64.7,55.8,30.2,95.8,64.2,84.7,93.1,84.2,93.7,89.9,92.8,10.004999999999999,5,5,5,104.436
25.83,8.0,13.498,32.288,38.036,4.998,104.866,108.432,64.7,55.8,30.2,95.8,64.2,84.7,93.1,84.2,93.7,89.9,92.8,10.334,5,5,5,104.435
25.85,8.0,13.267000000000001,32.551,38.1,4.937,104.77799999999999,108.307,64.7,55.8,30.2,95.8,64.2,84.7,93.1,84.2,93.7,89.9,92.8,10.384,5,5,5,104.436
25.87,8.0,13.549,32.376,38.283,4.372,104.73299999999999,108.486,64.7,55.8,30.2,95.8,64.2,84.7,93.1,84.2,93.7,89.9,92.8,10.225999999999999,5,5,5,104.43799999999999
25.89,8.0,13.007,32.42,38.159,4.628,104.866,108.325,64.7,55.8,30.2,95.8,64.2,84.7,93.1,84.2,93.7,89.9,92.8,10.797999999999998,5,5,5,104.43799999999999
25.91,8.0,12.975999999999999,32.247,38.238,4.788,104.866,108.11,64.7,55.8,30.2,95.8,64.2,84.7,93.1,84.2,93.7,89.9,92.8,10.367,5,5,5,104.434
25.93,8.0,13.445,32.57,38.088,4.404,104.88799999999999,108.361,64.7,55.8,30.2,95.8,64.2,84.7,93.1,84.2,93.7,89.9,92.8,10.359,5,5,5,104.431
25.95,8.0,13.058,32.072,38.133,4.854,104.844,108.397,64.7,55.8,30.2,95.8,64.2,84.7,93.1,84.2,93.7,89.9,92.8,10.305,5,5,5,104.429
25.97,8.0,13.339,32.06699999999999,38.178000000000004,4.769,104.977,108.34299999999999,64.7,55.8,30.2,95.8,64.2,84.7,93.1,84.2,93.7,89.9,92.8,10.678,5,5,5,104.429
25.99,8.0,12.727,32.138999999999996,38.103,5.038,104.866,108.164,64.7,55.8,30.2,95.8,64.2,84.7,93.1,84.2,93.7,89.9,92.8,10.221,5,5,5,104.43700000000001
26.01,8.0,13.245,31.930999999999997,38.188,5.008,104.866,108.09200000000001,64.7,55.8,30.2,95.8,64.2,84.7,93.1,84.2,93.7,89.9,92.8,9.937999999999999,5,5,5,104.43799999999999
26.03,8.0,12.892,31.62,37.834,4.792,104.77799999999999,108.02,64.7,55.8,30.2,95.8,64.2,84.7,93.1,84.2,93.7,89.9,92.8,10.071000000000002,5,5,5,104.43299999999999
26.05,8.0,13.196,32.120000000000005,37.996,4.98,104.711,108.325,64.7,55.8,30.2,95.8,64.2,84.7,93.1,84.2,93.7,89.9,92.8,10.071000000000002,5,5,5,104.432
26.07,8.0,13.216000000000001,31.851999999999997,37.887,4.983,104.711,108.09200000000001,64.7,55.8,30.2,95.8,64.2,84.7,93.1,84.2,93.7,89.9,92.8,9.623000000000001,5,5,5,104.43700000000001
26.09,8.0,13.111,31.94,37.975,5.078,104.64399999999999,108.02,64.7,55.8,30.2,95.8,64.2,84.7,93.1,84.2,93.7,89.9,92.8,9.958,5,5,5,104.43
26.11,8.0,12.896,31.625,37.918,5.118,104.64399999999999,108.25299999999999,64.7,55.8,30.2,95.8,64.2,84.7,93.1,84.2,93.7,89.9,92.8,9.965,5,5,5,104.436
26.13,8.0,12.955,32.105999999999995,38.103,4.896,104.711,108.235,64.7,55.8,30.2,95.8,64.2,84.7,93.1,84.2,93.7,89.9,92.8,9.425,5,5,5,104.436
26.15,8.0,12.943999999999999,31.523000000000003,37.878,4.941,104.866,108.146,64.7,55.8,30.2,95.8,64.2,84.7,93.1,84.2,93.7,89.9,92.8,9.834,5,5,5,104.435
26.17,8.0,12.908,32.11,37.871,4.89,104.6,108.00200000000001,64.7,55.8,30.2,95.8,64.2,84.7,93.1,84.2,93.7,89.9,92.8,9.913,5,5,5,104.44
26.19,8.0,12.634,31.698,38.116,5.103,104.62200000000001,107.911,64.7,55.8,30.2,95.8,64.2,84.7,93.1,84.2,93.7,89.9,92.8,9.468,5,5,5,104.43799999999999
26.21,8.0,12.434000000000001,31.988000000000003,38.035,5.013,104.51100000000001,108.00200000000001,64.7,55.8,30.2,95.8,64.2,84.7,93.1,84.2,93.7,89.9,92.8,9.737,5,5,5,104.44
26.23,8.0,12.29,31.675,37.836,4.76,104.6,107.96600000000001,64.7,55.8,30.2,95.8,64.2,84.7,93.1,84.2,93.7,89.9,92.8,9.955,5,5,5,104.443
26.25,8.0,12.748,31.603,37.978,4.999,104.421,107.73100000000001,64.7,55.8,30.2,95.8,64.2,84.7,93.1,84.2,93.7,89.9,92.8,9.73,5,5,5,104.449
26.27,8.0,12.176,31.714000000000002,38.173,4.936,104.51100000000001,107.875,64.7,55.8,30.2,95.8,64.2,84.7,93.1,84.2,93.7,89.9,92.8,9.713000000000001,5,5,5,104.43799999999999
26.29,8.0,12.753,31.794,38.094,4.778,104.197,107.821,64.7,55.8,30.2,95.8,64.2,84.7,93.1,84.2,93.7,89.9,92.8,10.04,5,5,5,104.445
26.31,8.0,12.559999999999999,31.898000000000003,37.967,4.686,104.399,107.875,64.7,55.8,30.2,95.8,64.2,84.7,93.1,84.2,93.7,89.9,92.8,9.713000000000001,5,5,5,104.444
26.33,8.0,12.597999999999999,31.820999999999998,38.0,4.895,104.444,107.85700000000001,64.7,55.8,30.2,95.8,64.2,84.7,93.1,84.2,93.7,89.9,92.8,9.604,5,5,5,104.439
26.35,8.0,12.139,31.391,37.900999999999996,4.655,104.33200000000001,107.821,64.7,55.8,30.2,95.8,64.2,84.7,93.1,84.2,93.7,89.9,92.8,10.081,5,5,5,104.439
26.37,8.0,12.046,31.601999999999997,38.223,4.869,104.46600000000001,107.821,64.7,55.8,30.2,95.8,64.2,84.7,93.1,84.2,93.7,89.9,92.8,9.68,5,5,5,104.449
26.39,8.0,12.132000000000001,31.713,37.995,4.938,104.51100000000001,107.694,64.7,55.8,30.2,95.8,64.2,84.7,93.1,84.2,93.7,89.9,92.8,9.487,5,5,5,104.439
26.41,8.0,12.394,31.554000000000002,38.109,4.865,104.51100000000001,107.73100000000001,64.7,55.8,30.2,95.8,64.2,84.7,93.1,84.2,93.7,89.9,92.8,9.778,5,5,5,104.43799999999999
26.43,8.0,12.001000000000001,31.736,37.991,4.625,104.488,107.785,64.7,55.8,30.2,95.8,64.2,84.7,93.1,84.2,93.7,89.9,92.8,9.623999999999999,5,5,5,104.443
26.45,8.0,12.135,31.451,37.958,4.952,104.22,107.603,64.7,55.8,30.2,95.8,64.2,84.7,93.1,84.2,93.7,89.9,92.8,9.355,5,5,5,104.434
26.47,8.0,11.79,31.302,37.898,5.017,104.399,107.821,64.7,55.8,30.2,95.8,64.2,84.7,93.1,84.2,93.7,89.9,92.8,9.628,5,5,5,104.43299999999999
26.49,8.0,12.016,31.254,38.067,4.88,104.354,107.603,64.7,55.8,30.2,95.8,64.2,84.7,93.1,84.2,93.7,89.9,92.8,9.644,5,5,5,104.436
26.51,8.0,11.962,31.491999999999997,38.014,4.922,104.309,107.694,64.7,55.8,30.2,95.8,64.2,84.7,93.1,84.2,93.7,89.9,92.8,9.21,5,5,5,104.427
26.53,8.0,11.914,31.487,38.09,5.265,104.37700000000001,107.56700000000001,64.7,55.8,30.2,95.8,64.2,84.7,93.1,84.2,93.7,89.9,92.8,9.594999999999999,5,5,5,104.434
26.55,8.0,12.132000000000001,31.236,38.014,4.69,104.197,107.531,64.7,55.8,30.2,95.8,64.2,84.7,93.1,84.2,93.7,89.9,92.8,9.696000000000002,5,5,5,104.435
26.57,8.0,12.234,31.685,38.124,5.088,104.309,107.54899999999999,64.7,55.8,30.2,95.8,64.2,84.7,93.1,84.2,93.7,89.9,92.8,9.136,5,5,5,104.43
26.59,8.0,11.928,31.238000000000003,37.931999999999995,5.118,104.22,107.62200000000001,64.7,55.8,30.2,95.8,64.2,84.7,93.1,84.2,93.7,89.9,92.8,9.581,5,5,5,104.439
26.61,8.0,12.133,30.991,38.080999999999996,4.911,104.197,107.62200000000001,64.7,55.8,30.2,95.8,64.2,84.7,93.1,84.2,93.7,89.9,92.8,9.771,5,5,5,104.439
26.63,8.0,11.978,31.326999999999998,37.902,4.786,103.97200000000001,107.54899999999999,64.7,55.8,30.2,95.8,64.2,84.7,93.1,84.2,93.7,89.9,92.8,9.621,5,5,5,104.443
26.65,8.0,11.652999999999999,30.941999999999997,37.954,4.758,104.06200000000001,107.385,64.7,55.8,30.2,95.8,64.2,84.7,93.1,84.2,93.7,89.9,92.8,9.568000000000001,5,5,5,104.44
26.67,8.0,11.817,30.881999999999998,37.759,5.082,104.152,107.40299999999999,64.7,55.8,30.2,95.8,64.2,84.7,93.1,84.2,93.7,89.9,92.8,9.911000000000001,5,5,5,104.435
26.69,8.0,11.737,30.669,37.973,5.106,104.152,107.458,64.7,55.8,30.2,95.8,64.2,84.7,93.1,84.2,93.7,89.9,92.8,9.612,5,5,5,104.43700000000001
26.71,8.0,11.692,30.576,37.903,4.819,104.175,107.40299999999999,64.7,55.8,30.2,95.8,64.2,84.7,93.1,84.2,93.7,89.9,92.8,9.552,5,5,5,104.43700000000001
26.73,8.0,11.836,31.095,37.907,4.737,104.13,107.257,64.7,55.8,30.2,95.8,64.2,84.7,93.1,84.2,93.7,89.9,92.8,10.033000000000001,5,5,5,104.436
26.75,8.0,11.787,31.419,37.84,5.105,104.10700000000001,107.22,64.7,55.8,30.2,95.8,64.2,84.7,93.1,84.2,93.7,89.9,92.8,9.637,5,5,5,104.436
26.77,8.0,12.061,30.857,37.951,4.754,104.039,107.29299999999999,64.7,55.8,30.2,95.8,64.2,84.7,93.1,84.2,93.7,89.9,92.8,9.475,5,5,5,104.44200000000001
26.79,8.0,11.643,30.469,38.133,4.91,103.836,107.40299999999999,64.7,55.8,30.2,95.8,64.2,84.7,93.1,84.2,93.7,89.9,92.8,9.994,5,5,5,104.432
26.81,8.0,11.642,31.1,37.883,4.764,103.926,107.348,64.7,55.8,30.2,95.8,64.2,84.7,93.1,84.2,93.7,89.9,92.8,9.684000000000001,5,5,5,104.435
26.83,8.0,11.253,30.965,37.76,5.725,103.949,107.238,64.7,55.8,30.2,95.8,64.2,84.7,93.1,84.2,93.7,89.9,92.8,9.413,5,5,5,104.43700000000001
26.85,8.0,11.519,30.75,37.900999999999996,6.151,104.01700000000001,107.238,64.7,55.8,30.2,95.8,64.2,84.7,93.1,84.2,93.7,89.9,92.8,9.634,5,5,5,104.441
26.87,8.0,11.292000000000002,30.903000000000002,37.847,5.683,103.881,107.147,64.7,55.8,30.2,95.8,64.2,84.7,93.1,84.2,93.7,89.9,92.8,9.704,5,5,5,104.434
26.89,8.0,11.068,30.505,37.964,5.633,103.994,107.31200000000001,64.7,55.8,30.2,95.8,64.2,84.7,93.1,84.2,93.7,89.9,92.8,9.33,5,5,5,104.435
26.91,8.0,11.486,30.811,37.646,5.922,103.79,107.33,64.7,55.8,30.2,95.8,64.2,84.7,93.1,84.2,93.7,89.9,92.8,9.613,5,5,5,104.436
26.93,8.0,11.222999999999999,30.554000000000002,38.0,6.099,103.699,107.20200000000001,64.7,55.8,30.2,95.8,64.2,84.7,93.1,84.2,93.7,89.9,92.8,9.690000000000001,5,5,5,104.434
26.95,8.0,10.916,30.465999999999998,37.829,6.46,103.745,107.385,64.7,55.8,30.2,95.8,64.2,84.7,93.1,84.2,93.7,89.9,92.8,9.600999999999999,5,5,5,104.439
26.97,8.0,11.572,30.679000000000002,37.876999999999995,5.951,103.949,107.44,64.7,55.8,30.2,95.8,64.2,84.7,93.1,84.2,93.7,89.9,92.8,10.011,5,5,5,104.434
26.99,8.0,11.167000000000002,30.169,37.941,6.021,103.85799999999999,107.20200000000001,64.7,55.8,30.2,95.8,64.2,84.7,93.1,84.2,93.7,89.9,92.8,9.605,5,5,5,104.436
27.01,8.0,11.23,30.826,37.867,6.247,103.926,107.073,64.8,55.8,30.2,95.4,64.2,84.7,93.1,84.2,93.7,89.9,92.8,9.437999999999999,5,5,5,104.43799999999999
27.03,8.0,11.141,30.636,37.813,6.154,103.949,107.20200000000001,64.8,55.8,30.2,95.4,64.2,84.7,93.1,84.2,93.7,89.9,92.8,9.528,5,5,5,104.434
27.05,8.0,11.117,30.173000000000002,37.875,6.277,103.72200000000001,107.257,64.8,55.8,30.2,95.4,64.2,84.7,93.1,84.2,93.7,89.9,92.8,9.587,5,5,5,104.43299999999999
27.07,8.0,11.302,29.82,37.775999999999996,6.176,103.881,107.22,64.8,55.8,30.2,95.4,64.2,84.7,93.1,84.2,93.7,89.9,92.8,9.102,5,5,5,104.43299999999999
27.09,8.0,11.103,30.201,37.79,6.005,103.904,107.20200000000001,64.8,55.8,30.2,95.4,64.2,84.7,93.1,84.2,93.7,89.9,92.8,9.459,5,5,5,104.43799999999999
27.11,8.0,11.136,29.873,37.73,6.693,103.72200000000001,107.09200000000001,64.8,55.8,30.2,95.4,64.2,84.7,93.1,84.2,93.7,89.9,92.8,9.597,5,5,5,104.434
27.13,8.0,11.254999999999999,30.023000000000003,37.799,6.368,103.76700000000001,107.11,64.8,55.8,30.2,95.4,64.2,84.7,93.1,84.2,93.7,89.9,92.8,9.481,5,5,5,104.436
27.15,8.0,10.876000000000001,30.188000000000002,38.041,6.2490000000000006,103.745,107.055,64.8,55.8,30.2,95.4,64.2,84.7,93.1,84.2,93.7,89.9,92.8,9.417,5,5,5,104.435
27.17,8.0,11.504,30.147,37.729,6.218,103.676,106.98100000000001,64.8,55.8,30.2,95.4,64.2,84.7,93.1,84.2,93.7,89.9,92.8,9.911999999999999,5,5,5,104.435
27.19,8.0,10.957,30.221999999999998,37.863,5.641,103.81299999999999,107.036,64.8,55.8,30.2,95.4,64.2,84.7,93.1,84.2,93.7,89.9,92.8,9.411000000000001,5,5,5,104.434
27.21,8.0,11.117999999999999,30.098000000000003,37.849000000000004,5.446,103.676,107.0,64.8,55.8,30.2,95.4,64.2,84.7,93.1,84.2,93.7,89.9,92.8,9.282,5,5,5,104.436
27.23,8.0,11.001000000000001,29.993000000000002,37.759,5.566,103.516,107.11,64.8,55.8,30.2,95.4,64.2,84.7,93.1,84.2,93.7,89.9,92.8,9.501999999999999,5,5,5,104.43700000000001
27.25,8.0,11.02,30.138,37.829,4.831,103.585,107.0,64.8,55.8,30.2,95.4,64.2,84.7,93.1,84.2,93.7,89.9,92.8,9.381,5,5,5,104.43700000000001
27.27,8.0,10.934000000000001,30.078000000000003,37.937,4.972,103.56200000000001,106.926,64.8,55.8,30.2,95.4,64.2,84.7,93.1,84.2,93.7,89.9,92.8,8.986,5,5,5,104.44
27.29,8.0,10.906,30.018,37.946,4.65,103.76700000000001,106.834,64.8,55.8,30.2,95.4,64.2,84.7,93.1,84.2,93.7,89.9,92.8,9.349,5,5,5,104.434
27.31,8.0,10.693,29.660999999999998,37.976,4.998,103.654,106.90700000000001,64.8,55.8,30.2,95.4,64.2,84.7,93.1,84.2,93.7,89.9,92.8,9.465,5,5,5,104.435
27.33,8.0,10.788,29.362,37.916,4.874,103.425,106.852,64.8,55.8,30.2,95.4,64.2,84.7,93.1,84.2,93.7,89.9,92.8,9.239,5,5,5,104.439
27.35,8.0,10.907,29.843000000000004,37.900999999999996,4.81,103.60799999999999,106.944,64.8,55.8,30.2,95.4,64.2,84.7,93.1,84.2,93.7,89.9,92.8,9.328,5,5,5,104.435
27.37,8.0,10.799,29.665,37.84,4.558,103.402,106.815,64.8,55.8,30.2,95.4,64.2,84.7,93.1,84.2,93.7,89.9,92.8,9.678999999999998,5,5,5,104.439
27.39,8.0,10.449,29.730999999999998,37.868,4.976,103.471,106.704,64.8,55.8,30.2,95.4,64.2,84.7,93.1,84.2,93.7,89.9,92.8,9.323,5,5,5,104.439
27.41,8.0,10.772,29.595,37.946,4.807,103.287,106.648,64.8,55.8,30.2,95.4,64.2,84.7,93.1,84.2,93.7,89.9,92.8,9.245000000000001,5,5,5,104.432
27.43,8.0,10.193999999999999,29.393,37.827,4.679,103.148,106.59299999999999,64.8,55.8,30.2,95.4,64.2,84.7,93.1,84.2,93.7,89.9,92.8,9.484,5,5,5,104.432
27.45,8.0,10.468,30.203000000000003,37.883,4.633,103.241,106.79700000000001,64.8,55.8,30.2,95.4,64.2,84.7,93.1,84.2,93.7,89.9,92.8,9.386,5,5,5,104.436
27.47,8.0,10.549,29.44,37.793,5.105,103.402,106.59299999999999,64.8,55.8,30.2,95.4,64.2,84.7,93.1,84.2,93.7,89.9,92.8,8.982,5,5,5,104.435
27.49,8.0,10.551,29.889,37.78,4.914,103.264,106.79700000000001,64.8,55.8,30.2,95.4,64.2,84.7,93.1,84.2,93.7,89.9,92.8,9.350999999999999,5,5,5,104.436
27.51,8.0,10.59,29.584,37.961999999999996,5.1,103.17200000000001,106.51799999999999,64.8,55.8,30.2,95.4,64.2,84.7,93.1,84.2,93.7,89.9,92.8,9.452,5,5,5,104.432
27.53,8.0,10.27,29.78,37.986,5.171,103.241,106.648,64.8,55.8,30.2,95.4,64.2,84.7,93.1,84.2,93.7,89.9,92.8,9.215,5,5,5,104.43700000000001
27.55,8.0,9.889,29.259,37.933,4.887,103.148,106.555,64.8,55.8,30.2,95.4,64.2,84.7,93.1,84.2,93.7,89.9,92.8,9.322,5,5,5,104.43700000000001
27.57,8.0,10.463,29.659000000000002,37.722,5.023,103.31,106.574,64.8,55.8,30.2,95.4,64.2,84.7,93.1,84.2,93.7,89.9,92.8,9.7,5,5,5,104.43299999999999
27.59,8.0,10.128,29.874000000000002,37.739000000000004,5.26,103.287,106.574,64.8,55.8,30.2,95.4,64.2,84.7,93.1,84.2,93.7,89.9,92.8,9.297,5,5,5,104.432
27.61,8.0,10.414,29.688000000000002,37.834,5.212,103.03299999999999,106.63,64.8,55.8,30.2,95.4,64.2,84.7,93.1,84.2,93.7,89.9,92.8,9.206,5,5,5,104.43700000000001
27.63,8.0,10.411000000000001,29.491999999999997,37.684,4.993,103.079,106.704,64.8,55.8,30.2,95.4,64.2,84.7,93.1,84.2,93.7,89.9,92.8,9.458,5,5,5,104.435
27.65,8.0,10.344,29.26,37.994,4.779,103.241,106.741,64.8,55.8,30.2,95.4,64.2,84.7,93.1,84.2,93.7,89.9,92.8,9.341000000000001,5,5,5,104.43299999999999
27.67,8.0,10.558,29.335,37.668,4.951,103.079,106.555,64.8,55.8,30.2,95.4,64.2,84.7,93.1,84.2,93.7,89.9,92.8,8.986,5,5,5,104.43799999999999
27.69,8.0,9.876000000000001,29.244,37.797,4.717,103.03299999999999,106.462,64.8,55.8,30.2,95.4,64.2,84.7,93.1,84.2,93.7,89.9,92.8,9.324,5,5,5,104.431
27.71,8.0,9.648,29.203000000000003,37.764,4.944,103.125,106.555,64.8,55.8,30.2,95.4,64.2,84.7,93.1,84.2,93.7,89.9,92.8,9.408999999999999,5,5,5,104.43299999999999
27.73,8.0,10.145,29.261999999999997,37.745,4.833,102.986,106.182,64.8,55.8,30.2,95.4,64.2,84.7,93.1,84.2,93.7,89.9,92.8,9.166,5,5,5,104.43299999999999
27.75,8.0,9.619,28.916999999999998,37.699,4.879,103.01,106.257,64.8,55.8,30.2,95.4,64.2,84.7,93.1,84.2,93.7,89.9,92.8,9.373999999999999,5,5,5,104.43299999999999
27.77,8.0,10.125,29.134,37.745,4.923,103.03299999999999,106.406,64.8,55.8,30.2,95.4,64.2,84.7,93.1,84.2,93.7,89.9,92.8,9.684999999999999,5,5,5,104.435
27.79,8.0,10.158,29.218000000000004,37.748000000000005,5.249,103.01,106.27600000000001,64.8,55.8,30.2,95.4,64.2,84.7,93.1,84.2,93.7,89.9,92.8,9.294,5,5,5,104.441
27.81,8.0,9.817,29.621,37.67,4.963,102.84700000000001,106.5,64.8,55.8,30.2,95.4,64.2,84.7,93.1,84.2,93.7,89.9,92.8,9.206,5,5,5,104.435
27.83,8.0,9.465,28.816,37.907,5.212,102.89299999999999,106.294,64.8,55.8,30.2,95.4,64.2,84.7,93.1,84.2,93.7,89.9,92.8,9.469999999999999,5,5,5,104.435
27.85,8.0,9.963000000000001,28.945,37.871,4.977,102.84700000000001,106.219,64.8,55.8,30.2,95.4,64.2,84.7,93.1,84.2,93.7,89.9,92.8,9.373000000000001,5,5,5,104.43799999999999
27.87,8.0,9.52,29.15,37.705,4.766,102.73,106.406,64.8,55.8,30.2,95.4,64.2,84.7,93.1,84.2,93.7,89.9,92.8,8.989,5,5,5,104.43799999999999
27.89,8.0,9.766,29.693,37.848,4.822,102.75399999999999,106.10700000000001,64.8,55.8,30.2,95.4,64.2,84.7,93.1,84.2,93.7,89.9,92.8,9.335,5,5,5,104.43299999999999
27.91,8.0,9.759,29.241999999999997,37.614000000000004,4.887,102.777,106.051,64.8,55.8,30.2,95.4,64.2,84.7,93.1,84.2,93.7,89.9,92.8,9.426,5,5,5,104.434
27.93,8.0,9.876000000000001,28.671999999999997,37.671,4.653,102.73,106.27600000000001,64.8,55.8,30.2,95.4,64.2,84.7,93.1,84.2,93.7,89.9,92.8,8.981,5,5,5,104.432
27.95,8.0,10.043,28.839000000000002,37.757,5.014,102.70700000000001,106.051,64.8,55.8,30.2,95.4,64.2,84.7,93.1,84.2,93.7,89.9,92.8,9.978,5,5,5,104.43299999999999
27.97,8.0,9.692,28.787,37.631,4.96,102.824,105.86200000000001,64.8,55.8,30.2,95.4,64.2,84.7,93.1,84.2,93.7,89.9,92.8,9.751000000000001,5,5,5,104.434
27.99,8.0,9.274000000000001,28.706999999999997,37.655,5.229,102.75399999999999,105.975,64.8,55.8,30.2,95.4,64.2,84.7,93.1,84.2,93.7,89.9,92.8,9.765,5,5,5,104.43299999999999
28.01,8.0,9.372,28.862,37.793,5.298,102.637,105.93799999999999,64.8,55.8,30.2,95.4,64.2,84.7,93.1,84.2,93.7,89.9,92.8,10.061,5,5,5,104.43299999999999
28.03,8.0,9.298,28.987,37.806999999999995,5.283,102.566,106.126,64.8,55.8,30.2,95.4,64.2,84.7,93.1,84.2,93.7,89.9,92.8,9.952,5,5,5,104.43799999999999
28.05,8.0,9.797,28.764,37.938,4.878,102.637,106.257,64.8,55.8,30.2,95.4,64.2,84.7,93.1,84.2,93.7,89.9,92.8,10.465,5,5,5,104.431
28.07,8.0,9.631,28.537,37.9,4.808,102.70700000000001,106.219,64.8,55.8,30.2,95.4,64.2,84.7,93.1,84.2,93.7,89.9,92.8,9.847999999999999,5,5,5,104.432
28.09,8.0,9.596,28.996,37.783,4.567,102.66,106.069,64.8,55.8,30.2,95.4,64.2,84.7,93.1,84.2,93.7,89.9,92.8,10.643,5,5,5,104.435
28.11,8.0,9.33,29.009,37.781,4.421,102.54299999999999,105.956,64.8,55.8,30.2,95.4,64.2,84.7,93.1,84.2,93.7,89.9,92.8,10.526,5,5,5,104.431
28.13,8.0,9.093,29.033,37.802,4.055,102.613,106.03200000000001,64.8,55.8,30.2,95.4,64.2,84.7,93.1,84.2,93.7,89.9,92.8,10.539,5,5,5,104.431
28.15,8.0,9.008,28.761999999999997,37.661,4.212,102.637,105.919,64.8,55.8,30.2,95.4,64.2,84.7,93.1,84.2,93.7,89.9,92.8,10.742999999999999,5,5,5,104.439
28.17,8.0,9.314,28.549,37.786,4.313,102.51899999999999,106.03200000000001,64.8,55.8,30.2,95.4,64.2,84.7,93.1,84.2,93.7,89.9,92.8,10.536000000000001,5,5,5,104.43
28.19,8.0,9.271,28.517,37.704,4.548,102.637,105.881,64.8,55.8,30.2,95.4,64.2,84.7,93.1,84.2,93.7,89.9,92.8,11.125,5,5,5,104.432
28.21,8.0,9.423,28.576999999999998,37.868,4.73,102.49600000000001,105.9,64.8,55.8,30.2,95.4,64.2,84.7,93.1,84.2,93.7,89.9,92.8,10.327000000000002,5,5,5,104.43700000000001
28.23,8.0,8.857,28.744,37.679,5.342,102.331,105.824,64.8,55.8,30.2,95.4,64.2,84.7,93.1,84.2,93.7,89.9,92.8,10.807,5,5,5,104.43700000000001
28.25,8.0,9.203,28.75,37.764,5.1,102.213,105.616,64.8,55.8,30.2,95.4,64.2,84.7,93.1,84.2,93.7,89.9,92.8,10.838999999999999,5,5,5,104.435
28.27,8.0,9.29,28.62,37.675,5.365,102.26,105.786,64.8,55.8,30.2,95.4,64.2,84.7,93.1,84.2,93.7,89.9,92.8,10.772,5,5,5,104.435
28.29,8.0,9.134,28.639,37.845,5.33,102.236,105.786,64.8,55.8,30.2,95.4,64.2,84.7,93.1,84.2,93.7,89.9,92.8,10.962,5,5,5,104.43799999999999
28.31,8.0,8.734,28.261999999999997,37.830999999999996,5.119,102.28399999999999,105.805,64.8,55.8,30.2,95.4,64.2,84.7,93.1,84.2,93.7,89.9,92.8,10.646,5,5,5,104.43700000000001
28.33,8.0,8.799,28.171999999999997,37.779,5.015,102.37799999999999,105.69200000000001,64.8,55.8,30.2,95.4,64.2,84.7,93.1,84.2,93.7,89.9,92.8,11.283,5,5,5,104.43700000000001
28.35,8.0,8.841000000000001,28.455,37.534,4.768,102.28399999999999,105.67299999999999,64.8,55.8,30.2,95.4,64.2,84.7,93.1,84.2,93.7,89.9,92.8,10.517,5,5,5,104.435
28.37,8.0,8.535,28.104,37.692,4.859,102.307,105.711,64.8,55.8,30.2,95.4,64.2,84.7,93.1,84.2,93.7,89.9,92.8,10.939,5,5,5,104.436
28.39,8.0,9.015,28.386,37.574,5.705,102.47200000000001,105.69200000000001,64.8,55.8,30.2,95.4,64.2,84.7,93.1,84.2,93.7,89.9,92.8,11.14,5,5,5,104.439
28.41,8.0,8.598,28.309,37.847,5.472,102.07,105.711,64.8,55.8,30.2,95.4,64.2,84.7,93.1,84.2,93.7,89.9,92.8,10.987,5,5,5,104.434
28.43,8.0,8.987,28.345,37.685,4.635,102.236,105.73,64.8,55.8,30.2,95.4,64.2,84.7,93.1,84.2,93.7,89.9,92.8,11.145,5,5,5,104.436
28.45,8.0,8.911,27.895,37.63,4.789,102.355,105.50200000000001,64.8,55.8,30.2,95.4,64.2,84.7,93.1,84.2,93.7,89.9,92.8,10.776,5,5,5,104.434
28.47,8.0,9.059999999999999,28.491,37.806999999999995,4.83,102.07,105.445,64.8,55.8,30.2,95.4,64.2,84.7,93.1,84.2,93.7,89.9,92.8,11.561,5,5,5,104.43799999999999
28.49,8.0,9.041,28.147,37.657,4.911,102.165,105.559,64.8,55.8,30.2,95.4,64.2,84.7,93.1,84.2,93.7,89.9,92.8,10.826,5,5,5,104.44
28.51,8.0,9.07,28.424,37.75,4.987,102.189,105.48299999999999,64.8,55.8,30.2,95.4,64.2,84.7,93.1,84.2,93.7,89.9,92.8,11.035,5,5,5,104.441
28.53,8.0,8.918,28.265,37.711999999999996,5.14,102.14200000000001,105.445,64.8,55.8,30.2,95.4,64.2,84.7,93.1,84.2,93.7,89.9,92.8,11.158,5,5,5,104.436
28.55,8.0,8.229,28.555,37.681999999999995,4.946,101.95100000000001,105.464,64.8,55.8,30.2,95.4,64.2,84.7,93.1,84.2,93.7,89.9,92.8,11.043,5,5,5,104.434
28.57,8.0,8.777,27.941,37.658,4.607,102.04700000000001,105.34899999999999,64.8,55.8,30.2,95.4,64.2,84.7,93.1,84.2,93.7,89.9,92.8,11.315000000000001,5,5,5,104.43799999999999
28.59,8.0,8.443,28.199,37.765,4.905,102.04700000000001,105.34899999999999,64.8,55.8,30.2,95.4,64.2,84.7,93.1,84.2,93.7,89.9,92.8,10.79,5,5,5,104.439
28.61,8.0,8.538,28.116999999999997,37.774,4.889,102.023,105.25399999999999,64.8,55.8,30.2,95.4,64.2,84.7,93.1,84.2,93.7,89.9,92.8,11.672,5,5,5,104.435
28.63,8.0,8.454,28.18,37.664,4.917,102.04700000000001,105.406,64.8,55.8,30.2,95.4,64.2,84.7,93.1,84.2,93.7,89.9,92.8,11.144,5,5,5,104.434
28.65,8.0,8.783,28.285,37.751999999999995,4.994,101.80799999999999,105.464,64.8,55.8,30.2,95.4,64.2,84.7,93.1,84.2,93.7,89.9,92.8,11.116,5,5,5,104.44
28.67,8.0,8.266,28.041999999999998,37.801,5.17,101.928,105.292,64.8,55.8,30.2,95.4,64.2,84.7,93.1,84.2,93.7,89.9,92.8,11.262,5,5,5,104.436
28.69,8.0,8.547,27.884,37.701,4.603,101.85600000000001,105.177,64.8,55.8,30.2,95.4,64.2,84.7,93.1,84.2,93.7,89.9,92.8,11.017,5,5,5,104.43799999999999
28.71,8.0,8.799,27.927,37.622,4.827,101.85600000000001,105.25399999999999,64.8,55.8,30.2,95.4,64.2,84.7,93.1,84.2,93.7,89.9,92.8,11.422999999999998,5,5,5,104.43700000000001
28.73,8.0,8.632,27.358,37.699,4.853,101.83200000000001,105.292,64.8,55.8,30.2,95.4,64.2,84.7,93.1,84.2,93.7,89.9,92.8,10.8,5,5,5,104.439
28.75,8.0,8.488,27.858,37.52,4.924,101.76,105.215,64.8,55.8,30.2,95.4,64.2,84.7,93.1,84.2,93.7,89.9,92.8,11.607,5,5,5,104.432
28.77,8.0,8.328,27.613000000000003,37.601,4.896,101.78399999999999,104.965,64.8,55.8,30.2,95.4,64.2,84.7,93.1,84.2,93.7,89.9,92.8,11.232,5,5,5,104.44
28.79,8.0,8.234,27.976999999999997,37.705,4.508,101.975,105.234,64.8,55.8,30.2,95.4,64.2,84.7,93.1,84.2,93.7,89.9,92.8,11.122,5,5,5,104.431
28.81,8.0,8.199,27.631999999999998,37.727,4.949,101.736,105.13799999999999,64.8,55.8,30.2,95.4,64.2,84.7,93.1,84.2,93.7,89.9,92.8,11.216000000000001,5,5,5,104.43700000000001
28.83,8.0,7.943,27.625,37.779,4.714,101.664,105.081,64.8,55.8,30.2,95.4,64.2,84.7,93.1,84.2,93.7,89.9,92.8,11.073,5,5,5,104.436
28.85,8.0,8.773,27.885,37.633,4.79,101.736,105.13799999999999,64.8,55.8,30.2,95.4,64.2,84.7,93.1,84.2,93.7,89.9,92.8,11.489,5,5,5,104.434
28.87,8.0,8.457,27.904,37.618,5.072,101.52,105.215,64.8,55.8,30.2,95.4,64.2,84.7,93.1,84.2,93.7,89.9,92.8,10.751000000000001,5,5,5,104.432
28.89,8.0,8.167,27.848000000000003,37.757,4.969,101.568,105.119,64.8,55.8,30.2,95.4,64.2,84.7,93.1,84.2,93.7,89.9,92.8,11.527999999999999,5,5,5,104.432
28.91,8.0,7.716,27.392,37.798,4.572,101.736,105.023,64.8,55.8,30.2,95.4,64.2,84.7,93.1,84.2,93.7,89.9,92.8,11.225,5,5,5,104.439
28.93,8.0,8.259,27.425,37.527,4.608,101.59200000000001,105.13799999999999,64.8,55.8,30.2,95.4,64.2,84.7,93.1,84.2,93.7,89.9,92.8,11.252,5,5,5,104.435
28.95,8.0,8.0,27.535999999999998,37.328,4.818,101.68799999999999,105.15799999999999,64.8,55.8,30.2,95.4,64.2,84.7,93.1,84.2,93.7,89.9,92.8,11.706,5,5,5,104.436
28.97,8.0,8.395,27.459,37.707,4.978,101.712,104.869,64.8,55.8,30.2,95.4,64.2,84.7,93.1,84.2,93.7,89.9,92.8,11.828,5,5,5,104.429
28.99,8.0,7.891,27.226,37.639,5.006,101.616,105.1,64.8,55.8,30.2,95.4,64.2,84.7,93.1,84.2,93.7,89.9,92.8,11.5,5,5,5,104.431
29.01,8.0,7.861000000000001,27.53,37.452,4.658,101.49600000000001,104.90700000000001,65.0,55.8,30.2,95.2,64.5,84.7,93.1,84.2,93.7,89.9,92.8,12.49,5,5,5,104.441
29.03,8.0,8.004,27.805,37.524,5.157,101.64,104.927,65.0,55.8,30.2,95.2,64.5,84.7,93.1,84.2,93.7,89.9,92.8,12.015,5,5,5,104.434
29.05,8.0,8.356,27.328000000000003,37.688,4.861,101.471,104.85,65.0,55.8,30.2,95.2,64.5,84.7,93.1,84.2,93.7,89.9,92.8,12.498,5,5,5,104.43700000000001
29.07,8.0,7.823,27.734,37.68,5.082,101.664,104.985,65.0,55.8,30.2,95.2,64.5,84.7,93.1,84.2,93.7,89.9,92.8,12.377,5,5,5,104.43700000000001
29.09,8.0,7.529,27.595,37.657,4.631,101.35,104.869,65.0,55.8,30.2,95.2,64.5,84.7,93.1,84.2,93.7,89.9,92.8,12.379,5,5,5,104.43799999999999
29.11,8.0,7.784,27.355999999999998,37.397,4.515,101.471,105.00399999999999,65.0,55.8,30.2,95.2,64.5,84.7,93.1,84.2,93.7,89.9,92.8,13.136000000000001,5,5,5,104.436
29.13,8.0,8.043,27.038,37.705,5.346,101.736,105.00399999999999,65.0,55.8,30.2,95.2,64.5,84.7,93.1,84.2,93.7,89.9,92.8,12.415,5,5,5,104.43299999999999
29.15,8.0,8.088000000000001,27.162,37.534,5.142,101.80799999999999,105.023,65.0,55.8,30.2,95.2,64.5,84.7,93.1,84.2,93.7,89.9,92.8,13.076,5,5,5,104.43799999999999
29.17,8.0,7.787,27.495,37.647,4.629,101.664,104.539,65.0,55.8,30.2,95.2,64.5,84.7,93.1,84.2,93.7,89.9,92.8,12.834,5,5,5,104.435
29.19,8.0,7.572,27.053,37.635999999999996,4.861,101.664,104.83,65.0,55.8,30.2,95.2,64.5,84.7,93.1,84.2,93.7,89.9,92.8,13.04,5,5,5,104.43700000000001
29.21,8.0,7.727,27.125,37.779,5.151,101.616,104.656,65.0,55.8,30.2,95.2,64.5,84.7,93.1,84.2,93.7,89.9,92.8,13.342,5,5,5,104.434
29.23,8.0,7.117,27.647,37.819,5.077,101.616,104.792,65.0,55.8,30.2,95.2,64.5,84.7,93.1,84.2,93.7,89.9,92.8,12.721,5,5,5,104.43700000000001
29.25,8.0,7.827,27.205,37.595,4.519,101.68799999999999,104.927,65.0,55.8,30.2,95.2,64.5,84.7,93.1,84.2,93.7,89.9,92.8,13.549,5,5,5,104.431
29.27,8.0,7.914,27.127,37.465,5.006,101.616,104.927,65.0,55.8,30.2,95.2,64.5,84.7,93.1,84.2,93.7,89.9,92.8,12.975999999999999,5,5,5,104.43299999999999
29.29,8.0,7.603999999999999,27.149,37.635,4.735,101.42299999999999,104.811,65.0,55.8,30.2,95.2,64.5,84.7,93.1,84.2,93.7,89.9,92.8,13.326,5,5,5,104.434
29.31,8.0,7.692,27.0,37.556,4.809,101.471,104.85,65.0,55.8,30.2,95.2,64.5,84.7,93.1,84.2,93.7,89.9,92.8,13.187999999999999,5,5,5,104.43700000000001
29.33,8.0,7.635,27.285999999999998,37.64,5.023,101.471,104.695,65.0,55.8,30.2,95.2,64.5,84.7,93.1,84.2,93.7,89.9,92.8,12.905000000000001,5,5,5,104.435
29.35,8.0,7.309,26.951999999999998,37.641,4.599,101.42299999999999,104.57799999999999,65.0,55.8,30.2,95.2,64.5,84.7,93.1,84.2,93.7,89.9,92.8,13.745,5,5,5,104.43700000000001
29.37,8.0,7.706,27.119,37.684,4.625,101.35,104.617,65.0,55.8,30.2,95.2,64.5,84.7,93.1,84.2,93.7,89.9,92.8,13.106,5,5,5,104.434
29.39,8.0,7.631,27.247,37.567,5.109,101.27799999999999,104.73299999999999,65.0,55.8,30.2,95.2,64.5,84.7,93.1,84.2,93.7,89.9,92.8,13.546,5,5,5,104.434
29.41,8.0,7.718999999999999,27.217,37.705,4.931,101.64,104.75299999999999,65.0,55.8,30.2,95.2,64.5,84.7,93.1,84.2,93.7,89.9,92.8,13.307,5,5,5,104.436
29.43,8.0,7.801,27.392,37.43,4.961,101.27799999999999,104.617,65.0,55.8,30.2,95.2,64.5,84.7,93.1,84.2,93.7,89.9,92.8,13.402000000000001,5,5,5,104.43799999999999
29.45,8.0,7.474,27.057,37.669000000000004,4.866,101.52,104.772,65.0,55.8,30.2,95.2,64.5,84.7,93.1,84.2,93.7,89.9,92.8,13.851,5,5,5,104.431
29.47,8.0,7.2219999999999995,27.230999999999998,37.556,5.025,101.544,104.695,65.0,55.8,30.2,95.2,64.5,84.7,93.1,84.2,93.7,89.9,92.8,13.043,5,5,5,104.434
29.49,8.0,7.364,27.226999999999997,37.553000000000004,5.056,101.447,104.695,65.0,55.8,30.2,95.2,64.5,84.7,93.1,84.2,93.7,89.9,92.8,13.721,5,5,5,104.432
29.51,8.0,7.595000000000001,26.875999999999998,37.445,4.951,101.27799999999999,104.52,65.0,55.8,30.2,95.2,64.5,84.7,93.1,84.2,93.7,89.9,92.8,13.306000000000001,5,5,5,104.432
29.53,8.0,7.523,27.089000000000002,37.715,5.031,101.375,104.675,65.0,55.8,30.2,95.2,64.5,84.7,93.031,84.2,93.7,89.9,92.8,13.551,5,5,5,104.429
29.55,8.0,6.896,27.342,37.55,4.883,101.03399999999999,104.598,65.0,55.8,30.2,95.2,64.5,84.7,92.97399999999999,84.2,93.7,89.9,92.8,13.626,5,5,5,104.43299999999999
29.57,8.0,7.588,27.375,37.465,4.979,101.302,104.40299999999999,65.0,55.8,30.2,95.2,64.5,84.7,92.942,84.2,93.7,89.9,92.8,13.059,5,5,5,104.432
29.59,8.0,7.1899999999999995,26.647,37.552,5.174,101.375,104.5,65.0,55.8,30.2,95.2,64.5,84.7,92.923,84.2,93.7,89.9,92.8,13.81,5,5,5,104.434
29.61,8.0,7.561,27.144000000000002,37.628,4.989,101.302,104.5,65.0,55.8,30.2,95.2,64.5,84.7,92.913,84.2,93.7,89.9,92.8,13.336,5,5,5,104.434
29.63,8.0,7.779999999999999,26.704,37.458,4.852,101.156,104.52,65.0,55.8,30.2,95.2,64.5,84.7,92.907,84.2,93.7,89.9,92.8,13.652999999999999,5,5,5,104.431
29.65,8.0,7.0489999999999995,27.226999999999997,37.519,5.174,101.399,104.344,65.0,55.8,30.2,95.2,64.5,84.7,92.904,84.2,93.7,89.9,92.8,13.465,5,5,5,104.43799999999999
29.67,8.0,7.154,26.308000000000003,37.512,4.956,101.229,104.40299999999999,65.0,55.8,30.2,95.2,64.5,84.7,92.902,84.2,93.7,89.9,92.8,13.216000000000001,5,5,5,104.43700000000001
29.69,8.0,7.058,26.723000000000003,37.543,5.395,101.375,104.57799999999999,65.0,55.8,30.2,95.2,64.5,84.7,92.90100000000001,84.2,93.7,89.9,92.8,13.99,5,5,5,104.436
29.71,8.0,6.978,27.048000000000002,37.429,5.379,101.35,104.57799999999999,65.0,55.8,30.2,95.2,64.5,84.7,92.90100000000001,84.2,93.7,89.9,92.8,13.235,5,5,5,104.436
29.73,8.0,7.005,27.309,37.472,4.992,101.49600000000001,104.617,65.0,55.8,30.2,95.2,64.5,84.7,92.9,84.2,93.7,89.9,92.8,13.756,5,5,5,104.434
29.75,8.0,6.71,26.559,37.341,5.171,100.985,104.63600000000001,65.0,55.8,30.2,95.2,64.5,84.7,92.9,84.2,93.7,89.9,92.8,13.41,5,5,5,104.43700000000001
29.77,8.0,6.809,26.892,37.549,5.405,101.25299999999999,104.461,65.0,55.8,30.2,95.2,64.5,84.7,92.9,84.2,93.7,89.9,92.8,13.631,5,5,5,104.436
29.79,8.0,7.019,26.811,37.675,4.65,101.059,104.227,65.0,55.8,30.2,95.2,64.5,84.7,92.9,84.2,93.7,89.9,92.8,13.908,5,5,5,104.434
29.81,8.0,7.009,26.861,37.505,5.086,101.229,104.16799999999999,65.0,55.8,30.2,95.2,64.5,84.7,92.9,84.2,93.7,89.9,92.8,13.171,5,5,5,104.431
29.83,8.0,6.661,26.404,37.498000000000005,5.468,101.156,104.36399999999999,65.0,55.8,30.2,95.2,64.5,84.7,92.9,84.2,93.7,89.9,92.8,13.844,5,5,5,104.429
29.85,8.0,7.103,26.176,37.724000000000004,4.2940000000000005,101.156,104.266,65.0,55.8,30.2,95.2,64.5,84.7,92.9,84.2,93.7,89.9,92.8,13.356,5,5,5,104.436
29.87,8.0,7.061999999999999,26.421,37.295,4.875,101.132,104.12799999999999,65.0,55.8,30.2,95.2,64.5,84.7,92.9,84.2,93.7,89.9,92.8,13.658999999999999,5,5,5,104.43299999999999
29.89,8.0,7.0969999999999995,26.531,37.685,5.114,101.229,104.36399999999999,65.0,55.8,30.2,95.2,64.5,84.7,92.9,84.2,93.7,89.9,92.8,13.583,5,5,5,104.436
29.91,8.0,7.355,26.215,37.361,4.797,101.156,104.344,65.0,55.8,30.2,95.2,64.5,84.7,92.9,84.2,93.7,89.9,92.8,13.179,5,5,5,104.436
29.93,8.0,6.99,26.23,37.499,5.127,101.18,104.16799999999999,65.0,55.8,30.2,95.2,64.5,84.7,92.9,84.2,93.7,89.9,92.8,13.736,5,5,5,104.434
29.95,8.0,6.553,26.131,37.34,5.139,101.229,104.069,65.0,55.8,30.2,95.2,64.5,84.7,92.9,84.2,93.7,89.9,92.8,13.155,5,5,5,104.44
29.97,8.0,6.707,26.179000000000002,37.478,5.156,101.059,104.109,65.0,55.8,30.2,95.2,64.5,84.7,92.9,84.2,93.7,89.9,92.8,13.939,5,5,5,104.43299999999999
29.99,8.0,6.513,26.429000000000002,37.452,5.466,101.03399999999999,104.227,65.0,55.8,30.2,95.2,64.5,84.7,92.9,84.2,93.7,89.9,92.8,13.347999999999999,5,5,5,104.44
30.01,8.0,6.734,26.12,37.409,5.188,101.132,104.227,65.0,55.8,30.2,95.2,64.5,84.7,92.9,84.2,93.7,89.9,92.8,13.73,5,5,5,104.444
30.03,8.0,6.1899999999999995,26.406,37.404,5.1,100.985,104.325,65.0,55.8,30.2,95.2,64.5,84.7,92.9,84.2,93.7,89.9,92.8,13.536,5,5,5,104.439
30.05,8.0,6.396,26.482,37.552,4.861,100.961,104.05,65.0,55.8,30.2,95.2,64.5,84.7,92.9,84.2,93.7,89.9,92.8,13.317,5,5,5,104.441
30.07,8.0,6.493,25.826999999999998,37.42,4.828,100.961,104.05,65.0,55.8,30.2,95.2,64.5,84.7,92.9,84.2,93.7,89.9,92.8,13.976,5,5,5,104.44
30.09,8.0,7.0920000000000005,26.686,37.632,4.856,101.059,104.03,65.0,55.8,30.2,95.2,64.5,84.7,92.9,84.2,93.7,89.9,92.8,13.246,5,5,5,104.441
30.11,8.0,6.454,26.281999999999996,37.433,4.957,100.838,104.109,65.0,55.8,30.2,95.2,64.5,84.7,92.9,84.2,93.7,89.9,92.8,13.807,5,5,5,104.43799999999999
30.13,8.0,6.786,26.301,37.407,5.198,100.838,104.148,65.0,55.8,30.2,95.2,64.5,84.7,92.9,84.2,93.7,89.9,92.8,13.482999999999999,5,5,5,104.43299999999999
30.15,8.0,6.546,25.739,37.312,5.079,100.936,104.03,65.0,55.8,30.2,95.2,64.5,84.7,92.9,84.2,93.7,89.9,92.8,13.673,5,5,5,104.43
30.17,8.0,6.71,26.546999999999997,37.402,4.672,100.912,104.03,65.0,55.8,30.2,95.2,64.5,84.7,92.9,84.2,93.7,89.9,92.8,13.934,5,5,5,104.435
30.19,8.0,6.232,26.526999999999997,37.352,4.996,100.863,103.931,65.0,55.8,30.2,95.2,64.5,84.7,92.9,84.2,93.7,89.9,92.8,13.17,5,5,5,104.43299999999999
30.21,8.0,6.689,25.774,37.248000000000005,5.232,100.912,103.95100000000001,65.0,55.8,30.2,95.2,64.5,84.7,92.9,84.2,93.7,89.9,92.8,13.862,5,5,5,104.434
30.23,8.0,6.0920000000000005,25.886999999999997,37.299,4.878,100.81299999999999,103.912,65.0,55.8,30.2,95.2,64.5,84.7,92.9,84.2,93.7,89.9,92.8,13.423,5,5,5,104.435
30.25,8.0,6.399,25.995,37.505,4.669,100.912,103.931,65.0,55.8,30.2,95.2,64.5,84.7,92.9,84.2,93.7,89.9,92.8,13.717,5,5,5,104.434
30.27,8.0,6.252,25.826,37.301,4.857,100.912,104.03,65.0,55.8,30.2,95.2,64.5,84.7,92.9,84.2,93.7,89.9,92.8,13.545,5,5,5,104.427
30.29,8.0,6.817,26.037,37.264,4.679,100.936,103.991,65.0,55.8,30.2,95.2,64.5,84.7,92.9,84.2,93.7,89.9,92.8,13.212,5,5,5,104.429
30.31,8.0,6.293,25.901999999999997,37.383,4.691,100.961,104.109,65.0,55.8,30.2,95.2,64.5,84.7,92.9,84.2,93.7,89.9,92.8,14.017000000000001,5,5,5,104.431
30.33,8.0,6.013,25.561,37.518,4.996,100.764,104.05,65.0,55.8,30.2,95.2,64.5,84.7,92.9,84.2,93.7,89.9,92.8,13.33,5,5,5,104.426
30.35,8.0,6.586,25.555,37.403,5.111,100.715,103.912,65.0,55.8,30.2,95.2,64.5,84.7,92.9,84.2,93.7,89.9,92.8,13.761000000000001,5,5,5,104.435
30.37,8.0,6.37,25.86,37.501,4.992,100.789,104.089,65.0,55.8,30.2,95.2,64.5,84.7,92.9,84.2,93.7,89.9,92.8,13.556000000000001,5,5,5,104.43700000000001
30.39,8.0,5.945,26.218000000000004,37.469,4.991,100.56700000000001,103.734,65.0,55.8,30.2,95.2,64.5,84.7,92.9,84.2,93.7,89.9,92.8,13.531,5,5,5,104.43700000000001
30.41,8.0,5.856,25.953000000000003,37.613,5.356,100.666,103.714,65.0,55.8,30.2,95.2,64.5,84.7,92.9,84.2,93.7,89.9,92.8,14.005,5,5,5,104.441
30.43,8.0,6.049,25.99,37.249,5.267,100.715,103.971,65.0,55.8,30.2,95.2,64.5,84.7,92.9,84.2,93.7,89.9,92.8,13.25,5,5,5,104.43700000000001
30.45,8.0,6.452,25.548000000000002,37.345,4.832,100.666,103.773,65.0,55.8,30.2,95.2,64.5,84.7,92.9,84.2,93.7,89.9,92.8,13.877,5,5,5,104.44
30.47,8.0,6.439,25.616,37.321999999999996,5.051,100.542,103.971,65.0,55.8,30.2,95.2,64.5,84.7,92.9,84.2,93.7,89.9,92.8,13.49,5,5,5,104.439
30.49,8.0,6.027,25.761,37.473,5.103,100.69,103.79299999999999,65.0,55.8,30.2,95.2,64.5,84.7,92.9,84.2,93.7,89.9,92.8,13.747,5,5,5,104.43299999999999
30.51,8.0,6.172,25.319000000000003,37.398,4.91,100.641,103.89200000000001,65.0,55.8,30.2,95.2,64.5,84.7,92.9,84.2,93.7,89.9,92.8,13.81,5,5,5,104.43799999999999
30.53,8.0,5.976,25.639,37.505,4.686,100.616,103.912,65.0,55.8,30.2,95.2,64.5,84.7,92.9,84.2,93.7,89.9,92.8,13.175,5,5,5,104.436
30.55,8.0,6.004,25.262,37.311,4.378,100.666,103.931,65.0,55.8,30.2,95.2,64.5,84.7,92.9,84.2,93.7,89.9,92.8,13.914,5,5,5,104.429
30.57,8.0,6.241,25.439,37.373000000000005,4.824,100.789,103.75299999999999,65.0,55.8,30.2,95.2,64.5,84.7,92.9,84.2,93.7,89.9,92.8,13.418,5,5,5,104.445
30.59,8.0,5.987,25.02,37.294000000000004,5.105,100.41799999999999,103.594,65.0,55.8,30.2,95.2,64.5,84.7,92.9,84.2,93.7,89.9,92.8,13.789,5,5,5,104.44
30.61,8.0,6.307,25.608,37.245,4.887,100.318,103.535,65.0,55.8,30.2,95.2,64.5,84.7,92.9,84.2,93.7,89.9,92.8,13.557,5,5,5,104.43
30.63,8.0,6.36,25.789,37.297,4.594,100.46799999999999,103.475,65.0,55.8,30.2,95.2,64.5,84.7,92.9,84.2,93.7,89.9,92.8,13.312000000000001,5,5,5,104.444
30.65,8.0,6.134,25.39,37.202,4.782,100.46799999999999,103.594,65.0,55.8,30.2,95.2,64.5,84.7,92.9,84.2,93.7,89.9,92.8,14.06,5,5,5,104.43299999999999
30.67,8.0,5.859,25.386,37.345,5.106,100.443,103.67399999999999,65.0,55.8,30.2,95.2,64.5,84.7,92.9,84.2,93.7,89.9,92.8,13.328,5,5,5,104.429
30.69,8.0,6.176,25.186,37.366,4.913,100.51700000000001,103.335,65.0,55.8,30.2,95.2,64.5,84.7,92.9,84.2,93.7,89.9,92.8,13.868,5,5,5,104.44200000000001
30.71,8.0,6.283,24.938,37.169000000000004,4.899,100.34299999999999,103.475,65.0,55.8,30.2,95.2,64.5,84.7,92.9,84.2,93.7,89.9,92.8,13.548,5,5,5,104.421
30.73,8.0,6.311999999999999,25.592,37.32,4.883,100.318,103.495,65.0,55.8,30.2,95.2,64.5,84.7,92.9,84.2,93.7,89.9,92.8,13.687000000000001,5,5,5,104.431
30.75,8.0,5.921,25.224,37.236,5.146,100.34299999999999,103.495,65.0,55.8,30.2,95.2,64.5,84.7,92.9,84.2,93.7,89.9,92.8,14.033,5,5,5,104.432
30.77,8.0,5.631,25.174,37.332,5.128,100.443,103.415,65.0,55.8,30.2,95.2,64.5,84.7,92.9,84.2,93.7,89.9,92.8,13.283999999999999,5,5,5,104.43
30.79,8.0,5.848,25.164,37.400999999999996,4.798,100.443,103.455,65.0,55.8,30.2,95.2,64.5,84.7,92.9,84.2,93.7,89.9,92.8,13.939,5,5,5,104.435
30.81,8.0,6.002,25.142,37.399,5.141,100.34299999999999,103.395,65.0,55.8,30.2,95.2,64.5,84.7,92.9,84.2,93.7,89.9,92.8,13.441,5,5,5,104.436
30.83,8.0,6.03,25.171,37.326,4.978,100.34299999999999,103.335,65.0,55.8,30.2,95.2,64.5,84.7,92.9,84.2,93.7,89.9,92.8,13.752,5,5,5,104.44200000000001
30.85,8.0,5.752,25.392,37.421,4.748,100.243,103.275,65.0,55.8,30.2,95.2,64.5,84.7,92.9,84.2,93.7,89.9,92.8,13.628,5,5,5,104.432
30.87,8.0,6.451,24.814,37.15,4.977,100.34299999999999,103.195,65.0,55.8,30.2,95.2,64.5,84.7,92.9,84.2,93.7,89.9,92.8,13.171,5,5,5,104.43799999999999
30.89,8.0,5.872,24.921,37.177,5.351,100.34299999999999,103.275,65.0,55.8,30.2,95.2,64.5,84.7,92.9,84.2,93.7,89.9,92.8,13.998,5,5,5,104.43
30.91,8.0,6.291,25.284000000000002,37.408,5.055,100.29299999999999,103.11399999999999,65.0,55.8,30.2,95.2,64.5,84.7,92.9,84.2,93.7,89.9,92.8,13.399,5,5,5,104.43700000000001
30.93,8.0,5.946,25.438,37.179,4.95,100.34299999999999,103.415,65.0,55.8,30.2,95.2,64.5,84.7,92.9,84.2,93.7,89.9,92.8,14.064,5,5,5,104.43799999999999
30.95,8.0,5.768,25.195,37.133,4.826,100.318,103.315,65.0,55.8,30.2,95.2,64.5,84.7,92.9,84.2,93.7,89.9,92.8,14.347000000000001,5,5,5,104.435
30.97,8.0,5.9350000000000005,25.049,37.214,5.104,100.34299999999999,103.215,65.0,55.8,30.2,95.2,64.5,84.7,92.9,84.2,93.7,89.9,92.8,13.96,5,5,5,104.43299999999999
30.99,8.0,5.707,24.756,37.102,4.729,100.09299999999999,103.295,65.0,55.8,30.2,95.2,64.5,84.7,92.9,84.2,93.7,89.9,92.8,14.158999999999999,5,5,5,104.441
31.01,8.0,5.743,24.82,37.234,4.791,100.243,103.355,65.2,55.8,30.1,94.9,64.7,84.7,92.9,84.2,93.612,89.9,92.8,14.843,5,5,5,104.435
31.03,8.0,5.633,24.977,37.292,5.187,100.368,103.255,65.2,55.8,30.1,94.9,64.7,84.7,92.9,84.2,93.563,89.9,92.8,14.588,5,5,5,104.43799999999999
31.05,8.0,5.618,24.551,37.335,4.808,100.16799999999999,103.094,65.2,55.8,30.1,94.9,64.7,84.7,92.9,84.2,93.536,89.9,92.8,14.389,5,5,5,104.43799999999999
31.07,8.0,5.936,24.54,37.301,4.905,100.41799999999999,103.315,65.2,55.8,30.1,94.9,64.7,84.7,92.9,84.2,93.52,89.9,92.8,15.006,5,5,5,104.43799999999999
31.09,8.0,6.003,24.81,37.408,4.958,100.09299999999999,103.375,65.2,55.8,30.1,94.9,64.7,84.7,92.9,84.2,93.51100000000001,89.9,92.8,15.411,5,5,5,104.43299999999999
31.11,8.0,5.921,24.98,37.44,4.851,100.219,103.154,65.2,55.8,30.1,94.9,64.7,84.7,92.9,84.2,93.506,89.9,92.8,14.875,5,5,5,104.436
31.13,8.0,5.961,24.838,37.400999999999996,5.109,100.26799999999999,103.355,65.2,55.8,30.1,94.9,64.7,84.7,92.9,84.2,93.50399999999999,89.9,92.8,14.718,5,5,5,104.439
31.15,8.0,6.0120000000000005,24.971,37.266,4.802,100.219,103.275,65.2,55.8,30.1,94.9,64.7,84.7,92.9,84.2,93.502,89.9,92.8,15.390999999999998,5,5,5,104.434
31.17,8.0,5.677,24.77,37.297,4.783,100.16799999999999,103.195,65.2,55.8,30.1,94.9,64.7,84.7,92.9,84.2,93.501,89.9,92.8,15.604000000000001,5,5,5,104.434
31.19,8.0,5.983,24.406,37.374,4.871,99.917,102.912,65.2,55.8,30.1,94.9,64.7,84.7,92.9,84.2,93.501,89.9,92.8,15.045,5,5,5,104.43700000000001
31.21,8.0,5.574,24.767,37.294000000000004,4.587,99.96799999999999,102.95299999999999,65.2,55.8,30.1,94.9,64.7,84.7,92.9,84.2,93.5,89.9,92.8,15.066,5,5,5,104.43799999999999
31.23,8.0,5.68,25.154,37.457,4.526,100.14299999999999,103.11399999999999,65.2,55.8,30.1,94.9,64.7,84.7,92.9,84.2,93.5,89.9,92.8,15.735,5,5,5,104.439
31.25,8.0,5.47,24.864,37.28,5.563,100.04299999999999,103.195,65.2,55.8,30.1,94.9,64.7,84.7,92.9,84.2,93.5,89.9,92.8,15.574000000000002,5,5,5,104.44200000000001
31.27,8.0,5.587,25.037,37.352,5.739,100.194,103.215,65.2,55.8,30.1,94.9,64.7,84.7,92.9,84.2,93.5,89.9,92.8,15.133,5,5,5,104.439
31.29,8.0,5.41,24.329,37.412,4.92,100.16799999999999,103.235,65.2,55.8,30.1,94.9,64.7,84.7,92.9,84.2,93.5,89.9,92.8,15.58,5,5,5,104.429
31.34,18.0,5.715,24.178,37.284,4.798,100.194,103.134,65.2,55.8,30.1,94.9,64.7,84.7,92.9,84.2,93.5,89.9,92.8,15.385,5,5,5,104.441
31.39,18.0,5.748,24.753,37.496,5.109,100.01799999999999,103.154,65.2,55.8,30.1,94.9,64.7,84.7,92.9,84.2,93.5,89.9,92.8,15.257,5,5,5,104.43
31.44,18.0,5.663,24.643,37.471,4.992,99.993,103.074,65.2,55.8,30.1,94.9,64.7,84.7,92.9,84.2,93.5,89.9,92.8,15.244000000000002,5,5,5,104.43799999999999
31.49,18.0,5.946,24.906,37.419000000000004,4.57,100.318,103.295,65.2,55.8,30.1,94.9,64.7,84.7,92.9,84.2,93.5,89.9,92.8,15.860999999999999,5,5,5,104.43700000000001
31.54,18.0,5.958,24.569000000000003,37.312,5.217,100.118,103.094,65.2,55.8,30.1,94.9,64.7,84.7,92.9,84.2,93.5,89.9,92.8,16.04,5,5,5,104.44
31.59,18.0,5.743,24.402,37.327,44.0,100.04299999999999,103.235,65.2,55.8,30.1,94.9,64.7,84.7,92.9,84.2,93.5,89.9,92.8,16.009,5,5,5,104.439
31.64,18.0,5.61,23.941,37.059,53.823,99.943,103.03299999999999,65.2,55.8,30.1,94.9,64.7,84.7,92.9,84.2,93.5,89.9,92.8,15.565999999999999,5,5,5,104.441
31.69,18.0,5.694,24.828,37.196,60.427,100.09299999999999,103.17399999999999,65.2,55.8,30.1,94.9,64.7,84.7,92.9,84.2,93.5,89.9,92.8,15.421,5,5,5,104.44
31.74,18.0,5.688,23.959,36.019000000000005,77.008,99.943,103.01299999999999,65.2,55.8,30.1,94.9,64.7,84.7,92.9,84.2,93.5,89.9,92.8,15.655,5,5,5,104.434
31.79,18.0,5.601,24.033,36.037,100.07799999999999,99.993,103.11399999999999,65.2,55.8,30.1,94.9,64.7,84.7,92.9,84.2,93.5,89.78399999999999,92.8,15.927,5,5,5,104.435
31.84,18.0,5.335,24.055,36.061,121.686,99.917,102.95299999999999,65.2,55.8,30.1,94.9,64.7,84.7,92.9,84.2,93.5,89.72,92.8,16.158,5,5,5,104.436
31.89,18.0,5.338,23.909000000000002,35.935,139.80200000000002,99.766,102.95299999999999,65.2,55.8,30.1,94.9,64.7,84.7,92.9,84.2,93.5,89.705,92.8,15.710999999999999,5,5,5,104.432
31.94,18.0,5.406,24.165,35.982,155.171,99.943,102.912,65.2,55.8,30.1,94.9,64.7,84.7,92.9,84.2,93.5,89.70100000000001,92.8,15.557,5,5,5,104.436
31.99,18.0,5.384,23.804000000000002,35.983000000000004,165.565,99.816,102.89200000000001,65.2,55.8,30.1,94.9,64.7,84.7,92.9,84.2,93.5,89.7,92.8,15.107000000000001,5,5,5,104.43299999999999
32.04,18.0,5.377,24.01,35.899,173.612,99.867,102.648,65.2,55.8,30.1,94.9,64.7,84.7,92.9,84.2,93.5,89.7,92.8,15.031,5,5,5,104.43700000000001
32.09,18.0,5.388,23.506,35.893,178.405,99.69,102.993,65.2,55.8,30.1,94.9,64.7,84.7,92.9,84.2,93.5,89.7,92.8,14.244,5,5,5,104.43
32.14,18.0,5.394,23.984,35.980999999999995,175.947,99.74,102.648,65.2,55.8,30.1,94.9,64.7,84.7,92.9,84.2,93.5,89.7,92.8,13.693999999999999,5,5,5,104.439
32.19,18.0,5.497,23.782,35.754000000000005,177.355,99.69,102.669,65.2,55.8,30.1,94.9,64.7,84.7,92.9,84.2,93.5,89.7,92.8,14.074,5,5,5,104.432
32.24,18.0,5.425,23.706,35.758,174.60299999999998,99.639,102.506,65.2,55.8,30.1,94.9,64.7,84.7,92.9,84.2,93.5,89.7,92.8,13.424,5,5,5,104.436
32.29,18.0,5.468,23.054000000000002,35.763000000000005,173.327,99.56299999999999,102.791,65.2,55.8,30.1,94.9,64.7,84.7,92.9,84.2,93.5,89.7,92.8,12.897,5,5,5,104.436
32.34,18.0,5.401,23.437,35.675,175.77900000000002,99.537,102.36200000000001,65.2,55.8,30.1,94.9,64.7,84.7,92.9,84.2,93.5,89.7,92.8,12.925,5,5,5,104.44
32.39,18.0,5.456,23.377,35.548,175.128,99.715,102.73,65.2,55.8,30.1,94.9,64.7,84.7,92.9,84.2,93.5,89.7,92.8,13.107999999999999,5,5,5,104.435
32.44,18.0,5.301,23.598,35.622,172.86599999999999,99.486,102.444,65.2,55.8,30.1,94.9,64.7,84.7,92.9,84.2,93.5,89.7,92.8,12.494,5,5,5,104.441
32.49,10.0,5.463,23.328,35.653999999999996,148.601,99.461,102.485,65.2,55.8,30.1,94.9,64.7,84.7,92.9,84.2,93.5,89.7,92.8,12.747,5,5,5,104.436
32.54,10.0,5.331,23.489,35.766999999999996,106.146,99.486,102.40299999999999,65.2,55.8,30.1,94.9,64.7,84.7,92.9,84.2,93.5,89.7,92.8,13.102,5,5,5,104.43299999999999
32.59,10.0,5.324,23.586,35.686,65.12,99.512,102.42399999999999,65.2,55.8,30.1,94.9,64.7,84.7,92.9,84.2,93.5,89.7,92.8,12.774000000000001,5,5,5,104.436
32.64,10.0,5.36,23.333,35.565,35.581,99.41,102.177,65.2,55.8,30.1,94.9,64.7,84.7,92.9,84.2,93.5,89.7,92.8,12.443,5,5,5,104.43299999999999
32.69,10.0,5.445,23.570999999999998,35.819,49.964,99.28200000000001,102.36200000000001,65.2,55.8,30.1,94.9,64.7,84.7,92.9,84.2,93.5,89.7,92.8,12.942,5,5,5,104.434
32.74,10.0,5.337,23.840999999999998,35.931,55.513000000000005,99.256,102.301,65.2,55.8,30.1,94.9,64.7,84.7,92.9,84.2,93.5,89.7,92.8,12.779,5,5,5,104.439
32.79,10.0,5.509,23.223,35.694,56.023,99.256,102.42399999999999,65.2,55.8,30.1,94.9,64.7,84.7,92.9,84.2,93.5,89.7,92.8,12.204,5,5,5,104.439
32.84,10.0,5.316,23.386,35.706999999999994,57.938,99.41,102.34200000000001,65.2,55.8,30.1,94.9,64.7,84.7,92.9,84.2,93.5,89.7,92.73100000000001,12.629,5,5,5,104.436
32.89,10.0,5.7379999999999995,23.26,35.91,58.598,99.41,102.23899999999999,65.2,55.8,30.1,94.9,64.7,84.7,92.9,84.2,93.5,89.7,92.631,13.047,5,5,5,104.44
32.94,10.0,5.451,24.152,36.31,71.293,99.28200000000001,102.321,65.2,55.8,30.1,94.9,64.7,84.7,92.747,84.2,93.5,89.7,92.607,12.303,5,5,5,104.444
32.99,10.0,5.397,23.794,36.712,77.04899999999999,99.512,102.36200000000001,65.2,55.8,30.1,94.9,64.7,84.7,92.711,84.2,93.5,89.7,92.602,11.818,5,5,5,104.44
33.04,10.0,5.331,23.582,36.254999999999995,75.732,99.359,102.321,65.3,55.8,30.1,94.7,64.8,84.7,92.703,84.2,93.5,89.7,92.6,10.467,5,5,5,104.44
33.09,10.0,5.324,22.864,35.281,62.47,99.205,102.116,65.3,55.8,30.1,94.7,64.8,84.7,92.70100000000001,84.2,93.5,89.7,92.6,9.809999999999999,5,5,5,104.441
33.14,10.0,5.366,20.238,32.211,39.105,98.895,102.219,65.3,55.8,30.1,94.7,64.8,84.7,92.7,84.2,93.5,89.7,92.6,9.286000000000001,5,5,5,104.44
33.19,10.0,5.326,16.573,27.033,23.007,98.869,102.28,65.3,55.8,30.1,94.7,64.8,84.7,92.7,84.2,93.5,89.7,92.6,8.919,5,5,5,104.44200000000001
33.24,10.0,5.286,10.084,18.427999999999997,11.242,98.895,102.28,65.3,55.8,30.1,94.7,64.8,84.7,92.7,84.2,93.5,89.7,92.6,8.653,5,5,5,104.444
33.29,10.0,5.344,5.48,7.52,19.864,99.07600000000001,101.88799999999999,65.3,55.8,30.1,94.7,64.8,84.7,92.7,84.15,93.5,89.7,92.6,8.354,5,5,5,104.428
33.34,10.0,5.546,5.431,5.008,48.931999999999995,99.05,102.054,65.3,55.8,30.1,94.7,64.8,84.7,92.7,84.036,93.5,89.7,92.6,8.169,5,5,5,104.44200000000001
33.39,10.0,5.394,5.47,5.074,60.744,99.07600000000001,101.971,65.3,55.8,30.1,94.7,64.8,84.7,92.7,84.008,93.5,89.7,92.6,7.869,5,5,5,104.43700000000001
33.44,10.0,5.59,5.457,5.01,58.751999999999995,99.28200000000001,102.03299999999999,65.3,55.8,30.1,94.7,64.8,84.7,92.7,84.002,93.5,89.7,92.6,8.293,5,5,5,104.432
33.49,10.0,5.5760000000000005,5.468,5.039,61.673,98.97200000000001,101.76299999999999,65.3,55.8,30.1,94.7,64.8,84.612,92.7,84.0,93.5,89.7,92.6,7.831,5,5,5,104.43
33.54,10.0,5.505,5.474,5.007,62.273,98.84299999999999,101.95,65.3,55.8,30.1,94.7,64.8,84.527,92.7,84.0,93.374,89.7,92.6,7.772,5,5,5,104.436
33.59,10.0,5.568,5.469,5.004,63.042,98.84299999999999,101.867,65.3,55.8,30.1,94.7,64.8,84.506,92.7,84.0,93.318,89.7,92.6,7.727,5,5,5,104.431
33.64,10.0,5.521,5.426,5.036,64.32,98.895,101.68,65.3,55.8,30.1,94.7,64.8,84.501,92.7,84.0,93.304,89.7,92.6,7.661,5,5,5,104.44
33.69,10.0,5.603,5.468,5.04,64.02000000000001,99.179,101.65899999999999,65.3,55.8,30.1,94.7,64.8,84.5,92.7,84.0,93.301,89.7,92.6,7.686,5,5,5,104.431
33.74,10.0,5.41,5.439,5.013,67.687,98.947,101.70100000000001,65.3,55.8,30.1,94.7,64.8,84.5,92.7,84.0,93.3,89.7,92.6,7.628,5,5,5,104.43299999999999
33.79,10.0,5.575,5.475,5.106,108.37700000000001,98.99799999999999,101.492,65.3,55.8,30.1,94.7,64.8,84.5,92.7,84.0,93.3,89.624,92.6,7.712,5,5,5,104.42399999999999
33.84,10.0,5.436,5.427,5.002,122.77600000000001,98.84299999999999,101.805,65.3,55.8,30.1,94.7,64.8,84.5,92.7,84.0,93.3,89.60600000000001,92.6,7.638999999999999,5,5,5,104.434
33.89,10.0,5.383,5.603,5.089,133.638,99.256,101.88799999999999,65.3,55.8,30.1,94.7,64.8,84.5,92.7,84.0,93.3,89.601,92.6,7.9350000000000005,5,5,5,104.436
33.94,10.0,5.515,5.508,5.003,143.128,98.97200000000001,101.63799999999999,65.3,55.8,30.1,94.7,64.8,84.5,92.7,84.0,93.3,89.6,92.6,7.625,5,5,5,104.441
33.99,10.0,5.723,5.5120000000000005,5.015,151.148,98.84299999999999,101.57600000000001,65.3,55.8,30.1,94.7,64.8,84.5,92.7,84.0,93.3,89.6,92.6,7.806,5,5,5,104.434
34.04,10.0,5.522,5.449,5.0,156.237,99.024,101.492,65.3,55.8,30.1,94.7,64.8,84.5,92.7,84.0,93.3,89.6,92.6,7.3309999999999995,5,5,5,104.439
34.09,10.0,5.465,5.529,5.072,159.107,98.921,101.72200000000001,65.3,55.8,30.1,94.7,64.8,84.5,92.7,84.0,93.3,89.6,92.6,7.978,5,5,5,104.434
34.14,10.0,5.733,5.4879999999999995,5.019,160.66,98.869,101.324,65.3,55.8,30.1,94.7,64.8,84.5,92.584,84.0,93.3,89.6,92.6,7.772,5,5,5,104.434
34.19,10.0,5.398,5.524,5.235,149.764,98.947,101.28200000000001,65.3,55.8,30.1,94.7,64.8,84.5,92.52,84.0,93.3,89.6,92.6,7.640000000000001,5,5,5,104.43799999999999
34.24,10.0,5.343,5.432,5.119,102.67399999999999,98.765,101.303,65.3,55.8,30.1,94.7,64.8,84.5,92.505,84.0,93.3,89.6,92.6,7.646000000000001,5,5,5,104.456
34.29,10.0,5.456,5.47,5.148,68.31700000000001,98.713,101.387,65.3,55.8,30.1,94.7,64.8,84.5,92.501,84.0,93.3,89.6,92.6,7.725,5,5,5,104.45200000000001
34.34,10.0,5.587,5.427,5.031,45.567,98.477,101.155,65.3,55.8,30.1,94.7,64.8,84.5,92.5,84.0,93.3,89.6,92.6,7.659,5,5,5,104.45700000000001
34.39,10.0,5.624,5.475,5.066,27.139,98.24,100.92200000000001,65.3,55.8,30.1,94.7,64.8,84.5,92.5,84.0,93.3,89.6,92.6,7.657,5,5,5,104.463
34.44,11.0,5.412,5.428,5.0,12.867,98.556,101.324,65.3,55.8,30.1,94.7,64.8,84.5,92.5,84.0,93.3,89.6,92.6,8.362,5,5,5,104.45299999999999
34.49,11.0,5.55,5.469,5.052,7.743,98.556,101.177,65.3,55.8,30.1,94.7,64.8,84.5,92.5,84.0,93.3,89.6,92.6,8.244,5,5,5,104.45299999999999
34.54,11.0,5.438,5.429,5.145,5.699,98.399,100.92200000000001,65.3,55.8,30.1,94.7,64.8,84.5,92.5,84.0,93.3,89.6,92.6,8.251999999999999,5,5,5,104.45200000000001
34.59,11.0,5.5329999999999995,5.527,5.209,4.967,98.32,100.837,65.3,55.8,30.1,94.7,64.8,84.5,92.5,84.0,93.3,89.6,92.6,8.118,5,5,5,104.456
34.64,11.0,5.327,5.427,5.149,4.845,98.135,100.709,65.3,55.8,30.1,94.7,64.8,84.5,92.5,84.0,93.3,89.6,92.6,8.5,5,5,5,104.45200000000001
34.69,11.0,5.442,5.468,5.023,4.645,98.32,100.859,65.3,55.8,30.1,94.7,64.8,84.5,92.5,84.0,93.3,89.6,92.6,8.038,5,5,5,104.458
34.74,11.0,5.429,5.464,5.095,4.969,98.135,100.624,65.3,55.8,30.1,94.7,64.8,84.5,92.5,84.0,93.3,89.6,92.6,8.345,5,5,5,104.461
34.79,11.0,5.419,5.469,5.162,4.667,98.45100000000001,100.773,65.3,55.8,30.1,94.7,64.8,84.5,92.5,84.0,93.3,89.6,92.6,8.165,5,5,5,104.45700000000001
34.84,11.0,5.543,5.425,5.125,5.102,98.346,100.68799999999999,65.3,55.8,30.1,94.7,64.8,84.5,92.5,84.0,93.3,89.6,92.6,8.062,5,5,5,104.46
34.89,11.0,5.403,5.5120000000000005,5.291,5.104,98.425,100.773,65.3,55.8,30.1,94.7,64.8,84.5,92.5,84.0,93.3,89.6,92.6,8.186,5,5,5,104.454
34.94,11.0,5.793,5.428,5.018,5.258,98.346,100.645,65.3,55.8,30.1,94.7,64.8,84.5,92.5,84.0,93.3,89.6,92.6,8.488,5,5,5,104.459
34.99,11.0,5.362,5.466,5.28,5.158,98.556,101.071,65.3,55.8,30.1,94.7,64.8,84.5,92.5,84.0,93.3,89.6,92.6,8.003,5,5,5,104.456
35.04,11.0,5.591,5.429,5.175,32.462,98.50399999999999,101.05,65.3,55.8,30.1,94.5,65.1,84.5,92.5,84.0,93.3,89.6,92.6,8.459,5,5,5,104.465
35.09,11.0,6.013,5.585,5.085,43.364000000000004,98.73899999999999,100.944,65.3,55.8,30.1,94.5,65.1,84.5,92.5,84.0,93.3,89.6,92.6,8.154,5,5,5,104.46
35.14,11.0,5.8759999999999994,5.498,5.063,52.846000000000004,98.37200000000001,100.816,65.3,55.8,30.1,94.5,65.1,84.5,92.5,84.0,93.3,89.6,92.6,8.464,5,5,5,104.456
35.19,11.0,6.801,5.501,5.205,67.418,98.425,100.68799999999999,65.3,55.8,30.1,94.5,65.1,84.5,92.5,84.0,93.3,89.6,92.6,8.457,5,5,5,104.458
35.24,11.0,5.682,5.556,5.062,75.883,98.661,100.73100000000001,65.3,55.8,30.1,94.5,65.1,84.5,92.5,84.0,93.3,89.6,92.6,8.193,5,5,5,104.45700000000001
35.29,11.0,5.701,5.465,5.074,52.013000000000005,98.29299999999999,100.667,65.3,55.8,30.1,94.5,65.1,84.5,92.5,84.0,93.3,89.6,92.6,8.729,5,5,5,104.45100000000001
35.34,11.0,5.519,5.461,5.131,43.107,97.92200000000001,100.75200000000001,65.3,55.8,30.1,94.5,65.1,84.5,92.5,84.0,93.3,89.6,92.513,8.637,5,5,5,104.462
35.39,11.0,5.452,5.466,5.161,42.985,97.6,100.40899999999999,65.3,55.8,30.1,94.5,65.1,84.5,92.5,84.0,93.3,89.6,92.42699999999999,8.68,5,5,5,104.454
35.44,11.0,5.795,5.427,5.017,45.264,97.085,100.12799999999999,65.3,55.8,30.1,94.5,65.1,84.5,92.5,84.0,93.3,89.6,92.406,9.007,5,5,5,104.456
35.49,12.0,5.741,5.612,5.088,83.541,97.14,100.51700000000001,65.3,55.8,30.1,94.5,65.1,84.5,92.5,84.0,93.3,89.6,92.402,8.44,5,5,5,104.45200000000001
35.54,12.0,5.578,5.441,5.102,51.623000000000005,96.921,100.12799999999999,65.3,55.8,30.1,94.5,65.1,84.5,92.5,84.0,93.3,89.6,92.4,8.695,5,5,5,104.459
35.59,12.0,5.393,5.6,5.274,28.662,97.221,100.236,65.3,55.8,30.1,94.5,65.1,84.5,92.5,84.0,93.3,89.6,92.4,8.692,5,5,5,104.45100000000001
35.64,12.0,5.489,5.548,5.181,14.382,97.33,100.193,65.3,55.8,30.1,94.5,65.1,84.5,92.5,84.0,93.3,89.6,92.4,8.309,5,5,5,104.461
35.69,12.0,5.569,5.469,5.046,9.51,97.14,100.236,65.3,55.8,30.1,94.5,65.1,84.5,92.5,84.0,93.3,89.6,92.4,8.879999999999999,5,5,5,104.45700000000001
35.74,12.0,5.76,5.629,5.0,5.922,97.11200000000001,99.932,65.3,55.8,30.1,94.5,65.1,84.5,92.5,84.0,93.3,89.6,92.4,8.743,5,5,5,104.458
35.79,12.0,5.534,5.573,5.128,5.855,96.72800000000001,100.10600000000001,65.3,55.8,30.1,94.5,65.1,84.5,92.5,84.0,93.3,89.6,92.4,8.661999999999999,5,5,5,104.458
35.84,12.0,5.529,5.447,5.099,5.083,97.085,100.301,65.3,55.8,30.1,94.5,65.1,84.5,92.5,83.863,93.3,89.6,92.4,8.971,5,5,5,104.459
35.89,12.0,5.796,5.465,5.041,4.63,97.303,100.085,65.3,55.8,30.1,94.5,65.1,84.5,92.5,83.815,93.14699999999999,89.6,92.4,8.516,5,5,5,104.449
35.94,12.0,5.577,5.458,5.082,5.327,97.33,100.559,65.3,55.8,30.1,94.5,65.1,84.5,92.5,83.804,93.111,89.6,92.4,9.397,5,5,5,104.455
35.99,12.0,5.502,5.552,5.099,5.082,97.493,100.68799999999999,65.3,55.8,30.1,94.5,65.1,84.5,92.5,83.801,93.10300000000001,89.6,92.4,9.864,5,5,5,104.45700000000001
36.04,12.0,5.491,5.432,5.032,4.951,96.976,100.301,65.3,55.8,30.1,94.5,65.1,84.5,92.5,83.8,93.101,89.6,92.4,9.937000000000001,5,5,5,104.459
36.09,12.0,5.583,5.465,5.045,5.321,96.395,99.976,65.3,55.8,30.1,94.5,65.1,84.5,92.5,83.8,93.1,89.6,92.4,10.677,5,5,5,104.449
36.14,12.0,5.563,5.495,5.022,5.027,96.423,99.339,65.3,55.8,30.1,94.5,65.1,84.5,92.5,83.8,93.1,89.6,92.4,11.519,5,5,5,104.45299999999999
36.19,12.0,5.601,5.464,5.012,4.979,95.77600000000001,95.88600000000001,65.3,55.8,30.1,94.5,65.1,84.5,92.5,83.8,93.1,89.6,92.4,11.541,5,5,5,104.45100000000001
36.24,12.0,5.519,5.427,5.211,4.753,93.543,93.627,65.3,55.8,30.1,94.5,65.1,84.5,92.5,83.8,93.1,89.6,92.4,11.462,5,5,5,104.45200000000001
36.29,12.0,5.564,5.462,5.072,5.138,93.482,93.051,65.3,55.8,30.1,94.5,65.1,84.5,92.5,83.8,93.1,89.6,92.4,11.439,5,5,5,104.454
36.34,12.0,5.796,5.427,5.05,5.113,93.36,92.998,65.3,55.8,30.1,94.5,65.1,84.5,92.5,83.8,93.1,89.6,92.4,11.762,5,5,5,104.455
36.39,12.0,5.555,5.503,5.034,5.07,93.145,92.919,65.3,55.8,30.1,94.5,65.1,84.5,92.5,83.8,93.1,89.6,92.4,12.221,5,5,5,104.45100000000001
36.44,12.0,5.76,5.439,5.05,5.138,93.11399999999999,92.572,65.3,55.8,30.1,94.5,65.1,84.5,92.5,83.8,93.1,89.6,92.4,12.021,5,5,5,104.46700000000001
36.49,12.0,5.6579999999999995,5.483,5.076,5.182,93.053,92.492,65.3,55.8,30.1,94.5,65.1,84.5,92.5,83.8,93.1,89.6,92.4,11.612,5,5,5,104.461
36.54,12.0,5.449,5.428,5.11,4.784,93.02199999999999,92.546,65.3,55.8,30.1,94.5,65.1,84.5,92.5,83.8,93.1,89.6,92.4,11.937999999999999,5,5,5,104.465
36.59,12.0,5.719,5.5280000000000005,5.038,5.062,93.053,92.384,65.3,55.8,30.1,94.5,65.1,84.413,92.5,83.8,93.1,89.6,92.4,12.454,5,5,5,104.461
36.64,12.0,5.891,5.446,5.057,4.977,92.617,92.25,65.3,55.8,30.1,94.5,65.1,84.327,92.45,83.8,93.1,89.6,92.4,12.252,5,5,5,104.465
36.69,12.0,5.6690000000000005,5.462,5.162,4.957,93.02199999999999,92.168,65.3,55.8,30.1,94.5,65.1,84.306,92.336,83.8,93.1,89.6,92.4,12.123,5,5,5,104.464
36.74,12.0,5.535,5.468,5.055,4.944,92.805,92.304,65.3,55.8,30.1,94.5,65.1,84.301,92.308,83.8,93.1,89.6,92.4,11.884,5,5,5,104.461
36.79,12.0,5.652,5.466,5.094,4.956,92.867,92.168,65.3,55.8,30.1,94.5,65.1,84.3,92.30199999999999,83.8,93.1,89.6,92.4,12.078,5,5,5,104.46
36.84,12.0,5.584,5.432,5.017,4.955,93.11399999999999,92.572,65.3,55.8,30.1,94.5,65.1,84.3,92.3,83.8,93.1,89.6,92.4,12.461,5,5,5,104.463
36.89,12.0,5.471,5.461,5.054,5.031,92.991,91.97800000000001,65.3,55.8,30.1,94.5,65.1,84.3,92.3,83.8,93.1,89.6,92.4,12.213999999999999,5,5,5,104.46
36.94,12.0,5.519,5.434,5.027,4.866,92.867,92.384,65.3,55.8,30.1,94.5,65.1,84.3,92.3,83.8,93.1,89.484,92.4,12.656,5,5,5,104.462
36.99,12.0,5.554,5.515,5.0,4.966,93.02199999999999,92.304,65.3,55.8,30.1,94.5,65.1,84.3,92.3,83.8,93.1,89.42,92.4,13.949,5,5,5,104.464
37.04,12.0,5.392,5.478,5.11,5.39,92.898,92.465,65.3,55.8,30.0,94.4,65.4,84.3,92.3,83.8,93.1,89.405,92.4,15.231,5,5,5,104.465
37.09,12.0,5.735,5.47,5.257,20.2,93.29899999999999,92.733,65.3,55.8,30.0,94.4,65.4,84.3,92.3,83.8,93.1,89.40100000000001,92.4,15.991,5,5,5,104.46
37.14,12.0,5.601,5.454,5.188,26.976999999999997,93.145,92.919,65.3,55.8,30.0,94.4,65.4,84.3,92.3,83.8,93.1,89.4,92.4,16.239,5,5,5,104.456
37.19,12.0,5.846,5.536,5.204,33.628,93.176,92.626,65.3,55.8,30.0,94.4,65.4,84.3,92.3,83.8,93.1,89.4,92.4,16.415,5,5,5,104.459
37.24,12.0,5.784,5.428,5.069,54.611999999999995,93.053,92.546,65.3,55.8,30.0,94.4,65.4,84.3,92.3,83.8,93.1,89.4,92.4,16.402,5,5,5,104.463
37.29,12.0,5.48,5.478,5.233,75.634,92.898,92.168,65.3,55.8,30.0,94.4,65.4,84.3,92.3,83.8,93.1,89.4,92.4,16.469,5,5,5,104.459
37.34,12.0,5.55,5.545,5.293,95.57,93.02199999999999,92.331,65.3,55.8,30.0,94.4,65.4,84.3,92.3,83.8,93.1,89.4,92.4,16.512,5,5,5,104.464
