SampleTime,Phase,Sensor1,Sensor2,Sensor3,IJ,Sensor5,Sensor6,MouldTemp1,MouldTemp2,MouldTemp3,MouldTemp4,MouldTemp5,MouldTemp9,MouldTemp10,MouldTemp11,MouldTemp12,MouldTemp13,MouldTemp14,Sensor8,MouldFlow1,MouldFlow2,MouldFlow3,SP
0.0,1.0,5.297,7.691000000000001,5.0,100.572,92.192,91.881,64.7,54.9,30.0,100.9,67.7,88.8,95.5,88.3,94.1,90.9,94.0,14.331,5,5,5,104.719
0.05,1.0,5.322,7.7219999999999995,5.0,68.155,92.407,92.42699999999999,64.7,54.9,30.0,100.9,67.7,88.8,95.5,88.3,94.1,90.9,94.0,14.405,5,5,5,104.723
0.1,1.0,5.3,7.836,5.0,42.816,91.503,91.20100000000001,64.7,54.9,30.0,100.9,67.7,88.8,95.5,88.3,94.1,90.9,94.0,15.709000000000001,5,5,5,104.73100000000001
0.15,1.0,5.323,7.434,5.0,32.088,91.57600000000001,91.044,64.7,54.9,30.0,100.9,67.7,88.8,95.5,88.3,94.1,90.9,94.0,17.784,5,5,5,104.723
0.2,1.0,5.301,7.37,5.0,16.735,92.37100000000001,91.789,64.7,54.9,30.0,100.9,67.7,88.8,95.5,88.3,94.1,90.9,94.0,16.753,5,5,5,104.721
0.25,1.0,5.322,7.49,5.0,32.81699999999999,92.048,91.543,64.7,54.9,30.0,100.9,67.7,88.8,95.5,88.3,94.1,90.9,94.0,16.929000000000002,5,5,5,104.72200000000001
0.3,1.0,5.299,7.773999999999999,5.0,36.061,91.94,91.574,64.7,54.9,30.0,100.9,67.7,88.8,95.5,88.3,94.1,90.9,94.0,18.217,5,5,5,104.726
0.35,1.0,5.323,7.395,5.0,32.951,92.442,91.72800000000001,64.7,54.9,30.0,100.9,67.7,88.8,95.5,88.3,94.1,90.9,94.0,18.607999999999997,5,5,5,104.72
0.4,1.0,5.298,7.327,5.0,37.025999999999996,92.156,92.125,64.7,54.9,30.0,100.9,67.7,88.8,95.5,88.3,94.1,90.9,94.0,17.622,5,5,5,104.72399999999999
0.45,1.0,5.321,7.396,5.0,62.797,92.442,92.277,64.7,54.9,30.0,100.9,67.7,88.8,95.5,88.3,94.1,90.9,94.0,18.194000000000003,5,5,5,104.71600000000001
0.5,1.0,5.298,7.276999999999999,5.117,67.434,92.619,92.757,64.7,54.9,30.0,100.9,67.7,88.8,95.5,88.3,94.1,90.9,94.0,18.834000000000003,5,5,5,104.71600000000001
0.55,1.0,5.324,7.66,5.228,60.043,92.725,92.697,64.7,54.9,30.0,100.6,67.9,88.8,95.5,88.3,94.1,90.9,94.0,18.023,5,5,5,104.70700000000001
0.6,1.0,5.295,7.631,5.11,56.717,93.07600000000001,92.876,64.7,54.9,30.0,100.6,67.9,88.8,95.5,88.3,94.1,90.9,94.0,18.011,5,5,5,104.71700000000001
0.65,1.0,5.322,6.829,5.225,49.678999999999995,93.041,92.964,64.7,54.9,30.0,100.6,67.9,88.8,95.347,88.3,94.1,90.9,94.0,18.898,5,5,5,104.714
0.7,1.0,5.296,7.1690000000000005,5.0,28.229,93.456,93.259,64.7,54.9,30.0,100.6,67.9,88.8,95.311,88.21300000000001,94.1,90.9,94.0,18.977,5,5,5,104.721
0.75,1.0,5.319,7.492,5.0,13.877,93.559,93.376,64.7,54.9,30.0,100.6,67.9,88.8,95.303,88.127,94.1,90.9,94.0,17.883,5,5,5,104.706
0.8,1.0,5.297,7.055,5.0,19.250999999999998,93.456,93.405,64.7,54.9,30.0,100.6,67.9,88.8,95.301,88.10600000000001,94.1,90.9,94.0,18.301,5,5,5,104.71
0.85,1.0,5.324,7.226,5.0,22.504,93.867,93.75399999999999,64.7,54.9,30.0,100.6,67.9,88.8,95.3,88.102,94.1,90.9,94.0,18.764000000000003,5,5,5,104.712
0.9,1.0,5.296,7.574,5.001,33.760000000000005,93.73,93.984,64.7,54.9,30.0,100.6,67.9,88.8,95.3,88.1,94.1,90.9,94.0,18.009,5,5,5,104.714
0.95,1.0,5.322,7.4510000000000005,5.0,25.861,93.9,94.041,64.7,54.9,30.0,100.6,67.9,88.8,95.3,88.1,94.1,90.9,94.0,17.903,5,5,5,104.71
1.0,1.0,5.3,7.519,5.0,23.02,94.002,94.012,64.7,54.9,30.0,100.6,67.9,88.684,95.3,88.1,94.1,90.9,94.0,18.269,5,5,5,104.709
1.05,1.0,5.319,7.794,5.0,27.195,94.036,94.184,64.7,54.9,30.0,100.6,67.9,88.62,95.3,88.1,94.1,90.9,94.0,19.244,5,5,5,104.708
1.1,1.0,5.301,7.3919999999999995,5.0,26.910999999999998,94.07,94.012,64.7,54.9,30.0,100.6,67.9,88.605,95.3,88.1,94.1,90.9,94.0,18.726,5,5,5,104.712
1.15,1.0,5.318,7.736000000000001,5.0,26.346,94.002,94.098,64.7,54.9,30.0,100.6,67.9,88.601,95.3,88.1,94.1,90.9,94.0,19.646,5,5,5,104.712
1.2,1.0,5.297,7.535,5.0,26.868000000000002,94.10300000000001,94.32600000000001,64.7,54.9,30.0,100.6,67.9,88.6,95.3,88.1,94.1,90.9,94.0,18.9,5,5,5,104.709
1.25,1.0,5.317,7.852,5.0,26.935,93.867,94.55199999999999,64.7,54.9,30.0,100.6,67.9,88.6,95.3,88.1,94.1,90.9,94.0,19.729,5,5,5,104.709
1.3,1.0,5.296,7.574,5.0,27.116999999999997,94.438,94.777,64.7,54.9,30.0,100.6,67.9,88.6,95.3,88.1,94.1,90.9,94.0,19.142000000000003,5,5,5,104.706
1.35,1.0,5.322,7.773,5.0,26.65,94.538,94.298,64.7,54.9,30.0,100.6,67.9,88.6,95.3,88.1,94.1,90.9,94.0,19.935000000000002,5,5,5,104.70700000000001
1.4,1.0,5.296,7.693,5.0,26.656,94.737,94.468,64.7,54.9,30.0,100.6,67.9,88.6,95.3,88.1,94.1,90.9,94.0,19.272,5,5,5,104.708
1.45,1.0,5.32,7.888,5.0,26.834,94.405,94.608,64.7,54.9,30.0,100.6,67.9,88.6,95.3,88.1,94.1,90.9,94.0,19.947000000000003,5,5,5,104.708
1.5,1.0,5.296,7.611000000000001,5.032,26.598000000000003,94.33800000000001,94.693,64.7,54.9,30.0,100.6,67.9,88.6,95.3,88.1,94.1,90.9,94.0,19.365000000000002,5,5,5,104.709
1.55,1.0,5.321,7.479,5.21,26.665,94.638,94.665,64.7,54.9,30.0,100.6,67.9,88.6,95.3,88.1,94.1,90.9,94.0,20.088,5,5,5,104.715
1.6,1.0,5.296,7.309,5.113,26.156,94.238,94.58,64.7,54.9,30.0,100.6,67.9,88.6,95.3,88.1,94.1,90.9,94.0,19.401,5,5,5,104.706
1.65,1.0,5.32,7.676,5.212,26.37,94.605,95.056,64.7,54.9,30.0,100.6,67.9,88.6,95.3,88.1,94.1,90.9,94.0,20.424,5,5,5,104.71600000000001
1.7,1.0,5.301,7.498,5.111,25.924,95.098,94.805,64.7,54.9,30.0,100.6,67.9,88.6,95.3,88.1,94.1,90.9,94.0,19.415999999999997,5,5,5,104.714
1.75,1.0,5.317,7.261,5.207,25.891,94.638,95.249,64.7,54.9,30.0,100.6,67.9,88.6,95.3,88.1,93.96300000000001,90.71600000000001,93.975,20.453,5,5,5,104.711
1.8,1.0,5.298,7.929,5.112,25.486,94.902,95.166,64.7,54.9,30.0,100.6,67.9,88.6,95.3,88.1,93.915,90.628,93.842,19.478,5,5,5,104.70700000000001
1.85,1.0,5.318,7.014,5.208,25.91,94.77,95.497,64.7,54.9,30.0,100.6,67.9,88.6,95.3,88.1,93.904,90.607,93.81,20.102,5,5,5,104.712
1.9,1.0,5.301,7.529,5.113,25.093,94.869,95.77,64.7,54.9,30.0,100.6,67.9,88.6,95.3,88.1,93.90100000000001,90.602,93.80199999999999,19.454,5,5,5,104.713
1.95,1.0,5.318,7.082,5.206,24.912,95.098,95.36,64.7,54.9,30.0,100.6,67.9,88.6,95.3,88.1,93.9,90.6,93.801,19.508,5,5,5,104.70299999999999
2.0,1.0,5.302,7.74,5.109,24.22,94.967,95.688,64.7,54.9,30.0,100.6,67.9,88.6,95.3,88.1,93.9,90.6,93.8,20.180999999999997,5,5,5,104.705
2.05,1.0,5.318,7.371,5.206,25.108,95.163,95.797,64.7,54.9,30.0,100.6,67.9,88.6,95.3,88.1,93.9,90.6,93.8,19.201,5,5,5,104.708
2.1,1.0,5.3,7.525,5.105,23.891,95.22800000000001,95.905,64.7,54.9,30.0,100.6,67.9,88.6,95.3,88.1,93.9,90.6,93.8,20.228,5,5,5,104.712
2.15,1.0,5.318,7.269,5.207,24.49,95.0,95.932,64.7,54.9,30.0,100.6,67.9,88.6,95.3,88.1,93.9,90.6,93.8,19.15,5,5,5,104.708
2.2,1.0,5.298,7.339,5.114,23.654,95.0,95.742,64.7,54.9,30.0,100.6,67.9,88.6,95.3,88.1,93.9,90.6,93.8,20.317,5,5,5,104.709
2.25,1.0,5.322,7.561999999999999,5.201,25.509,95.065,95.797,64.7,54.9,30.0,100.6,67.9,88.6,95.17399999999999,88.1,93.9,90.6,93.8,19.232,5,5,5,104.714
2.3,1.0,5.296,7.614,5.114,24.496,95.131,96.04,64.7,54.9,30.0,100.6,67.9,88.6,95.118,88.1,93.9,90.6,93.8,20.262,5,5,5,104.714
2.35,1.0,5.319,7.666,5.201,23.742,95.293,95.36,64.7,54.9,30.0,100.6,67.9,88.6,95.104,88.1,93.9,90.6,93.8,19.323,5,5,5,104.71600000000001
2.4,1.0,5.3,6.914,5.115,23.358,95.0,95.222,64.7,54.9,30.0,100.6,67.9,88.6,95.101,88.1,93.9,90.6,93.8,20.462,5,5,5,104.711
2.45,1.0,5.322,7.214,5.202,43.944,94.902,95.469,64.7,54.9,30.0,100.6,67.9,88.6,95.1,88.1,93.9,90.6,93.8,19.322000000000003,5,5,5,104.708
2.5,1.0,5.298,7.021,5.116,70.898,95.098,95.633,64.7,54.9,30.0,100.6,67.9,88.6,95.1,87.998,93.9,90.6,93.8,20.563,5,5,5,104.70700000000001
2.55,1.0,5.319,7.154,5.198,106.28200000000001,95.098,95.387,64.8,54.9,30.0,100.3,67.9,88.6,95.1,87.923,93.9,90.6,93.8,19.345999999999997,5,5,5,104.70700000000001
2.6,1.0,5.298,7.272,5.116,138.002,95.131,95.387,64.8,54.9,30.0,100.3,67.9,88.6,95.1,87.906,93.9,90.6,93.8,20.389000000000003,5,5,5,104.708
2.65,1.0,5.319,7.325,5.199,163.238,95.033,95.442,64.8,54.9,30.0,100.3,67.9,88.6,95.1,87.90100000000001,93.9,90.6,93.8,19.216,5,5,5,104.696
2.7,1.0,5.301,7.391,5.115,176.993,95.455,95.083,64.8,54.9,30.0,100.3,67.9,88.6,95.1,87.9,93.9,90.6,93.8,20.6,5,5,5,104.712
2.75,1.0,5.316,7.048,5.198,180.065,94.934,95.028,64.8,54.9,30.0,100.3,67.9,88.6,95.1,87.9,93.9,90.6,93.8,19.337,5,5,5,104.705
2.8,1.0,5.298,7.3740000000000006,5.118,175.00799999999998,94.836,95.469,64.8,54.9,30.0,100.3,67.9,88.6,95.1,87.9,93.9,90.6,93.8,20.539,5,5,5,104.70700000000001
2.85,1.0,5.319,7.497,5.196,155.406,95.0,95.304,64.8,54.9,30.0,100.3,67.9,88.6,95.1,87.9,93.9,90.6,93.8,19.299,5,5,5,104.7
2.9,1.0,5.299,6.992,5.118,127.154,95.0,95.249,64.8,54.9,30.0,100.3,67.9,88.6,95.1,87.9,93.9,90.6,93.8,20.218,5,5,5,104.704
2.95,1.0,5.317,7.5120000000000005,5.194,94.82799999999999,94.934,95.414,64.8,54.9,30.0,100.3,67.9,88.6,95.1,87.9,93.9,90.6,93.8,19.89,5,5,5,104.706
3.0,1.0,5.301,7.303,5.119,70.271,94.967,95.36,64.8,54.9,30.0,100.3,67.9,88.6,95.1,87.9,93.9,90.6,93.8,19.587,5,5,5,104.70200000000001
3.05,1.0,5.317,7.821,5.193,54.347,94.967,95.194,64.8,54.9,30.0,100.3,67.9,88.6,95.1,87.9,93.9,90.6,93.8,19.976,5,5,5,104.706
3.1,14.0,5.301,7.5600000000000005,5.119,100.939,95.0,95.36,64.8,54.9,30.0,100.3,67.9,88.6,95.1,87.9,93.9,90.6,93.8,19.511,5,5,5,104.704
3.15,14.0,5.319,7.919,5.192,109.56299999999999,94.737,95.442,64.8,54.9,30.0,100.3,67.9,88.6,95.1,87.9,93.9,90.6,93.8,19.811,5,5,5,104.712
3.2,14.0,5.3,7.555,5.118,80.173,94.77,95.166,64.8,54.9,30.0,100.3,67.9,88.6,95.1,87.9,93.9,90.6,93.8,19.413,5,5,5,104.704
3.25,14.0,5.32,7.734999999999999,5.188,59.136,94.204,94.861,64.8,54.9,30.0,100.3,67.9,88.6,95.1,87.9,93.9,90.6,93.8,19.750999999999998,5,5,5,104.711
3.3,14.0,5.299,7.463,5.117,46.075,94.137,94.58,64.8,54.9,30.0,100.3,67.9,88.6,95.1,87.9,93.9,90.6,93.8,19.235,5,5,5,104.704
3.35,14.0,5.318,7.661,5.186,51.918,94.538,94.861,64.8,54.9,30.0,100.3,67.9,88.6,95.1,87.9,93.9,90.6,93.8,19.860999999999997,5,5,5,104.719
3.4,14.0,5.301,8.111,5.118,56.167,94.704,94.665,64.8,54.9,30.0,100.3,67.9,88.6,95.1,87.9,93.9,90.6,93.8,19.494,5,5,5,104.71
3.45,14.0,5.318,7.463,5.184,60.448,94.605,95.194,64.8,54.9,30.0,100.3,67.9,88.6,95.1,87.9,93.9,90.6,93.8,19.945,5,5,5,104.706
3.5,14.0,5.299,7.939,5.119,85.446,94.77,95.36,64.8,54.9,30.0,100.3,67.9,88.55,95.1,87.9,93.9,90.6,93.8,19.389000000000003,5,5,5,104.706
3.55,14.0,5.316,7.541,5.184,110.376,94.571,95.36,64.8,54.9,30.0,100.3,67.9,88.436,95.1,87.9,93.9,90.6,93.8,19.732999999999997,5,5,5,104.699
3.6,14.0,5.303,7.276,5.119,131.725,94.737,95.277,64.8,54.9,30.0,100.3,67.9,88.408,95.1,87.9,93.9,90.6,93.8,19.676,5,5,5,104.698
3.65,14.0,5.315,7.59,5.184,148.697,94.704,94.916,64.8,54.9,30.0,100.3,67.9,88.402,95.1,87.9,93.9,90.6,93.8,19.903,5,5,5,104.708
3.7,14.0,5.301,7.327,5.12,161.629,94.671,95.056,64.8,54.9,30.0,100.3,67.9,88.4,95.1,87.9,93.9,90.6,93.8,19.484,5,5,5,104.7
3.75,14.0,5.317,7.275,5.184,171.33900000000003,94.571,95.139,64.8,54.9,30.0,100.3,67.9,88.4,95.1,87.9,93.798,90.6,93.8,19.793,5,5,5,104.706
3.8,14.0,5.302,7.087,5.121,178.699,94.372,94.861,64.8,54.9,30.0,100.3,67.9,88.4,95.1,87.9,93.723,90.6,93.8,19.839,5,5,5,104.706
3.85,14.0,5.318,7.52,5.182,177.476,94.671,94.972,64.8,54.9,30.0,100.3,67.9,88.4,95.1,87.9,93.706,90.6,93.8,20.127000000000002,5,5,5,104.706
3.9,14.0,5.3,6.931,5.121,176.122,94.803,95.222,64.8,54.9,30.0,100.3,67.9,88.4,95.1,87.9,93.70100000000001,90.6,93.8,19.444000000000003,5,5,5,104.705
3.95,14.0,5.315,7.1240000000000006,5.181,177.27,94.571,95.083,64.8,54.9,30.0,100.3,67.9,88.4,95.1,87.9,93.7,90.6,93.8,20.509,5,5,5,104.70700000000001
4.0,14.0,5.299,7.226,5.121,173.717,94.372,94.637,64.8,54.9,30.0,100.3,67.9,88.4,95.1,87.9,93.7,90.6,93.8,19.418,5,5,5,104.70100000000001
4.05,14.0,5.316,7.289,5.18,173.28900000000002,94.438,94.916,64.8,54.9,30.0,100.3,67.9,88.4,95.1,87.9,93.7,90.6,93.8,20.383,5,5,5,104.7
4.1,14.0,5.302,7.579,5.123,175.46400000000003,94.405,95.277,64.8,54.9,30.0,100.3,67.9,88.4,95.1,87.9,93.7,90.6,93.8,19.448,5,5,5,104.70299999999999
4.15,14.0,5.317,7.279,5.179,174.51,94.372,94.889,64.8,54.9,30.0,100.3,67.9,88.4,94.947,87.9,93.7,90.6,93.69800000000001,20.447000000000003,5,5,5,104.70200000000001
4.17,3.0,5.328,7.478,5.37,174.92,94.171,94.889,64.8,54.9,30.0,100.3,67.9,88.4,94.92699999999999,87.9,93.7,90.6,93.655,20.171,5,5,5,104.699
4.19,3.0,5.326,7.276999999999999,5.364,170.442,94.277,93.899,64.8,54.9,30.0,100.3,67.9,88.4,94.915,87.9,93.7,90.6,93.631,20.217,5,5,5,104.70200000000001
4.21,3.0,5.328,7.406000000000001,5.368,153.213,95.13,94.833,64.8,54.9,30.0,100.3,67.9,88.4,94.908,87.9,93.7,90.6,93.618,20.044,5,5,5,104.7
4.23,3.0,5.327,7.515000000000001,5.369,135.124,95.097,94.889,64.8,54.9,30.0,100.3,67.9,88.4,94.905,87.9,93.7,90.6,93.61,20.149,5,5,5,104.705
4.25,3.0,5.326,7.484,5.367,118.37200000000001,95.227,94.581,64.8,54.9,30.0,100.3,67.9,88.4,94.903,87.9,93.7,90.6,93.60600000000001,20.191,5,5,5,104.7
4.27,3.0,5.328,7.431,5.365,100.932,95.065,94.833,64.8,54.9,30.0,100.3,67.9,88.4,94.902,87.9,93.7,90.6,93.60300000000001,20.183,5,5,5,104.704
4.29,3.0,5.336,7.695,5.3629999999999995,86.195,95.452,94.553,64.8,54.9,30.0,100.3,67.9,88.4,94.90100000000001,87.9,93.7,90.513,93.602,20.23,5,5,5,104.70299999999999
4.31,3.0,6.623,6.071,5.365,89.265,95.194,94.581,64.8,54.9,30.0,100.3,67.9,88.4,94.9,87.9,93.7,90.46300000000001,93.601,20.195999999999998,5,5,5,104.697
4.33,3.0,6.784,5.639,5.365,80.072,95.42,94.777,64.8,54.9,30.0,100.3,67.9,88.4,94.9,87.9,93.7,90.436,93.601,19.997999999999998,5,5,5,104.406
4.35,3.0,6.852,5.677,5.3629999999999995,76.3,95.16199999999999,94.889,64.8,54.9,30.0,100.3,67.9,88.4,94.9,87.9,93.7,90.42,93.6,19.997,5,5,5,103.648
4.37,3.0,7.005,6.015,5.364,57.905,95.675,94.749,64.8,54.9,30.0,100.3,67.9,88.4,94.9,87.9,93.7,90.411,93.6,20.067999999999998,5,5,5,102.066
4.39,3.0,6.842,5.711,5.367,44.446,95.42,94.917,64.8,54.9,30.0,100.3,67.9,88.4,94.9,87.9,93.7,90.406,93.6,20.060000000000002,5,5,5,100.977
4.41,3.0,7.224,5.666,5.3629999999999995,51.188,95.42,95.0,64.8,54.9,30.0,100.3,67.9,88.4,94.9,87.9,93.7,90.404,93.6,19.918,5,5,5,99.806
4.43,3.0,6.715,6.017,5.362,40.184,95.484,94.665,64.8,54.9,30.0,100.3,67.9,88.4,94.9,87.9,93.7,90.402,93.6,20.016,5,5,5,98.639
4.45,3.0,7.453,5.611,5.366,45.294000000000004,95.707,94.889,64.8,54.9,30.0,100.3,67.9,88.4,94.9,87.9,93.7,90.40100000000001,93.6,19.933,5,5,5,97.49600000000001
4.47,3.0,7.007,5.755,5.364,46.56,95.452,94.861,64.8,54.9,30.0,100.3,67.9,88.4,94.9,87.9,93.7,90.40100000000001,93.6,20.122999999999998,5,5,5,96.523
4.49,3.0,7.095000000000001,5.757,5.365,51.691,95.291,94.721,64.8,54.9,30.0,100.3,67.9,88.4,94.9,87.9,93.7,90.4,93.6,20.037,5,5,5,95.633
4.51,3.0,6.986,5.755,5.3629999999999995,54.625,95.452,95.028,64.8,54.9,30.0,100.3,67.9,88.4,94.9,87.9,93.7,90.4,93.6,20.005000000000003,5,5,5,94.745
4.53,3.0,6.625,5.963,5.3629999999999995,58.416000000000004,95.643,95.0,64.9,55.0,30.1,100.3,67.9,88.4,94.9,87.9,93.7,90.4,93.6,20.088,5,5,5,93.87
4.55,3.0,7.413,5.731,5.364,62.975,95.452,94.553,64.9,55.0,30.1,100.3,67.9,88.4,94.9,87.9,93.7,90.4,93.6,20.128,5,5,5,92.98
4.57,3.0,7.404,5.721,5.362,67.32,95.643,94.777,64.9,55.0,30.1,100.3,67.9,88.4,94.9,87.9,93.7,90.4,93.6,20.003,5,5,5,92.12200000000001
4.59,3.0,7.088,6.119,5.364,71.869,95.388,94.917,64.9,55.0,30.1,100.3,67.9,88.4,94.9,87.9,93.7,90.4,93.6,20.028,5,5,5,91.32
4.61,3.0,6.963,5.609,5.3629999999999995,76.6,95.388,94.693,64.9,55.0,30.1,100.3,67.9,88.4,94.9,87.9,93.7,90.4,93.6,20.122,5,5,5,90.487
4.63,3.0,7.149,5.933,5.365,81.52,95.58,94.889,64.9,55.0,30.1,100.3,67.9,88.4,94.9,87.9,93.7,90.4,93.6,20.102,5,5,5,89.67699999999999
4.65,3.0,7.518000000000001,5.7059999999999995,5.362,82.42699999999999,95.548,94.944,64.9,55.0,30.1,100.3,67.9,88.4,94.9,87.9,93.7,90.4,93.6,20.052999999999997,5,5,5,88.825
4.67,3.0,7.168,5.492,5.36,83.102,95.516,95.249,64.9,55.0,30.1,100.3,67.9,88.4,94.9,87.9,93.7,90.4,93.6,20.004,5,5,5,87.994
4.69,3.0,7.234,5.599,5.36,82.014,95.612,95.523,64.9,55.0,30.1,100.3,67.9,88.4,94.9,87.9,93.7,90.4,93.6,19.872999999999998,5,5,5,87.111
4.71,3.0,7.353,5.834,5.359,81.032,95.355,96.12,64.9,55.0,30.1,100.3,67.9,88.4,94.9,87.9,93.7,90.4,93.6,19.98,5,5,5,86.219
4.73,3.0,7.024,5.776,5.36,80.142,95.516,96.547,64.9,55.0,30.1,100.3,67.9,88.4,94.9,87.9,93.7,90.4,93.6,20.146,5,5,5,85.347
4.75,3.0,6.8149999999999995,6.039,5.357,79.139,95.355,97.073,64.9,55.0,30.1,100.3,67.9,88.4,94.9,87.9,93.7,90.4,93.6,19.671,5,5,5,84.436
4.77,3.0,7.381,5.789,5.358,78.59899999999999,95.675,97.9,64.9,55.0,30.1,100.3,67.9,88.4,94.9,87.9,93.7,90.4,93.6,19.724,5,5,5,83.579
4.79,3.0,7.13,5.906,5.36,78.033,95.612,99.47200000000001,64.9,55.0,30.1,100.3,67.9,88.4,94.9,87.9,93.7,90.4,93.6,19.936,5,5,5,82.692
4.81,3.0,7.209,6.058,5.358,77.45,95.58,101.33,64.9,55.0,30.1,100.3,67.9,88.4,94.9,87.9,93.7,90.4,93.6,19.790999999999997,5,5,5,81.84899999999999
4.83,3.0,7.1419999999999995,5.657,5.358,77.189,95.291,103.41,64.9,55.0,30.1,100.3,67.9,88.4,94.9,87.831,93.7,90.4,93.6,19.838,5,5,5,80.97800000000001
4.85,3.0,7.12,6.05,5.356,77.501,95.675,106.44200000000001,64.9,55.0,30.1,100.3,67.9,88.4,94.9,87.774,93.7,90.4,93.6,19.707,5,5,5,80.098
4.87,3.0,6.764,6.042,5.356,77.411,95.548,112.079,64.9,55.0,30.1,100.3,67.9,88.4,94.9,87.742,93.7,90.4,93.6,19.867,5,5,5,79.256
4.89,3.0,7.119,5.825,5.358,77.71,95.707,121.535,64.9,55.0,30.1,100.3,67.9,88.4,94.9,87.723,93.7,90.4,93.6,19.906,5,5,5,78.37899999999999
4.91,3.0,7.189,6.291,5.354,77.867,95.675,134.086,64.9,55.0,30.1,100.3,67.9,88.4,94.9,87.71300000000001,93.7,90.4,93.6,19.797,5,5,5,77.532
4.93,3.0,7.244,6.663,5.357,78.331,95.771,154.983,64.9,55.0,30.1,100.3,67.9,88.4,94.9,87.707,93.7,90.4,93.6,19.384,5,5,5,76.702
4.95,3.0,7.156000000000001,6.586,5.356,78.313,95.96,215.38,64.9,55.0,30.1,100.3,67.9,88.4,94.9,87.704,93.7,90.4,93.6,19.094,5,5,5,75.865
4.97,3.0,7.3100000000000005,7.034000000000001,5.355,78.885,97.137,244.00799999999998,64.9,55.0,30.1,100.3,67.9,88.4,94.9,87.702,93.7,90.4,93.6,19.136,5,5,5,75.033
4.99,3.0,6.854,7.039,5.356,79.627,99.229,239.00900000000001,64.9,55.0,30.1,100.3,67.9,88.4,94.9,87.70100000000001,93.7,90.4,93.6,19.109,5,5,5,74.182
5.01,3.0,7.192,7.803,5.356,79.678,101.25399999999999,236.00799999999998,64.9,55.0,30.1,100.3,67.9,88.4,94.9,87.70100000000001,93.7,90.4,93.6,19.268,5,5,5,73.328
5.03,3.0,7.3100000000000005,7.599,5.356,80.183,104.07799999999999,234.713,64.9,55.0,30.1,100.3,67.9,88.4,94.9,87.7,93.7,90.4,93.6,19.099,5,5,5,72.493
5.05,3.0,7.17,7.93,5.354,80.488,107.44200000000001,234.03599999999997,64.9,55.0,30.1,100.3,67.9,88.4,94.9,87.7,93.7,90.4,93.6,19.083,5,5,5,71.65899999999999
5.07,3.0,7.0600000000000005,8.34,5.354,80.763,111.61399999999999,233.949,64.9,55.0,30.1,100.3,67.9,88.4,94.9,87.7,93.7,90.4,93.6,19.092,5,5,5,70.803
5.09,3.0,6.922,8.466000000000001,5.355,80.9,116.777,234.16099999999997,64.9,55.0,30.1,100.3,67.9,88.4,94.9,87.7,93.7,90.4,93.6,19.045,5,5,5,69.959
5.11,3.0,6.628,8.701,5.356,81.71300000000001,122.896,234.16099999999997,64.9,55.0,30.1,100.3,67.9,88.4,94.9,87.7,93.7,90.4,93.6,19.148,5,5,5,69.12100000000001
5.13,3.0,6.905,8.99,5.353,81.645,131.29700000000003,233.949,64.9,55.0,30.1,100.3,67.9,88.4,94.9,87.7,93.7,90.4,93.6,19.105,5,5,5,68.281
5.15,3.0,7.005,9.458,5.355,82.622,142.214,233.498,64.9,55.0,30.1,100.3,67.9,88.4,94.9,87.7,93.7,90.4,93.6,18.981,5,5,5,67.429
5.17,3.0,7.1530000000000005,10.178,5.354,81.939,153.07299999999998,232.84900000000002,64.9,55.0,30.1,100.3,67.9,88.4,94.9,87.7,93.7,90.4,93.6,19.125,5,5,5,66.53899999999999
5.19,3.0,7.139,10.707,5.355,79.27600000000001,165.955,231.952,64.9,55.0,30.1,100.3,67.9,88.4,94.9,87.7,93.7,90.4,93.6,19.137999999999998,5,5,5,65.618
5.21,3.0,7.395,11.663,5.353,77.053,192.43400000000003,230.97,64.9,55.0,30.1,100.3,67.9,88.4,94.9,87.7,93.7,90.4,93.6,19.040999999999997,5,5,5,64.69
5.23,3.0,7.332,11.651,5.352,75.033,247.44299999999998,229.843,64.9,55.0,30.1,100.3,67.9,88.4,94.9,87.7,93.7,90.4,93.6,19.107,5,5,5,63.731
5.25,3.0,7.631,12.388,5.356,72.997,242.83,228.81799999999998,64.9,55.0,30.1,100.3,67.9,88.4,94.9,87.7,93.7,90.4,93.6,19.186,5,5,5,62.809
5.27,3.0,7.702,12.831,5.356,72.002,239.113,227.797,64.9,55.0,30.1,100.3,67.9,88.4,94.9,87.7,93.7,90.4,93.6,19.152,5,5,5,61.895
5.29,3.0,7.694,14.219,5.355,71.43,236.46200000000002,226.766,64.9,55.0,30.1,100.3,67.9,88.4,94.9,87.7,93.7,90.4,93.6,19.177999999999997,5,5,5,61.005
5.31,3.0,7.675,14.5,5.357,70.922,234.299,225.71400000000003,64.9,55.0,30.1,100.3,67.9,88.4,94.9,87.7,93.7,90.4,93.6,19.261,5,5,5,60.104
5.33,3.0,8.097,14.651,5.357,70.773,232.4,225.19,64.9,55.0,30.1,100.3,67.9,88.4,94.9,87.7,93.7,90.4,93.6,19.215,5,5,5,59.239
5.35,3.0,7.833,15.07,5.355,70.942,230.736,223.96,64.9,55.0,30.1,100.3,67.9,88.4,94.9,87.7,93.7,90.4,93.6,19.309,5,5,5,58.397
5.37,3.0,7.663,15.495,5.358,71.218,229.27900000000002,223.22,64.9,55.0,30.1,100.3,67.9,88.4,94.9,87.7,93.613,90.4,93.6,19.304000000000002,5,5,5,57.519
5.39,3.0,7.74,16.049,5.355,71.415,228.076,223.778,64.9,55.0,30.1,100.3,67.9,88.4,94.9,87.7,93.563,90.4,93.6,19.329,5,5,5,56.678000000000004
5.41,3.0,8.267,15.876,5.357,71.766,227.074,223.93599999999998,64.9,55.0,30.1,100.3,67.9,88.4,94.9,87.7,93.536,90.4,93.6,19.339,5,5,5,55.833
5.43,3.0,8.373999999999999,16.362000000000002,5.356,71.94800000000001,226.02599999999998,223.69299999999998,64.9,55.0,30.1,100.3,67.9,88.4,94.9,87.7,93.52,90.4,93.6,19.290999999999997,5,5,5,54.989
5.45,3.0,8.358,16.764000000000003,5.358,72.536,224.919,223.438,64.9,55.0,30.1,100.3,67.9,88.4,94.9,87.7,93.51100000000001,90.4,93.6,19.380000000000003,5,5,5,54.138000000000005
5.47,3.0,8.876000000000001,17.812,5.358,72.146,224.07299999999998,223.268,64.9,55.0,30.1,100.3,67.9,88.4,94.9,87.7,93.506,90.4,93.6,19.336,5,5,5,53.293
5.49,3.0,8.984,18.333,5.355,72.723,223.31400000000002,223.09900000000002,64.9,55.0,30.1,100.3,67.9,88.4,94.9,87.7,93.50399999999999,90.4,93.6,19.404000000000003,5,5,5,52.45
5.51,3.0,8.718,18.093,5.36,73.167,222.801,222.893,64.9,55.0,30.1,100.3,67.9,88.4,94.9,87.7,93.502,90.4,93.6,19.47,5,5,5,51.598
5.53,3.0,9.047,18.892000000000003,5.36,70.943,222.28900000000002,222.53,64.9,55.0,30.1,100.3,67.9,88.4,94.9,87.7,93.501,90.4,93.6,19.217,5,5,5,50.787
5.55,3.0,8.705,18.853,5.359,70.939,221.94799999999998,221.97299999999998,64.9,55.0,30.1,100.3,67.9,88.4,94.9,87.7,93.501,90.4,93.6,19.28,5,5,5,50.059
5.57,3.0,9.104,19.186,5.362,69.012,221.81400000000002,221.262,64.9,55.0,30.1,100.3,67.9,88.4,94.9,87.7,93.5,90.4,93.6,19.176,5,5,5,49.343
5.59,3.0,9.183,19.299,5.361,69.62899999999999,221.862,220.467,64.9,55.0,30.1,100.3,67.9,88.4,94.9,87.7,93.5,90.4,93.6,19.338,5,5,5,48.677
5.61,3.0,9.344999999999999,19.312,5.36,68.84899999999999,222.167,219.56599999999997,64.9,55.0,30.1,100.3,67.9,88.4,94.9,87.7,93.5,90.4,93.6,19.207,5,5,5,47.978
5.63,3.0,9.594,19.534,5.361,69.565,222.155,218.667,64.9,55.0,30.1,100.3,67.9,88.4,94.85,87.7,93.5,90.4,93.6,19.275,5,5,5,47.295
5.65,3.0,9.761,19.911,5.364,69.56,221.74099999999999,217.75900000000001,64.9,55.0,30.1,100.3,67.9,88.4,94.78399999999999,87.7,93.5,90.4,93.6,19.259,5,5,5,46.619
5.67,3.0,10.049,20.213,5.362,70.063,221.37599999999998,216.889,64.9,55.0,30.1,100.3,67.9,88.4,94.747,87.7,93.5,90.4,93.6,19.380000000000003,5,5,5,45.935
5.69,3.0,10.517,20.712,5.362,70.169,221.327,216.08,64.9,55.0,30.1,100.3,67.9,88.4,94.727,87.7,93.5,90.4,93.6,19.331,5,5,5,45.244
5.71,3.0,11.807,22.272000000000002,5.3629999999999995,70.256,221.546,215.368,64.9,55.0,30.1,100.3,67.9,88.4,94.715,87.7,93.5,90.4,93.6,19.3,5,5,5,44.607
5.73,3.0,16.015,23.72,5.3629999999999995,70.718,221.607,214.81099999999998,64.9,55.0,30.1,100.3,67.9,88.4,94.708,87.7,93.5,90.4,93.6,19.560000000000002,5,5,5,43.948
5.75,3.0,18.271,25.31,5.3629999999999995,68.243,220.987,214.255,64.9,55.0,30.1,100.3,67.9,88.4,94.705,87.7,93.5,90.4,93.6,19.244,5,5,5,43.28
5.77,3.0,19.936,26.967,5.362,67.053,220.18599999999998,213.7,64.9,55.0,30.1,100.3,67.9,88.4,94.703,87.7,93.5,90.4,93.6,19.066,5,5,5,42.797
5.79,3.0,20.972,27.706999999999997,5.367,67.035,219.507,213.11,64.9,55.0,30.1,100.3,67.9,88.4,94.70100000000001,87.7,93.5,90.4,93.6,19.177999999999997,5,5,5,42.422
5.81,3.0,22.232,28.055999999999997,5.367,66.077,218.87900000000002,212.533,64.9,55.0,30.1,100.3,67.9,88.4,94.70100000000001,87.7,93.5,90.4,93.6,19.204,5,5,5,42.015
5.83,4.0,22.675,28.647,5.372,65.793,217.865,211.945,64.9,55.0,30.1,100.3,67.9,88.4,94.7,87.7,93.5,90.4,93.6,19.187,5,5,5,41.659000000000006
5.85,4.0,23.660999999999998,29.276,5.38,56.753,216.50599999999997,211.452,64.9,55.0,30.1,100.3,67.9,88.4,94.7,87.7,93.5,90.4,93.6,19.064,5,5,5,41.375
5.87,4.0,24.465,30.997,5.41,56.27,215.36700000000002,210.912,64.9,55.0,30.1,100.3,67.9,88.4,94.7,87.7,93.5,90.4,93.6,19.241,5,5,5,41.374
5.89,4.0,25.095,31.761,5.566,53.06399999999999,214.458,210.292,64.9,55.0,30.1,100.3,67.9,88.4,94.7,87.7,93.5,90.4,93.6,19.122999999999998,5,5,5,41.456
5.91,4.0,24.837,31.429000000000002,5.8469999999999995,50.153999999999996,213.921,209.66099999999997,64.9,55.0,30.1,100.3,67.9,88.4,94.7,87.7,93.5,90.4,93.6,19.147,5,5,5,41.571
5.93,4.0,25.017,30.985,26.538,50.406000000000006,213.396,209.054,64.9,55.0,30.1,100.3,67.9,88.4,94.7,87.7,93.5,90.4,93.6,20.213,5,5,5,41.686
5.95,4.0,25.298,30.476,26.715999999999998,47.748000000000005,213.015,208.553,64.9,55.0,30.1,100.3,67.9,88.4,94.7,87.7,93.5,90.4,93.6,19.86,5,5,5,41.69199999999999
5.97,4.0,26.955,31.385,26.128,47.983000000000004,212.63400000000001,208.09900000000002,64.9,55.0,30.1,100.3,67.9,88.4,94.7,87.7,93.5,90.4,93.6,20.129,5,5,5,41.698
5.99,4.0,28.204,31.543000000000003,25.901,47.026,212.146,207.63400000000001,64.9,55.0,30.1,100.3,67.9,88.4,94.7,87.7,93.5,90.4,93.6,20.21,5,5,5,41.701
6.01,4.0,29.583000000000002,31.489,28.541999999999998,46.998999999999995,211.695,207.204,64.9,55.0,30.1,100.3,67.9,88.4,94.7,87.7,93.5,90.4,93.6,20.195,5,5,5,41.699
6.03,4.0,30.113000000000003,32.979,30.398000000000003,46.532,211.197,206.72799999999998,64.9,55.0,30.1,100.3,67.9,88.4,94.7,87.7,93.5,90.4,93.6,20.218,5,5,5,41.702
6.05,4.0,30.509,33.894000000000005,30.967,46.324,210.688,206.299,64.9,55.0,30.1,100.3,67.9,88.312,94.7,87.7,93.5,90.4,93.6,20.122999999999998,5,5,5,41.705
6.07,4.0,30.691,33.712,31.52,45.95,210.155,205.859,64.9,55.0,30.1,100.3,67.9,88.263,94.7,87.7,93.5,90.4,93.6,20.124000000000002,5,5,5,41.706
6.09,4.0,30.877,33.414,32.012,45.902,209.64700000000002,205.362,64.9,55.0,30.1,100.3,67.9,88.236,94.7,87.7,93.5,90.4,93.6,20.206,5,5,5,41.711
6.11,4.0,30.35,33.772,32.131,45.953,209.19799999999998,204.842,64.9,55.0,30.1,100.3,67.9,88.22,94.7,87.7,93.5,90.4,93.6,20.104,5,5,5,41.715
6.13,4.0,31.391,33.316,32.449,44.419000000000004,208.75,204.40400000000002,64.9,55.0,30.1,100.3,67.9,88.211,94.7,87.7,93.5,90.4,93.6,20.177,5,5,5,41.706
6.15,4.0,31.923000000000002,34.296,32.023,40.953,208.267,204.024,64.9,55.0,30.1,100.3,67.9,88.206,94.7,87.7,93.5,90.4,93.6,20.336,5,5,5,41.706
6.17,4.0,32.669,34.260000000000005,32.326,40.744,207.78400000000002,203.575,64.9,55.0,30.1,100.3,67.9,88.204,94.7,87.7,93.5,90.4,93.6,20.250999999999998,5,5,5,41.846999999999994
6.19,4.0,32.85,34.293000000000006,32.568,40.997,207.30200000000002,203.12599999999998,64.9,55.0,30.1,100.3,67.9,88.202,94.7,87.7,93.5,90.4,93.6,20.393,5,5,5,41.980999999999995
6.21,4.0,33.181,34.678,32.369,39.762,206.82,202.72400000000002,64.9,55.0,30.1,100.3,67.9,88.20100000000001,94.7,87.7,93.5,90.4,93.6,20.238,5,5,5,42.025999999999996
6.23,4.0,33.236999999999995,34.409000000000006,32.5,40.607,206.33900000000003,202.345,64.9,55.0,30.1,100.3,67.9,88.20100000000001,94.7,87.7,93.5,90.4,93.6,20.227,5,5,5,42.031
6.25,4.0,33.532,34.324,32.46,39.566,205.859,201.875,64.9,55.0,30.1,100.3,67.9,88.2,94.7,87.7,93.5,90.4,93.6,20.155,5,5,5,42.001999999999995
6.27,4.0,33.331,34.638000000000005,32.291,41.803000000000004,205.39,201.428,64.9,55.0,30.1,100.3,67.9,88.2,94.7,87.7,93.5,90.4,93.6,20.302999999999997,5,5,5,41.964
6.29,4.0,33.498000000000005,34.135999999999996,32.185,41.659,204.922,201.05,64.9,55.0,30.1,100.3,67.9,88.2,94.7,87.7,93.5,90.4,93.6,20.186,5,5,5,41.934
6.31,4.0,33.478,34.601,32.122,43.499,204.44299999999998,200.65,64.9,55.0,30.1,100.3,67.9,88.2,94.7,87.7,93.5,90.4,93.6,20.18,5,5,5,41.863
6.33,4.0,33.45,34.688,32.301,43.306,204.011,200.238,64.9,55.0,30.1,100.3,67.9,88.2,94.7,87.7,93.5,90.4,93.531,20.124000000000002,5,5,5,41.766
6.35,4.0,33.312,34.979,32.208,44.998000000000005,203.55599999999998,199.793,64.9,55.0,30.1,100.3,67.9,88.2,94.7,87.7,93.5,90.4,93.47399999999999,20.014000000000003,5,5,5,41.703
6.37,4.0,33.346999999999994,34.519000000000005,32.43300000000001,46.075,203.125,199.46200000000002,64.9,55.0,30.1,100.3,67.9,88.2,94.7,87.7,93.5,90.4,93.442,20.172,5,5,5,41.592
6.39,4.0,32.982,34.531,32.533,46.27,202.671,199.15400000000002,64.9,55.0,30.1,100.3,67.9,88.2,94.7,87.7,93.5,90.4,93.423,20.335,5,5,5,41.489000000000004
6.41,4.0,33.545,34.97,32.475,47.244,202.252,198.74400000000003,64.9,55.0,30.1,100.3,67.9,88.2,94.7,87.7,93.5,90.312,93.413,20.064,5,5,5,41.409000000000006
6.43,4.0,33.791,34.793000000000006,32.512,47.62,201.856,198.392,64.9,55.0,30.1,100.3,67.9,88.2,94.7,87.7,93.5,90.263,93.407,20.197000000000003,5,5,5,41.257
6.45,4.0,33.53,35.265,32.852,49.135,201.45,198.03900000000002,64.9,55.0,30.1,100.3,67.9,88.2,94.7,87.7,93.5,90.236,93.404,20.192999999999998,5,5,5,41.173
6.47,4.0,33.894000000000005,35.80800000000001,33.146,49.141999999999996,201.032,197.743,64.9,55.0,30.1,100.3,67.9,88.2,94.7,87.7,93.5,90.22,93.402,20.106,5,5,5,41.037
6.49,4.0,34.387,35.557,32.927,50.57,200.649,197.41400000000002,64.9,55.0,30.1,100.3,67.9,88.2,94.7,87.7,93.5,90.211,93.40100000000001,20.159,5,5,5,40.927
6.51,4.0,34.688,35.451,33.611999999999995,51.157,200.25400000000002,197.07299999999998,64.9,55.0,30.1,100.3,67.9,88.2,94.7,87.7,93.5,90.206,93.40100000000001,20.16,5,5,5,40.813
6.53,4.0,34.458,36.282,33.878,51.677,199.861,196.79,65.1,55.0,30.1,100.0,67.6,88.2,94.7,87.7,93.5,90.204,93.4,20.235999999999997,5,5,5,40.725
6.55,4.0,34.79,36.923,34.348,52.128,199.502,196.55200000000002,65.1,55.0,30.1,100.0,67.6,88.2,94.7,87.7,93.5,90.202,93.4,20.276,5,5,5,40.629999999999995
6.57,4.0,35.147,37.254,34.783,52.028999999999996,199.143,196.22299999999998,65.1,55.0,30.1,100.0,67.6,88.2,94.7,87.7,93.5,90.20100000000001,93.4,20.179000000000002,5,5,5,40.522
6.59,4.0,35.465999999999994,37.567,35.182,52.861000000000004,198.78400000000002,195.963,65.1,55.0,30.1,100.0,67.6,88.2,94.7,87.7,93.5,90.20100000000001,93.4,20.417,5,5,5,40.419
6.61,4.0,36.043000000000006,37.552,35.528000000000006,52.339,198.46099999999998,195.646,65.1,55.0,30.1,100.0,67.6,88.2,94.7,87.7,93.5,90.2,93.4,20.367,5,5,5,40.314
6.63,4.0,36.468,38.085,35.725,53.443000000000005,198.10299999999998,195.408,65.1,55.0,30.1,100.0,67.6,88.2,94.7,87.7,93.5,90.2,93.4,20.297,5,5,5,40.212
6.65,4.0,37.115,38.524,36.109,53.239,197.77900000000002,195.137,65.1,55.0,30.1,100.0,67.6,88.2,94.7,87.7,93.5,90.2,93.4,20.496,5,5,5,40.107
6.67,4.0,36.986999999999995,39.54,36.723,54.032,197.445,194.831,65.1,55.0,30.1,100.0,67.6,88.2,94.7,87.7,93.5,90.2,93.4,20.353,5,5,5,40.013000000000005
6.69,4.0,37.735,39.647,37.126,53.452,197.13299999999998,194.59400000000002,65.1,55.0,30.1,100.0,67.6,88.2,94.7,87.7,93.5,90.2,93.4,20.335,5,5,5,39.949
6.71,4.0,37.999,40.047,37.625,54.114,196.822,194.32299999999998,65.1,55.0,30.1,100.0,67.6,88.2,94.7,87.7,93.5,90.2,93.4,20.432000000000002,5,5,5,39.891999999999996
6.73,4.0,38.372,40.614000000000004,38.044000000000004,53.692,196.511,194.075,65.1,55.0,30.1,100.0,67.6,88.2,94.7,87.7,93.5,90.2,93.4,20.540999999999997,5,5,5,39.8
6.75,4.0,38.900999999999996,40.801,38.49,54.41,196.21200000000002,193.84900000000002,65.1,55.0,30.1,100.0,67.6,88.2,94.7,87.7,93.5,90.2,93.4,20.417,5,5,5,39.751
6.77,4.0,39.218,40.799,38.782,53.488,195.947,193.567,65.1,55.0,30.1,100.0,67.6,88.2,94.7,87.7,93.5,90.2,93.4,20.262999999999998,5,5,5,39.713
6.79,4.0,39.269,41.734,39.155,48.608000000000004,195.636,193.342,65.1,55.0,30.1,100.0,67.6,88.2,94.7,87.7,93.5,90.2,93.4,20.493000000000002,5,5,5,39.688
6.81,4.0,40.21,41.838,39.593,50.019,195.36,193.06,65.1,55.0,30.1,100.0,67.6,88.2,94.7,87.7,93.5,90.2,93.4,20.278,5,5,5,39.85
6.83,4.0,40.452,42.156,39.622,49.1,195.06099999999998,192.835,65.1,55.0,30.1,100.0,67.6,88.2,94.7,87.7,93.5,90.2,93.4,20.147,5,5,5,39.934
6.85,4.0,40.455999999999996,42.724000000000004,39.908,48.126000000000005,194.78599999999997,192.52,65.1,55.0,30.1,100.0,67.6,88.2,94.7,87.7,93.5,90.2,93.4,20.308,5,5,5,39.93300000000001
6.87,4.0,40.995,43.052,39.845,48.678000000000004,194.487,192.25,65.1,55.0,30.1,100.0,67.6,88.2,94.7,87.7,93.5,90.2,93.4,20.398,5,5,5,39.941
6.89,4.0,40.803000000000004,42.295,39.953,49.677,194.21099999999998,191.96900000000002,65.1,55.0,30.1,100.0,67.6,88.2,94.7,87.7,93.5,90.2,93.4,20.134999999999998,5,5,5,39.926
6.91,4.0,40.847,42.983000000000004,40.15,49.766999999999996,193.924,191.699,65.1,55.0,30.1,100.0,67.6,88.2,94.7,87.7,93.5,90.2,93.4,20.317999999999998,5,5,5,39.911
6.93,4.0,41.327,42.611,40.324,49.508,193.638,191.43,65.1,55.0,30.1,100.0,67.6,88.2,94.7,87.7,93.5,90.2,93.4,19.857999999999997,5,5,5,39.893
6.95,4.0,41.260999999999996,42.748000000000005,40.126,49.855,193.37400000000002,191.19400000000002,65.1,55.0,30.1,100.0,67.6,88.2,94.7,87.7,93.5,90.2,93.4,20.104,5,5,5,39.879000000000005
6.97,4.0,41.385999999999996,42.889,40.236999999999995,50.14,193.13299999999998,190.91299999999998,65.1,55.0,30.1,100.0,67.6,88.2,94.7,87.7,93.5,90.2,93.4,20.073,5,5,5,39.866
6.99,4.0,41.376999999999995,43.275,40.179,50.141000000000005,192.82299999999998,190.655,65.1,55.0,30.1,100.0,67.6,88.2,94.7,87.7,93.5,90.2,93.4,19.982999999999997,5,5,5,39.831999999999994
7.01,4.0,41.695,42.774,40.216,49.738,192.52599999999998,190.375,65.1,55.0,30.1,100.0,67.6,88.2,94.7,87.7,93.5,90.2,93.4,19.863,5,5,5,39.798
7.03,4.0,41.839,42.653,40.476,50.221000000000004,192.262,190.128,65.1,55.0,30.1,100.0,67.6,88.2,94.7,87.7,93.5,90.2,93.4,19.926,5,5,5,39.781
7.05,4.0,41.806,43.075,40.466,50.273,192.02200000000002,189.87,65.1,55.0,30.1,100.0,67.6,88.2,94.7,87.7,93.5,90.2,93.4,19.947000000000003,5,5,5,39.759
7.07,4.0,41.758,43.6,40.408,50.42100000000001,191.701,189.601,65.1,55.0,30.1,100.0,67.6,88.2,94.7,87.7,93.5,90.2,93.4,19.859,5,5,5,39.754000000000005
7.09,4.0,41.411,43.031,40.552,50.513000000000005,191.42700000000002,189.36599999999999,65.1,55.0,30.1,100.0,67.6,88.2,94.7,87.7,93.5,90.2,93.4,20.022,5,5,5,39.738
7.11,4.0,41.969,43.721,40.428000000000004,50.641000000000005,191.16400000000002,189.12,65.1,55.0,30.1,100.0,67.6,88.2,94.7,87.7,93.5,90.2,93.4,19.972,5,5,5,39.712
7.13,4.0,42.537,43.374,40.497,50.846000000000004,190.923,188.863,65.1,55.0,30.1,100.0,67.6,88.2,94.7,87.7,93.5,90.2,93.4,19.756999999999998,5,5,5,39.706999999999994
7.15,4.0,42.379,43.638000000000005,40.665,50.467,190.62599999999998,188.61700000000002,65.1,55.0,30.1,100.0,67.6,88.2,94.7,87.7,93.5,90.2,93.4,19.949,5,5,5,39.681
7.17,4.0,41.883,43.854,40.603,50.817,190.363,188.37099999999998,65.1,55.0,30.1,100.0,67.6,88.2,94.7,87.7,93.5,90.2,93.4,19.836,5,5,5,39.669
7.19,4.0,42.013000000000005,43.751999999999995,40.693000000000005,50.622,190.123,188.158,65.1,55.0,30.1,100.0,67.6,88.2,94.7,87.7,93.5,90.2,93.4,19.78,5,5,5,39.662
7.21,4.0,42.233000000000004,42.705,40.785,50.332,189.895,187.924,65.1,55.0,30.1,100.0,67.6,88.2,94.7,87.7,93.5,90.2,93.4,19.816,5,5,5,39.648
7.23,4.0,42.152,43.936,40.88,50.698,189.655,187.667,65.1,55.0,30.1,100.0,67.6,88.2,94.7,87.7,93.5,90.2,93.4,19.677999999999997,5,5,5,39.633
7.25,4.0,42.601,43.524,40.634,50.633,189.37,187.455,65.1,55.0,30.1,100.0,67.6,88.2,94.7,87.65,93.5,90.2,93.4,19.655,5,5,5,39.620999999999995
7.27,4.0,42.571,44.092,40.857,50.57899999999999,189.13,187.209,65.1,55.0,30.1,100.0,67.6,88.2,94.7,87.584,93.5,90.2,93.4,19.975,5,5,5,39.611999999999995
7.29,4.0,42.527,43.673,40.744,50.651,188.89,186.963,65.1,55.0,30.1,100.0,67.6,88.2,94.7,87.547,93.5,90.2,93.4,19.738,5,5,5,39.604
7.31,4.0,42.624,44.059,41.058,50.806000000000004,188.628,186.74,65.1,55.0,30.1,100.0,67.6,88.2,94.7,87.527,93.5,90.2,93.4,19.776,5,5,5,39.583
7.33,4.0,42.713,43.262,40.981,50.626999999999995,188.354,186.50599999999997,65.1,55.0,30.1,100.0,67.6,88.2,94.7,87.515,93.5,90.2,93.4,20.197000000000003,5,5,5,39.547
7.35,4.0,42.686,43.818000000000005,41.010999999999996,49.805,188.149,186.283,65.1,55.0,30.1,100.0,67.6,88.2,94.7,87.508,93.5,90.2,93.4,19.875999999999998,5,5,5,39.544
7.37,4.0,41.986999999999995,43.808,41.181999999999995,45.05,187.921,186.071,65.1,55.0,30.1,100.0,67.6,88.2,94.7,87.505,93.5,90.2,93.4,20.026,5,5,5,39.555
7.39,4.0,42.315,44.13,41.104,46.019,187.65900000000002,185.826,65.1,55.0,30.1,100.0,67.6,88.2,94.7,87.503,93.5,90.2,93.4,20.262999999999998,5,5,5,39.742
7.41,4.0,42.533,43.952,41.292,41.231,187.39700000000002,185.60299999999998,65.1,55.0,30.1,100.0,67.6,88.2,94.7,87.501,93.5,90.2,93.4,19.852,5,5,5,39.903000000000006
7.43,4.0,42.528,44.238,41.077,42.279,187.18,185.38099999999997,65.1,55.0,30.1,100.0,67.6,88.2,94.7,87.501,93.5,90.2,93.4,20.092,5,5,5,40.063
7.45,4.0,42.656,43.145,40.819,38.243,186.96400000000003,185.113,65.1,55.0,30.1,100.0,67.6,88.2,94.7,87.5,93.5,90.2,93.4,20.183,5,5,5,40.194
7.47,4.0,42.455,44.268,40.984,37.556,186.713,184.88,65.1,55.0,30.1,100.0,67.6,88.2,94.7,87.5,93.5,90.2,93.4,19.863,5,5,5,40.357
7.49,4.0,43.048,44.289,40.622,37.521,186.428,184.657,65.1,55.0,30.1,100.0,67.6,88.2,94.7,87.5,93.5,90.2,93.4,20.012999999999998,5,5,5,40.535
7.51,4.0,43.223,43.216,40.503,36.193,186.18900000000002,184.40099999999998,65.1,55.0,30.1,100.0,67.6,88.2,94.7,87.5,93.5,90.2,93.4,20.078,5,5,5,40.678
7.53,4.0,42.421,43.369,40.409,38.728,185.96200000000002,184.101,65.1,55.0,30.1,100.0,67.6,88.2,94.7,87.5,93.5,90.2,93.4,20.002000000000002,5,5,5,40.831
7.55,4.0,42.552,43.868,40.156,37.233000000000004,185.688,183.86700000000002,65.1,55.0,30.1,100.0,67.6,88.2,94.7,87.5,93.5,90.2,93.4,19.859,5,5,5,40.861999999999995
7.57,4.0,42.798,42.653,39.885,38.845,185.449,183.667,65.1,55.0,30.1,100.0,67.6,88.2,94.7,87.5,93.5,90.2,93.4,20.075,5,5,5,40.854
7.59,4.0,42.538000000000004,43.306,39.681,38.455,185.188,183.378,65.1,55.0,30.1,100.0,67.6,88.2,94.7,87.5,93.413,90.2,93.4,19.948,5,5,5,40.783
7.61,4.0,42.378,42.254,39.336999999999996,40.539,184.949,183.13400000000001,65.1,55.0,30.1,100.0,67.6,88.2,94.7,87.5,93.363,90.2,93.4,19.964,5,5,5,40.735
7.63,4.0,42.111,42.066,39.242,40.238,184.66400000000002,182.87900000000002,65.1,55.0,30.1,100.0,67.6,88.2,94.7,87.5,93.336,90.2,93.4,20.119,5,5,5,40.643
7.65,4.0,41.872,41.937,39.155,42.381,184.425,182.69,65.1,55.0,30.1,100.0,67.6,88.2,94.7,87.5,93.32,90.2,93.4,19.957,5,5,5,40.586
7.67,4.0,42.031,42.832,38.975,43.021,184.19799999999998,182.43400000000003,65.1,55.0,30.1,100.0,67.6,88.2,94.7,87.5,93.311,90.2,93.4,20.057000000000002,5,5,5,40.480000000000004
7.69,4.0,42.248000000000005,41.677,38.637,44.288000000000004,183.93599999999998,182.157,65.1,55.0,30.1,100.0,67.6,88.2,94.7,87.5,93.306,90.2,93.4,20.037,5,5,5,40.396
7.71,4.0,41.376999999999995,42.106,38.606,45.321999999999996,183.68599999999998,181.957,65.1,55.0,30.1,100.0,67.6,88.2,94.7,87.5,93.304,90.2,93.4,19.961,5,5,5,40.271
7.73,4.0,41.554,41.656,38.56,46.416000000000004,183.459,181.757,65.1,55.0,30.1,100.0,67.6,88.2,94.7,87.5,93.30199999999999,90.2,93.4,20.016,5,5,5,40.148
7.75,4.0,42.013000000000005,41.641999999999996,38.659,46.968999999999994,183.22,181.547,65.1,55.0,30.1,100.0,67.6,88.2,94.7,87.5,93.301,90.2,93.4,20.180999999999997,5,5,5,40.019999999999996
7.77,4.0,41.503,41.705,38.644,48.008,182.981,181.303,65.1,55.0,30.1,100.0,67.6,88.2,94.7,87.5,93.301,90.2,93.4,20.064,5,5,5,39.941
7.79,4.0,41.245,41.622,38.796,48.388000000000005,182.77700000000002,181.125,65.1,55.0,30.1,100.0,67.6,88.2,94.675,87.5,93.3,90.2,93.4,20.038,5,5,5,39.806
7.81,4.0,40.971,41.143,38.605,49.756,182.52700000000002,180.937,65.1,55.0,30.1,100.0,67.6,88.2,94.642,87.5,93.3,90.2,93.4,20.054000000000002,5,5,5,39.739000000000004
7.83,4.0,41.427,41.301,38.607,49.935,182.334,180.77,65.1,55.0,30.1,100.0,67.6,88.2,94.624,87.5,93.3,90.2,93.4,20.023,5,5,5,39.663
7.85,4.0,40.821,42.301,38.791,50.521,182.106,180.549,65.1,55.0,30.1,100.0,67.6,88.2,94.613,87.5,93.3,90.2,93.4,19.976,5,5,5,39.559
7.87,4.0,41.089,41.304,39.028,51.285,181.89,180.37099999999998,65.1,55.0,30.1,100.0,67.6,88.2,94.608,87.5,93.3,90.2,93.4,20.025,5,5,5,39.461
7.89,4.0,41.248000000000005,41.301,39.034,51.858000000000004,181.697,180.24900000000002,65.1,55.0,30.1,100.0,67.6,88.2,94.604,87.5,93.3,90.2,93.4,20.018,5,5,5,39.372
7.91,4.0,41.165,42.17,39.168,52.531000000000006,181.50400000000002,180.03900000000002,65.1,55.0,30.1,100.0,67.6,88.2,94.602,87.5,93.3,90.2,93.4,19.43,5,5,5,39.334
7.93,4.0,41.192,41.46,39.411,52.673,181.31099999999998,179.895,65.1,55.0,30.1,100.0,67.6,88.2,94.601,87.5,93.3,90.2,93.4,19.165,5,5,5,39.262
7.95,4.0,40.998000000000005,42.178000000000004,39.472,53.001999999999995,181.095,179.75099999999998,65.1,55.0,30.1,100.0,67.6,88.2,94.601,87.5,93.3,90.2,93.4,19.254,5,5,5,39.212
7.97,4.0,40.909,42.436,39.506,53.422,180.891,179.54,65.1,55.0,30.1,100.0,67.6,88.2,94.6,87.5,93.3,90.2,93.4,19.172,5,5,5,39.150999999999996
7.99,4.0,41.236,42.661,39.54,53.037,180.72,179.385,65.1,55.0,30.1,100.0,67.6,88.2,94.6,87.5,93.3,90.2,93.4,19.066,5,5,5,39.101
8.01,4.0,41.184,42.121,39.887,53.383,180.516,179.264,65.1,55.0,30.1,100.0,67.6,88.2,94.6,87.5,93.3,90.2,93.4,19.137999999999998,5,5,5,39.081
8.03,4.0,41.284,42.949,40.172,52.648999999999994,180.345,179.06400000000002,65.1,55.0,30.1,100.0,67.6,88.2,94.6,87.5,93.3,90.2,93.4,19.112000000000002,5,5,5,39.027
8.05,4.0,41.313,43.42,40.33,53.297,180.15200000000002,178.898,65.1,55.0,30.1,100.0,67.6,88.2,94.6,87.5,93.3,90.2,93.4,19.091,5,5,5,39.001999999999995
8.07,4.0,41.406,43.216,40.583,52.34,179.959,178.776,65.1,55.0,30.1,100.0,67.6,88.2,94.6,87.5,93.3,90.2,93.4,19.115000000000002,5,5,5,38.980999999999995
8.09,4.0,41.49,43.091,40.685,52.96,179.78900000000002,178.566,65.1,55.0,30.1,100.0,67.6,88.2,94.6,87.5,93.3,90.2,93.4,19.137,5,5,5,38.956999999999994
8.11,4.0,41.626999999999995,43.408,40.704,52.381,179.595,178.389,65.1,55.0,30.1,100.0,67.6,88.2,94.6,87.5,93.3,90.2,93.4,19.091,5,5,5,38.945
8.13,4.0,41.482,43.208,40.972,52.718,179.41400000000002,178.21200000000002,65.1,55.0,30.1,100.0,67.6,88.2,94.6,87.5,93.3,90.2,93.4,18.955,5,5,5,38.937
8.15,4.0,41.765,43.846,41.116,51.478,179.22,178.06799999999998,65.1,55.0,30.1,100.0,67.6,88.2,94.6,87.5,93.3,90.2,93.4,18.881999999999998,5,5,5,38.932
8.17,4.0,42.585,44.001,40.993,49.676,179.03900000000002,177.88,65.1,55.0,30.1,100.0,67.6,88.2,94.6,87.5,93.3,90.2,93.4,19.067,5,5,5,38.935
8.19,4.0,41.936,44.09,41.260999999999996,50.188,178.88,177.714,65.1,55.0,30.1,100.0,67.6,88.2,94.6,87.5,93.3,90.2,93.4,18.845999999999997,5,5,5,38.967
8.21,4.0,42.075,45.095,41.351,42.259,178.69799999999998,177.57,65.1,55.0,30.1,100.0,67.6,88.2,94.6,87.5,93.3,90.2,93.4,19.035,5,5,5,38.997
8.23,4.0,42.565,44.455,41.501999999999995,48.598,178.516,177.371,65.1,55.0,30.1,100.0,67.6,88.2,94.6,87.5,93.3,90.2,93.4,19.107,5,5,5,39.239000000000004
8.25,4.0,42.203,44.283,41.44,45.275,178.266,177.16,65.1,55.0,30.1,100.0,67.6,88.2,94.6,87.5,93.3,90.2,93.4,19.02,5,5,5,39.338
8.27,4.0,42.361,44.939,41.405,46.64,178.13,176.983,65.1,55.0,30.1,100.0,67.6,88.2,94.6,87.5,93.3,90.2,93.4,19.004,5,5,5,39.417
8.29,4.0,42.565,44.344,41.493,44.615,177.925,176.795,65.1,55.0,30.1,100.0,67.6,88.2,94.6,87.5,93.3,90.2,93.4,19.163,5,5,5,39.418000000000006
8.31,4.0,42.513000000000005,44.882,41.464,45.2,177.743,176.607,65.1,55.0,30.1,100.0,67.6,88.2,94.6,87.5,93.3,90.2,93.4,19.02,5,5,5,39.421
8.33,4.0,42.824,44.559,41.311,46.228,177.561,176.43,65.1,55.0,30.1,100.0,67.6,88.2,94.6,87.5,93.3,90.2,93.4,19.046,5,5,5,39.418000000000006
8.35,4.0,42.668,44.765,41.353,45.099000000000004,177.38,176.253,65.1,55.0,30.1,100.0,67.6,88.2,94.6,87.5,93.3,90.2,93.4,19.158,5,5,5,39.393
8.37,4.0,42.486999999999995,44.741,41.316,46.869,177.164,176.065,65.1,55.0,30.1,100.0,67.6,88.2,94.6,87.5,93.3,90.2,93.4,18.990000000000002,5,5,5,39.384
8.39,4.0,42.811,44.779,41.159,46.282,177.004,175.888,65.1,55.0,30.1,100.0,67.6,88.2,94.6,87.5,93.3,90.2,93.4,19.057000000000002,5,5,5,39.36
8.41,4.0,42.641999999999996,44.315,40.897,47.711999999999996,176.766,175.711,65.1,55.0,30.1,100.0,67.6,88.2,94.6,87.5,93.3,90.2,93.4,19.064999999999998,5,5,5,39.355999999999995
8.43,4.0,42.451,44.348,40.946999999999996,47.606,176.595,175.523,65.1,55.0,30.1,100.0,67.6,88.2,94.6,87.5,93.3,90.2,93.4,19.102,5,5,5,39.345
8.45,4.0,42.657,44.486,40.913000000000004,47.869,176.41299999999998,175.347,65.1,55.0,30.1,100.0,67.6,88.2,94.6,87.5,93.3,90.2,93.4,19.02,5,5,5,39.307
8.47,4.0,42.851,43.845,40.868,48.001000000000005,176.231,175.192,65.1,55.0,30.1,100.0,67.6,88.2,94.6,87.5,93.3,90.2,93.4,19.152,5,5,5,39.28
8.49,4.0,42.656,44.277,40.805,48.113,176.02700000000002,174.993,65.1,55.0,30.1,100.0,67.6,88.2,94.6,87.5,93.3,90.2,93.4,19.177,5,5,5,39.260999999999996
8.51,4.0,42.592,44.492,40.852,46.843,175.811,174.816,65.1,55.0,30.1,100.0,67.6,88.2,94.6,87.5,93.3,90.2,93.4,19.099,5,5,5,39.245999999999995
8.53,4.0,43.165,44.192,40.589,45.805,175.629,174.639,65.3,55.1,30.1,99.8,67.6,88.2,94.6,87.5,93.3,90.2,93.4,19.174,5,5,5,39.238
8.55,4.0,42.638000000000005,44.406,40.829,42.096,175.481,174.407,65.3,55.1,30.1,99.8,67.6,88.2,94.6,87.5,93.3,90.2,93.4,19.137999999999998,5,5,5,39.328
8.57,4.0,42.611,44.083,40.793,43.437,175.287,174.263,65.3,55.1,30.1,99.8,67.6,88.2,94.6,87.5,93.3,90.2,93.4,19.345,5,5,5,39.531
8.59,4.0,42.724000000000004,44.461,40.756,40.245,175.071,174.075,65.3,55.1,30.1,99.8,67.6,88.2,94.6,87.5,93.3,90.2,93.4,19.223,5,5,5,39.715
8.61,4.0,42.016,44.079,40.858000000000004,39.219,174.866,173.92,65.3,55.1,30.1,99.8,67.6,88.2,94.6,87.5,93.3,90.2,93.4,19.243000000000002,5,5,5,39.893
8.63,4.0,42.658,43.802,40.466,40.303000000000004,174.752,173.721,65.3,55.1,30.1,99.8,67.6,88.2,94.6,87.5,93.3,90.2,93.4,19.424,5,5,5,40.015
8.65,4.0,42.295,43.916,40.382,40.067,174.491,173.577,65.3,55.1,30.1,99.8,67.6,88.2,94.6,87.5,93.3,90.2,93.4,19.258,5,5,5,40.078
8.67,4.0,42.569,43.923,40.289,40.253,174.286,173.334,65.3,55.1,30.1,99.8,67.6,88.2,94.6,87.5,93.3,90.2,93.4,19.15,5,5,5,40.076
8.69,4.0,42.906,44.027,40.116,39.434,174.10299999999998,173.179,65.3,55.1,30.1,99.8,67.6,88.2,94.6,87.5,93.3,90.2,93.4,19.253,5,5,5,40.008
8.71,4.0,42.464,43.988,39.915,42.178000000000004,173.91,173.002,65.3,55.1,30.1,99.8,67.6,88.2,94.6,87.5,93.3,90.2,93.4,19.319000000000003,5,5,5,40.039
8.73,4.0,42.698,43.547,39.78,40.918,173.75,172.814,65.3,55.1,30.1,99.8,67.6,88.2,94.6,87.5,93.3,90.2,93.4,19.415999999999997,5,5,5,40.069
8.75,4.0,42.162,43.321,39.521,42.442,173.625,172.648,65.3,55.1,30.1,99.8,67.6,88.2,94.6,87.5,93.3,90.2,93.4,19.434,5,5,5,40.069
8.77,4.0,42.194,43.507,39.426,41.824,173.363,172.46,65.3,55.1,30.1,99.8,67.6,88.2,94.6,87.5,93.3,90.2,93.4,19.412,5,5,5,40.009
8.79,4.0,42.565,43.173,39.150999999999996,43.226,173.204,172.306,65.3,55.1,30.1,99.8,67.6,88.2,94.6,87.5,93.3,90.2,93.4,19.314,5,5,5,39.956999999999994
8.81,4.0,42.419000000000004,42.957,39.038000000000004,43.128,172.987,172.14,65.3,55.1,30.1,99.8,67.6,88.2,94.6,87.5,93.3,90.2,93.4,19.506,5,5,5,39.898
8.83,4.0,42.554,42.454,39.162,43.816,172.816,171.996,65.3,55.1,30.1,99.8,67.6,88.2,94.6,87.5,93.3,90.2,93.4,19.352,5,5,5,39.796
8.85,4.0,41.743,42.735,38.969,44.226,172.622,171.786,65.3,55.1,30.1,99.8,67.6,88.2,94.6,87.5,93.3,90.2,93.4,19.437,5,5,5,39.727
8.87,4.0,41.648,42.402,38.99,45.466,172.428,171.565,65.3,55.1,30.1,99.8,67.6,88.2,94.6,87.5,93.3,90.2,93.4,19.367,5,5,5,39.656
8.89,4.0,41.655,42.709,39.013000000000005,46.74100000000001,172.269,171.44299999999998,65.3,55.1,30.1,99.8,67.6,88.2,94.6,87.5,93.3,90.2,93.4,19.362000000000002,5,5,5,39.55
8.91,4.0,41.486999999999995,42.515,38.99,47.50899999999999,172.05200000000002,171.28799999999998,65.3,55.1,30.1,99.8,67.6,88.2,94.6,87.5,93.3,90.2,93.4,20.2,5,5,5,39.449
8.93,4.0,41.466,42.734,38.924,47.985,171.892,171.13299999999998,65.3,55.1,30.1,99.8,67.6,88.2,94.6,87.5,93.3,90.2,93.4,20.168,5,5,5,39.35
8.95,4.0,42.099000000000004,42.448,38.973,48.875,171.721,170.97799999999998,65.3,55.1,30.1,99.8,67.6,88.2,94.6,87.5,93.3,90.2,93.4,19.872,5,5,5,39.288
8.97,4.0,41.352,42.571,38.874,48.946000000000005,171.561,170.82299999999998,65.3,55.1,30.1,99.8,67.6,88.2,94.6,87.5,93.3,90.2,93.4,20.060000000000002,5,5,5,39.215999999999994
8.99,4.0,41.748000000000005,42.525999999999996,38.955999999999996,49.872,171.356,170.64600000000002,65.3,55.1,30.1,99.8,67.6,88.2,94.6,87.5,93.3,90.2,93.4,19.990000000000002,5,5,5,39.146
9.01,4.0,41.696,42.85,39.211999999999996,50.06100000000001,171.207,170.513,65.3,55.1,30.1,99.8,67.6,88.2,94.6,87.5,93.3,90.2,93.4,19.826999999999998,5,5,5,39.079
9.03,4.0,41.618,42.669000000000004,39.144,51.185,171.013,170.336,65.3,55.1,30.1,99.8,67.6,88.2,94.6,87.5,93.3,90.2,93.4,19.891,5,5,5,38.993
9.05,4.0,41.816,42.484,39.205,51.211999999999996,170.85299999999998,170.215,65.3,55.1,30.1,99.8,67.6,88.2,94.6,87.5,93.3,90.2,93.4,20.073,5,5,5,38.943
9.07,4.0,41.553000000000004,42.135999999999996,39.54,51.613,170.67,170.126,65.3,55.1,30.1,99.8,67.6,88.2,94.6,87.5,93.3,90.2,93.4,19.845999999999997,5,5,5,38.918000000000006
9.09,4.0,41.681999999999995,42.756,39.275,52.70399999999999,170.533,169.96,65.3,55.1,30.1,99.8,67.6,88.2,94.6,87.5,93.3,90.2,93.4,20.088,5,5,5,38.882
9.11,4.0,41.865,42.93,39.368,47.131,170.35,169.838,65.3,55.1,30.1,99.8,67.6,88.2,94.6,87.5,93.3,90.2,93.4,20.07,5,5,5,38.846000000000004
9.13,4.0,41.686,42.363,39.563,47.03,170.167,169.683,65.3,55.1,30.1,99.8,67.6,88.2,94.6,87.5,93.3,90.2,93.4,20.031,5,5,5,38.926
9.15,4.0,41.830999999999996,43.363,39.685,43.97,170.03,169.55,65.3,55.1,30.1,99.8,67.6,88.2,94.6,87.5,93.3,90.2,93.4,19.98,5,5,5,39.05800000000001
9.17,4.0,41.814,43.114000000000004,39.621,43.616,169.835,169.384,65.3,55.1,30.1,99.8,67.6,88.2,94.6,87.5,93.3,90.2,93.4,19.894,5,5,5,39.230999999999995
9.19,4.0,41.584,43.353,39.816,44.995,169.664,169.218,65.3,55.1,30.1,99.8,67.6,88.2,94.6,87.5,93.3,90.2,93.4,20.063,5,5,5,39.349000000000004
9.21,4.0,41.574,43.32,39.952,43.497,169.53799999999998,169.085,65.3,55.1,30.1,99.8,67.6,88.2,94.6,87.5,93.3,90.2,93.4,19.942999999999998,5,5,5,39.370999999999995
9.23,4.0,41.893,43.146,39.68,44.935,169.343,168.941,65.3,55.1,30.1,99.8,67.6,88.2,94.6,87.5,93.3,90.2,93.4,20.027,5,5,5,39.374
9.25,4.0,41.639,43.141,39.658,44.754,169.217,168.775,65.3,55.1,30.1,99.8,67.6,88.2,94.6,87.5,93.3,90.2,93.4,19.948,5,5,5,39.357
9.27,4.0,41.336999999999996,43.269,39.571,46.403,169.034,168.609,65.3,55.1,30.1,99.8,67.6,88.2,94.6,87.5,93.3,90.2,93.4,19.938,5,5,5,39.355000000000004
9.29,4.0,41.419000000000004,42.916,39.768,46.007,168.862,168.44299999999998,65.3,55.1,30.1,99.8,67.6,88.2,94.6,87.5,93.3,90.2,93.4,20.099,5,5,5,39.30800000000001
9.31,4.0,41.342,42.972,39.78,47.152,168.713,168.35399999999998,65.3,55.1,30.1,99.8,67.6,88.2,94.6,87.5,93.3,90.2,93.4,19.926,5,5,5,39.278000000000006
9.33,4.0,41.255,43.644,39.760999999999996,47.501999999999995,168.575,168.17700000000002,65.3,55.1,30.1,99.8,67.6,88.2,94.6,87.5,93.3,90.2,93.4,19.92,5,5,5,39.262
9.35,4.0,41.999,43.14,39.448,47.731,168.392,168.01,65.3,55.1,30.1,99.8,67.6,88.2,94.6,87.5,93.3,90.2,93.4,20.145,5,5,5,39.219
9.37,4.0,41.654,43.164,39.604,47.97,168.243,167.889,65.3,55.1,30.1,99.8,67.6,88.2,94.6,87.5,93.3,90.2,93.4,20.037,5,5,5,39.191
9.39,4.0,41.361,43.074,39.5,48.262,168.071,167.733,65.3,55.1,30.1,99.8,67.6,88.2,94.6,87.5,93.3,90.2,93.4,20.009999999999998,5,5,5,39.126
9.41,4.0,41.297,42.914,39.49,48.753,167.887,167.578,65.3,55.1,30.1,99.8,67.6,88.2,94.6,87.5,93.3,90.2,93.4,20.212,5,5,5,39.107
9.43,4.0,41.132,43.378,39.683,48.70399999999999,167.726,167.401,65.3,55.1,30.1,99.8,67.6,88.2,94.6,87.5,93.3,90.2,93.4,20.014000000000003,5,5,5,39.051
9.45,4.0,41.215,42.181999999999995,39.782,49.766999999999996,167.543,167.256,65.3,55.1,30.1,99.8,67.6,88.2,94.6,87.5,93.3,90.2,93.4,20.015,5,5,5,39.001999999999995
9.47,4.0,41.126,43.0,39.744,49.845,167.428,167.123,65.3,55.1,30.1,99.8,67.6,88.2,94.6,87.5,93.3,90.2,93.4,20.11,5,5,5,38.982
9.49,4.0,41.721,43.584,39.472,49.791000000000004,167.244,166.99,65.3,55.1,30.1,99.8,67.6,88.2,94.6,87.5,93.3,90.2,93.4,20.2,5,5,5,38.95
9.51,4.0,41.838,42.782,39.495,50.302,167.106,166.846,65.3,55.1,30.1,99.8,67.6,88.2,94.6,87.5,93.3,90.2,93.4,20.174,5,5,5,38.939
9.53,4.0,41.398,42.908,39.683,50.48,166.922,166.702,65.3,55.1,30.1,99.8,67.6,88.2,94.6,87.5,93.3,90.2,93.4,20.092,5,5,5,38.926
9.55,4.0,41.225,43.359,39.83,50.798,166.761,166.591,65.3,55.1,30.1,99.8,67.6,88.2,94.6,87.5,93.3,90.2,93.4,20.164,5,5,5,38.878
9.57,4.0,41.18,43.149,39.751999999999995,50.383,166.611,166.446,65.3,55.1,30.1,99.8,67.6,88.2,94.6,87.5,93.3,90.2,93.4,20.215,5,5,5,38.846000000000004
9.59,4.0,41.53,43.585,39.796,50.93899999999999,166.439,166.291,65.3,55.1,30.1,99.8,67.6,88.2,94.6,87.5,93.3,90.2,93.4,20.125,5,5,5,38.828
9.61,4.0,41.74,43.455999999999996,39.531,46.415,166.266,166.158,65.3,55.1,30.1,99.8,67.6,88.2,94.6,87.5,93.3,90.2,93.4,20.281,5,5,5,38.804
9.63,4.0,41.086,42.96,39.852,45.282,166.116,166.002,65.3,55.1,30.1,99.8,67.6,88.2,94.6,87.5,93.3,90.2,93.4,20.335,5,5,5,38.916
9.65,4.0,41.41,43.575,39.688,43.164,165.966,165.891,65.3,55.1,30.1,99.8,67.6,88.2,94.6,87.5,93.3,90.2,93.4,20.4,5,5,5,39.068
9.67,4.0,41.01,43.513000000000005,39.72,44.56,165.79399999999998,165.735,65.3,55.1,30.1,99.8,67.6,88.2,94.6,87.5,93.3,90.2,93.4,20.195,5,5,5,39.227
9.69,4.0,41.81,43.621,39.325,45.047,165.655,165.58,65.3,55.1,30.1,99.8,67.6,88.2,94.6,87.5,93.3,90.2,93.4,20.23,5,5,5,39.303
9.71,4.0,41.312,43.211,39.51,44.211999999999996,165.528,165.424,65.3,55.1,30.1,99.8,67.6,88.2,94.6,87.5,93.3,90.2,93.4,20.189999999999998,5,5,5,39.288
9.73,4.0,41.096,43.221,39.59,43.816,165.355,165.313,65.3,55.1,30.1,99.8,67.6,88.2,94.6,87.5,93.3,90.2,93.4,20.154000000000003,5,5,5,39.272
9.75,4.0,41.403,43.713,39.473,45.806,165.217,165.124,65.3,55.1,30.1,99.8,67.6,88.2,94.6,87.5,93.3,90.2,93.4,20.256,5,5,5,39.268
9.77,4.0,41.648,43.144,39.096,44.7,165.067,165.024,65.3,55.1,30.1,99.8,67.6,88.2,94.6,87.5,93.3,90.2,93.4,20.131,5,5,5,39.245000000000005
9.79,4.0,41.49,43.830999999999996,39.218,46.157,164.905,164.846,65.3,55.1,30.1,99.8,67.6,88.2,94.6,87.5,93.3,90.2,93.4,20.106,5,5,5,39.219
9.81,4.0,41.44,43.461,39.045,41.763000000000005,164.766,164.724,65.3,55.1,30.1,99.8,67.6,88.2,94.6,87.5,93.3,90.2,93.4,20.267000000000003,5,5,5,39.197
9.83,4.0,41.208,43.257,39.076,46.547,164.57,164.546,65.3,55.1,30.1,99.8,67.6,88.2,94.6,87.5,93.3,90.2,93.4,20.250999999999998,5,5,5,39.211
9.85,4.0,41.285,43.756,38.859,41.952,164.42,164.39,65.3,55.1,30.1,99.8,67.6,88.2,94.64399999999999,87.5,93.3,90.2,93.4,20.439999999999998,5,5,5,39.206999999999994
9.87,4.0,41.431999999999995,42.973,38.705,41.256,164.292,164.267,65.3,55.1,30.1,99.8,67.6,88.2,94.668,87.5,93.3,90.2,93.4,20.179000000000002,5,5,5,39.215999999999994
9.89,4.0,41.054,43.503,38.921,40.824,164.13,164.167,65.3,55.1,30.1,99.8,67.6,88.2,94.682,87.5,93.3,90.2,93.4,20.045,5,5,5,39.35
9.91,4.0,41.471,43.624,38.8,42.715,163.922,163.933,65.3,55.1,30.1,99.8,67.6,88.2,94.69,87.5,93.3,90.2,93.4,20.948,5,5,5,39.541
9.93,4.0,41.346,43.314,38.375,40.126,163.806,163.855,65.3,55.1,30.1,99.8,67.6,88.2,94.694,87.5,93.3,90.2,93.4,20.239,5,5,5,39.586
9.95,4.0,40.74,43.609,38.347,42.299,163.667,163.688,65.3,55.1,30.1,99.8,67.6,88.2,94.697,87.5,93.3,90.2,93.4,20.147,5,5,5,39.592
9.97,4.0,40.463,43.613,38.215,41.688,163.505,163.577,65.3,55.1,30.1,99.8,67.6,88.2,94.69800000000001,87.5,93.3,90.2,93.4,20.282,5,5,5,39.545
9.99,4.0,40.702,43.201,38.221,43.834,163.35399999999998,163.398,65.3,55.1,30.1,99.8,67.6,88.2,94.699,87.5,93.3,90.2,93.4,19.886,5,5,5,39.516999999999996
10.01,4.0,40.96,43.042,37.93,43.624,163.215,163.265,65.3,55.1,30.1,99.8,67.6,88.2,94.699,87.5,93.3,90.2,93.4,20.179000000000002,5,5,5,39.458
10.03,4.0,40.969,43.236999999999995,37.99,44.884,163.041,163.12,65.3,55.1,30.1,99.8,67.6,88.2,94.7,87.5,93.3,90.2,93.4,20.203,5,5,5,39.41
10.05,4.0,40.991,42.346,37.751999999999995,45.421,162.925,162.997,65.3,55.1,30.1,99.8,67.6,88.2,94.7,87.5,93.3,90.2,93.4,20.006,5,5,5,39.353
10.07,4.0,40.653,42.238,37.978,45.949,162.751,162.841,65.3,55.1,30.1,99.8,67.6,88.2,94.7,87.5,93.35,90.2,93.4,20.102,5,5,5,39.316
10.09,4.0,40.811,42.801,37.668,46.854,162.576,162.72899999999998,65.3,55.1,30.1,99.8,67.6,88.2,94.7,87.5,93.416,90.2,93.4,20.011,5,5,5,39.269999999999996
10.11,4.0,41.041,42.516,37.797,46.948,162.44799999999998,162.57299999999998,65.3,55.1,30.1,99.8,67.6,88.2,94.7,87.5,93.453,90.2,93.4,20.282,5,5,5,39.212
10.13,4.0,40.846,42.991,37.646,47.898999999999994,162.321,162.428,65.3,55.1,30.1,99.8,67.6,88.2,94.7,87.5,93.473,90.2,93.4,20.419,5,5,5,39.146
10.15,4.0,40.424,43.479,37.332,48.233000000000004,162.134,162.327,65.3,55.1,30.1,99.8,67.6,88.2,94.7,87.5,93.485,90.2,93.4,20.052999999999997,5,5,5,39.105000000000004
10.17,4.0,41.369,42.763000000000005,37.208,48.146,161.995,162.215,65.3,55.1,30.1,99.8,67.6,88.2,94.7,87.5,93.492,90.2,93.4,20.168,5,5,5,39.013999999999996
10.19,4.0,40.929,42.62,37.219,49.901,161.855,162.059,65.3,55.1,30.1,99.8,67.6,88.2,94.7,87.5,93.495,90.2,93.4,20.39,5,5,5,38.982
10.21,4.0,40.84,42.718,37.406,49.343,161.727,161.914,65.3,55.1,30.1,99.8,67.6,88.2,94.7,87.5,93.497,90.2,93.4,20.610999999999997,5,5,5,38.937
10.23,4.0,40.63,42.415,37.271,50.28,161.55200000000002,161.80200000000002,65.3,55.1,30.1,99.8,67.6,88.2,94.7,87.5,93.499,90.2,93.4,20.42,5,5,5,38.874
10.25,4.0,40.497,42.806,37.231,50.865,161.435,161.657,65.3,55.1,30.1,99.8,67.6,88.2,94.7,87.5,93.499,90.2,93.4,20.133,5,5,5,38.828
10.27,4.0,40.293,42.898,37.045,50.35,161.26,161.578,65.3,55.1,30.1,99.8,67.6,88.2,94.7,87.5,93.5,90.2,93.4,20.302999999999997,5,5,5,38.783
10.29,4.0,40.859,43.123000000000005,37.035,51.128,161.097,161.41,65.3,55.1,30.1,99.8,67.6,88.2,94.7,87.5,93.5,90.2,93.4,20.575,5,5,5,38.739999999999995
10.31,4.0,40.138000000000005,43.03,37.299,51.488,160.969,161.276,65.3,55.1,30.1,99.8,67.6,88.2,94.7,87.5,93.5,90.2,93.4,20.341,5,5,5,38.702
10.33,4.0,40.949,42.391999999999996,37.498000000000005,51.461999999999996,160.828,161.164,65.3,55.1,30.1,99.8,67.6,88.2,94.7,87.5,93.5,90.2,93.4,20.492,5,5,5,38.671
10.35,4.0,40.491,42.869,37.624,51.806000000000004,160.688,161.064,65.3,55.1,30.1,99.8,67.6,88.2,94.7,87.5,93.5,90.2,93.4,20.527,5,5,5,38.648
10.37,4.0,40.788000000000004,42.876999999999995,37.355,51.023999999999994,160.525,160.907,65.3,55.1,30.1,99.8,67.6,88.2,94.7,87.5,93.5,90.2,93.4,20.726,5,5,5,38.611000000000004
10.39,4.0,40.792,43.084,37.3,51.132,160.41899999999998,160.784,65.3,55.1,30.1,99.8,67.6,88.2,94.7,87.5,93.5,90.2,93.4,20.956,5,5,5,38.583
10.41,4.0,40.333,42.539,37.746,50.897,160.279,160.716,65.3,55.1,30.1,99.8,67.6,88.2,94.7,87.5,93.5,90.2,93.4,20.964,5,5,5,38.534000000000006
10.43,4.0,40.608000000000004,42.264,37.495,51.62,160.138,160.60399999999998,65.3,55.1,30.1,99.8,67.6,88.2,94.7,87.5,93.5,90.2,93.4,20.872,5,5,5,38.518
10.45,4.0,40.516,42.591,37.445,51.281000000000006,159.939,160.447,65.3,55.1,30.1,99.8,67.6,88.2,94.7,87.5,93.5,90.2,93.4,20.826999999999998,5,5,5,38.519999999999996
10.47,4.0,39.778,43.155,37.91,50.42100000000001,159.881,160.279,65.3,55.1,30.1,99.8,67.6,88.2,94.7,87.5,93.5,90.2,93.4,20.904000000000003,5,5,5,38.515
10.49,4.0,40.482,43.819,37.708,50.62,159.69299999999998,160.22299999999998,65.3,55.1,30.1,99.8,67.6,88.2,94.7,87.5,93.5,90.2,93.4,20.539,5,5,5,38.510000000000005
10.51,4.0,39.846,43.033,37.941,50.382,159.54,160.04399999999998,65.3,55.1,30.1,99.8,67.6,88.2,94.7,87.5,93.5,90.25,93.4,20.314999999999998,5,5,5,38.506
10.53,4.0,40.399,43.958,37.813,50.147,159.4,159.954,65.3,55.1,30.2,99.7,67.4,88.2,94.7,87.5,93.5,90.316,93.4,20.402,5,5,5,38.503
10.55,4.0,40.939,43.347,37.62,50.111000000000004,159.317,159.85299999999998,65.3,55.1,30.2,99.7,67.4,88.2,94.7,87.5,93.5,90.35300000000001,93.4,20.264000000000003,5,5,5,38.5
10.57,4.0,40.571999999999996,43.549,37.709,50.102,159.129,159.673,65.3,55.1,30.2,99.7,67.4,88.2,94.7,87.5,93.5,90.373,93.4,20.266,5,5,5,38.498000000000005
10.59,4.0,40.061,43.779,37.834,50.098,159.035,159.594,65.3,55.1,30.2,99.7,67.4,88.2,94.7,87.5,93.5,90.385,93.4,20.383,5,5,5,38.499
10.61,4.0,40.609,43.559,37.678000000000004,50.115,158.835,159.44799999999998,65.3,55.1,30.2,99.7,67.4,88.2,94.7,87.5,93.5,90.392,93.4,20.195,5,5,5,38.491
10.63,4.0,40.04,43.544000000000004,37.385,50.025,158.70600000000002,159.325,65.3,55.1,30.2,99.7,67.4,88.2,94.7,87.5,93.5,90.395,93.4,19.957,5,5,5,38.492
10.65,4.0,39.972,43.861999999999995,37.361999999999995,49.434,158.577,159.134,65.3,55.1,30.2,99.7,67.4,88.2,94.7,87.5,93.5,90.39699999999999,93.4,19.856,5,5,5,38.489999999999995
10.67,4.0,40.593,43.172,36.9,45.062,158.482,159.089,65.3,55.1,30.2,99.7,67.4,88.2,94.7,87.5,93.5,90.398,93.4,20.432000000000002,5,5,5,38.504999999999995
10.69,4.0,40.064,42.95,36.263000000000005,46.272,158.306,158.931,65.3,55.1,30.2,99.7,67.4,88.2,94.7,87.5,93.5,90.399,93.4,20.244,5,5,5,38.721000000000004
10.71,4.0,40.529,43.965,36.089,44.922,158.19899999999998,158.796,65.3,55.1,30.2,99.7,67.4,88.2,94.7,87.5,93.5,90.4,93.4,20.110999999999997,5,5,5,38.855999999999995
10.73,4.0,40.133,43.357,35.302,44.86,158.058,158.70600000000002,65.3,55.1,30.2,99.7,67.4,88.2,94.7,87.5,93.5,90.4,93.4,19.924,5,5,5,38.916
10.75,4.0,39.985,43.547,35.43,45.299,157.963,158.616,65.3,55.1,30.2,99.7,67.4,88.2,94.7,87.5,93.5,90.4,93.4,19.937,5,5,5,38.93
10.77,4.0,40.069,44.063,35.269000000000005,44.309,157.834,158.447,65.3,55.1,30.2,99.7,67.4,88.2,94.7,87.5,93.5,90.4,93.4,20.164,5,5,5,38.928
10.79,4.0,40.272,43.421,36.528000000000006,45.968999999999994,157.656,158.391,65.3,55.1,30.2,99.7,67.4,88.2,94.7,87.525,93.5,90.4,93.4,20.259999999999998,5,5,5,38.925
10.81,4.0,39.961999999999996,43.921,36.4,45.812,157.526,158.222,65.3,55.1,30.2,99.7,67.4,88.2,94.7,87.602,93.5,90.4,93.4,20.15,5,5,5,38.888999999999996
10.83,4.0,40.028,43.755,36.187,47.063,157.455,158.086,65.3,55.1,30.2,99.7,67.4,88.2,94.7,87.645,93.5,90.4,93.4,20.172,5,5,5,38.876
10.85,4.0,39.881,43.525,36.22,46.9,157.266,157.996,65.3,55.1,30.2,99.7,67.4,88.2,94.7,87.669,93.5,90.4,93.4,20.288,5,5,5,38.854
10.87,4.0,39.984,43.781,38.03,47.597,157.065,157.816,65.3,55.1,30.2,99.7,67.4,88.2,94.7,87.682,93.5,90.4,93.4,20.219,5,5,5,38.842
10.89,4.0,39.637,44.239000000000004,38.03,47.483000000000004,157.041,157.703,65.3,55.1,30.2,99.7,67.4,88.2,94.7,87.69,93.5,90.4,93.4,19.594,5,5,5,38.812
10.91,4.0,39.768,43.509,37.849000000000004,47.345,156.863,157.567,65.3,55.1,30.2,99.7,67.4,88.2,94.7,87.694,93.5,90.4,93.4,19.331,5,5,5,38.791
10.93,4.0,40.0,43.619,38.083,47.763999999999996,156.709,157.387,65.3,55.1,30.2,99.7,67.4,88.2,94.7,87.697,93.5,90.4,93.4,19.231,5,5,5,38.771
10.95,4.0,40.607,44.159,37.701,48.211999999999996,156.567,157.285,65.3,55.1,30.2,99.7,67.4,88.2,94.7,87.69800000000001,93.5,90.4,93.4,19.240000000000002,5,5,5,38.75
10.97,4.0,40.07,43.631,38.093,48.497,156.436,157.20600000000002,65.3,55.1,30.2,99.7,67.4,88.2,94.7,87.699,93.5,90.4,93.4,19.155,5,5,5,38.712
10.99,4.0,39.943000000000005,42.765,38.185,48.551,156.329,157.025,65.3,55.1,30.2,99.7,67.4,88.2,94.7,87.699,93.5,90.4,93.4,19.28,5,5,5,38.67
11.01,4.0,40.001,43.925,37.858000000000004,48.833,156.175,156.946,65.3,55.1,30.2,99.7,67.4,88.2,94.7,87.7,93.5,90.4,93.4,19.264000000000003,5,5,5,38.666
11.03,4.0,40.138000000000005,43.758,37.634,49.004,156.056,156.878,65.3,55.1,30.2,99.7,67.4,88.2,94.7,87.7,93.5,90.4,93.4,19.250999999999998,5,5,5,38.66
11.05,4.0,40.323,43.887,37.593,49.347,155.937,156.685,65.3,55.1,30.2,99.7,67.4,88.2,94.7,87.7,93.5,90.4,93.4,19.282,5,5,5,38.633
11.07,4.0,40.39,43.364000000000004,37.911,49.233000000000004,155.79399999999998,156.606,65.3,55.1,30.2,99.7,67.4,88.2,94.7,87.7,93.5,90.4,93.4,19.34,5,5,5,38.592
11.09,4.0,39.779,43.658,38.336,49.318000000000005,155.66299999999998,156.459,65.3,55.1,30.2,99.7,67.4,88.2,94.7,87.7,93.5,90.4,93.4,19.381999999999998,5,5,5,38.556
11.11,4.0,40.035,43.404,37.974000000000004,49.486999999999995,155.52,156.346,65.3,55.1,30.2,99.7,67.4,88.2,94.7,87.7,93.5,90.4,93.4,19.299,5,5,5,38.539
11.13,4.0,40.303000000000004,43.515,38.037,49.823,155.376,156.19799999999998,65.3,55.1,30.2,99.7,67.4,88.2,94.7,87.7,93.5,90.4,93.4,19.235,5,5,5,38.524
11.15,4.0,39.525999999999996,43.602,37.983000000000004,49.766000000000005,155.269,156.13,65.3,55.1,30.2,99.7,67.4,88.2,94.725,87.7,93.5,90.4,93.4,19.271,5,5,5,38.513999999999996
11.17,4.0,39.891999999999996,43.747,38.126,49.591,155.15,156.017,65.3,55.1,30.2,99.7,67.4,88.2,94.80199999999999,87.7,93.5,90.4,93.4,19.152,5,5,5,38.499
11.19,4.0,40.056999999999995,43.658,37.995,50.114,154.97,155.881,65.3,55.1,30.2,99.7,67.4,88.2,94.845,87.7,93.5,90.4,93.4,19.042,5,5,5,38.497
11.21,4.0,40.071,43.514,38.006,49.861999999999995,154.851,155.767,65.3,55.1,30.2,99.7,67.4,88.2,94.869,87.7,93.5,90.4,93.4,19.1,5,5,5,38.491
11.23,4.0,39.975,43.721,37.812,49.983999999999995,154.731,155.62,65.3,55.1,30.2,99.7,67.4,88.2,94.882,87.7,93.5,90.4,93.4,19.073,5,5,5,38.489000000000004
11.25,4.0,39.659,43.286,37.935,49.923,154.623,155.517,65.3,55.1,30.2,99.7,67.4,88.2,94.89,87.7,93.5,90.4,93.4,19.117,5,5,5,38.486999999999995
11.27,4.0,39.619,43.338,37.916,50.037,154.444,155.404,65.3,55.1,30.2,99.7,67.4,88.2,94.89399999999999,87.7,93.5,90.4,93.4,19.093,5,5,5,38.476
11.29,4.0,39.919000000000004,43.569,37.809,49.839,154.34799999999998,155.29,65.3,55.1,30.2,99.7,67.4,88.2,94.89699999999999,87.7,93.5,90.4,93.488,19.005000000000003,5,5,5,38.461
11.31,4.0,40.271,43.327,37.958,49.853,154.204,155.154,65.3,55.1,30.2,99.7,67.4,88.2,94.898,87.7,93.5,90.4,93.53699999999999,18.937,5,5,5,38.445
11.33,4.0,39.719,43.626,37.96,49.873000000000005,154.06,155.085,65.3,55.1,30.2,99.7,67.4,88.2,94.899,87.7,93.5,90.4,93.564,18.905,5,5,5,38.449
11.35,4.0,39.115,43.601,38.039,49.696999999999996,153.964,154.915,65.3,55.1,30.2,99.7,67.4,88.2,94.899,87.7,93.5,90.4,93.58,18.991,5,5,5,38.447
11.37,4.0,39.847,43.896,37.841,49.75,153.83100000000002,154.846,65.3,55.1,30.2,99.7,67.4,88.2,94.9,87.7,93.5,90.4,93.589,19.006,5,5,5,38.449
11.39,4.0,39.444,44.025,37.999,49.49100000000001,153.66299999999998,154.71,65.3,55.1,30.2,99.7,67.4,88.2,94.9,87.7,93.5,90.4,93.594,19.042,5,5,5,38.444
11.41,4.0,39.650999999999996,43.715,37.814,49.236000000000004,153.579,154.584,65.3,55.1,30.2,99.7,67.4,88.2,94.9,87.7,93.5,90.4,93.596,19.043,5,5,5,38.443
11.43,4.0,40.037,43.219,37.823,49.467,153.434,154.493,65.3,55.1,30.2,99.7,67.4,88.2,94.9,87.7,93.5,90.4,93.598,19.008,5,5,5,38.441
11.45,4.0,39.661,43.965,37.86,49.471000000000004,153.326,154.368,65.3,55.1,30.2,99.7,67.4,88.2,94.9,87.7,93.5,90.4,93.59899999999999,19.026,5,5,5,38.446
11.47,4.0,39.86,43.553000000000004,37.838,49.53,153.181,154.254,65.3,55.1,30.2,99.7,67.4,88.2,94.9,87.7,93.5,90.4,93.59899999999999,18.979,5,5,5,38.443
11.49,4.0,39.39,43.580999999999996,38.077,49.703,153.061,154.151,65.3,55.1,30.2,99.7,67.4,88.2,94.9,87.7,93.5,90.4,93.6,18.937,5,5,5,38.444
11.51,4.0,39.525999999999996,43.35,37.745,49.603,152.892,154.014,65.3,55.1,30.2,99.7,67.4,88.2,94.9,87.7,93.5,90.4,93.6,18.884,5,5,5,38.44
11.53,4.0,39.891999999999996,43.751999999999995,37.733000000000004,49.422,152.855,153.934,65.3,55.1,30.2,99.7,67.4,88.2,94.9,87.7,93.5,90.4,93.6,19.002000000000002,5,5,5,38.44199999999999
11.55,4.0,39.435,42.949,37.795,49.175,152.686,153.82,65.3,55.1,30.2,99.7,67.4,88.2,94.9,87.7,93.5,90.4,93.6,19.033,5,5,5,38.443
11.57,4.0,39.671,43.746,37.669000000000004,47.938,152.541,153.637,65.3,55.1,30.2,99.7,67.4,88.2,94.9,87.7,93.5,90.4,93.6,19.130000000000003,5,5,5,38.432
11.59,4.0,39.673,43.147,37.54,49.051,152.42,153.534,65.3,55.1,30.2,99.7,67.4,88.2,94.9,87.7,93.5,90.4,93.6,19.029000000000003,5,5,5,38.465999999999994
11.61,4.0,39.459,43.437,37.495,47.611000000000004,152.311,153.431,65.3,55.1,30.2,99.7,67.4,88.2,94.9,87.7,93.5,90.4,93.6,19.159,5,5,5,38.468
11.63,4.0,39.418,43.758,37.548,47.985,152.153,153.339,65.3,55.1,30.2,99.7,67.4,88.2,94.9,87.7,93.5,90.4,93.6,19.119,5,5,5,38.465999999999994
11.65,4.0,39.537,42.857,37.34,48.162,152.056,153.259,65.3,55.1,30.2,99.7,67.4,88.2,94.9,87.7,93.5,90.4,93.6,19.067999999999998,5,5,5,38.469
11.67,4.0,39.413000000000004,43.803000000000004,37.247,47.578,151.898,153.179,65.3,55.1,30.2,99.7,67.4,88.2,94.9,87.7,93.55,90.4,93.6,19.094,5,5,5,38.477
11.69,4.0,39.400999999999996,43.945,37.385999999999996,48.393,151.80100000000002,153.053,65.3,55.1,30.2,99.7,67.4,88.2,94.9,87.7,93.616,90.4,93.6,19.143,5,5,5,38.471000000000004
11.71,4.0,39.241,43.608000000000004,37.196,48.003,151.68,152.92700000000002,65.3,55.1,30.2,99.7,67.4,88.2,94.9,87.7,93.653,90.4,93.6,19.081,5,5,5,38.469
11.73,4.0,39.306,43.515,37.292,48.626000000000005,151.558,152.789,65.3,55.1,30.2,99.7,67.4,88.2,94.9,87.7,93.673,90.4,93.6,19.064999999999998,5,5,5,38.471000000000004
11.75,4.0,39.302,43.903,36.849000000000004,48.725,151.436,152.66299999999998,65.3,55.1,30.2,99.7,67.4,88.2,94.9,87.7,93.685,90.4,93.6,19.189,5,5,5,38.465999999999994
11.77,4.0,39.763000000000005,42.832,36.711,48.585,151.30200000000002,152.56,65.3,55.1,30.2,99.7,67.4,88.2,94.9,87.7,93.692,90.4,93.6,19.062,5,5,5,38.465999999999994
11.79,4.0,39.117,43.575,36.757,49.022,151.241,152.491,65.3,55.1,30.2,99.7,67.4,88.2,94.9,87.7,93.695,90.4,93.6,19.114,5,5,5,38.464
11.81,4.0,39.271,43.683,36.4,48.836000000000006,151.071,152.341,65.3,55.1,30.2,99.7,67.4,88.2,94.9,87.7,93.697,90.4,93.6,19.180999999999997,5,5,5,38.453
11.83,4.0,39.5,43.264,36.077,50.532,150.937,152.284,65.3,55.1,30.2,99.7,67.4,88.2,94.9,87.7,93.699,90.4,93.6,19.262,5,5,5,38.444
11.85,4.0,38.991,43.62,36.167,51.501000000000005,150.827,152.157,65.3,55.1,30.2,99.7,67.4,88.2,94.9,87.7,93.699,90.4,93.6,19.149,5,5,5,38.378
11.87,4.0,38.963,43.632,35.891,52.16,150.741,152.042,65.3,55.1,30.2,99.7,67.4,88.2,94.9,87.7,93.7,90.4,93.6,19.176,5,5,5,38.263000000000005
11.89,4.0,39.429,43.117,36.042,53.648,150.582,151.881,65.3,55.1,30.2,99.7,67.4,88.2,94.9,87.7,93.7,90.4,93.6,20.076999999999998,5,5,5,38.169
11.91,4.0,39.048,43.545,35.66,54.88,150.435,151.789,65.3,55.1,30.2,99.7,67.4,88.2,94.9,87.7,93.7,90.4,93.6,19.915,5,5,5,38.049
11.93,4.0,38.861,43.705,35.384,55.763999999999996,150.386,151.697,65.3,55.1,30.2,99.7,67.4,88.2,94.9,87.7,93.7,90.4,93.6,19.836,5,5,5,37.900999999999996
11.95,4.0,38.717,43.565,35.044,56.99100000000001,150.215,151.616,65.3,55.1,30.2,99.7,67.4,88.2,94.9,87.7,93.7,90.4,93.6,19.884999999999998,5,5,5,37.734
11.97,4.0,38.958,43.694,34.089,57.78,150.055,151.489,65.3,55.1,30.2,99.7,67.4,88.2,94.9,87.7,93.7,90.4,93.6,19.918,5,5,5,37.599000000000004
11.99,4.0,39.239000000000004,43.874,35.806,58.808,149.981,151.385,65.3,55.1,30.2,99.7,67.4,88.2,94.9,87.7,93.7,90.4,93.6,19.923000000000002,5,5,5,37.427
12.01,4.0,39.207,43.779,36.546,59.585,149.859,151.328,65.3,55.1,30.2,99.7,67.4,88.2,94.9,87.7,93.7,90.4,93.6,19.95,5,5,5,37.285
12.03,4.0,39.095,43.96,36.547,60.346000000000004,149.748,151.27,65.3,55.1,30.2,99.7,67.4,88.2,94.9,87.7,93.7,90.469,93.6,20.0,5,5,5,37.123000000000005
12.05,4.0,38.702,44.431,36.845,61.645,149.55100000000002,151.108,65.3,55.1,30.2,99.7,67.4,88.2,94.9,87.7,93.7,90.52600000000001,93.6,19.835,5,5,5,37.006
12.07,4.0,38.577,44.348,36.796,62.174,149.539,151.097,65.3,55.1,30.2,99.7,67.4,88.2,94.9,87.7,93.7,90.558,93.6,19.975,5,5,5,36.842
12.09,4.0,39.036,44.858000000000004,36.561,62.96,149.465,150.97,65.3,55.1,30.2,99.7,67.4,88.2,94.9,87.7,93.7,90.577,93.6,19.868000000000002,5,5,5,36.745000000000005
12.11,4.0,39.778,45.17,36.504000000000005,63.861999999999995,149.317,150.923,65.3,55.1,30.2,99.7,67.4,88.2,94.9,87.7,93.7,90.587,93.6,19.839,5,5,5,36.631
12.13,4.0,38.914,45.076,36.327,64.36500000000001,149.144,150.83100000000002,65.3,55.1,30.2,99.7,67.4,88.2,94.9,87.7,93.7,90.593,93.6,19.845999999999997,5,5,5,36.501
12.15,4.0,39.149,45.295,35.744,65.158,149.058,150.808,65.3,55.1,30.2,99.7,67.4,88.2,94.9,87.75,93.7,90.596,93.6,19.871,5,5,5,36.402
12.17,4.0,39.080999999999996,45.708,36.171,65.562,149.033,150.762,65.3,55.1,30.2,99.7,67.4,88.2,94.9,87.816,93.7,90.598,93.6,19.872,5,5,5,36.307
12.19,4.0,38.783,46.216,36.538,66.69200000000001,148.84799999999998,150.66899999999998,65.3,55.1,30.2,99.7,67.4,88.2,94.9,87.85300000000001,93.7,90.59899999999999,93.6,19.779000000000003,5,5,5,36.208
12.21,4.0,38.925,47.369,37.0,66.007,148.761,150.611,65.3,55.1,30.2,99.7,67.4,88.2,94.9,87.873,93.7,90.59899999999999,93.6,19.869,5,5,5,36.123000000000005
12.23,4.0,38.85,47.32899999999999,38.629,67.127,148.613,150.518,65.3,55.1,30.2,99.7,67.4,88.2,94.9,87.885,93.7,90.6,93.6,19.769,5,5,5,36.052
12.25,4.0,38.941,47.757,38.955999999999996,66.02600000000001,148.588,150.403,65.3,55.1,30.2,99.7,67.4,88.2,94.987,87.892,93.7,90.6,93.6,19.856,5,5,5,35.963
12.27,4.0,38.889,48.946000000000005,39.096,67.463,148.42700000000002,150.379,65.3,55.1,30.2,99.7,67.4,88.2,95.03699999999999,87.895,93.7,90.6,93.6,19.732999999999997,5,5,5,35.918000000000006
12.29,4.0,39.080999999999996,48.735,39.236999999999995,66.88,148.241,150.298,65.3,55.1,30.2,99.7,67.4,88.2,95.064,87.89699999999999,93.7,90.6,93.6,19.949,5,5,5,35.863
12.31,4.0,39.128,49.6,39.523,67.14,148.216,150.24,65.3,55.1,30.2,99.7,67.4,88.2,95.08,87.898,93.7,90.6,93.6,19.787,5,5,5,35.833
12.33,4.0,39.226,49.915,39.659,67.025,148.154,150.205,65.3,55.1,30.2,99.7,67.4,88.2,95.089,87.899,93.7,90.6,93.6,19.957,5,5,5,35.789
12.35,4.0,38.996,50.193000000000005,39.836,67.273,148.042,150.089,65.3,55.1,30.2,99.7,67.4,88.2,95.094,87.9,93.7,90.6,93.6,19.871,5,5,5,35.785
12.37,4.0,39.167,50.504,39.922,66.84,147.918,149.985,65.3,55.1,30.2,99.7,67.4,88.2,95.096,87.9,93.7,90.6,93.6,19.898,5,5,5,35.748000000000005
12.39,4.0,39.439,51.778999999999996,39.798,66.877,147.855,149.915,65.3,55.1,30.2,99.7,67.4,88.2,95.098,87.9,93.7,90.6,93.6,19.860999999999997,5,5,5,35.709
12.41,4.0,39.296,51.782,40.257,66.108,147.768,149.811,65.3,55.1,30.2,99.7,67.4,88.2,95.09899999999999,87.9,93.7,90.6,93.6,19.853,5,5,5,35.71
12.43,4.0,39.804,52.711999999999996,40.298,66.173,147.644,149.776,65.3,55.1,30.2,99.7,67.4,88.2,95.09899999999999,87.9,93.7,90.6,93.6,19.816,5,5,5,35.71
12.45,4.0,39.718,52.86600000000001,40.465,65.191,147.519,149.613,65.3,55.1,30.2,99.7,67.4,88.2,95.1,87.9,93.7,90.6,93.6,19.912,5,5,5,35.706
12.47,4.0,39.691,53.257,40.75,64.78800000000001,147.457,149.543,65.3,55.1,30.2,99.7,67.4,88.2,95.1,87.9,93.7,90.6,93.6,19.77,5,5,5,35.699
12.49,4.0,40.077,53.021,41.014,64.102,147.332,149.42700000000002,65.3,55.1,30.2,99.7,67.4,88.2,95.1,87.9,93.7,90.6,93.6,19.812,5,5,5,35.71
12.51,4.0,39.933,54.086000000000006,40.979,63.534,147.269,149.322,65.3,55.1,30.2,99.7,67.4,88.2,95.1,87.9,93.7,90.6,93.6,19.869,5,5,5,35.717
12.53,4.0,40.458,53.758,41.016,63.19,147.157,149.252,65.2,55.1,30.2,99.5,67.4,88.2,95.1,87.9,93.7,90.6,93.6,19.828,5,5,5,35.721999999999994
12.55,4.0,40.21,54.394,41.19,62.908,147.019,149.14700000000002,65.2,55.1,30.2,99.5,67.4,88.2,95.1,87.9,93.7,90.6,93.6,19.667,5,5,5,35.727
12.57,4.0,40.309,54.678000000000004,41.137,62.802,146.93200000000002,149.031,65.2,55.1,30.2,99.5,67.4,88.2,95.1,87.9,93.7,90.6,93.6,19.759999999999998,5,5,5,35.728
12.59,4.0,40.667,54.549,41.355,62.715,146.869,148.879,65.2,55.1,30.2,99.5,67.4,88.2,95.1,87.9,93.7,90.6,93.6,19.788,5,5,5,35.732
12.61,4.0,40.654,55.54600000000001,41.126999999999995,62.635,146.743,148.891,65.2,55.1,30.2,99.5,67.4,88.25,95.1,87.9,93.7,90.6,93.6,19.723,5,5,5,35.736000000000004
12.63,4.0,41.247,55.008,41.065,62.559,146.681,148.727,65.2,55.1,30.2,99.5,67.4,88.316,95.1,87.9,93.7,90.6,93.6,19.764000000000003,5,5,5,35.730999999999995
12.65,4.0,41.092,55.168,41.16,62.36,146.605,148.622,65.2,55.1,30.2,99.5,67.4,88.35300000000001,95.1,87.9,93.7,90.6,93.6,19.756999999999998,5,5,5,35.730000000000004
12.67,4.0,41.033,55.658,41.371,61.835,146.455,148.447,65.2,55.1,30.2,99.5,67.4,88.373,95.1,87.9,93.7,90.6,93.6,19.807000000000002,5,5,5,35.738
12.69,4.0,41.181999999999995,55.468,41.501,61.75899999999999,146.379,148.365,65.2,55.1,30.2,99.5,67.4,88.385,95.1,87.9,93.7,90.6,93.6,19.773,5,5,5,35.739000000000004
12.71,4.0,41.654,55.678000000000004,41.292,61.227,146.291,148.341,65.2,55.1,30.2,99.5,67.4,88.392,95.1,87.9,93.7,90.6,93.6,19.772,5,5,5,35.736999999999995
12.73,4.0,41.981,55.893,41.333,61.321999999999996,146.178,148.178,65.2,55.1,30.2,99.5,67.4,88.395,95.1,87.9,93.7,90.6,93.6,19.749000000000002,5,5,5,35.742
12.75,4.0,42.021,56.263999999999996,41.358000000000004,61.128,146.09,148.084,65.2,55.1,30.2,99.5,67.4,88.39699999999999,95.1,87.9,93.7,90.6,93.6,19.744,5,5,5,35.736999999999995
12.77,4.0,41.848,56.026,41.692,61.409,145.964,147.908,65.2,55.1,30.2,99.5,67.4,88.398,95.1,87.9,93.7,90.6,93.6,19.723,5,5,5,35.734
12.79,4.0,42.185,56.745,41.101,61.714,145.85,147.826,65.2,55.1,30.2,99.5,67.4,88.399,95.1,87.9,93.7,90.6,93.669,19.774,5,5,5,35.739000000000004
12.81,4.0,42.174,56.044,41.111,61.706,145.724,147.732,65.2,55.1,30.2,99.5,67.4,88.4,95.1,87.9,93.7,90.6,93.726,19.845,5,5,5,35.736999999999995
12.83,4.0,42.13,56.633,40.317,61.86600000000001,145.673,147.60299999999998,65.2,55.1,30.2,99.5,67.4,88.4,95.1,87.9,93.7,90.6,93.758,19.78,5,5,5,35.734
12.85,4.0,42.348,56.523,40.801,61.571999999999996,145.547,147.54399999999998,65.2,55.1,30.2,99.5,67.4,88.4,95.1,87.9,93.7,90.6,93.777,19.982,5,5,5,35.734
12.87,4.0,42.65,56.69,40.954,61.528,145.446,147.415,65.2,55.1,30.2,99.5,67.4,88.4,95.1,87.9,93.7,90.6,93.78699999999999,19.779000000000003,5,5,5,35.734
12.89,4.0,42.925,56.742,41.23,61.341,145.37,147.356,65.2,55.1,30.2,99.5,67.4,88.4,95.1,87.9,93.75,90.6,93.793,20.147,5,5,5,35.736999999999995
12.91,4.0,43.034,57.086999999999996,40.954,61.413999999999994,145.205,147.215,65.2,55.1,30.2,99.5,67.4,88.4,95.1,87.9,93.816,90.6,93.796,20.189999999999998,5,5,5,35.738
12.93,4.0,42.641,56.67100000000001,41.698,61.725,145.10299999999998,147.12,65.2,55.1,30.2,99.5,67.4,88.4,95.1,87.9,93.85300000000001,90.6,93.798,20.171,5,5,5,35.738
12.95,4.0,43.077,56.661,42.342,61.96,145.129,146.944,65.2,55.1,30.2,99.5,67.4,88.4,95.1,87.9,93.873,90.6,93.79899999999999,20.213,5,5,5,35.736000000000004
12.97,4.0,42.998000000000005,56.754,42.59,61.88399999999999,144.925,146.849,65.2,55.1,30.2,99.5,67.4,88.4,95.1,87.9,93.885,90.6,93.79899999999999,20.309,5,5,5,35.733000000000004
12.99,4.0,42.785,57.008,42.804,61.778999999999996,144.849,146.849,65.2,55.1,30.2,99.5,67.4,88.4,95.1,87.9,93.892,90.6,93.8,20.064,5,5,5,35.736000000000004
13.01,4.0,43.373000000000005,57.129,42.407,61.812,144.722,146.672,65.2,55.1,30.2,99.5,67.4,88.4,95.1,87.9,93.895,90.6,93.8,20.281,5,5,5,35.736000000000004
13.03,4.0,43.624,56.756,42.425,61.641999999999996,144.62,146.531,65.2,55.1,30.2,99.5,67.4,88.4,95.1,87.9,93.89699999999999,90.6,93.8,20.131999999999998,5,5,5,35.732
13.05,4.0,43.079,56.833,42.691,61.824,144.582,146.542,65.2,55.1,30.2,99.5,67.4,88.4,95.1,87.9,93.898,90.6,93.8,20.082,5,5,5,35.733000000000004
13.07,4.0,43.567,57.467,42.793,61.851000000000006,144.467,146.341,65.2,55.1,30.2,99.5,67.4,88.4,95.1,87.9,93.899,90.6,93.8,20.239,5,5,5,35.739000000000004
13.09,4.0,43.778,57.278999999999996,42.418,62.218999999999994,144.327,146.282,65.2,55.1,30.2,99.5,67.4,88.4,95.1,87.9,93.9,90.6,93.8,20.002000000000002,5,5,5,35.736999999999995
13.11,4.0,43.403,57.286,42.753,62.196999999999996,144.224,146.17600000000002,65.2,55.1,30.2,99.5,67.4,88.4,95.1,87.9,93.9,90.6,93.8,20.092,5,5,5,35.736000000000004
13.13,4.0,43.695,57.155,42.508,61.95399999999999,144.135,146.069,65.2,55.1,30.2,99.5,67.4,88.4,95.1,87.9,93.9,90.6,93.8,20.112000000000002,5,5,5,35.735
13.15,4.0,43.887,56.613,42.608000000000004,61.895,144.007,145.951,65.2,55.1,30.2,99.5,67.4,88.4,95.1,87.9,93.9,90.6,93.8,20.026,5,5,5,35.739000000000004
13.17,4.0,43.835,57.753,42.429,61.861000000000004,143.879,145.808,65.2,55.1,30.2,99.5,67.4,88.4,95.1,87.9,93.9,90.6,93.8,20.070999999999998,5,5,5,35.738
13.19,4.0,44.043,57.574,42.591,61.95,143.815,145.69,65.2,55.1,30.2,99.5,67.4,88.4,95.1,87.9,93.9,90.6,93.8,19.936,5,5,5,35.739000000000004
13.21,4.0,44.129,57.114,42.221,61.937,143.738,145.618,65.2,55.1,30.2,99.5,67.4,88.4,95.188,87.9,93.9,90.6,93.8,20.191,5,5,5,35.736999999999995
13.23,4.0,43.975,56.876000000000005,42.553000000000004,62.153,143.584,145.535,65.2,55.1,30.2,99.5,67.4,88.4,95.237,87.9,93.9,90.6,93.8,20.036,5,5,5,35.739000000000004
13.25,4.0,43.937,57.597,42.38,62.425,143.52,145.381,65.2,55.1,30.2,99.5,67.4,88.4,95.264,87.9,93.9,90.6,93.8,20.040999999999997,5,5,5,35.741
13.27,4.0,44.381,57.364,42.273,62.07,143.417,145.309,65.2,55.1,30.2,99.5,67.4,88.4,95.28,87.9,93.9,90.6,93.8,20.130000000000003,5,5,5,35.738
13.29,4.0,44.232,56.986999999999995,42.284,61.91,143.314,145.238,65.2,55.1,30.2,99.5,67.4,88.4,95.289,87.9,93.9,90.6,93.8,20.203,5,5,5,35.738
13.31,4.0,43.916,58.104,42.312,61.799,143.224,145.107,65.2,55.1,30.2,99.5,67.4,88.4,95.294,87.9,93.9,90.6,93.8,20.110999999999997,5,5,5,35.733000000000004
13.33,4.0,44.186,57.818000000000005,42.222,61.86,143.095,145.023,65.2,55.1,30.2,99.5,67.4,88.4,95.296,87.9,93.9,90.694,93.8,20.244999999999997,5,5,5,35.741
13.35,4.0,44.049,57.5,42.194,62.068000000000005,142.99099999999999,144.916,65.2,55.1,30.2,99.5,67.4,88.4,95.298,87.9,93.9,90.78399999999999,93.8,20.11,5,5,5,35.739999999999995
13.37,4.0,44.828,57.721000000000004,42.283,62.068999999999996,142.88799999999998,144.844,65.2,55.1,30.2,99.5,67.4,88.4,95.29899999999999,87.9,93.9,90.835,93.8,20.203,5,5,5,35.739999999999995
13.39,4.0,44.482,57.611999999999995,42.071,61.898999999999994,142.798,144.67700000000002,65.2,55.1,30.2,99.5,67.4,88.4,95.29899999999999,87.9,93.9,90.863,93.8,20.279000000000003,5,5,5,35.741
13.41,4.0,43.996,57.669,42.199,61.806000000000004,142.68099999999998,144.61700000000002,65.2,55.1,30.2,99.5,67.4,88.4,95.3,87.9,93.9,90.87899999999999,93.8,20.197000000000003,5,5,5,35.735
13.43,4.0,45.038000000000004,57.50899999999999,42.079,61.555,142.668,144.51,65.2,55.1,30.2,99.5,67.4,88.4,95.3,87.9,93.9,90.888,93.8,20.241,5,5,5,35.736000000000004
13.45,4.0,43.856,57.593999999999994,42.244,62.225,142.474,144.414,65.2,55.1,30.2,99.5,67.4,88.4,95.3,87.987,93.9,90.893,93.8,20.286,5,5,5,35.739000000000004
13.47,4.0,44.54,57.74100000000001,42.118,63.053000000000004,142.35700000000003,144.29399999999998,65.2,55.1,30.2,99.5,67.4,88.4,95.3,88.03699999999999,93.9,90.896,93.8,20.363,5,5,5,35.704
13.49,4.0,44.918,57.685,41.866,63.589,142.38299999999998,144.211,65.2,55.1,30.2,99.5,67.4,88.4,95.3,88.064,93.9,90.898,93.8,20.122,5,5,5,35.676
13.51,4.0,44.748000000000005,57.795,42.092,64.706,142.149,144.067,65.2,55.1,30.2,99.5,67.4,88.4,95.3,88.08,93.9,90.899,93.8,20.172,5,5,5,35.635000000000005
13.53,4.0,44.319,58.03,41.957,64.96100000000001,142.097,144.019,65.2,55.1,30.2,99.5,67.4,88.4,95.3,88.089,93.9,90.899,93.8,20.192999999999998,5,5,5,35.596000000000004
13.55,4.0,44.656,57.691,42.095,66.312,142.006,143.899,65.2,55.1,30.2,99.5,67.4,88.4,95.3,88.094,93.9,90.9,93.8,20.201999999999998,5,5,5,35.548
13.57,4.0,45.101,57.813,41.975,66.27199999999999,141.876,143.815,65.2,55.1,30.2,99.5,67.4,88.4,95.3,88.096,93.9,90.9,93.8,20.296,5,5,5,35.438
13.59,4.0,44.95,58.225,42.546,68.042,141.746,143.634,65.2,55.1,30.2,99.5,67.4,88.4,95.3,88.098,93.9,90.9,93.8,20.173000000000002,5,5,5,35.385999999999996
13.61,4.0,45.076,57.783,42.733000000000004,67.079,141.733,143.634,65.2,55.1,30.2,99.5,67.4,88.4,95.3,88.09899999999999,93.9,90.9,93.8,20.268,5,5,5,35.305
13.63,4.0,44.774,58.497,42.561,68.803,141.64100000000002,143.53799999999998,65.2,55.1,30.2,99.5,67.4,88.4,95.3,88.09899999999999,93.9,90.9,93.8,20.228,5,5,5,35.257
13.65,4.0,44.253,58.313,42.65,67.83,141.43200000000002,143.406,65.2,55.1,30.2,99.5,67.4,88.4,95.3,88.1,93.9,90.9,93.8,20.213,5,5,5,35.197
13.67,4.0,45.104,58.143,42.599000000000004,68.964,141.288,143.273,65.2,55.1,30.2,99.5,67.4,88.4,95.3,88.1,93.9,90.9,93.8,20.302,5,5,5,35.161
13.69,4.0,45.032,58.034,42.566,68.881,141.275,143.297,65.2,55.1,30.2,99.5,67.4,88.4,95.3,88.1,93.9,90.9,93.8,20.379,5,5,5,35.084
13.71,4.0,45.143,58.181999999999995,42.489000000000004,68.825,141.131,143.129,65.2,55.1,30.2,99.5,67.4,88.4,95.3,88.1,93.9,90.9,93.8,20.27,5,5,5,35.056
13.73,4.0,44.914,58.497,42.524,70.109,141.026,142.996,65.2,55.1,30.2,99.5,67.4,88.4,95.3,88.1,93.9,90.9,93.8,20.369999999999997,5,5,5,34.978
13.75,4.0,44.795,58.472,42.561,69.725,140.95999999999998,142.923,65.2,55.1,30.2,99.5,67.4,88.4,95.3,88.1,93.9,90.9,93.8,20.384,5,5,5,34.917
13.77,4.0,44.707,58.13399999999999,42.418,70.751,140.881,142.875,65.2,55.1,30.2,99.5,67.4,88.4,95.3,88.1,93.9,90.9,93.8,20.354,5,5,5,34.881
13.79,4.0,44.72,58.813,42.263000000000005,69.85300000000001,140.776,142.718,65.2,55.1,30.2,99.5,67.4,88.4,95.3,88.1,93.9,90.9,93.8,20.188,5,5,5,34.837
13.81,4.0,44.34,58.803000000000004,42.349000000000004,69.801,140.671,142.74200000000002,65.2,55.1,30.2,99.5,67.4,88.4,95.3,88.1,93.9,90.9,93.8,20.133,5,5,5,34.818
13.83,4.0,44.759,59.07,42.047,68.41,140.433,142.45100000000002,65.2,55.1,30.2,99.5,67.4,88.4,95.3,88.1,93.9,90.9,93.8,20.195,5,5,5,34.809
13.85,4.0,44.492,59.185,41.718,67.967,140.407,142.30599999999998,65.2,55.1,30.2,99.5,67.4,88.4,95.3,88.1,93.9,90.9,93.8,20.086,5,5,5,34.811
13.87,4.0,45.114000000000004,59.282,41.766999999999996,66.301,140.222,142.148,65.2,55.1,30.2,99.5,67.4,88.4,95.3,88.1,93.9,90.9,93.8,19.32,5,5,5,34.811
13.89,4.0,44.781,59.858999999999995,41.567,65.878,140.16899999999998,142.124,65.2,55.1,30.2,99.5,67.4,88.4,95.3,88.1,93.9,90.9,93.8,19.04,5,5,5,34.855999999999995
13.91,4.0,45.012,59.905,41.69,64.547,140.089,142.099,65.2,55.1,30.2,99.5,67.4,88.4,95.3,88.1,93.9,90.9,93.8,19.025,5,5,5,34.879999999999995
13.93,4.0,44.643,60.415,41.438,63.945,139.877,141.941,65.2,55.1,30.2,99.5,67.4,88.4,95.3,88.1,93.9,90.9,93.8,19.164,5,5,5,34.919
13.95,4.0,44.705,59.842,41.463,63.36600000000001,139.89,141.747,65.2,55.1,30.2,99.5,67.4,88.4,95.3,88.1,93.9,90.9,93.8,19.015,5,5,5,34.965
13.97,4.0,44.769,59.909,41.455999999999996,64.072,139.93,141.89299999999997,65.2,55.1,30.2,99.5,67.4,88.4,95.3,88.1,93.9,90.9,93.8,19.0,5,5,5,35.04
13.99,4.0,44.943000000000005,60.472,41.211999999999996,63.297,139.851,141.79500000000002,65.2,55.1,30.2,99.5,67.4,88.4,95.3,88.1,93.9,90.9,93.8,19.089,5,5,5,35.049
14.01,4.0,44.743,59.898999999999994,41.28,63.846000000000004,139.798,141.73399999999998,65.2,55.1,30.2,99.5,67.4,88.4,95.3,88.1,93.9,90.9,93.8,19.171,5,5,5,35.046
14.03,4.0,45.148,59.965,41.205,64.391,139.77100000000002,141.57600000000002,65.2,55.1,30.2,99.5,67.4,88.4,95.3,88.1,93.9,90.9,93.8,19.048000000000002,5,5,5,35.044
14.05,4.0,45.446999999999996,59.761,41.018,63.827,139.572,141.564,65.2,55.1,30.2,99.5,67.4,88.4,95.3,88.1,93.9,90.9,93.8,18.878,5,5,5,35.048
14.07,4.0,44.861,59.666000000000004,41.006,64.16,139.345,141.30700000000002,65.2,55.1,30.2,99.5,67.4,88.4,95.3,88.1,93.9,90.9,93.8,19.134,5,5,5,35.046
14.09,4.0,44.89,59.76,40.336999999999996,62.827,139.238,141.075,65.2,55.1,30.2,99.5,67.4,88.4,95.3,88.1,93.9,90.9,93.8,19.1,5,5,5,35.046
14.11,4.0,45.202,60.198,40.802,62.85,139.10500000000002,141.014,65.2,55.1,30.2,99.5,67.4,88.4,95.3,88.1,93.9,90.9,93.8,19.252000000000002,5,5,5,35.071
14.13,4.0,44.814,59.623000000000005,40.305,61.926,139.038,140.879,65.2,55.1,30.2,99.5,67.4,88.4,95.3,88.1,93.9,90.9,93.8,19.103,5,5,5,35.081
14.15,4.0,44.817,59.699,40.203,61.532,138.957,140.82999999999998,65.2,55.1,30.2,99.5,67.4,88.4,95.3,88.1,93.9,90.9,93.8,19.072000000000003,5,5,5,35.078
14.17,4.0,45.49,60.50899999999999,40.147,61.122,138.904,140.928,65.2,55.1,30.2,99.5,67.4,88.4,95.3,88.1,93.9,90.9,93.8,19.070999999999998,5,5,5,35.114999999999995
14.19,4.0,45.159,60.059,40.22,60.8,138.837,140.82999999999998,65.2,55.1,30.2,99.5,67.4,88.4,95.3,88.1,93.9,90.9,93.8,19.174,5,5,5,35.134
14.21,4.0,44.774,60.456,40.436,60.887,138.81,140.756,65.2,55.1,30.2,99.5,67.4,88.4,95.3,88.1,93.9,90.9,93.8,19.04,5,5,5,35.165
14.23,4.0,44.939,60.945,40.121,60.423,138.70299999999997,140.769,65.2,55.1,30.2,99.5,67.4,88.4,95.3,88.1,93.9,90.9,93.8,19.180999999999997,5,5,5,35.185
14.25,4.0,45.23,60.126999999999995,40.032,60.12,138.622,140.63400000000001,65.2,55.1,30.2,99.5,67.4,88.4,95.3,88.1,93.9,90.9,93.8,19.122999999999998,5,5,5,35.229
14.27,4.0,44.694,60.18600000000001,40.038000000000004,59.898,138.56799999999998,140.498,65.2,55.1,30.2,99.5,67.4,88.4,95.3,88.1,93.9,90.9,93.8,19.156,5,5,5,35.239999999999995
14.29,4.0,45.353,60.855,39.846,59.673,138.39299999999997,140.38799999999998,65.2,55.1,30.2,99.5,67.4,88.4,95.3,88.1,93.95,90.9,93.825,19.281,5,5,5,35.257
14.31,4.0,45.54,60.438,39.505,59.268,138.29899999999998,140.30200000000002,65.2,55.1,30.2,99.5,67.4,88.4,95.387,88.1,94.016,90.9,93.902,19.399,5,5,5,35.278999999999996
14.33,4.0,45.343,61.13399999999999,40.114000000000004,59.167,138.178,140.14100000000002,65.2,55.1,30.2,99.5,67.4,88.4,95.437,88.1,94.053,90.9,93.945,19.347,5,5,5,35.282
14.35,4.0,45.571,59.966,39.684,59.372,138.07,140.03,65.2,55.1,30.2,99.5,67.4,88.4,95.464,88.1,94.07300000000001,90.9,93.969,19.380000000000003,5,5,5,35.287
14.37,4.0,45.091,60.591,39.986999999999995,59.537,138.07,139.94400000000002,65.2,55.1,30.2,99.5,67.4,88.4,95.48,88.1,94.085,90.9,93.982,19.445999999999998,5,5,5,35.283
14.39,4.0,45.484,60.339,39.823,59.527,137.98899999999998,139.95600000000002,65.2,55.1,30.2,99.5,67.4,88.487,95.48899999999999,88.1,94.092,90.9,93.99,19.413,5,5,5,35.287
14.41,4.0,45.569,59.67,39.555,59.678000000000004,137.88,139.796,65.2,55.1,30.2,99.5,67.4,88.53699999999999,95.494,88.1,94.095,90.9,93.994,19.301,5,5,5,35.286
14.43,4.0,45.336,60.4,39.478,59.724,137.731,139.67200000000003,65.2,55.1,30.2,99.5,67.4,88.564,95.49600000000001,88.1,94.097,90.9,93.997,19.281,5,5,5,35.278999999999996
14.45,4.0,45.086,60.073,39.486999999999995,60.063,137.65,139.623,65.2,55.1,30.2,99.5,67.4,88.58,95.498,88.1,94.098,90.9,93.998,19.167,5,5,5,35.284000000000006
14.47,4.0,45.251,60.571000000000005,39.455,60.305,137.596,139.598,65.2,55.1,30.2,99.5,67.4,88.589,95.499,88.1,94.09899999999999,90.9,93.999,19.333,5,5,5,35.287
14.49,4.0,45.266999999999996,60.308,39.016,60.003,137.501,139.449,65.2,55.1,30.2,99.5,67.4,88.594,95.499,88.1,94.1,90.9,93.999,19.290999999999997,5,5,5,35.283
14.51,4.0,45.472,60.263999999999996,39.113,60.39,137.406,139.36200000000002,65.2,55.1,30.2,99.5,67.4,88.596,95.5,88.1,94.1,90.9,94.0,19.242,5,5,5,35.287
14.53,4.0,45.355,60.315,39.439,60.992,137.29700000000003,139.238,65.0,55.1,30.2,99.5,67.3,88.598,95.5,88.188,94.1,90.9,94.0,19.168,5,5,5,35.292
14.55,4.0,45.317,60.342,39.254,61.228,137.188,139.20100000000002,65.0,55.1,30.2,99.5,67.3,88.59899999999999,95.5,88.237,94.1,90.9,94.0,19.269,5,5,5,35.286
14.57,4.0,45.25,60.784,39.426,61.43600000000001,137.16,139.027,65.0,55.1,30.2,99.5,67.3,88.59899999999999,95.5,88.264,94.1,90.9,94.0,19.105,5,5,5,35.284000000000006
14.59,4.0,45.241,60.471000000000004,39.656,61.211999999999996,137.024,138.95299999999997,65.0,55.1,30.2,99.5,67.3,88.6,95.5,88.28,94.1,90.9,94.0,19.191,5,5,5,35.281
14.61,4.0,45.088,60.873000000000005,39.531,61.408,136.95600000000002,138.878,65.0,55.1,30.2,99.5,67.3,88.6,95.5,88.289,94.1,90.9,94.0,19.232999999999997,5,5,5,35.287
14.63,4.0,45.183,60.308,39.413000000000004,61.573,136.805,138.70299999999997,65.0,55.1,30.2,99.5,67.3,88.6,95.5,88.294,94.1,90.9,94.0,19.161,5,5,5,35.285
14.65,4.0,45.359,60.326,39.385,61.613,136.709,138.70299999999997,65.0,55.1,30.2,99.5,67.3,88.6,95.5,88.296,94.1,90.9,94.0,19.000999999999998,5,5,5,35.28
14.67,4.0,45.161,60.361999999999995,39.37,61.744,136.572,138.541,65.0,55.1,30.2,99.5,67.3,88.6,95.5,88.298,94.1,90.9,94.0,19.144,5,5,5,35.282
14.69,4.0,45.536,60.426,39.332,61.815,136.54500000000002,138.429,65.0,55.1,30.2,99.5,67.3,88.6,95.5,88.29899999999999,94.1,90.9,94.0,19.066,5,5,5,35.283
14.71,4.0,45.336,60.672,38.887,61.766999999999996,136.38,138.379,65.0,55.1,30.2,99.5,67.3,88.6,95.5,88.29899999999999,94.1,90.9,94.0,19.164,5,5,5,35.282
14.73,4.0,45.327,60.41,38.687,61.684,136.352,138.279,65.0,55.1,30.2,99.5,67.3,88.6,95.5,88.3,94.1,90.9,94.0,19.044,5,5,5,35.285
14.75,4.0,45.464,60.312,38.747,61.531000000000006,136.352,138.316,65.0,55.1,30.2,99.5,67.3,88.6,95.5,88.3,94.1,90.9,94.0,19.070999999999998,5,5,5,35.284000000000006
14.77,4.0,45.451,60.148999999999994,39.054,61.685,136.173,138.103,65.0,55.1,30.2,99.5,67.3,88.6,95.5,88.3,94.1,90.9,94.0,19.246,5,5,5,35.286
14.79,4.0,45.607,60.754,39.075,61.70399999999999,136.10399999999998,138.066,65.0,55.1,30.2,99.5,67.3,88.6,95.5,88.3,94.1,90.9,94.0,19.069000000000003,5,5,5,35.282
14.81,4.0,45.641999999999996,60.396,38.674,61.68899999999999,136.063,138.003,65.0,55.1,30.2,99.5,67.3,88.6,95.5,88.3,94.1,90.9,94.0,19.012,5,5,5,35.288
14.83,4.0,45.269,60.623999999999995,40.396,61.63,135.966,137.89,65.0,55.1,30.2,99.5,67.3,88.6,95.5,88.3,94.1,90.9,94.0,18.957,5,5,5,35.287
14.85,4.0,45.055,60.617,40.508,61.231,135.842,137.765,65.0,55.1,30.2,99.5,67.3,88.6,95.5,88.3,94.1,90.9,94.0,18.975,5,5,5,35.288
14.87,4.0,44.995,60.895,40.348,61.373000000000005,135.75900000000001,137.67700000000002,65.0,55.1,30.2,99.5,67.3,88.6,95.5,88.3,94.1,90.9,94.0,19.55,5,5,5,35.286
14.89,4.0,45.251,60.994,40.404,60.863,135.662,137.601,65.0,55.1,30.2,99.5,67.3,88.6,95.5,88.3,94.1,90.9,94.0,19.36,5,5,5,35.287
14.91,4.0,45.441,60.448,40.34,61.111000000000004,135.593,137.538,65.0,55.1,30.2,99.5,67.3,88.6,95.5,88.3,94.1,90.9,94.0,19.369999999999997,5,5,5,35.286
14.93,4.0,44.928000000000004,60.91,40.166,61.38,135.48200000000003,137.463,65.0,55.1,30.2,99.5,67.3,88.6,95.5,88.3,94.1,90.9,94.0,19.435000000000002,5,5,5,35.283
14.95,4.0,45.662,60.503,39.965,61.598,135.426,137.374,65.0,55.1,30.2,99.5,67.3,88.6,95.5,88.3,94.1,90.9,94.0,19.386,5,5,5,35.283
14.97,4.0,45.359,60.551,40.306999999999995,61.61600000000001,135.301,137.274,65.0,55.1,30.2,99.5,67.3,88.6,95.5,88.3,94.1,90.95,94.0,19.435000000000002,5,5,5,35.286
14.99,4.0,45.025,60.107,40.376999999999995,61.45,135.231,137.236,65.0,55.1,30.2,99.5,67.3,88.6,95.5,88.3,94.1,91.016,94.0,19.432000000000002,5,5,5,35.289
15.01,4.0,45.243,60.32,40.146,61.441,135.12,137.135,65.0,55.1,30.2,99.5,67.3,88.6,95.5,88.3,94.1,91.053,94.0,19.407,5,5,5,35.286
15.03,4.0,45.632,60.474,39.946,60.95,135.106,137.059,65.0,55.1,30.2,99.5,67.3,88.6,95.5,88.3,94.1,91.07300000000001,94.0,19.411,5,5,5,35.28
15.05,4.0,44.97,60.236000000000004,39.917,61.148999999999994,134.952,136.92000000000002,65.0,55.1,30.2,99.5,67.3,88.6,95.5,88.3,94.1,91.085,94.0,19.354,5,5,5,35.286
15.07,4.0,45.516,60.648,39.707,61.437,134.91,136.76799999999997,65.0,55.1,30.2,99.5,67.3,88.6,95.5,88.3,94.1,91.092,94.0,19.451999999999998,5,5,5,35.289
15.09,4.0,45.41,60.688,39.885,61.623999999999995,134.784,136.666,65.0,55.1,30.2,99.5,67.3,88.6,95.5,88.3,94.1,91.095,94.0,19.481,5,5,5,35.284000000000006
15.11,4.0,45.080999999999996,60.226000000000006,39.677,62.106,134.686,136.654,65.0,55.1,30.2,99.5,67.3,88.6,95.5,88.3,94.1,91.097,94.0,19.502000000000002,5,5,5,35.287
15.13,4.0,45.005,59.972,39.789,61.761,134.602,136.527,65.0,55.1,30.2,99.5,67.3,88.6,95.5,88.3,94.1,91.098,94.0,19.500999999999998,5,5,5,35.286
15.15,4.0,45.384,60.151,39.665,61.56,134.546,136.501,65.0,55.1,30.2,99.5,67.3,88.6,95.5,88.3,94.1,91.09899999999999,94.0,19.465,5,5,5,35.286
15.17,4.0,45.329,60.295,39.654,61.302,134.44799999999998,136.399,65.0,55.1,30.2,99.5,67.3,88.6,95.5,88.3,94.1,91.1,94.0,19.329,5,5,5,35.282
15.19,4.0,45.214,59.715,39.505,61.775,134.349,136.285,65.0,55.1,30.2,99.5,67.3,88.6,95.5,88.3,94.1,91.1,94.0,19.415,5,5,5,35.281
15.21,4.0,45.031,60.059,39.603,61.922,134.30700000000002,136.247,65.0,55.1,30.2,99.5,67.3,88.6,95.5,88.3,94.1,91.1,94.0,19.461,5,5,5,35.289
15.23,4.0,45.162,60.287,39.364000000000004,62.148,134.13799999999998,136.158,65.0,55.1,30.2,99.5,67.3,88.6,95.5,88.3,94.1,91.1,94.0,19.519,5,5,5,35.29
15.25,4.0,44.823,59.979,39.334,62.158,134.06799999999998,136.10700000000003,65.0,55.1,30.2,99.5,67.3,88.6,95.5,88.3,94.1,91.1,94.0,19.497999999999998,5,5,5,35.295
15.27,4.0,45.131,60.06,39.21,61.997,133.95499999999998,136.03,65.0,55.1,30.2,99.5,67.3,88.6,95.5,88.3,94.1,91.1,94.0,19.538,5,5,5,35.293000000000006
15.29,4.0,44.842,60.611000000000004,38.941,61.843999999999994,133.926,135.91500000000002,65.0,55.1,30.2,99.5,67.3,88.6,95.5,88.3,94.1,91.1,94.0,19.552,5,5,5,35.292
15.31,4.0,45.082,59.815,39.004,61.801,133.87,135.749,65.0,55.1,30.2,99.5,67.3,88.6,95.5,88.3,94.1,91.1,94.0,19.528,5,5,5,35.292
15.33,4.0,45.153,60.391999999999996,38.963,61.821000000000005,133.77100000000002,135.762,65.0,55.1,30.2,99.5,67.3,88.6,95.5,88.3,94.1,91.1,94.0,19.549,5,5,5,35.294
15.35,4.0,44.868,59.864,39.005,61.893,133.6,135.685,65.0,55.1,30.2,99.5,67.3,88.6,95.5,88.3,94.1,91.1,94.0,19.515,5,5,5,35.294
15.37,4.0,45.121,59.937,38.948,61.863,133.572,135.659,65.0,55.1,30.2,99.5,67.3,88.6,95.5,88.3,94.1,91.1,94.0,19.766,5,5,5,35.302
15.39,4.0,44.912,60.301,38.902,61.839,133.515,135.441,65.0,55.1,30.2,99.5,67.3,88.6,95.5,88.3,94.1,91.1,94.0,19.625999999999998,5,5,5,35.292
15.41,4.0,44.918,60.037,38.329,61.701,133.416,135.429,65.0,55.1,30.2,99.5,67.3,88.6,95.5,88.3,94.1,91.1,94.0,19.54,5,5,5,35.293000000000006
15.43,4.0,44.641999999999996,59.828,38.278,61.607,133.401,135.377,65.0,55.1,30.2,99.5,67.3,88.6,95.5,88.3,94.1,91.1,94.0,19.676,5,5,5,35.287
15.45,4.0,44.644,59.863,38.727,61.644,133.245,135.3,65.0,55.1,30.2,99.5,67.3,88.6,95.5,88.3,94.1,91.1,94.0,19.658,5,5,5,35.282
15.47,4.0,44.955999999999996,59.613,38.76,61.419,133.14499999999998,135.197,65.0,55.1,30.2,99.5,67.3,88.6,95.5,88.3,94.1,91.1,94.0,19.602,5,5,5,35.291
15.49,4.0,45.391,59.742,39.3,61.166000000000004,133.088,135.14600000000002,65.0,55.1,30.2,99.5,67.3,88.6,95.587,88.3,94.1,91.1,94.0,19.775,5,5,5,35.29
15.51,4.0,44.925,60.533,39.791,61.012,132.973,134.99099999999999,65.0,55.1,30.2,99.5,67.3,88.6,95.637,88.3,94.1,91.1,94.0,19.769,5,5,5,35.292
15.53,4.0,45.309,59.445,39.992,60.782,132.916,134.92700000000002,65.0,55.1,30.2,99.5,67.3,88.6,95.664,88.3,94.1,91.1,94.0,19.802999999999997,5,5,5,35.289
15.55,4.0,44.339,60.05,39.949,60.763999999999996,132.85899999999998,134.863,65.0,55.1,30.2,99.5,67.3,88.6,95.68,88.3,94.1,91.1,94.0,19.854,5,5,5,35.28
15.57,4.0,45.088,59.799,40.032,60.917,132.744,134.785,65.0,55.1,30.2,99.5,67.3,88.6,95.689,88.3,94.1,91.1,94.0,19.894,5,5,5,35.287
15.59,4.0,45.15,60.385,39.844,60.742,132.687,134.591,65.0,55.1,30.2,99.5,67.3,88.6,95.694,88.3,94.1,91.1,94.0,19.701999999999998,5,5,5,35.284000000000006
15.61,4.0,44.575,60.178000000000004,39.952,61.041000000000004,132.615,134.656,65.0,55.1,30.2,99.5,67.3,88.6,95.696,88.3,94.1,91.1,94.0,19.951999999999998,5,5,5,35.278000000000006
15.63,4.0,44.786,60.157,39.801,61.376000000000005,132.5,134.60399999999998,65.0,55.1,30.2,99.5,67.3,88.6,95.69800000000001,88.3,94.1,91.1,94.0,19.735999999999997,5,5,5,35.284000000000006
15.65,4.0,44.684,60.181000000000004,39.89,61.986000000000004,132.428,134.475,65.0,55.1,30.2,99.5,67.3,88.6,95.699,88.3,94.1,91.1,94.0,19.899,5,5,5,35.288
15.67,4.0,44.411,60.091,39.859,62.135,132.342,134.31900000000002,65.0,55.1,30.2,99.5,67.3,88.6,95.699,88.3,94.1,91.1,94.0,20.021,5,5,5,35.283
15.69,4.0,44.722,60.059,39.856,62.333999999999996,132.226,134.31900000000002,65.0,55.1,30.2,99.5,67.3,88.6,95.7,88.3,94.1,91.1,94.0,19.826999999999998,5,5,5,35.281
15.71,4.0,44.749,59.832,39.692,62.343,132.212,134.202,65.0,55.1,30.2,99.5,67.3,88.6,95.7,88.3,94.1,91.1,94.0,19.889000000000003,5,5,5,35.283
15.73,4.0,44.844,59.643,39.666,61.724,132.096,134.11200000000002,65.0,55.1,30.2,99.5,67.3,88.6,95.7,88.3,94.1,91.1,94.0,19.934,5,5,5,35.281
15.75,4.0,44.598,59.887,39.422,62.498999999999995,132.024,134.11200000000002,65.0,55.1,30.2,99.5,67.3,88.6,95.7,88.3,94.1,91.1,94.0,19.877000000000002,5,5,5,35.283
15.77,4.0,44.579,59.266000000000005,39.792,62.461999999999996,131.923,133.995,65.0,55.1,30.2,99.5,67.3,88.6,95.7,88.3,94.1,91.1,94.0,19.868000000000002,5,5,5,35.282
15.79,4.0,44.551,59.153,39.871,62.118,131.836,133.929,65.0,55.1,30.2,99.5,67.3,88.6,95.7,88.387,94.15,91.1,94.0,19.856,5,5,5,35.273
15.81,4.0,44.539,59.302,39.593,62.332,131.70499999999998,133.851,65.0,55.1,30.2,99.5,67.3,88.6,95.7,88.437,94.21600000000001,91.1,94.0,19.939,5,5,5,35.263000000000005
15.83,4.0,44.602,59.428000000000004,39.591,62.379,131.647,133.773,65.0,55.1,30.2,99.5,67.3,88.6,95.7,88.464,94.253,91.1,94.0,19.880000000000003,5,5,5,35.269000000000005
15.85,4.0,44.398,59.771,39.757,62.33,131.559,133.64299999999997,65.0,55.1,30.2,99.5,67.3,88.6,95.7,88.48,94.273,91.1,94.0,19.807000000000002,5,5,5,35.266999999999996
15.87,4.0,44.775999999999996,59.922,39.485,62.492,131.574,133.61599999999999,65.0,55.1,30.2,99.5,67.3,88.6,95.7,88.48899999999999,94.285,91.1,94.0,20.546,5,5,5,35.266999999999996
15.89,4.0,44.043,60.2,39.618,62.157,131.399,133.564,65.0,55.1,30.2,99.5,67.3,88.6,95.7,88.494,94.292,91.1,94.0,20.353,5,5,5,35.271
15.91,4.0,43.82,59.52,39.539,62.071000000000005,131.32600000000002,133.473,65.0,55.1,30.2,99.5,67.3,88.6,95.7,88.49600000000001,94.295,91.1,94.0,20.435000000000002,5,5,5,35.268
15.93,4.0,44.638000000000005,59.513000000000005,39.509,62.244,131.26799999999997,133.381,65.0,55.1,30.2,99.5,67.3,88.6,95.7,88.498,94.297,91.1,94.0,20.492,5,5,5,35.266999999999996
15.95,4.0,44.172,60.03,39.458,62.343,131.151,133.35500000000002,65.0,55.1,30.2,99.5,67.3,88.6,95.7,88.499,94.29899999999999,91.1,94.0,20.578,5,5,5,35.254999999999995
15.97,4.0,44.22,59.715,39.248000000000005,62.05,131.16500000000002,133.316,65.0,55.1,30.2,99.5,67.3,88.6,95.7,88.499,94.29899999999999,91.1,94.0,20.307000000000002,5,5,5,35.260999999999996
15.99,4.0,44.078,59.501000000000005,39.375,61.701,131.063,133.211,65.0,55.1,30.2,99.5,67.3,88.6,95.7,88.5,94.3,91.1,94.0,20.447000000000003,5,5,5,35.263000000000005
16.01,4.0,44.04,59.778,39.454,61.805,130.975,133.14499999999998,65.0,55.1,30.2,99.5,67.3,88.6,95.7,88.5,94.3,91.1,94.0,20.332,5,5,5,35.259
16.03,4.0,44.168,59.723,39.23,61.812,130.843,133.106,65.0,55.1,30.2,99.5,67.3,88.6,95.7,88.5,94.3,91.1,94.0,20.244999999999997,5,5,5,35.258
16.05,4.0,44.093,59.257,39.075,61.841,130.82799999999997,132.92200000000003,65.0,55.1,30.2,99.5,67.3,88.6,95.7,88.5,94.3,91.1,94.0,20.223,5,5,5,35.263000000000005
16.07,4.0,44.006,59.876000000000005,39.378,61.986999999999995,130.725,132.935,65.0,55.1,30.2,99.5,67.3,88.6,95.7,88.5,94.3,91.1,94.025,20.305,5,5,5,35.260999999999996
16.09,4.0,43.914,59.806000000000004,39.243,61.896,130.592,132.82999999999998,65.0,55.1,30.2,99.5,67.3,88.6,95.7,88.5,94.3,91.1,94.102,20.462,5,5,5,35.257
16.11,4.0,43.653,59.292,39.186,61.718999999999994,130.563,132.724,65.0,55.1,30.2,99.5,67.3,88.6,95.7,88.5,94.3,91.1,94.145,20.355,5,5,5,35.253
16.13,4.0,43.736,59.9,39.083,61.623000000000005,130.45999999999998,132.658,65.0,55.1,30.2,99.5,67.3,88.6,95.7,88.5,94.3,91.1,94.169,20.326,5,5,5,35.256
16.15,4.0,43.772,58.906000000000006,39.016999999999996,61.35,130.445,132.553,65.0,55.1,30.2,99.5,67.3,88.6,95.7,88.5,94.3,91.1,94.182,20.15,5,5,5,35.249
16.17,4.0,43.492,59.446999999999996,39.187,61.663000000000004,130.267,132.51299999999998,65.0,55.1,30.2,99.5,67.3,88.6,95.7,88.5,94.3,91.1,94.19,20.307000000000002,5,5,5,35.254000000000005
16.19,4.0,43.678000000000004,59.27,39.135999999999996,61.851000000000006,130.223,132.421,65.0,55.1,30.2,99.5,67.3,88.6,95.7,88.5,94.3,91.1,94.194,20.339,5,5,5,35.256
16.21,4.0,43.859,59.552,38.823,61.86,130.179,132.381,65.0,55.1,30.2,99.5,67.3,88.688,95.7,88.5,94.3,91.1,94.197,20.451999999999998,5,5,5,35.254999999999995
16.23,4.0,43.698,59.258,38.893,62.065,130.04500000000002,132.235,65.0,55.1,30.2,99.5,67.3,88.737,95.7,88.5,94.3,91.1,94.19800000000001,20.521,5,5,5,35.253
16.25,4.0,43.496,59.691,38.83,61.61,129.986,132.14299999999997,65.0,55.1,30.2,99.5,67.3,88.764,95.7,88.5,94.3,91.1,94.199,20.320999999999998,5,5,5,35.256
16.27,4.0,43.131,59.231,39.007,61.593,129.86700000000002,132.14299999999997,65.0,55.1,30.2,99.5,67.3,88.78,95.7,88.5,94.3,91.1,94.199,20.235999999999997,5,5,5,35.25
16.29,4.0,43.341,59.242,38.792,61.678000000000004,129.822,132.05,65.0,55.1,30.2,99.5,67.3,88.789,95.7,88.5,94.3,91.1,94.2,20.407,5,5,5,35.249
16.31,4.0,43.508,59.763999999999996,38.71,61.773,129.762,131.94299999999998,65.0,55.1,30.2,99.5,67.3,88.794,95.7,88.5,94.3,91.1,94.2,20.156,5,5,5,35.249
16.33,4.0,43.522,59.724,38.6,62.083,129.673,131.86399999999998,65.0,55.1,30.2,99.5,67.3,88.796,95.7,88.5,94.3,91.1,94.2,20.384999999999998,5,5,5,35.253
16.35,4.0,43.726,59.339,38.649,62.028999999999996,129.613,131.94299999999998,65.0,55.1,30.2,99.5,67.3,88.798,95.7,88.5,94.3,91.1,94.2,20.627000000000002,5,5,5,35.256
16.37,4.0,43.68,59.485,38.477,62.056000000000004,129.50799999999998,131.744,65.0,55.1,30.2,99.5,67.3,88.79899999999999,95.7,88.5,94.3,91.1,94.2,20.485999999999997,5,5,5,35.254000000000005
16.39,4.0,43.173,58.821999999999996,38.59,61.839,129.478,131.611,65.0,55.1,30.2,99.5,67.3,88.79899999999999,95.7,88.5,94.3,91.1,94.2,20.573,5,5,5,35.257
16.41,4.0,43.467,59.16,38.34,61.845,129.358,131.611,65.0,55.1,30.2,99.5,67.3,88.8,95.7,88.5,94.3,91.1,94.2,20.426,5,5,5,35.25
16.43,4.0,43.628,59.434,38.299,61.816,129.343,131.504,65.0,55.1,30.2,99.5,67.3,88.8,95.7,88.5,94.3,91.1,94.2,20.409,5,5,5,35.254000000000005
16.45,4.0,43.364000000000004,59.449,38.12,62.022,129.223,131.49,65.0,55.1,30.2,99.5,67.3,88.8,95.7,88.5,94.3,91.1,94.2,20.404000000000003,5,5,5,35.25
16.47,4.0,43.059,59.732,38.256,61.858999999999995,129.238,131.343,65.0,55.1,30.2,99.5,67.3,88.8,95.7,88.5,94.3,91.1,94.2,20.25,5,5,5,35.248000000000005
16.49,4.0,43.144,59.25,38.32,61.967,129.088,131.303,65.0,55.1,30.2,99.5,67.3,88.8,95.7,88.5,94.3,91.1,94.2,20.354,5,5,5,35.245999999999995
16.51,4.0,42.94,59.295,38.241,61.975,128.95299999999997,131.142,65.0,55.1,30.2,99.5,67.3,88.8,95.7,88.5,94.3,91.1,94.2,20.046,5,5,5,35.236999999999995
16.53,4.0,43.18,59.548,38.171,61.635,128.95299999999997,131.209,64.8,55.0,30.3,99.5,67.2,88.8,95.7,88.5,94.3,91.1,94.2,20.192,5,5,5,35.241
16.55,4.0,43.08,59.031000000000006,38.065,61.827,128.86200000000002,131.102,64.8,55.0,30.3,99.5,67.2,88.8,95.7,88.5,94.3,91.1,94.2,20.137999999999998,5,5,5,35.242
16.57,4.0,42.914,58.732,37.978,61.59,128.80200000000002,131.075,64.8,55.0,30.3,99.5,67.2,88.8,95.7,88.5,94.3,91.1,94.2,20.165999999999997,5,5,5,35.233000000000004
16.59,4.0,42.974000000000004,59.372,37.876,61.708999999999996,128.77100000000002,130.995,64.8,55.0,30.3,99.5,67.2,88.8,95.7,88.5,94.3,91.1,94.2,20.134999999999998,5,5,5,35.236999999999995
16.61,4.0,43.117,58.957,38.102,61.803000000000004,128.65,130.887,64.8,55.0,30.3,99.5,67.2,88.8,95.7,88.5,94.3,91.1,94.2,20.152,5,5,5,35.235
16.63,4.0,42.49,58.898,38.143,61.926,128.59,130.874,64.8,55.0,30.3,99.5,67.2,88.8,95.7,88.5,94.3,91.1,94.2,20.17,5,5,5,35.238
16.65,4.0,43.029,59.272,37.921,61.887,128.468,130.726,64.8,55.0,30.3,99.5,67.2,88.8,95.7,88.5,94.3,91.1,94.2,20.179000000000002,5,5,5,35.236000000000004
16.67,4.0,42.878,58.56100000000001,37.873000000000005,61.758,128.392,130.67200000000003,64.8,55.0,30.3,99.5,67.2,88.8,95.7,88.5,94.3,91.1,94.2,20.312,5,5,5,35.230999999999995
16.69,4.0,42.777,58.99,37.74,61.603,128.316,130.60399999999998,64.8,55.0,30.3,99.5,67.2,88.8,95.7,88.5,94.3,91.1,94.2,20.195,5,5,5,35.236999999999995
16.71,4.0,42.81,59.007,37.391999999999996,61.29,128.225,130.577,64.8,55.0,30.3,99.5,67.2,88.8,95.7,88.5,94.3,91.1,94.2,20.299,5,5,5,35.242
16.73,4.0,42.414,58.88,37.23,61.494,128.05700000000002,130.496,64.8,55.0,30.3,99.5,67.2,88.8,95.7,88.5,94.3,91.169,94.2,20.222,5,5,5,35.234
16.75,4.0,42.384,58.582,37.016999999999996,61.49100000000001,128.088,130.375,64.8,55.0,30.3,99.5,67.2,88.8,95.7,88.5,94.3,91.226,94.2,20.337,5,5,5,35.239000000000004
16.77,4.0,42.403,59.156000000000006,36.863,61.693000000000005,127.98100000000001,130.348,64.8,55.0,30.3,99.5,67.2,88.8,95.7,88.5,94.3,91.258,94.2,20.342,5,5,5,35.236999999999995
16.79,4.0,42.971,58.626999999999995,36.421,61.68,127.889,130.199,64.8,55.0,30.3,99.5,67.2,88.8,95.7,88.5,94.3,91.277,94.2,20.427999999999997,5,5,5,35.242
16.81,4.0,42.397,59.067,36.498000000000005,61.898999999999994,127.82799999999999,130.17200000000003,64.8,55.0,30.3,99.5,67.2,88.8,95.7,88.5,94.3,91.28699999999999,94.2,20.187,5,5,5,35.236999999999995
16.83,4.0,42.531,59.191,36.239999999999995,61.409,127.736,130.17200000000003,64.8,55.0,30.3,99.5,67.2,88.8,95.7,88.5,94.3,91.293,94.2,20.23,5,5,5,35.236000000000004
16.85,4.0,42.593,59.003,36.272,61.36600000000001,127.766,130.185,64.8,55.0,30.3,99.5,67.2,88.8,95.7,88.5,94.3,91.296,94.2,19.543,5,5,5,35.230000000000004
16.87,4.0,42.806,59.32,36.595,61.518,127.64399999999999,130.077,64.8,55.0,30.3,99.5,67.2,88.8,95.7,88.5,94.3,91.298,94.2,19.274,5,5,5,35.233000000000004
16.89,4.0,42.205,59.141999999999996,36.94,61.566,127.536,130.00900000000001,64.8,55.0,30.3,99.5,67.2,88.8,95.7,88.5,94.3,91.29899999999999,94.2,19.235999999999997,5,5,5,35.234
16.91,4.0,42.395,57.99100000000001,36.874,61.777,127.56700000000001,130.05,64.8,55.0,30.3,99.5,67.2,88.8,95.7,88.5,94.3,91.29899999999999,94.2,19.252000000000002,5,5,5,35.239999999999995
16.93,4.0,42.091,59.138999999999996,35.988,61.718999999999994,127.413,129.873,64.8,55.0,30.3,99.5,67.2,88.8,95.7,88.5,94.3,91.3,94.2,19.317,5,5,5,35.230000000000004
16.95,4.0,42.208,58.419,35.521,61.632,127.413,129.81799999999998,64.8,55.0,30.3,99.5,67.2,88.8,95.7,88.5,94.3,91.3,94.2,19.169,5,5,5,35.239000000000004
16.97,4.0,41.758,58.818999999999996,35.364000000000004,61.523,127.305,129.696,64.8,55.0,30.3,99.5,67.2,88.8,95.831,88.5,94.3,91.3,94.2,19.094,5,5,5,35.234
16.99,4.0,42.225,58.756,36.123000000000005,61.548,127.212,129.764,64.8,55.0,30.3,99.5,67.2,88.8,95.905,88.5,94.3,91.3,94.2,19.187,5,5,5,35.225
17.01,4.0,42.217,58.701,36.06,61.303999999999995,127.119,129.57299999999998,64.8,55.0,30.3,99.5,67.2,88.8,95.947,88.5,94.3,91.3,94.2,19.33,5,5,5,35.230999999999995
17.03,4.0,42.074,58.458,36.221999999999994,61.677,127.119,129.655,64.8,55.0,30.3,99.5,67.2,88.8,95.97,88.5,94.3,91.3,94.2,19.255000000000003,5,5,5,35.234
17.05,4.0,41.611,58.308,36.212,61.768,127.01100000000001,129.464,64.8,55.0,30.3,99.5,67.2,88.8,95.983,88.5,94.3,91.3,94.2,19.206,5,5,5,35.238
17.07,4.0,42.141,58.297,36.114999999999995,61.593999999999994,126.93299999999999,129.382,64.8,55.0,30.3,99.5,67.2,88.8,95.99,88.5,94.3,91.3,94.2,19.229,5,5,5,35.230000000000004
17.09,4.0,42.08,58.395,36.171,61.592,126.77799999999999,129.382,64.8,55.0,30.3,99.5,67.2,88.8,95.995,88.5,94.3,91.3,94.2,19.314,5,5,5,35.227
17.11,4.0,41.842,58.848,36.033,61.68,126.762,129.231,64.8,55.0,30.3,99.5,67.2,88.8,95.997,88.5,94.3,91.3,94.2,19.207,5,5,5,35.225
17.13,4.0,41.649,58.283,36.260000000000005,61.536,126.74700000000001,129.25900000000001,64.8,55.0,30.3,99.5,67.2,88.8,95.998,88.5,94.3,91.3,94.2,19.254,5,5,5,35.226
17.15,4.0,41.724000000000004,58.163000000000004,36.081,61.473,126.62200000000001,129.163,64.8,55.0,30.3,99.5,67.2,88.8,95.999,88.5,94.3,91.3,94.2,19.142000000000003,5,5,5,35.226
17.17,4.0,41.671,58.397,36.036,61.659,126.60600000000001,129.135,64.8,55.0,30.3,99.5,67.2,88.8,95.999,88.5,94.3,91.3,94.2,19.162,5,5,5,35.228
17.19,4.0,41.762,58.086999999999996,36.022,61.87,126.49700000000001,129.01100000000002,64.8,55.0,30.3,99.5,67.2,88.8,96.0,88.5,94.3,91.3,94.2,19.086,5,5,5,35.219
17.21,4.0,41.626999999999995,58.382,35.978,61.72,126.46600000000001,128.97,64.8,55.0,30.3,99.5,67.2,88.8,96.0,88.5,94.3,91.3,94.2,19.195,5,5,5,35.215
17.23,4.0,41.497,58.571999999999996,35.162,61.928999999999995,126.35600000000001,128.86,64.8,55.0,30.3,99.5,67.2,88.8,96.0,88.5,94.3,91.3,94.2,19.139000000000003,5,5,5,35.21
17.25,4.0,41.346,58.424,34.194,61.827,126.34100000000001,128.791,64.8,55.0,30.3,99.5,67.2,88.8,96.0,88.5,94.3,91.3,94.2,19.109,5,5,5,35.214
17.27,4.0,41.605,58.562,35.19,61.476000000000006,126.294,128.75,64.8,55.0,30.3,99.5,67.2,88.8,96.0,88.587,94.3,91.3,94.2,19.312,5,5,5,35.21
17.29,4.0,41.635,58.313,35.56,62.59,126.137,128.667,64.8,55.0,30.3,99.5,67.2,88.8,96.0,88.637,94.3,91.3,94.2,19.274,5,5,5,35.209
17.31,4.0,41.353,57.825,35.684,61.91,126.042,128.709,64.8,55.0,30.3,99.5,67.2,88.8,96.0,88.664,94.3,91.3,94.2,19.262,5,5,5,35.166
17.33,4.0,41.545,58.157,35.519000000000005,62.56399999999999,126.01100000000001,128.543,64.8,55.0,30.3,99.5,67.2,88.8,96.0,88.68,94.3,91.3,94.2,19.258,5,5,5,35.153000000000006
17.35,4.0,41.736,57.958999999999996,35.243,61.788000000000004,125.948,128.515,64.8,55.0,30.3,99.5,67.2,88.8,96.0,88.689,94.3,91.3,94.2,19.422,5,5,5,35.150999999999996
17.37,4.0,41.455,58.403999999999996,35.218,62.148999999999994,125.948,128.446,64.8,55.0,30.3,99.5,67.2,88.8,96.0,88.694,94.3,91.3,94.2,19.354,5,5,5,35.15
17.39,4.0,41.172,57.96,34.963,61.802,125.821,128.405,64.8,55.0,30.3,99.5,67.2,88.8,96.0,88.696,94.35,91.3,94.2,19.427,5,5,5,35.147
17.41,4.0,41.013000000000005,58.44,34.951,61.923,125.885,128.308,64.8,55.0,30.3,99.5,67.2,88.8,96.0,88.69800000000001,94.416,91.3,94.2,19.372999999999998,5,5,5,35.144999999999996
17.43,4.0,40.988,58.155,36.114000000000004,62.448,125.727,128.197,64.8,55.0,30.3,99.5,67.2,88.8,96.0,88.699,94.453,91.3,94.2,19.36,5,5,5,35.149
17.45,4.0,40.999,58.199,35.744,62.222,125.552,128.127,64.8,55.0,30.3,99.5,67.2,88.8,96.0,88.699,94.473,91.3,94.2,19.310000000000002,5,5,5,35.135000000000005
17.47,4.0,40.718,58.336000000000006,35.759,62.263999999999996,125.441,128.224,64.8,55.0,30.3,99.5,67.2,88.8,96.0,88.7,94.485,91.3,94.2,19.232,5,5,5,35.135000000000005
17.49,4.0,40.959,58.122,35.791,62.085,125.473,128.113,64.8,55.0,30.3,99.5,67.2,88.8,96.0,88.7,94.492,91.3,94.2,19.201999999999998,5,5,5,35.131
17.51,4.0,40.823,58.301,35.827,62.117,125.41,127.946,64.8,55.0,30.3,99.5,67.2,88.8,96.0,88.7,94.495,91.3,94.2,19.215,5,5,5,35.134
17.53,4.0,40.922,57.985,35.703,62.183,125.28200000000001,127.87700000000001,64.8,55.0,30.3,99.5,67.2,88.8,96.0,88.7,94.497,91.3,94.2,19.164,5,5,5,35.126999999999995
17.55,4.0,40.574,57.93,35.507,62.215,125.20299999999999,127.932,64.8,55.0,30.3,99.5,67.2,88.8,96.0,88.7,94.499,91.3,94.2,19.232,5,5,5,35.132
17.57,4.0,40.643,57.973,35.44199999999999,62.367,125.219,127.821,64.8,55.0,30.3,99.5,67.2,88.8,96.0,88.7,94.499,91.3,94.2,19.203,5,5,5,35.134
17.59,4.0,40.515,58.191,35.506,62.203,125.01100000000001,127.765,64.8,55.0,30.3,99.5,67.2,88.8,96.0,88.7,94.5,91.3,94.2,19.259999999999998,5,5,5,35.129000000000005
17.61,4.0,40.249,57.968,35.634,62.495,125.01100000000001,127.59700000000001,64.8,55.0,30.3,99.5,67.2,88.8,96.0,88.7,94.5,91.3,94.2,19.168,5,5,5,35.126999999999995
17.63,4.0,40.391,58.211000000000006,35.424,61.927,125.075,127.59700000000001,64.8,55.0,30.3,99.5,67.2,88.8,96.0,88.7,94.5,91.3,94.2,19.165999999999997,5,5,5,35.128
17.65,4.0,40.614000000000004,57.903,35.232,61.687,124.963,127.541,64.8,55.0,30.3,99.5,67.2,88.8,96.0,88.7,94.5,91.3,94.2,19.25,5,5,5,35.128
17.67,4.0,40.38,57.833,35.19,61.681000000000004,124.883,127.387,64.8,55.0,30.3,99.5,67.2,88.8,96.0,88.7,94.5,91.3,94.2,19.357,5,5,5,35.126
17.69,4.0,40.164,58.273999999999994,24.866,61.614,124.72200000000001,127.429,64.8,55.0,30.3,99.5,67.2,88.8,96.0,88.7,94.5,91.3,94.2,19.408,5,5,5,35.125
17.71,4.0,40.509,58.258,40.674,61.614,124.787,127.387,64.8,55.0,30.3,99.5,67.2,88.8,96.0,88.7,94.5,91.3,94.2,19.354,5,5,5,35.125
17.73,4.0,40.287,58.396,40.654,61.942,124.835,127.40100000000001,64.8,55.0,30.3,99.5,67.2,88.8,96.0,88.7,94.5,91.3,94.2,19.287,5,5,5,35.123000000000005
17.75,4.0,40.326,57.665,40.454,61.865,124.594,127.205,64.8,55.0,30.3,99.5,67.2,88.8,96.0,88.7,94.5,91.3,94.2,19.414,5,5,5,35.129999999999995
17.77,4.0,40.236,58.025,40.547,62.004,124.545,127.205,64.8,55.0,30.3,99.5,67.2,88.8,96.0,88.7,94.5,91.3,94.2,19.322000000000003,5,5,5,35.122
17.79,4.0,40.381,58.466,40.439,61.792,124.48100000000001,127.24700000000001,64.8,55.0,30.3,99.5,67.2,88.8,96.0,88.7,94.5,91.3,94.2,19.439,5,5,5,35.126999999999995
17.81,4.0,40.236999999999995,58.453,40.289,61.498000000000005,124.4,127.149,64.8,55.0,30.3,99.5,67.2,88.8,96.0,88.7,94.5,91.3,94.2,19.393,5,5,5,35.128
17.83,4.0,39.794000000000004,57.82,40.711999999999996,61.553000000000004,124.416,126.965,64.8,55.0,30.3,99.5,67.2,88.8,96.0,88.7,94.5,91.3,94.2,19.369999999999997,5,5,5,35.128
17.85,4.0,39.891999999999996,58.115,40.444,61.63,124.255,126.93700000000001,64.8,55.0,30.3,99.5,67.2,88.8,96.0,88.7,94.5,91.3,94.2,19.516,5,5,5,35.132
17.87,4.0,40.099000000000004,58.58,40.325,61.94,124.271,126.895,64.8,55.0,30.3,99.5,67.2,88.8,96.0,88.7,94.5,91.3,94.2,19.174,5,5,5,35.125
17.89,4.0,39.619,58.128,40.497,61.826,124.15700000000001,126.838,64.8,55.0,30.3,99.5,67.2,88.8,96.0,88.7,94.5,91.3,94.2,19.207,5,5,5,35.128
17.91,4.0,39.747,57.982,40.406,61.883,124.044,126.78200000000001,64.8,55.0,30.3,99.5,67.2,88.8,96.0,88.7,94.5,91.3,94.2,18.044,5,5,5,35.129000000000005
17.93,4.0,39.738,57.67100000000001,40.303000000000004,61.772,124.07600000000001,126.725,64.8,55.0,30.3,99.5,67.2,88.8,96.0,88.7,94.5,91.3,94.2,17.540999999999997,5,5,5,35.126999999999995
17.95,4.0,39.812,57.917,40.357,61.61600000000001,123.979,126.711,64.8,55.0,30.3,99.5,67.2,88.8,96.0,88.7,94.5,91.3,94.2,18.256,5,5,5,35.122
17.97,4.0,39.853,58.423,40.323,61.295,123.963,126.697,64.8,55.0,30.3,99.5,67.2,88.8,96.0,88.7,94.5,91.3,94.2,17.177999999999997,5,5,5,35.125
17.99,4.0,39.708,57.832,40.343,61.559,123.83200000000001,126.541,64.8,55.0,30.3,99.5,67.2,88.8,96.0,88.7,94.5,91.3,94.2,16.625,5,5,5,35.129999999999995
18.01,4.0,39.861999999999995,57.838,40.187,61.53,123.734,126.527,64.8,55.0,30.3,99.5,67.2,88.8,96.0,88.7,94.5,91.3,94.2,17.232999999999997,5,5,5,35.126999999999995
18.03,4.0,39.556999999999995,58.115,40.287,61.836000000000006,123.8,126.456,64.8,55.0,30.3,99.5,67.2,88.8,96.0,88.7,94.5,91.3,94.2,16.453,5,5,5,35.129000000000005
18.05,4.0,39.863,57.626999999999995,40.242,61.847,123.751,126.314,64.8,55.0,30.3,99.5,67.2,88.8,96.0,88.7,94.5,91.3,94.2,15.807,5,5,5,35.126999999999995
18.07,4.0,39.501999999999995,57.607,40.251999999999995,61.678000000000004,123.669,126.385,64.8,55.0,30.3,99.5,67.2,88.8,96.0,88.7,94.5,91.3,94.26899999999999,16.692999999999998,5,5,5,35.126
18.09,4.0,39.329,57.532,40.255,61.672,123.538,126.17200000000001,64.8,55.0,30.3,99.5,67.2,88.8,96.0,88.7,94.5,91.3,94.32600000000001,16.227,5,5,5,35.126
18.11,4.0,39.821999999999996,57.33,40.229,61.607,123.473,126.17200000000001,64.8,55.0,30.3,99.5,67.2,88.8,96.0,88.7,94.5,91.3,94.358,15.392999999999999,5,5,5,35.129000000000005
18.13,4.0,39.167,58.178000000000004,40.14,61.653,123.275,126.086,64.8,55.0,30.3,99.5,67.2,88.8,96.0,88.7,94.5,91.3,94.377,16.107999999999997,5,5,5,35.126999999999995
18.15,4.0,39.294000000000004,57.783,40.009,61.85,123.259,126.072,64.8,55.0,30.3,99.5,67.2,88.8,96.0,88.7,94.5,91.3,94.387,16.412,5,5,5,35.126
18.17,4.0,39.205,57.636,40.138000000000005,62.102,123.292,126.05799999999999,64.8,55.0,30.3,99.5,67.2,88.8,96.0,88.7,94.5,91.3,94.393,15.134,5,5,5,35.126
18.19,4.0,39.016999999999996,57.841,40.027,62.068999999999996,123.14399999999999,126.015,64.8,55.0,30.3,99.5,67.2,88.8,96.0,88.7,94.5,91.3,94.396,15.880999999999998,5,5,5,35.122
18.21,4.0,38.989000000000004,57.588,40.158,62.083999999999996,123.14399999999999,125.815,64.8,55.0,30.3,99.5,67.2,88.8,96.0,88.7,94.5,91.3,94.398,16.083,5,5,5,35.119
18.23,4.0,38.977,57.31399999999999,39.964,61.928000000000004,123.094,125.84299999999999,64.8,55.0,30.3,99.5,67.2,88.8,96.0,88.7,94.5,91.3,94.399,15.109,5,5,5,35.120000000000005
18.25,4.0,38.784,57.99,39.95,61.825,122.979,125.815,64.8,55.0,30.3,99.5,67.2,88.8,96.0,88.7,94.5,91.3,94.399,15.632,5,5,5,35.118
18.27,4.0,39.243,57.802,39.893,61.93600000000001,123.012,125.686,64.8,55.0,30.3,99.5,67.2,88.8,96.0,88.7,94.5,91.3,94.4,16.129,5,5,5,35.116
18.29,4.0,38.786,57.27,40.168,62.068999999999996,122.929,125.62799999999999,64.8,55.0,30.3,99.5,67.2,88.8,96.0,88.7,94.5,91.3,94.4,15.075,5,5,5,35.114000000000004
18.31,4.0,38.808,57.525,39.945,62.199,122.87899999999999,125.64299999999999,64.8,55.0,30.3,99.5,67.2,88.8,96.0,88.7,94.5,91.3,94.4,15.236,5,5,5,35.114000000000004
18.33,4.0,39.058,57.236000000000004,39.958,62.063,122.78,125.413,64.8,55.0,30.3,99.5,67.2,88.8,96.0,88.7,94.5,91.3,94.4,15.967,5,5,5,35.105999999999995
18.35,4.0,38.816,56.75,40.056999999999995,62.312,122.68,125.51299999999999,64.8,55.0,30.3,99.5,67.2,88.8,96.0,88.7,94.5,91.3,94.4,15.106,5,5,5,35.105999999999995
18.37,4.0,38.62,57.56,39.854,61.816,122.697,125.413,64.8,55.0,30.3,99.5,67.2,88.8,96.0,88.7,94.5,91.3,94.4,14.942,5,5,5,35.103
18.39,4.0,38.864000000000004,57.365,39.733000000000004,61.605,122.48,125.369,64.8,55.0,30.3,99.5,67.2,88.8,96.0,88.7,94.5,91.3,94.4,15.838,5,5,5,35.102
18.41,4.0,38.232,56.893,39.856,61.766999999999996,122.48,125.34100000000001,64.8,55.0,30.3,99.5,67.2,88.8,96.0,88.7,94.5,91.3,94.4,15.129,5,5,5,35.104
18.43,4.0,38.268,57.582,39.756,61.75,122.514,125.25399999999999,64.8,55.0,30.3,99.5,67.2,88.887,96.0,88.7,94.5,91.3,94.4,14.767000000000001,5,5,5,35.104
18.45,4.0,38.224000000000004,57.007,39.838,61.871,122.34700000000001,125.095,64.8,55.0,30.3,99.5,67.2,88.937,96.0,88.7,94.5,91.3,94.4,15.784,5,5,5,35.1
18.47,4.0,38.496,57.275,39.605,62.007,122.38,125.124,64.8,55.0,30.3,99.5,67.2,88.964,96.0,88.7,94.5,91.3,94.4,15.232000000000001,5,5,5,35.096999999999994
18.49,4.0,38.323,57.26,39.7,61.857,122.34700000000001,125.095,64.8,55.0,30.3,99.5,67.2,88.98,96.0,88.7,94.5,91.3,94.4,14.729,5,5,5,35.095
18.51,4.0,38.246,57.174,39.724000000000004,61.641000000000005,122.36399999999999,125.095,64.8,55.0,30.3,99.5,67.2,88.98899999999999,96.0,88.7,94.5,91.3,94.4,15.675,5,5,5,35.093
18.53,4.0,38.334,57.07,39.687,61.512,122.24600000000001,124.95,64.7,54.9,30.3,99.6,67.1,88.994,96.0,88.7,94.5,91.3,94.4,15.548,5,5,5,35.098
18.55,4.0,38.39,57.185,39.5,61.388000000000005,122.06200000000001,124.936,64.7,54.9,30.3,99.6,67.1,88.99600000000001,96.0,88.7,94.5,91.3,94.4,14.736,5,5,5,35.099000000000004
18.57,4.0,37.882,57.327,39.9,61.623000000000005,122.096,124.82,64.7,54.9,30.3,99.6,67.1,88.998,96.0,88.7,94.5,91.3,94.4,15.683,5,5,5,35.094
18.59,4.0,38.18,56.997,39.616,61.845,122.06200000000001,124.921,64.7,54.9,30.3,99.6,67.1,88.999,96.0,88.7,94.5,91.3,94.4,15.744000000000002,5,5,5,35.094
18.61,4.0,38.101,56.574,39.679,61.67100000000001,121.927,124.84899999999999,64.7,54.9,30.3,99.6,67.1,88.999,96.0,88.7,94.5,91.3,94.4,14.775,5,5,5,35.095
18.63,4.0,38.006,56.48,39.47,61.653,121.961,124.66,64.7,54.9,30.3,99.6,67.1,89.0,96.0,88.7,94.5,91.3,94.4,15.464,5,5,5,35.093
18.65,4.0,37.76,57.571999999999996,39.424,61.354,121.79299999999999,124.704,64.7,54.9,30.3,99.6,67.1,89.0,96.0,88.7,94.5,91.3,94.4,15.882,5,5,5,35.089
18.67,4.0,37.818000000000005,57.231,39.580999999999996,61.521,121.742,124.587,64.7,54.9,30.3,99.6,67.1,89.0,96.0,88.7,94.5,91.3,94.4,14.926,5,5,5,35.09
18.69,4.0,37.497,56.83,39.666,61.394,121.725,124.515,64.7,54.9,30.3,99.6,67.1,89.0,96.0,88.7,94.5,91.3,94.4,15.364,5,5,5,35.09
18.71,4.0,37.705999999999996,56.937,39.565,61.647,121.539,124.44200000000001,64.7,54.9,30.3,99.6,67.1,89.0,96.0,88.7,94.5,91.3,94.4,15.651,5,5,5,35.086
18.73,4.0,37.768,56.588,39.458,62.021,121.60700000000001,124.5,64.7,54.9,30.3,99.6,67.1,89.0,96.0,88.7,94.5,91.3,94.4,14.834,5,5,5,35.084
18.75,4.0,37.497,56.79,39.219,61.565,121.471,124.31,64.7,54.9,30.3,99.6,67.1,89.0,96.0,88.7,94.5,91.3,94.4,14.679,5,5,5,35.078
18.77,4.0,37.748000000000005,56.291000000000004,39.381,61.78,121.522,124.281,64.7,54.9,30.3,99.6,67.1,89.0,96.0,88.7,94.5,91.3,94.4,15.542,5,5,5,35.075
18.79,4.0,37.718,56.976000000000006,39.400999999999996,61.678000000000004,121.42,124.22200000000001,64.7,54.9,30.3,99.6,67.1,89.0,96.0,88.7,94.5,91.3,94.4,14.846,5,5,5,35.072
18.81,4.0,37.592,56.518,39.332,61.511,121.42,124.281,64.7,54.9,30.3,99.6,67.1,89.0,96.0,88.7,94.5,91.3,94.4,14.397,5,5,5,35.075
18.83,4.0,37.416,56.18600000000001,39.318000000000005,61.743,121.23299999999999,124.164,64.7,54.9,30.3,99.6,67.1,89.0,96.0,88.7,94.5,91.3,94.4,15.339,5,5,5,35.073
18.85,4.0,37.181999999999995,57.18899999999999,39.241,61.83,121.28399999999999,124.12,64.7,54.9,30.3,99.6,67.1,89.0,96.0,88.7,94.5,91.3,94.4,14.847999999999999,5,5,5,35.075
18.87,4.0,37.022,56.133,39.304,62.687,121.23299999999999,124.061,64.7,54.9,30.3,99.6,67.1,89.0,96.0,88.7,94.5,91.3,94.4,14.323,5,5,5,35.075
18.89,4.0,37.12,57.007,39.461999999999996,63.13,121.182,123.988,64.7,54.9,30.3,99.6,67.1,89.0,96.0,88.7,94.5,91.3,94.4,15.373,5,5,5,35.086
18.91,4.0,37.034,57.067,39.429,63.756,121.199,123.885,64.7,54.9,30.3,99.6,67.1,89.0,96.0,88.7,94.5,91.3,94.4,14.413,5,5,5,34.999
18.93,4.0,37.277,56.516000000000005,39.343,62.699,121.06200000000001,123.958,64.7,54.9,30.3,99.6,67.1,89.0,96.0,88.7,94.5,91.3,94.4,14.76,5,5,5,34.93
18.95,4.0,37.269,56.806999999999995,39.369,63.809,120.96,123.78200000000001,64.7,54.9,30.3,99.6,67.1,89.0,96.0,88.7,94.5,91.3,94.4,14.804,5,5,5,34.92
18.97,4.0,37.441,56.08,39.176,63.199,120.90799999999999,123.75200000000001,64.7,54.9,30.3,99.6,67.1,89.0,96.0,88.7,94.5,91.3,94.4,13.649,5,5,5,34.921
18.99,4.0,37.260999999999996,56.72,39.221,63.316,120.925,123.723,64.7,54.9,30.3,99.6,67.1,89.0,96.0,88.7,94.5,91.3,94.4,14.787,5,5,5,34.917
19.01,4.0,36.784000000000006,56.453,39.216,63.258,120.788,123.693,64.7,54.9,30.3,99.6,67.1,89.0,96.025,88.7,94.5,91.3,94.4,14.179,5,5,5,34.925
19.03,4.0,36.961,56.196999999999996,39.315,62.851000000000006,120.75399999999999,123.605,64.7,54.9,30.3,99.6,67.1,89.0,96.102,88.7,94.5,91.3,94.4,14.531,5,5,5,34.92
19.05,4.0,37.032,55.968999999999994,39.258,63.442,120.66799999999999,123.649,64.7,54.9,30.3,99.6,67.1,89.0,96.145,88.7,94.5,91.3,94.4,14.697000000000001,5,5,5,34.92
19.07,4.0,36.83,56.417,39.07,62.963,120.495,123.501,64.7,54.9,30.3,99.6,67.1,89.0,96.169,88.7,94.5,91.3,94.4,13.664,5,5,5,34.918000000000006
19.09,4.0,36.632,56.451,39.108000000000004,63.153,120.65100000000001,123.339,64.7,54.9,30.3,99.6,67.1,89.0,96.182,88.78699999999999,94.5,91.3,94.4,14.663,5,5,5,34.921
19.11,4.0,36.949,56.235,38.969,62.61600000000001,120.461,123.294,64.7,54.9,30.3,99.6,67.1,89.0,96.19,88.837,94.5,91.3,94.4,13.95,5,5,5,34.918000000000006
19.13,4.0,36.54,56.888000000000005,39.158,62.489,120.461,123.413,64.7,54.9,30.3,99.6,67.1,89.0,96.194,88.86399999999999,94.5,91.3,94.4,13.792,5,5,5,34.912
19.15,4.0,36.673,56.078,39.068000000000005,62.018,120.322,123.398,64.7,54.9,30.3,99.6,67.1,89.0,96.197,88.88,94.5,91.3,94.4,14.765,5,5,5,34.918000000000006
19.17,4.0,36.883,55.986999999999995,38.966,61.464,120.305,123.235,64.7,54.9,30.3,99.6,67.1,89.0,96.19800000000001,88.889,94.5,91.3,94.4,13.676,5,5,5,34.922
19.19,4.0,36.650999999999996,56.092,39.016999999999996,61.467,120.149,123.131,64.7,54.9,30.3,99.6,67.1,89.0,96.199,88.89399999999999,94.5,91.3,94.4,14.445,5,5,5,34.921
19.21,4.0,36.378,56.292,38.976,61.352,120.27,123.012,64.7,54.9,30.3,99.6,67.1,89.0,96.199,88.896,94.5,91.3,94.4,14.093,5,5,5,34.919
19.23,4.0,36.126999999999995,56.224,38.848,61.683,120.131,123.056,64.7,54.9,30.3,99.6,67.1,89.0,96.2,88.898,94.5,91.3,94.4,13.367,5,5,5,34.923
19.25,4.0,36.589,56.663000000000004,38.760999999999996,61.544,120.06200000000001,122.95200000000001,64.7,54.9,30.3,99.6,67.1,89.0,96.2,88.899,94.5,91.3,94.4,14.651,5,5,5,34.922
19.27,4.0,36.461,56.278,38.769,61.775,120.045,122.95200000000001,64.7,54.9,30.3,99.6,67.1,89.0,96.2,88.899,94.5,91.3,94.4,13.65,5,5,5,34.923
19.29,4.0,35.69,56.321000000000005,39.023,61.657,119.975,122.758,64.7,54.9,30.3,99.6,67.1,89.0,96.2,88.9,94.5,91.3,94.4,14.105,5,5,5,34.923
19.31,4.0,35.657,56.216,39.102,61.729,119.905,123.041,64.7,54.9,30.3,99.6,67.1,89.0,96.2,88.9,94.5,91.35,94.4,14.195,5,5,5,34.926
19.33,6.0,36.201,55.457,38.929,59.631,119.555,122.59299999999999,64.7,54.9,30.3,99.6,67.1,89.0,96.2,88.9,94.5,91.416,94.4,13.212,5,5,5,34.927
19.35,6.0,36.129999999999995,55.69,38.794000000000004,56.256,119.853,122.728,64.7,54.9,30.3,99.6,67.1,89.0,96.2,88.9,94.5,91.453,94.4,14.462,5,5,5,35.032
19.37,6.0,35.81,55.613,38.972,54.453,119.765,122.68299999999999,64.7,54.9,30.3,99.6,67.1,89.0,96.2,88.9,94.5,91.473,94.4,13.818,5,5,5,35.352
19.39,6.0,36.120000000000005,55.641999999999996,38.976,41.829,119.765,122.713,64.7,54.9,30.3,99.6,67.1,89.0,96.2,88.9,94.5,91.485,94.4,14.175,5,5,5,36.519999999999996
19.41,6.0,35.69199999999999,55.707,39.04,33.07,119.695,122.713,64.7,54.9,30.3,99.6,67.1,89.0,96.2,88.9,94.5,91.492,94.4,14.578,5,5,5,38.045
19.43,6.0,35.35,55.928999999999995,38.796,27.835,119.50200000000001,122.50299999999999,64.7,54.9,30.3,99.6,67.1,89.0,96.2,88.9,94.5,91.495,94.4,13.331,5,5,5,39.437
19.45,6.0,35.67,55.093999999999994,38.749,37.382,119.537,122.51799999999999,64.7,54.9,30.3,99.6,67.1,89.0,96.2,88.9,94.5,91.497,94.4,14.411,5,5,5,40.566
19.47,6.0,35.649,55.678000000000004,38.927,51.7,119.59,122.368,64.7,54.9,30.3,99.6,67.1,89.0,96.2,88.9,94.5,91.499,94.4,13.818,5,5,5,41.351
19.49,6.0,35.998000000000005,55.181999999999995,38.64,48.224,119.537,122.323,64.7,54.9,30.3,99.6,67.1,89.0,96.2,88.9,94.5,91.499,94.4,13.807,5,5,5,41.891999999999996
19.51,6.0,35.494,55.025,38.927,59.103,119.572,122.21700000000001,64.7,54.9,30.3,99.6,67.1,89.0,96.2,88.9,94.5,91.5,94.4,14.685,5,5,5,42.344
19.53,6.0,35.6,54.465,38.781,53.383,119.50200000000001,122.14200000000001,64.7,54.9,30.3,99.6,67.1,89.0,96.2,88.9,94.5,91.5,94.4,13.504,5,5,5,42.692
19.55,6.0,35.569,54.246,38.887,60.185,119.344,121.915,64.7,54.9,30.3,99.6,67.1,89.0,96.2,88.9,94.5,91.5,94.4,14.184,5,5,5,42.904
19.57,6.0,35.485,53.211999999999996,38.657,59.181999999999995,119.37899999999999,121.839,64.7,54.9,30.3,99.6,67.1,89.0,96.2,88.9,94.5,91.5,94.4,13.863999999999999,5,5,5,43.076
19.59,6.0,35.510999999999996,53.012,38.878,55.669,119.344,121.68799999999999,64.7,54.9,30.3,99.6,67.1,89.0,96.2,88.9,94.5,91.5,94.4,13.51,5,5,5,43.232
19.61,6.0,35.611000000000004,52.551,38.796,58.008,119.255,121.64200000000001,64.7,54.9,30.3,99.6,67.1,89.0,96.2,88.9,94.5,91.5,94.4,14.52,5,5,5,43.405
19.63,6.0,35.33,51.943000000000005,38.885999999999996,59.881,119.167,121.596,64.7,54.9,30.3,99.6,67.1,89.0,96.2,88.9,94.525,91.5,94.4,13.717,5,5,5,43.562
19.65,6.0,35.510999999999996,52.032,38.655,57.031000000000006,119.131,121.52,64.7,54.9,30.3,99.6,67.1,89.0,96.2,88.9,94.558,91.5,94.4,14.298,5,5,5,43.728
19.67,6.0,35.506,52.119,38.736999999999995,59.099,119.04299999999999,121.383,64.7,54.9,30.3,99.6,67.1,89.0,96.2,88.9,94.57600000000001,91.5,94.4,14.262,5,5,5,43.885999999999996
19.69,6.0,35.798,51.355,38.716,58.898999999999994,118.97200000000001,121.322,64.7,54.9,30.3,99.6,67.1,89.0,96.2,88.9,94.587,91.5,94.4,13.405,5,5,5,44.031
19.71,6.0,35.357,51.496,38.801,58.488,118.936,121.291,64.7,54.9,30.3,99.6,67.1,89.0,96.2,88.9,94.592,91.5,94.4,14.507,5,5,5,44.177
19.73,6.0,34.925,50.937,38.744,62.108999999999995,118.954,121.215,64.7,54.9,30.3,99.6,67.1,89.0,96.2,88.9,94.596,91.5,94.4,13.88,5,5,5,44.315
19.75,6.0,35.294,50.523,38.736,59.903999999999996,118.90100000000001,121.061,64.7,54.9,30.3,99.6,67.1,89.0,96.2,88.9,94.598,91.5,94.4,14.433,5,5,5,44.505
19.77,6.0,35.068,50.773999999999994,38.678000000000004,59.18899999999999,118.84700000000001,121.061,64.7,54.9,30.3,99.6,67.1,89.0,96.2,88.9,94.59899999999999,91.5,94.4,14.551,5,5,5,44.626
19.79,6.0,35.482,50.537,38.693000000000005,60.111000000000004,118.758,121.10700000000001,64.7,54.9,30.3,99.6,67.1,89.0,96.2,88.9,94.59899999999999,91.5,94.4,13.558,5,5,5,44.782
19.81,6.0,34.896,50.617,38.657,59.465,118.758,121.0,64.7,54.9,30.3,99.6,67.1,89.0,96.2,88.9,94.6,91.5,94.4,14.46,5,5,5,44.941
19.83,6.0,34.708,50.512,38.644,62.148,118.723,120.87700000000001,64.7,54.9,30.3,99.6,67.1,89.0,96.2,88.9,94.6,91.5,94.4,13.926,5,5,5,45.114000000000004
19.85,6.0,34.819,50.206,38.484,62.456,118.669,120.90799999999999,64.7,54.9,30.3,99.6,67.1,89.0,96.2,88.9,94.6,91.5,94.4,14.814,5,5,5,45.244
19.87,6.0,34.79,50.363,38.461,59.43,118.58,121.015,64.7,54.9,30.3,99.6,67.1,89.0,96.2,88.9,94.6,91.5,94.4,14.181000000000001,5,5,5,45.422
19.89,6.0,34.617,50.498000000000005,38.44,60.57,118.56200000000001,120.831,64.7,54.9,30.3,99.6,67.1,89.0,96.2,88.9,94.6,91.5,94.4,13.699,5,5,5,45.583
19.91,6.0,34.667,49.983999999999995,38.632,59.781000000000006,118.454,120.90799999999999,64.7,54.9,30.3,99.6,67.1,89.0,96.2,88.9,94.6,91.5,94.4,15.047,5,5,5,45.77
19.93,6.0,34.465,50.381,38.476,61.195,118.4,120.8,64.7,54.9,30.3,99.6,67.1,89.0,96.2,88.9,94.6,91.5,94.4,14.463,5,5,5,45.931999999999995
19.95,6.0,34.656,49.888000000000005,38.382,63.865,118.32799999999999,120.723,64.7,54.9,30.3,99.6,67.1,89.0,96.2,88.9,94.6,91.5,94.4,14.024,5,5,5,46.093
19.97,6.0,34.61,50.068000000000005,38.486,61.333,118.20200000000001,120.661,64.7,54.9,30.3,99.6,67.1,89.0,96.2,88.9,94.6,91.5,94.4,15.182,5,5,5,46.256
19.99,6.0,33.937,49.989,38.546,60.647,118.148,120.8,64.7,54.9,30.3,99.6,67.1,89.0,96.2,88.9,94.6,91.5,94.4,14.878,5,5,5,46.431999999999995
20.01,6.0,34.272,50.003,38.356,58.571999999999996,118.20200000000001,120.661,64.7,54.9,30.3,99.6,67.1,89.0,96.2,88.9,94.6,91.5,94.4,14.19,5,5,5,46.605
20.03,6.0,34.078,50.211999999999996,38.36,61.177,118.20200000000001,120.645,64.7,54.9,30.3,99.6,67.1,89.0,96.2,88.9,94.6,91.5,94.4,15.062999999999999,5,5,5,46.756
20.05,6.0,34.482,50.026,38.179,62.50899999999999,118.094,120.506,64.7,54.9,30.3,99.6,67.1,89.0,96.2,88.9,94.6,91.5,94.4,15.22,5,5,5,46.916
20.07,6.0,34.155,49.833999999999996,38.283,61.086999999999996,118.022,120.537,64.7,54.9,30.3,99.6,67.1,89.0,96.2,88.9,94.6,91.5,94.4,14.267999999999999,5,5,5,47.045
20.09,6.0,34.019999999999996,49.596000000000004,38.296,62.14,117.986,120.429,64.7,54.9,30.3,99.6,67.1,89.0,96.2,88.9,94.6,91.5,94.4,15.047,5,5,5,47.232
20.11,6.0,33.963,49.555,38.341,61.443000000000005,117.986,120.444,64.7,54.9,30.3,99.6,67.1,89.0,96.2,88.9,94.6,91.5,94.4,15.475,5,5,5,47.385
20.13,6.0,34.382,49.873000000000005,38.166,62.192,117.931,120.336,64.7,54.9,30.3,99.6,67.1,89.0,96.2,88.9,94.6,91.5,94.4,14.501,5,5,5,47.536
20.15,6.0,34.085,49.808,38.317,65.607,117.859,120.258,64.7,54.9,30.3,99.6,67.1,89.0,96.2,88.9,94.6,91.5,94.4,15.056000000000001,5,5,5,47.698
20.17,6.0,33.742,49.408,38.21,62.02,117.713,120.133,64.7,54.9,30.3,99.6,67.1,89.0,96.2,88.9,94.6,91.5,94.4,15.624,5,5,5,47.836999999999996
20.19,6.0,34.186,49.253,37.913000000000004,62.156000000000006,117.73200000000001,120.165,64.7,54.9,30.3,99.6,67.1,89.0,96.2,88.9,94.6,91.5,94.4,14.594,5,5,5,47.991
20.21,6.0,33.784000000000006,48.948,38.121,63.827,117.604,120.024,64.7,54.9,30.3,99.6,67.1,89.0,96.2,88.9,94.6,91.5,94.4,14.58,5,5,5,48.133
20.23,6.0,33.455,49.544,38.189,62.138000000000005,117.458,120.024,64.7,54.9,30.3,99.6,67.1,89.0,96.2,88.9,94.6,91.5,94.4,15.299000000000001,5,5,5,48.241
20.25,6.0,33.421,49.239,38.111,65.388,117.44,120.04,64.7,54.9,30.3,99.6,67.1,89.0,96.2,88.9,94.6,91.5,94.4,14.642999999999999,5,5,5,48.400999999999996
20.27,6.0,33.353,49.161,38.176,65.006,117.421,119.868,64.7,54.9,30.3,99.6,67.1,89.0,96.2,88.9,94.6,91.5,94.4,14.22,5,5,5,48.533
20.29,6.0,33.31,48.773,38.085,63.343999999999994,117.311,119.946,64.7,54.9,30.3,99.6,67.1,89.0,96.2,88.9,94.6,91.5,94.4,15.329,5,5,5,48.686
20.31,6.0,33.391999999999996,48.982,37.954,63.982,117.33,119.79,64.7,54.9,30.3,99.6,67.1,89.0,96.2,88.9,94.6,91.5,94.4,14.732000000000001,5,5,5,48.78
20.33,6.0,33.19199999999999,48.674,38.021,63.702,117.311,119.899,64.7,54.9,30.3,99.6,67.1,89.0,96.2,88.9,94.6,91.5,94.4,14.309,5,5,5,48.934
20.35,6.0,33.137,49.159,37.785,65.283,117.22,119.837,64.7,54.9,30.3,99.6,67.1,89.0,96.2,88.9,94.6,91.5,94.4,15.258,5,5,5,49.064
20.37,6.0,33.158,48.568999999999996,38.019,67.83699999999999,117.29299999999999,119.805,64.7,54.9,30.3,99.6,67.1,89.0,96.2,88.9,94.6,91.5,94.4,14.916,5,5,5,49.195
20.39,6.0,32.840999999999994,49.07,38.003,63.839,117.22,119.649,64.7,54.9,30.3,99.6,67.1,89.0,96.2,88.9,94.6,91.5,94.4,14.229,5,5,5,49.316
20.41,6.0,33.089,48.169,37.937,64.58,117.20100000000001,119.68,64.7,54.9,30.3,99.6,67.1,89.0,96.2,88.9,94.6,91.5,94.4,15.052,5,5,5,49.414
20.43,6.0,32.451,48.708,37.772,63.463,117.072,119.649,64.7,54.9,30.3,99.6,67.1,89.0,96.2,88.9,94.6,91.5,94.4,15.274000000000001,5,5,5,49.583
20.45,6.0,32.986999999999995,48.263999999999996,37.924,64.56,117.109,119.586,64.7,54.9,30.3,99.6,67.1,89.0,96.2,88.9,94.6,91.5,94.4,14.343,5,5,5,49.687
20.47,6.0,32.936,48.22,37.806999999999995,65.485,117.01700000000001,119.539,64.7,54.9,30.3,99.6,67.1,89.0,96.2,88.9,94.6,91.5,94.4,14.992,5,5,5,49.842
20.49,6.0,33.023,48.523,38.071999999999996,65.142,117.01700000000001,119.554,64.7,54.9,30.3,99.6,67.1,89.0,96.2,88.9,94.6,91.5,94.4,15.449000000000002,5,5,5,49.955999999999996
20.51,6.0,32.55800000000001,47.946999999999996,37.650999999999996,63.653999999999996,116.98,119.476,64.7,54.9,30.3,99.6,67.1,89.0,96.2,88.9,94.6,91.5,94.4,14.501,5,5,5,50.065
20.53,6.0,32.986000000000004,48.199,37.821,63.835,116.814,119.444,64.7,54.9,30.3,99.9,67.1,89.0,96.2,88.9,94.6,91.5,94.4,15.165,5,5,5,50.184
20.55,6.0,32.355999999999995,48.082,37.782,63.18,116.777,119.365,64.7,54.9,30.3,99.9,67.1,89.0,96.2,88.9,94.6,91.5,94.4,15.683,5,5,5,50.301
20.57,6.0,32.635000000000005,47.906000000000006,37.859,66.062,116.814,119.23899999999999,64.7,54.9,30.3,99.9,67.1,89.0,96.2,88.9,94.6,91.5,94.4,14.714,5,5,5,50.439
20.59,6.0,32.403999999999996,48.178000000000004,37.704,64.613,116.684,119.397,64.7,54.9,30.3,99.9,67.1,89.0,96.2,88.9,94.6,91.5,94.4,14.78,5,5,5,50.552
20.61,6.0,32.458,47.873999999999995,37.846,63.57,116.74,119.23899999999999,64.7,54.9,30.3,99.9,67.1,89.0,96.2,88.9,94.6,91.5,94.4,15.574000000000002,5,5,5,50.681999999999995
20.63,6.0,32.349000000000004,48.147,37.702,64.248,116.572,119.334,64.7,54.9,30.3,99.9,67.1,89.0,96.2,88.9,94.6,91.5,94.4,14.823,5,5,5,50.783
20.65,6.0,32.507,48.04,37.866,63.247,116.647,119.19200000000001,64.7,54.9,30.3,99.9,67.1,89.0,96.2,88.9,94.6,91.5,94.4,14.627,5,5,5,50.895
20.67,6.0,32.381,47.903999999999996,37.586,66.553,116.572,119.176,64.7,54.9,30.3,99.9,67.1,89.0,96.2,88.9,94.6,91.5,94.4,15.674000000000001,5,5,5,51.012
20.69,6.0,32.388999999999996,47.588,37.650999999999996,64.752,116.405,119.23899999999999,64.7,54.9,30.3,99.9,67.1,89.0,96.2,88.9,94.6,91.5,94.4,14.89,5,5,5,51.111999999999995
20.71,6.0,31.59,47.986999999999995,37.694,63.63,116.554,119.04899999999999,64.7,54.9,30.3,99.9,67.1,89.0,96.2,88.9,94.6,91.5,94.4,14.497,5,5,5,51.251000000000005
20.73,6.0,31.912,47.993,37.681,65.768,116.405,119.16,64.7,54.9,30.3,99.9,67.1,89.0,96.2,88.9,94.6,91.5,94.4,15.564,5,5,5,51.358000000000004
20.75,6.0,32.120999999999995,47.84,37.527,64.53399999999999,116.292,118.93799999999999,64.7,54.9,30.3,99.9,67.1,89.0,96.2,88.9,94.6,91.5,94.4,15.132,5,5,5,51.458999999999996
20.77,6.0,31.839000000000002,47.477,37.757,67.09100000000001,116.42299999999999,118.93799999999999,64.7,54.9,30.3,99.9,67.1,89.0,96.2,88.9,94.6,91.5,94.4,14.531,5,5,5,51.567
20.79,6.0,31.781999999999996,47.501999999999995,37.461999999999996,67.969,116.199,118.97,64.7,54.9,30.3,99.9,67.1,89.0,96.2,88.9,94.6,91.5,94.4,15.402000000000001,5,5,5,51.662
20.81,6.0,31.866999999999997,47.361999999999995,37.668,65.018,116.21700000000001,118.82600000000001,64.7,54.9,30.3,99.9,67.1,89.0,96.2,88.9,94.6,91.5,94.4,15.569,5,5,5,51.782
20.83,6.0,31.566,47.577,37.686,65.89500000000001,116.236,118.68299999999999,64.7,54.9,30.3,99.9,67.1,89.0,96.2,88.9,94.6,91.5,94.4,14.658999999999999,5,5,5,51.865
20.85,6.0,31.741999999999997,47.839,37.747,65.15100000000001,116.105,118.74700000000001,64.7,54.9,30.3,99.9,67.1,89.0,96.2,88.9,94.6,91.5,94.4,14.736,5,5,5,51.948
20.87,6.0,31.866999999999997,47.652,37.525999999999996,66.644,116.06700000000001,118.715,64.7,54.9,30.3,99.9,67.1,89.0,96.2,88.9,94.6,91.5,94.4,14.573,5,5,5,52.06399999999999
20.89,6.0,31.445999999999998,47.43899999999999,37.595,69.484,116.06700000000001,118.74700000000001,64.7,54.9,30.3,99.9,67.1,89.0,96.2,88.9,94.6,91.5,94.4,13.588,5,5,5,52.148999999999994
20.91,6.0,31.796999999999997,47.278999999999996,37.506,67.49600000000001,116.03,118.603,64.7,54.9,30.3,99.9,67.1,89.0,96.2,88.9,94.6,91.5,94.4,14.222000000000001,5,5,5,52.244
20.93,6.0,31.246,47.396,37.492,66.369,115.935,118.715,64.7,54.9,30.3,99.9,67.1,89.0,96.2,88.9,94.6,91.5,94.4,13.527000000000001,5,5,5,52.336999999999996
20.95,6.0,31.506999999999998,47.51,37.521,65.881,115.992,118.523,64.7,54.9,30.3,99.9,67.1,89.0,96.2,88.9,94.6,91.5,94.4,12.773,5,5,5,52.416000000000004
20.97,6.0,31.756,47.423,37.484,66.898,115.803,118.539,64.7,54.9,30.3,99.9,67.1,89.0,96.2,88.9,94.6,91.5,94.4,13.415,5,5,5,52.504
20.99,6.0,31.455,47.306999999999995,37.39,69.012,115.898,118.555,64.7,54.9,30.3,99.9,67.1,89.0,96.2,88.9,94.6,91.5,94.4,11.99,5,5,5,52.606
21.01,6.0,31.16,47.097,37.637,67.75399999999999,115.917,118.587,64.7,54.9,30.3,99.9,67.1,89.0,96.2,88.9,94.6,91.5,94.4,12.117,5,5,5,52.716
21.03,6.0,31.404,47.223,37.246,67.291,115.728,118.459,64.7,54.9,30.3,99.9,67.1,89.0,96.2,88.9,94.6,91.5,94.4,12.576,5,5,5,52.817
21.05,6.0,31.298000000000002,47.348,37.42,67.499,115.633,118.475,64.7,54.9,30.3,99.9,67.1,89.0,96.2,88.9,94.6,91.5,94.4,11.132000000000001,5,5,5,52.905
21.07,6.0,31.496,46.606,37.361999999999995,65.80699999999999,115.61399999999999,118.363,64.7,54.9,30.3,99.9,67.1,89.0,96.2,88.9,94.6,91.5,94.4,11.582999999999998,5,5,5,53.016000000000005
21.09,6.0,31.136999999999997,47.211000000000006,37.481,70.154,115.671,118.26700000000001,64.7,54.9,30.3,99.9,67.1,89.0,96.2,88.9,94.6,91.5,94.4,11.715,5,5,5,53.11600000000001
21.11,6.0,31.381999999999998,46.82899999999999,37.207,68.612,115.51899999999999,118.21799999999999,64.7,54.9,30.3,99.9,67.1,89.0,96.2,88.9,94.6,91.5,94.45,10.988,5,5,5,53.254
21.13,6.0,31.291999999999998,47.114,37.413000000000004,67.875,115.443,118.12200000000001,64.7,54.9,30.3,99.9,67.1,89.0,96.2,88.9,94.6,91.5,94.516,11.96,5,5,5,53.326
21.15,6.0,31.076,46.638000000000005,37.189,69.002,115.32799999999999,118.073,64.7,54.9,30.3,99.9,67.1,89.0,96.2,88.9,94.6,91.5,94.553,11.117,5,5,5,53.489
21.17,6.0,31.285,46.53,37.34,66.649,115.405,118.09,64.7,54.9,30.3,99.9,67.1,89.0,96.2,88.9,94.6,91.5,94.57300000000001,10.886,5,5,5,53.604
21.19,6.0,31.038,46.951,37.37,70.259,115.405,118.10600000000001,64.7,54.9,30.3,99.9,67.1,89.0,96.2,88.9,94.6,91.5,94.585,11.567,5,5,5,53.753
21.21,6.0,31.377,46.425,37.208,72.113,115.214,117.993,64.7,54.9,30.3,99.9,67.1,89.0,96.2,88.9,94.6,91.5,94.592,10.992,5,5,5,53.876999999999995
21.23,6.0,30.586,46.56100000000001,37.235,68.919,115.23299999999999,117.977,64.7,54.9,30.3,99.9,67.1,89.0,96.2,88.9,94.6,91.5,94.595,10.614,5,5,5,54.023999999999994
21.25,6.0,31.122,47.11600000000001,37.345,69.553,115.137,117.977,64.7,54.9,30.3,99.9,67.1,89.0,96.2,88.9,94.6,91.5,94.597,11.120000000000001,5,5,5,54.16
21.27,6.0,31.061999999999998,46.553000000000004,37.169000000000004,69.678,115.23299999999999,117.863,64.7,54.9,30.3,99.9,67.1,89.0,96.2,88.9,94.6,91.5,94.598,9.886,5,5,5,54.306000000000004
21.29,6.0,31.092,46.868,37.278,70.665,115.079,117.78200000000001,64.7,54.9,30.3,99.9,67.1,89.0,96.2,88.9,94.6,91.5,94.59899999999999,10.593,5,5,5,54.437
21.31,6.0,30.348000000000003,46.159,37.184,74.256,115.06,117.79899999999999,64.7,54.9,30.3,99.9,67.1,89.0,96.2,88.9,94.6,91.5,94.6,10.686,5,5,5,54.637
21.33,6.0,30.855,46.155,37.334,70.093,114.906,117.734,64.7,54.9,30.3,99.9,67.1,89.0,96.2,88.9,94.6,91.5,94.6,10.084,5,5,5,54.836999999999996
21.35,6.0,30.319000000000003,46.405,37.122,69.952,114.81,117.70100000000001,64.7,54.9,30.3,99.9,67.1,89.0,96.2,88.9,94.6,91.5,94.6,10.894,5,5,5,54.968
21.37,6.0,30.296999999999997,46.528,37.4,69.377,114.75200000000001,117.555,64.7,54.9,30.3,99.9,67.1,89.0,96.2,88.9,94.6,91.5,94.6,10.565000000000001,5,5,5,55.148
21.39,6.0,30.087,46.313,36.958,70.369,114.771,117.65299999999999,64.7,54.9,30.3,99.9,67.1,89.0,96.2,88.9,94.6,91.5,94.6,10.311,5,5,5,55.312
21.41,6.0,30.487,46.369,37.249,73.058,114.887,117.588,64.7,54.9,30.3,99.9,67.1,89.0,96.2,88.9,94.6,91.5,94.6,11.268,5,5,5,55.489
21.43,6.0,30.026,45.887,37.211999999999996,70.539,114.829,117.555,64.7,54.9,30.3,99.9,67.1,89.0,96.2,88.9,94.6,91.5,94.6,10.568999999999999,5,5,5,55.65
21.45,6.0,30.465,45.918,37.164,69.846,114.655,117.47399999999999,64.7,54.9,30.3,99.9,67.1,89.0,96.2,88.9,94.6,91.5,94.6,10.375,5,5,5,55.815
21.47,6.0,30.445,45.718,37.184,69.977,114.617,117.45700000000001,64.7,54.9,30.3,99.9,67.1,89.0,96.2,88.9,94.6,91.5,94.6,10.947,5,5,5,55.968999999999994
21.49,6.0,30.563000000000002,46.031000000000006,37.11,69.16,114.675,117.425,64.7,54.9,30.3,99.9,67.1,89.087,96.2,88.9,94.6,91.5,94.6,9.806000000000001,5,5,5,56.137
21.51,6.0,29.894000000000002,45.88,37.071,73.752,114.617,117.40799999999999,64.7,54.9,30.3,99.9,67.1,89.137,96.2,88.9,94.6,91.5,94.6,10.416,5,5,5,56.291000000000004
21.53,6.0,30.156,46.042,37.176,71.73899999999999,114.52,117.359,64.7,54.9,30.3,99.9,67.1,89.164,96.2,88.9,94.6,91.5,94.6,10.907,5,5,5,56.457
21.55,6.0,29.912,46.221000000000004,37.101,69.965,114.42200000000001,117.31,64.7,54.9,30.3,99.9,67.1,89.18,96.2,88.9,94.6,91.5,94.6,9.581,5,5,5,56.64
21.57,6.0,29.636999999999997,45.72,37.321999999999996,71.517,114.40299999999999,117.39200000000001,64.7,54.9,30.3,99.9,67.1,89.189,96.2,88.9,94.6,91.5,94.6,10.397,5,5,5,56.806999999999995
21.59,6.0,29.671999999999997,45.948,36.986000000000004,68.84100000000001,114.345,117.179,64.7,54.9,30.3,99.9,67.1,89.194,96.2,88.9,94.6,91.5,94.6,10.342,5,5,5,56.96
21.61,6.0,30.303,45.878,37.085,72.116,114.325,117.147,64.7,54.9,30.3,99.9,67.1,89.196,96.2,88.9,94.6,91.5,94.6,9.911000000000001,5,5,5,57.145
21.63,6.0,29.795,45.857,37.080999999999996,71.434,114.40299999999999,117.163,64.7,54.9,30.3,99.9,67.1,89.19800000000001,96.2,88.9,94.6,91.5,94.6,10.969999999999999,5,5,5,57.301
21.65,6.0,30.131999999999998,46.096000000000004,37.153,69.876,114.24700000000001,117.196,64.7,54.9,30.3,99.9,67.1,89.199,96.2,88.9,94.6,91.5,94.6,10.207,5,5,5,57.455
21.67,6.0,29.627,45.754,37.133,71.331,114.383,117.147,64.7,54.9,30.3,99.9,67.1,89.199,96.2,88.9,94.6,91.5,94.6,10.053,5,5,5,57.637
21.69,6.0,29.595,45.819,37.165,69.965,114.11,117.11399999999999,64.7,54.9,30.3,99.9,67.1,89.2,96.2,88.9,94.6,91.5,94.6,10.962,5,5,5,57.78
21.71,6.0,29.115,45.699,36.831999999999994,72.15,114.169,117.065,64.7,54.9,30.3,99.9,67.1,89.2,96.2,88.9,94.6,91.5,94.6,10.246,5,5,5,57.957
21.73,6.0,29.498,45.14,37.226,75.105,114.11,116.98299999999999,64.7,54.9,30.3,99.9,67.1,89.2,96.2,88.9,94.6,91.5,94.6,10.143,5,5,5,58.12
21.75,6.0,29.212,45.431,37.042,72.215,113.992,116.95,64.7,54.9,30.3,99.9,67.1,89.2,96.2,88.9,94.6,91.5,94.6,10.797,5,5,5,58.321000000000005
21.77,6.0,29.51,45.626999999999995,37.122,72.152,114.071,116.851,64.7,54.9,30.3,99.9,67.1,89.2,96.2,88.9,94.6,91.5,94.6,9.452,5,5,5,58.495
21.79,6.0,29.736,45.278,36.925,70.85300000000001,114.051,116.917,64.7,54.9,30.3,99.9,67.1,89.2,96.2,88.9,94.6,91.5,94.6,10.289,5,5,5,58.657
21.81,6.0,29.533,45.547,37.14,72.074,113.93299999999999,116.96600000000001,64.7,54.9,30.3,99.9,67.1,89.2,96.2,88.9,94.6,91.5,94.6,10.312000000000001,5,5,5,58.85
21.83,6.0,29.336,45.41,37.045,74.293,113.835,116.851,64.7,54.9,30.3,99.9,67.1,89.2,96.2,88.9,94.6,91.5,94.6,10.137,5,5,5,59.012
21.85,6.0,29.105,45.251,36.995000000000005,72.148,113.874,116.686,64.7,54.9,30.3,99.9,67.1,89.2,96.2,88.9,94.6,91.5,94.6,10.032,5,5,5,59.178000000000004
21.87,6.0,29.340999999999998,45.516999999999996,36.86,72.184,113.697,116.75200000000001,64.7,54.9,30.3,99.9,67.1,89.2,96.2,88.9,94.6,91.5,94.6,10.177,5,5,5,59.355
21.89,6.0,29.15,45.42,36.943,70.232,113.756,116.669,64.7,54.9,30.3,99.9,67.1,89.2,96.2,88.9,94.6,91.5,94.6,9.952,5,5,5,59.553000000000004
21.91,6.0,29.2,45.117,36.812,71.638,113.756,116.834,64.7,54.9,30.3,99.9,67.1,89.2,96.2,88.9,94.6,91.5,94.6,9.504999999999999,5,5,5,59.736000000000004
21.93,6.0,28.975,45.335,36.956999999999994,75.531,113.55799999999999,116.52,64.7,54.9,30.3,99.9,67.1,89.2,96.2,88.9,94.6,91.5,94.6,9.623000000000001,5,5,5,59.882
21.95,6.0,29.081999999999997,45.361,36.948,73.687,113.71700000000001,116.43700000000001,64.7,54.9,30.3,99.9,67.1,89.2,96.2,88.9,94.6,91.5,94.6,9.661000000000001,5,5,5,60.1
21.97,6.0,29.268,45.23,37.018,71.29,113.51899999999999,116.471,64.7,54.9,30.3,99.9,67.1,89.2,96.2,88.9,94.6,91.5,94.6,9.259,5,5,5,60.245
21.99,6.0,28.991999999999997,45.481,36.811,72.577,113.57799999999999,116.38799999999999,64.7,54.9,30.3,99.9,67.1,89.2,96.2,88.9,94.6,91.5,94.6,9.248999999999999,5,5,5,60.43
22.01,6.0,29.139,45.013000000000005,36.818,70.051,113.38,116.57,64.7,54.9,30.3,99.9,67.1,89.2,96.2,88.9,94.6,91.5,94.6,9.315999999999999,5,5,5,60.623000000000005
22.03,6.0,28.924,45.425,36.866,74.363,113.459,116.37100000000001,64.7,54.9,30.3,99.9,67.1,89.2,96.2,88.9,94.6,91.5,94.6,9.254999999999999,5,5,5,60.784
22.05,6.0,29.428,45.23,36.878,72.962,113.34,116.271,64.7,54.9,30.3,99.9,67.1,89.2,96.2,88.9,94.6,91.5,94.6,9.278,5,5,5,60.975
22.07,6.0,29.135,45.053000000000004,36.741,71.556,113.419,116.25399999999999,64.7,54.9,30.3,99.9,67.1,89.2,96.2,88.9,94.6,91.5,94.6,8.974,5,5,5,61.148999999999994
22.09,6.0,28.708000000000002,45.411,36.819,72.275,113.38,116.288,64.7,54.9,30.3,99.9,67.1,89.2,96.2,88.9,94.6,91.5,94.6,9.075,5,5,5,61.309
22.11,6.0,28.991,45.504,36.863,69.65,113.34,116.221,64.7,54.9,30.3,99.9,67.1,89.2,96.2,88.9,94.6,91.5,94.6,9.211,5,5,5,61.5
22.13,6.0,28.545,45.227,36.894000000000005,72.773,113.26,116.171,64.7,54.9,30.3,99.9,67.1,89.2,96.2,88.9,94.6,91.5,94.6,9.168,5,5,5,61.691
22.15,6.0,28.596,44.766,36.726,74.506,113.38,116.25399999999999,64.7,54.9,30.3,99.9,67.1,89.2,96.2,88.9,94.6,91.5,94.6,8.967,5,5,5,61.854
22.17,6.0,28.258000000000003,44.921,36.967,70.887,113.1,116.071,64.7,54.9,30.3,99.9,67.1,89.2,96.2,88.9,94.6,91.5,94.6,9.065000000000001,5,5,5,62.01
22.19,6.0,28.281,44.731,36.811,71.968,113.26,116.18799999999999,64.7,54.9,30.3,99.9,67.1,89.2,96.2,88.9,94.6,91.5,94.6,9.019,5,5,5,62.207
22.21,6.0,28.576,44.941,36.868,71.137,113.0,116.204,64.7,54.9,30.3,99.9,67.1,89.2,96.2,88.9,94.6,91.5,94.6,8.956,5,5,5,62.373999999999995
22.23,6.0,28.215999999999998,45.333,36.758,72.42,113.26,116.071,64.7,54.9,30.3,99.9,67.1,89.2,96.2,88.9,94.6,91.5,94.6,8.865,5,5,5,62.567
22.25,6.0,28.245,44.922,36.979,74.687,113.06,116.054,64.7,54.9,30.3,99.9,67.1,89.2,96.2,88.9,94.6,91.5,94.6,8.923,5,5,5,62.731
22.27,6.0,27.996,44.701,36.701,73.6,113.04,116.00399999999999,64.7,54.9,30.3,99.9,67.1,89.2,96.2,88.9,94.6,91.5,94.6,8.971,5,5,5,62.92
22.29,6.0,27.861,44.738,36.596999999999994,72.707,112.94,116.071,64.7,54.9,30.3,99.9,67.1,89.2,96.2,88.9,94.6,91.5,94.6,8.883,5,5,5,63.093999999999994
22.31,6.0,28.156999999999996,44.6,36.678,70.691,112.94,116.088,64.7,54.9,30.3,99.9,67.1,89.2,96.2,88.9,94.6,91.5,94.6,8.832,5,5,5,63.271
22.33,6.0,28.055,44.547,36.486999999999995,72.305,113.04,115.971,64.7,54.9,30.3,99.9,67.1,89.2,96.2,88.9,94.6,91.5,94.6,8.975,5,5,5,63.458
22.35,6.0,27.36,44.908,36.685,75.054,112.87899999999999,115.971,64.7,54.9,30.3,99.9,67.1,89.2,96.2,88.9,94.6,91.5,94.6,8.989,5,5,5,63.659
22.37,6.0,27.758000000000003,45.001999999999995,36.899,72.668,112.819,115.92,64.7,54.9,30.3,99.9,67.1,89.2,96.2,88.9,94.6,91.5,94.6,8.718,5,5,5,63.85
22.39,6.0,27.660999999999998,44.869,36.726,72.232,112.839,115.904,64.7,54.9,30.3,99.9,67.1,89.2,96.2,88.9,94.6,91.5,94.6,8.682,5,5,5,64.021
22.41,6.0,28.008000000000003,44.664,36.712,71.962,112.79899999999999,115.66799999999999,64.7,54.9,30.3,99.9,67.1,89.2,96.2,88.9,94.6,91.5,94.6,8.845,5,5,5,64.21100000000001
22.43,6.0,27.789,44.329,36.643,70.764,112.678,115.87,64.7,54.9,30.3,99.9,67.1,89.2,96.2,88.9,94.6,91.5,94.6,8.805,5,5,5,64.4
22.45,6.0,27.508000000000003,44.378,36.894999999999996,75.456,112.71799999999999,115.904,64.7,54.9,30.3,99.9,67.1,89.2,96.2,88.9,94.6,91.5,94.6,8.243,5,5,5,64.56800000000001
22.47,6.0,27.631,44.704,36.709,74.423,112.617,115.719,64.7,54.9,30.3,99.9,67.1,89.2,96.2,88.9,94.6,91.5,94.6,8.483,5,5,5,64.72999999999999
22.49,6.0,27.884,44.44,36.616,71.765,112.57600000000001,115.76899999999999,64.7,54.9,30.3,99.9,67.1,89.2,96.2,88.9,94.6,91.5,94.6,9.286000000000001,5,5,5,64.92699999999999
22.51,6.0,27.803,44.287,36.611000000000004,73.457,112.65700000000001,115.56700000000001,64.7,54.9,30.3,99.9,67.1,89.2,96.2,88.9,94.6,91.5,94.6,8.641,5,5,5,65.08699999999999
22.53,6.0,27.651,43.986,36.701,69.945,112.475,115.618,64.7,54.9,30.3,100.3,66.9,89.2,96.2,88.9,94.6,91.5,94.6,8.149,5,5,5,65.263
22.55,6.0,27.506,44.379,36.53,73.891,112.272,115.65100000000001,64.7,54.9,30.3,100.3,66.9,89.2,96.2,88.9,94.6,91.5,94.6,8.613,5,5,5,65.426
22.57,6.0,27.551,44.15,36.501,73.156,112.37299999999999,115.48299999999999,64.7,54.9,30.3,100.3,66.9,89.2,96.2,88.9,94.6,91.5,94.6,9.318000000000001,5,5,5,65.592
22.59,6.0,27.345,43.814,36.624,71.303,112.475,115.584,64.7,54.9,30.3,100.3,66.9,89.2,96.2,88.9,94.6,91.5,94.6,8.675,5,5,5,65.75899999999999
22.61,6.0,27.706999999999997,44.321,36.673,72.083,112.434,115.5,64.7,54.9,30.3,100.3,66.9,89.2,96.2,88.9,94.6,91.5,94.6,8.042,5,5,5,65.951
22.63,6.0,27.644000000000002,44.205999999999996,36.459,70.042,112.251,115.5,64.7,54.9,30.3,100.3,66.9,89.2,96.2,88.9,94.6,91.5,94.6,8.715,5,5,5,66.113
22.65,6.0,27.453000000000003,44.223,36.629999999999995,72.05,112.12899999999999,115.432,64.7,54.9,30.3,100.3,66.9,89.2,96.2,88.9,94.6,91.5,94.6,9.394,5,5,5,66.30600000000001
22.67,6.0,27.25,43.475,36.702,76.013,112.251,115.398,64.7,54.9,30.3,100.3,66.9,89.2,96.2,88.987,94.6,91.5,94.6,8.932,5,5,5,66.455
22.69,6.0,27.121,43.516,36.64,71.831,112.21,115.24600000000001,64.7,54.9,30.3,100.3,66.9,89.2,96.2,89.03699999999999,94.6,91.5,94.6,8.031,5,5,5,66.655
22.71,6.0,26.753,43.399,36.669,71.928,112.31200000000001,115.34700000000001,64.7,54.9,30.3,100.3,66.9,89.2,96.2,89.064,94.6,91.5,94.6,8.709,5,5,5,66.81899999999999
22.73,6.0,26.99,44.113,36.691,71.241,112.149,115.29700000000001,64.7,54.9,30.3,100.3,66.9,89.2,96.2,89.08,94.6,91.5,94.6,9.600999999999999,5,5,5,67.03399999999999
22.75,6.0,27.059,43.82,36.516,71.97800000000001,112.12899999999999,115.212,64.7,54.9,30.3,100.3,66.9,89.2,96.2,89.089,94.6,91.5,94.6,9.072,5,5,5,67.203
22.77,6.0,26.79,43.466,36.773,73.63,112.21,115.229,64.7,54.9,30.3,100.3,66.9,89.2,96.2,89.094,94.6,91.5,94.6,8.107,5,5,5,67.38300000000001
22.79,6.0,27.070999999999998,44.125,36.418000000000006,71.944,112.06700000000001,115.29700000000001,64.7,54.9,30.3,100.3,66.9,89.2,96.2,89.096,94.6,91.5,94.6,8.771,5,5,5,67.56
22.81,6.0,26.651999999999997,43.898,36.542,72.62899999999999,111.944,115.14399999999999,64.7,54.9,30.3,100.3,66.9,89.2,96.2,89.098,94.6,91.5,94.6,8.967,5,5,5,67.75399999999999
22.83,6.0,27.064,43.547,36.424,71.12100000000001,111.92399999999999,115.059,64.7,54.9,30.3,100.3,66.9,89.2,96.2,89.09899999999999,94.6,91.5,94.6,8.898,5,5,5,67.928
22.85,6.0,26.839000000000002,43.718,36.548,71.666,112.02600000000001,115.14399999999999,64.7,54.9,30.3,100.3,66.9,89.2,96.2,89.09899999999999,94.6,91.5,94.6,9.416,5,5,5,68.122
22.87,6.0,26.65,43.789,36.553,75.965,111.90299999999999,115.14399999999999,64.7,54.9,30.3,100.3,66.9,89.2,96.2,89.1,94.6,91.5,94.6,8.911999999999999,5,5,5,68.292
22.89,6.0,26.851,43.971,36.515,74.044,111.965,115.025,64.7,54.9,30.3,100.3,66.9,89.2,96.2,89.1,94.6,91.5,94.6,7.914,5,5,5,68.477
22.91,6.0,26.906,43.223,36.205,72.03399999999999,111.697,115.025,64.7,54.9,30.3,100.3,66.9,89.2,96.2,89.1,94.6,91.5,94.6,8.683,5,5,5,68.65899999999999
22.93,6.0,26.369,43.098,36.611000000000004,73.437,111.759,115.07600000000001,64.7,54.9,30.3,100.3,66.9,89.2,96.225,89.1,94.6,91.5,94.6,9.233,5,5,5,68.84100000000001
22.95,6.0,26.656,43.691,36.510999999999996,70.593,111.8,114.92200000000001,64.7,54.9,30.3,100.3,66.9,89.2,96.30199999999999,89.1,94.6,91.5,94.6,8.529,5,5,5,69.037
22.97,6.0,26.583000000000002,43.093,36.409000000000006,75.631,111.8,115.059,64.7,54.9,30.3,100.3,66.9,89.2,96.345,89.1,94.6,91.5,94.6,7.978999999999999,5,5,5,69.219
22.99,6.0,26.247,43.217,36.486000000000004,74.407,111.71700000000001,114.76799999999999,64.7,54.9,30.3,100.3,66.9,89.2,96.369,89.1,94.6,91.5,94.6,8.664,5,5,5,69.37
23.01,6.0,26.193,43.473,36.438,71.929,111.759,114.648,64.7,54.9,30.3,100.3,66.9,89.2,96.382,89.1,94.6,91.5,94.6,9.378,5,5,5,69.565
23.03,6.0,26.618000000000002,43.241,36.340999999999994,73.334,111.59299999999999,114.7,64.7,54.9,30.3,100.3,66.9,89.2,96.39,89.1,94.6,91.5,94.6,8.574,5,5,5,69.735
23.05,6.0,26.363000000000003,43.181,36.29,70.383,111.738,114.631,64.7,54.9,30.3,100.3,66.9,89.2,96.39399999999999,89.1,94.6,91.5,94.6,7.838,5,5,5,69.926
23.07,6.0,26.214000000000002,43.234,36.309,73.434,111.531,114.61399999999999,64.7,54.9,30.3,100.3,66.9,89.2,96.39699999999999,89.1,94.6,91.5,94.6,8.629999999999999,5,5,5,70.094
23.09,6.0,26.304000000000002,42.727,36.563,74.958,111.61399999999999,114.58,64.7,54.9,30.3,100.3,66.9,89.2,96.398,89.1,94.6,91.5,94.6,9.341000000000001,5,5,5,70.271
23.11,6.0,26.263,43.181,36.364999999999995,70.889,111.51,114.631,64.7,54.9,30.3,100.3,66.9,89.2,96.399,89.1,94.6,91.5,94.6,8.68,5,5,5,70.459
23.13,6.0,25.771,43.294000000000004,36.422,71.521,111.552,114.59700000000001,64.7,54.9,30.3,100.3,66.9,89.2,96.399,89.1,94.6,91.5,94.6,7.761,5,5,5,70.637
23.15,6.0,25.863000000000003,43.071999999999996,36.182,70.73,111.40700000000001,114.61399999999999,64.7,54.9,30.3,100.3,66.9,89.2,96.4,89.1,94.6,91.5,94.6,8.557,5,5,5,70.80799999999999
23.17,6.0,26.090999999999998,42.274,36.331,71.896,111.531,114.58,64.7,54.9,30.3,100.3,66.9,89.2,96.4,89.1,94.6,91.5,94.6,9.421,5,5,5,70.993
23.19,6.0,26.146,42.431999999999995,36.283,75.87,111.365,114.51100000000001,64.7,54.9,30.3,100.3,66.9,89.2,96.4,89.1,94.6,91.5,94.6,8.595,5,5,5,71.16
23.21,6.0,25.62,42.988,36.176,71.847,111.26100000000001,114.51100000000001,64.7,54.9,30.3,100.3,66.9,89.2,96.4,89.1,94.6,91.5,94.6,7.731999999999999,5,5,5,71.35300000000001
23.23,6.0,25.954,43.163000000000004,36.370000000000005,72.35,111.26100000000001,114.494,64.7,54.9,30.3,100.3,66.9,89.2,96.4,89.1,94.6,91.5,94.6,8.536999999999999,5,5,5,71.529
23.25,6.0,25.895,42.806,36.446,71.279,111.448,114.459,64.7,54.9,30.3,100.3,66.9,89.2,96.4,89.1,94.6,91.5,94.6,9.387,5,5,5,71.71100000000001
23.27,6.0,25.905,43.051,36.328,72.12,111.28200000000001,114.459,64.7,54.9,30.3,100.3,66.9,89.2,96.4,89.1,94.6,91.5,94.6,8.54,5,5,5,71.891
23.29,6.0,25.354,42.993,36.403000000000006,74.37100000000001,111.135,114.35600000000001,64.7,54.9,30.3,100.3,66.9,89.2,96.4,89.1,94.6,91.5,94.6,7.787,5,5,5,72.08
23.31,6.0,25.730999999999998,42.874,36.284000000000006,72.05199999999999,111.219,114.459,64.7,54.9,30.3,100.3,66.9,89.2,96.4,89.1,94.6,91.5,94.6,8.644,5,5,5,72.24600000000001
23.33,6.0,25.855,42.746,36.405,71.306,111.073,114.321,64.7,54.9,30.3,100.3,66.9,89.2,96.4,89.1,94.6,91.5,94.6,9.365,5,5,5,72.44399999999999
23.35,6.0,26.031999999999996,43.003,36.027,71.384,111.052,114.235,64.7,54.9,30.3,100.3,66.9,89.2,96.4,89.1,94.6,91.5,94.6,8.602,5,5,5,72.64
23.37,6.0,25.581,42.614000000000004,36.165,71.222,111.115,114.148,64.7,54.9,30.3,100.3,66.9,89.2,96.4,89.1,94.6,91.5,94.6,7.921,5,5,5,72.834
23.39,6.0,25.61,42.889,36.367,76.377,110.96799999999999,114.148,64.7,54.9,30.3,100.3,66.9,89.2,96.4,89.1,94.6,91.5,94.6,8.644,5,5,5,73.032
23.41,6.0,25.093,42.676,36.427,74.633,111.052,114.06200000000001,64.7,54.9,30.3,100.3,66.9,89.2,96.4,89.1,94.6,91.5,94.6,9.487,5,5,5,73.21000000000001
23.43,6.0,25.549,42.234,36.265,71.928,110.98899999999999,114.2,64.7,54.9,30.3,100.3,66.9,89.2,96.4,89.1,94.6,91.5,94.6,8.847,5,5,5,73.392
23.45,6.0,25.518,42.679,36.194,73.44800000000001,111.01,114.148,64.7,54.9,30.3,100.3,66.9,89.2,96.4,89.1,94.6,91.5,94.6,7.968,5,5,5,73.55699999999999
23.47,6.0,25.836,42.491,36.03,70.362,111.01,114.079,64.7,54.9,30.3,100.3,66.9,89.2,96.4,89.1,94.6,91.5,94.6,8.77,5,5,5,73.764
23.49,6.0,25.137999999999998,42.47,36.221999999999994,74.592,110.84100000000001,113.94,64.7,54.9,30.3,100.3,66.9,89.2,96.4,89.1,94.6,91.5,94.6,9.395,5,5,5,73.93
23.51,6.0,25.495,42.36,36.286,73.236,110.736,113.88799999999999,64.7,54.9,30.3,100.3,66.9,89.2,96.4,89.1,94.6,91.5,94.6,8.904,5,5,5,74.122
23.53,6.0,25.476,41.946999999999996,36.275,71.388,110.694,114.009,64.7,54.9,30.3,100.3,66.9,89.2,96.4,89.1,94.6,91.5,94.6,8.18,5,5,5,74.303
23.55,6.0,25.176,42.078,36.147,72.92399999999999,110.77799999999999,113.835,64.7,54.9,30.3,100.3,66.9,89.2,96.4,89.1,94.6,91.5,94.6,8.782,5,5,5,74.47800000000001
23.57,6.0,25.236,42.327,36.269000000000005,70.494,110.82,113.992,64.7,54.9,30.3,100.3,66.9,89.2,96.4,89.1,94.6,91.5,94.6,9.485,5,5,5,74.65100000000001
23.59,6.0,25.403,42.486,36.408,72.70100000000001,110.694,114.009,64.7,54.9,30.3,100.3,66.9,89.2,96.4,89.1,94.6,91.5,94.6,8.869,5,5,5,74.834
23.61,6.0,24.927,41.509,36.215,75.83800000000001,110.736,113.713,64.7,54.9,30.3,100.3,66.9,89.2,96.4,89.1,94.6,91.5,94.6,8.244,5,5,5,75.005
23.63,6.0,24.805999999999997,42.518,36.19199999999999,70.972,110.609,113.766,64.7,54.9,30.3,100.3,66.9,89.2,96.4,89.1,94.6,91.5,94.6,8.753,5,5,5,75.192
23.65,6.0,24.954,42.211999999999996,36.161,70.73899999999999,110.609,113.78299999999999,64.7,54.9,30.3,100.3,66.9,89.2,96.4,89.1,94.6,91.5,94.6,9.286000000000001,5,5,5,75.362
23.67,6.0,25.129,41.758,36.262,70.512,110.67299999999999,113.60799999999999,64.7,54.9,30.3,100.3,66.9,89.2,96.4,89.1,94.6,91.5,94.6,8.9,5,5,5,75.564
23.69,6.0,24.68,42.144,36.155,71.001,110.50299999999999,113.818,64.7,54.9,30.3,100.3,66.9,89.2,96.4,89.1,94.6,91.5,94.6,8.394,5,5,5,75.743
23.71,6.0,24.788,41.674,36.230999999999995,74.309,110.397,113.818,64.7,54.9,30.3,100.3,66.9,89.2,96.4,89.1,94.6,91.5,94.6,8.801,5,5,5,75.904
23.73,6.0,24.337,41.488,36.282,71.523,110.375,113.626,64.7,54.9,30.3,100.3,66.9,89.2,96.4,89.1,94.6,91.5,94.6,9.207,5,5,5,76.089
23.75,6.0,24.564,42.101,36.287,70.97800000000001,110.439,113.59100000000001,64.7,54.9,30.3,100.3,66.9,89.2,96.4,89.1,94.6,91.5,94.6,8.774,5,5,5,76.306
23.77,6.0,24.608,42.001,36.158,70.369,110.29,113.573,64.7,54.9,30.3,100.3,66.9,89.2,96.4,89.1,94.6,91.5,94.6,8.328,5,5,5,76.446
23.79,6.0,24.285999999999998,41.73,36.1,71.377,110.375,113.696,64.7,54.9,30.3,100.3,66.9,89.2,96.4,89.1,94.6,91.5,94.6,8.766,5,5,5,76.65100000000001
23.81,6.0,24.869,42.073,36.321,73.88600000000001,110.375,113.573,64.7,54.9,30.3,100.3,66.9,89.2,96.4,89.1,94.6,91.5,94.6,8.446,5,5,5,76.82
23.83,6.0,25.031,41.969,36.085,71.812,110.333,113.398,64.7,54.9,30.3,100.3,66.9,89.2,96.4,89.1,94.6,91.5,94.6,8.764,5,5,5,76.992
23.85,6.0,24.671,41.475,36.004000000000005,70.795,110.226,113.31,64.7,54.9,30.3,100.3,66.9,89.2,96.4,89.1,94.6,91.5,94.6,9.004,5,5,5,77.17399999999999
23.87,6.0,24.52,41.442,36.105999999999995,71.256,110.375,113.345,64.7,54.9,30.3,100.3,66.9,89.2,96.4,89.1,94.6,91.5,94.6,8.204,5,5,5,77.35300000000001
23.89,6.0,24.684,41.922,36.164,69.873,110.226,113.43299999999999,64.7,54.9,30.3,100.3,66.9,89.2,96.4,89.1,94.6,91.5,94.6,8.945,5,5,5,77.566
23.91,6.0,24.855,41.691,36.075,75.01,110.098,113.292,64.7,54.9,30.3,100.3,66.9,89.2,96.4,89.1,94.6,91.5,94.6,9.392,5,5,5,77.722
23.93,6.0,24.497,41.629,36.076,73.388,110.26899999999999,113.221,64.7,54.9,30.3,100.3,66.9,89.2,96.4,89.1,94.6,91.5,94.6,8.313,5,5,5,77.913
23.95,6.0,24.567,41.349000000000004,36.271,70.994,110.26899999999999,113.398,64.7,54.9,30.3,100.3,66.9,89.2,96.4,89.1,94.6,91.5,94.6,9.254,5,5,5,78.112
23.97,6.0,24.733,41.452,35.988,72.24600000000001,110.226,113.36200000000001,64.7,54.9,30.3,100.3,66.9,89.2,96.4,89.1,94.6,91.5,94.6,9.600999999999999,5,5,5,78.303
23.99,6.0,24.149,41.286,36.187,68.81800000000001,110.012,113.274,64.7,54.9,30.3,100.3,66.9,89.2,96.4,89.1,94.6,91.5,94.6,8.748000000000001,5,5,5,78.502
24.01,6.0,24.474,41.580999999999996,36.075,72.90100000000001,110.141,113.186,64.7,54.9,30.3,100.3,66.9,89.2,96.4,89.1,94.6,91.5,94.6,9.344999999999999,5,5,5,78.69
24.03,6.0,23.993,41.85,36.043000000000006,72.673,110.055,113.115,64.7,54.9,30.3,100.3,66.9,89.2,96.4,89.1,94.6,91.5,94.6,9.908000000000001,5,5,5,78.89699999999999
24.05,6.0,24.167,41.351,36.007,70.169,110.055,113.06200000000001,64.7,54.9,30.3,100.3,66.9,89.2,96.4,89.1,94.6,91.5,94.6,9.387,5,5,5,79.08800000000001
24.07,6.0,24.291,41.946999999999996,36.141,71.28699999999999,109.904,113.06200000000001,64.7,54.9,30.3,100.3,66.9,89.2,96.4,89.1,94.6,91.5,94.6,9.452,5,5,5,79.256
24.09,6.0,24.631,41.78,35.781,69.363,110.07600000000001,113.16799999999999,64.7,54.9,30.3,100.3,66.9,89.2,96.4,89.1,94.6,91.5,94.6,10.009,5,5,5,79.446
24.11,6.0,24.303,40.885999999999996,36.096999999999994,71.087,109.969,112.885,64.7,54.9,30.3,100.3,66.9,89.2,96.4,89.1,94.6,91.5,94.6,9.526,5,5,5,79.635
24.13,6.0,23.814,41.506,35.894999999999996,74.965,109.99,113.06200000000001,64.7,54.9,30.3,100.3,66.9,89.2,96.4,89.1,94.6,91.5,94.6,9.6,5,5,5,79.821
24.15,6.0,24.254,41.619,35.846999999999994,69.9,109.75299999999999,112.991,64.7,54.9,30.3,100.3,66.9,89.2,96.4,89.1,94.6,91.5,94.6,10.25,5,5,5,80.009
24.17,6.0,23.669,41.150999999999996,35.980000000000004,69.595,109.75299999999999,112.885,64.7,54.9,30.3,100.3,66.9,89.2,96.4,89.1,94.6,91.5,94.6,9.558,5,5,5,80.204
24.19,6.0,23.958,41.082,36.094,68.628,109.947,112.885,64.7,54.9,30.3,100.3,66.9,89.2,96.4,89.1,94.6,91.5,94.6,9.504,5,5,5,80.393
24.21,6.0,24.145,41.124,36.094,69.905,109.667,112.77799999999999,64.7,54.9,30.3,100.3,66.9,89.2,96.4,89.1,94.6,91.5,94.6,10.472000000000001,5,5,5,80.611
24.23,6.0,23.913,41.235,35.801,71.851,109.775,112.796,64.7,54.9,30.3,100.3,66.9,89.2,96.4,89.1,94.6,91.5,94.6,9.735,5,5,5,80.811
24.25,6.0,23.924,41.166,36.008,70.25,109.71,112.885,64.7,54.9,30.3,100.3,66.9,89.2,96.4,89.1,94.6,91.5,94.6,9.453,5,5,5,81.02199999999999
24.27,6.0,23.913,41.25,35.946,70.413,109.667,112.70700000000001,64.7,54.9,30.3,100.3,66.9,89.2,96.4,89.1,94.6,91.5,94.6,10.422999999999998,5,5,5,81.22399999999999
24.29,6.0,23.33,40.821,35.811,69.01,109.861,112.65299999999999,64.7,54.9,30.3,100.3,66.9,89.2,96.4,89.1,94.6,91.5,94.6,9.653,5,5,5,81.421
24.31,6.0,23.535999999999998,41.25,35.797,70.119,109.71,112.65299999999999,64.7,54.9,30.3,100.3,66.9,89.2,96.4,89.1,94.6,91.5,94.6,9.341000000000001,5,5,5,81.65899999999999
24.33,6.0,23.479,40.895,36.012,73.077,109.645,112.618,64.7,54.9,30.3,100.3,66.9,89.2,96.4,89.1,94.6,91.5,94.6,9.926,5,5,5,81.881
24.35,6.0,23.688,40.51,36.081,71.582,109.645,112.725,64.7,54.9,30.3,100.3,66.9,89.2,96.4,89.1,94.6,91.5,94.6,9.65,5,5,5,82.078
24.37,6.0,23.205,40.843,36.114000000000004,70.372,109.384,112.885,64.7,54.9,30.3,100.3,66.9,89.2,96.4,89.1,94.6,91.5,94.6,9.215,5,5,5,82.293
24.39,6.0,23.394000000000002,40.954,35.849000000000004,72.271,109.58,112.564,64.7,54.9,30.3,100.3,66.9,89.2,96.4,89.1,94.6,91.5,94.6,9.641,5,5,5,82.502
24.41,6.0,22.799,41.185,35.79,69.20100000000001,109.471,112.493,64.7,54.9,30.3,100.3,66.9,89.2,96.4,89.1,94.6,91.5,94.6,9.725999999999999,5,5,5,82.76100000000001
24.43,6.0,23.142,41.2,36.024,73.869,109.515,112.564,64.7,54.9,30.3,100.3,66.9,89.2,96.4,89.1,94.6,91.5,94.6,8.925,5,5,5,82.986
24.45,6.0,23.623,40.516999999999996,35.604,72.986,109.471,112.331,64.7,54.9,30.3,100.3,66.9,89.2,96.4,89.1,94.6,91.5,94.6,9.653,5,5,5,83.235
24.47,6.0,22.962,41.085,35.775999999999996,70.869,109.55799999999999,112.45700000000001,64.7,54.9,30.3,100.3,66.9,89.2,96.4,89.1,94.6,91.5,94.6,9.552,5,5,5,83.487
24.49,6.0,22.782,40.792,35.774,72.109,109.428,112.34899999999999,64.7,54.9,30.3,100.3,66.9,89.2,96.4,89.1,94.6,91.5,94.6,8.676,5,5,5,83.686
24.51,6.0,22.553,40.85,35.864000000000004,69.834,109.275,112.40299999999999,64.7,54.9,30.3,100.3,66.9,89.2,96.4,89.1,94.6,91.5,94.6,9.591999999999999,5,5,5,83.921
24.53,6.0,22.678,40.678000000000004,35.730999999999995,72.743,109.29700000000001,112.385,64.8,54.9,30.3,100.7,66.8,89.2,96.4,89.1,94.6,91.5,94.6,9.751999999999999,5,5,5,84.14
24.55,6.0,22.992,40.598,35.789,72.638,109.275,112.277,64.8,54.9,30.3,100.7,66.8,89.2,96.4,89.1,94.6,91.5,94.6,8.585,5,5,5,84.354
24.57,6.0,22.637,40.955999999999996,35.868,71.02,109.18799999999999,112.31299999999999,64.8,54.9,30.3,100.7,66.8,89.2,96.4,89.1,94.6,91.5,94.6,9.451,5,5,5,84.541
24.59,6.0,22.883,40.852,35.685,71.075,109.056,112.169,64.8,54.9,30.3,100.7,66.8,89.2,96.4,89.1,94.6,91.5,94.6,10.174,5,5,5,84.759
24.61,6.0,23.16,40.589,35.694,70.074,109.23100000000001,112.133,64.8,54.9,30.3,100.7,66.8,89.2,96.4,89.1,94.6,91.5,94.6,8.841000000000001,5,5,5,84.947
24.63,6.0,22.749000000000002,40.515,35.61,71.26100000000001,109.12200000000001,112.241,64.8,54.9,30.3,100.7,66.8,89.2,96.4,89.1,94.6,91.5,94.6,9.528,5,5,5,85.171
24.65,6.0,22.424,40.347,35.734,74.762,109.07799999999999,112.133,64.8,54.9,30.3,100.7,66.8,89.2,96.4,89.1,94.6,91.5,94.6,9.971,5,5,5,85.355
24.67,6.0,22.428,39.928000000000004,35.697,70.367,108.96799999999999,112.259,64.8,54.9,30.3,100.7,66.8,89.2,96.4,89.1,94.6,91.5,94.6,9.594,5,5,5,85.516
24.69,6.0,22.842,40.39,35.715999999999994,69.808,108.99,112.061,64.8,54.9,30.3,100.7,66.8,89.2,96.4,89.1,94.6,91.5,94.6,9.528,5,5,5,85.76100000000001
24.71,6.0,22.642,40.429,35.774,69.017,109.166,112.133,64.8,54.9,30.3,100.7,66.8,89.2,96.4,89.1,94.6,91.5,94.6,10.036999999999999,5,5,5,85.914
24.73,6.0,22.56,40.021,35.571,69.917,108.92399999999999,111.95200000000001,64.8,54.9,30.3,100.7,66.8,89.2,96.4,89.1,94.6,91.5,94.6,9.622,5,5,5,86.094
24.75,6.0,22.824,40.306999999999995,35.816,71.781,108.902,112.007,64.8,54.9,30.3,100.7,66.8,89.2,96.4,89.1,94.6,91.5,94.6,9.57,5,5,5,86.285
24.77,6.0,22.311,40.137,35.855999999999995,70.631,109.03399999999999,112.09700000000001,64.8,54.9,30.3,100.7,66.8,89.2,96.4,89.1,94.6,91.5,94.6,10.234,5,5,5,86.487
24.79,6.0,22.415,40.294000000000004,35.565,70.09,108.96799999999999,112.061,64.8,54.9,30.3,100.7,66.8,89.2,96.4,89.1,94.6,91.5,94.6,9.638,5,5,5,86.656
24.81,6.0,22.616,40.425,35.596000000000004,69.60600000000001,108.96799999999999,111.82600000000001,64.8,54.9,30.3,100.7,66.8,89.2,96.4,89.1,94.6,91.5,94.6,9.527000000000001,5,5,5,86.85
24.83,6.0,22.738,40.423,35.518,69.137,108.92399999999999,111.844,64.8,54.9,30.3,100.7,66.8,89.2,96.4,89.1,94.6,91.5,94.6,10.377,5,5,5,87.017
24.85,6.0,22.500999999999998,39.900999999999996,35.682,73.623,108.92399999999999,111.807,64.8,54.9,30.3,100.7,66.8,89.2,96.4,89.1,94.6,91.5,94.6,9.783999999999999,5,5,5,87.227
24.87,6.0,22.072,39.938,35.685,71.92399999999999,108.946,111.735,64.8,54.9,30.3,100.7,66.8,89.2,96.4,89.1,94.6,91.5,94.6,9.57,5,5,5,87.375
24.89,6.0,22.457,39.981,35.545,70.199,108.85799999999999,111.789,64.8,54.9,30.3,100.7,66.8,89.2,96.4,89.1,94.6,91.5,94.6,10.472000000000001,5,5,5,87.58
24.91,6.0,22.22,40.005,35.719,71.83800000000001,108.791,111.971,64.8,54.9,30.3,100.7,66.8,89.2,96.4,89.1,94.6,91.5,94.6,9.966999999999999,5,5,5,87.74600000000001
24.93,6.0,22.313,40.231,35.744,68.53399999999999,108.63600000000001,111.71600000000001,64.8,54.9,30.3,100.7,66.8,89.2,96.4,89.1,94.6,91.5,94.6,9.71,5,5,5,87.947
24.95,6.0,22.61,39.711,35.471000000000004,73.045,108.681,111.735,64.8,54.9,30.3,100.7,66.8,89.2,96.4,89.1,94.6,91.5,94.6,10.562000000000001,5,5,5,88.138
24.97,6.0,22.298,39.746,35.556,71.72,108.70299999999999,111.735,64.8,54.9,30.3,100.7,66.8,89.2,96.4,89.1,94.6,91.5,94.6,9.998000000000001,5,5,5,88.306
24.99,6.0,22.107,39.973,35.620999999999995,70.77199999999999,108.65799999999999,111.807,64.8,54.9,30.3,100.7,66.8,89.2,96.4,89.1,94.6,91.5,94.6,9.687999999999999,5,5,5,88.486
25.01,6.0,22.453,39.924,35.336,71.714,108.681,111.75299999999999,64.8,54.9,30.3,100.7,66.8,89.2,96.4,89.1,94.6,91.5,94.6,10.394,5,5,5,88.666
25.03,6.0,21.721,39.919000000000004,35.533,69.084,108.65799999999999,111.589,64.8,54.9,30.3,100.7,66.8,89.2,96.4,89.1,94.6,91.5,94.6,9.978,5,5,5,88.846
25.05,6.0,21.891,39.992,35.44199999999999,72.044,108.50299999999999,111.479,64.8,54.9,30.3,100.7,66.8,89.2,96.4,89.1,94.6,91.5,94.6,9.786000000000001,5,5,5,89.01100000000001
25.07,6.0,21.91,40.176,35.454,74.554,108.436,111.68,64.8,54.9,30.3,100.7,66.8,89.2,96.4,89.1,94.6,91.5,94.6,10.367,5,5,5,89.184
25.09,6.0,22.003,39.835,35.589,70.612,108.414,111.443,64.8,54.9,30.3,100.7,66.8,89.2,96.4,89.1,94.6,91.5,94.6,9.991,5,5,5,89.365
25.11,6.0,21.852,39.786,35.506,70.21600000000001,108.458,111.516,64.8,54.9,30.3,100.7,66.8,89.2,96.4,89.1,94.6,91.5,94.6,9.884,5,5,5,89.568
25.13,6.0,22.237000000000002,39.438,35.483000000000004,69.793,108.391,111.625,64.8,54.9,30.3,100.7,66.8,89.2,96.4,89.1,94.6,91.5,94.6,10.513,5,5,5,89.755
25.15,6.0,21.827,39.22,35.541,70.76899999999999,108.34700000000001,111.64399999999999,64.8,54.9,30.3,100.7,66.8,89.2,96.4,89.1,94.6,91.5,94.6,9.942,5,5,5,89.917
25.17,6.0,22.144000000000002,39.583,35.499,73.999,108.28,111.516,64.8,54.9,30.3,100.7,66.8,89.2,96.4,89.1,94.6,91.5,94.6,9.962,5,5,5,90.119
25.19,6.0,21.994,39.262,35.489000000000004,70.615,108.414,111.351,64.8,54.9,30.3,100.7,66.8,89.2,96.4,89.1,94.6,91.5,94.6,10.481,5,5,5,90.303
25.21,6.0,21.549,39.639,35.561,70.388,108.302,111.552,64.8,54.9,30.3,100.7,66.8,89.2,96.4,89.1,94.6,91.5,94.6,9.870000000000001,5,5,5,90.475
25.23,6.0,22.469,39.415,35.419,68.637,108.369,111.64399999999999,64.8,54.9,30.3,100.7,66.8,89.2,96.4,89.1,94.6,91.5,94.6,9.940999999999999,5,5,5,90.652
25.25,6.0,21.676,39.453,35.571,69.331,108.235,111.38799999999999,64.8,54.9,30.3,100.7,66.8,89.2,96.4,89.1,94.6,91.5,94.6,10.51,5,5,5,90.861
25.27,6.0,21.142,39.859,35.484,71.58800000000001,108.167,111.296,64.8,54.9,30.3,100.7,66.8,89.2,96.4,89.1,94.6,91.5,94.6,9.661999999999999,5,5,5,91.051
25.29,6.0,21.785,39.471,35.501,70.225,108.369,111.27799999999999,64.8,54.9,30.3,100.7,66.8,89.2,96.4,89.1,94.6,91.5,94.6,9.946000000000002,5,5,5,91.236
25.31,6.0,21.840999999999998,39.433,35.650999999999996,69.116,108.12200000000001,111.351,64.8,54.9,30.3,100.7,66.8,89.2,96.4,89.1,94.6,91.5,94.6,10.385,5,5,5,91.398
25.33,6.0,21.798,39.228,35.333,69.085,108.12200000000001,111.259,64.8,54.9,30.3,100.7,66.8,89.2,96.4,89.1,94.6,91.5,94.6,9.469999999999999,5,5,5,91.62899999999999
25.35,6.0,21.335,39.743,35.602,68.87100000000001,108.1,111.16799999999999,64.8,54.9,30.3,100.7,66.8,89.2,96.4,89.1,94.6,91.5,94.6,10.018,5,5,5,91.783
25.37,6.0,21.197,38.985,35.601,73.387,108.12200000000001,111.186,64.8,54.9,30.3,100.7,66.8,89.2,96.4,89.1,94.6,91.5,94.6,10.325,5,5,5,91.96700000000001
25.39,6.0,21.743,39.566,35.367,71.782,108.145,111.241,64.8,54.9,30.3,100.7,66.8,89.2,96.4,89.1,94.6,91.5,94.6,9.257,5,5,5,92.166
25.41,6.0,21.293,39.424,35.321,69.5,108.01,111.075,64.8,54.9,30.3,100.7,66.8,89.2,96.4,89.1,94.6,91.5,94.6,9.936,5,5,5,92.344
25.43,7.0,21.234,39.056999999999995,35.474000000000004,71.038,108.07799999999999,111.204,64.8,54.9,30.3,100.7,66.8,89.2,96.4,89.1,94.6,91.5,94.6,10.357,5,5,5,92.553
25.45,7.0,21.495,39.107,35.423,62.825,108.12200000000001,111.094,64.8,54.9,30.3,100.7,66.8,89.2,96.4,89.1,94.6,91.5,94.6,9.297,5,5,5,92.79700000000001
25.47,7.0,21.407,38.934,35.441,52.021,108.1,111.131,64.8,54.9,30.3,100.7,66.8,89.2,96.4,89.1,94.6,91.5,94.6,9.868,5,5,5,93.366
25.49,7.0,21.333,39.538000000000004,35.569,41.486,107.897,110.90899999999999,64.8,54.9,30.3,100.7,66.8,89.2,96.4,89.1,94.6,91.5,94.6,10.186,5,5,5,94.07
25.51,7.0,21.392,38.893,35.294,32.947,107.829,110.90899999999999,64.8,54.9,30.3,100.7,66.8,89.2,96.4,89.1,94.6,91.5,94.6,9.158000000000001,5,5,5,94.68799999999999
25.53,7.0,21.187,38.882,35.286,27.33,107.648,110.891,64.8,54.9,30.3,100.7,66.8,89.2,96.4,89.1,94.6,91.5,94.6,10.033000000000001,5,5,5,95.087
25.55,7.0,21.484,39.179,35.354,21.27,107.648,110.742,64.8,54.9,30.3,100.7,66.8,89.2,96.4,89.1,94.6,91.5,94.6,9.954,5,5,5,95.34100000000001
25.57,7.0,21.137999999999998,38.365,35.452,15.772,107.67,110.742,64.8,54.9,30.3,100.7,66.8,89.2,96.4,89.1,94.6,91.5,94.6,9.111,5,5,5,95.52
25.59,7.0,21.217,38.816,35.319,11.95,107.67,110.742,64.8,54.9,30.3,100.7,66.8,89.2,96.4,89.1,94.6,91.5,94.6,10.076,5,5,5,95.68700000000001
25.61,7.0,20.762,38.669000000000004,35.313,9.237,107.32799999999999,110.369,64.8,54.9,30.3,100.7,66.8,89.2,96.4,89.1,94.6,91.5,94.6,10.894,5,5,5,95.87799999999999
25.63,7.0,20.994999999999997,38.594,35.188,8.503,107.488,110.68700000000001,64.8,54.9,30.3,100.7,66.8,89.2,96.4,89.1,94.6,91.5,94.6,9.401,5,5,5,96.113
25.65,7.0,21.006,38.498000000000005,35.282,7.751,107.76100000000001,110.87200000000001,64.8,54.9,30.3,100.7,66.8,89.2,96.4,89.1,94.6,91.5,94.6,9.821000000000002,5,5,5,96.331
25.67,7.0,20.659,39.068000000000005,35.260000000000005,6.787,107.53399999999999,110.835,64.8,54.9,30.3,100.7,66.8,89.2,96.4,89.1,94.6,91.5,94.6,10.091999999999999,5,5,5,96.49700000000001
25.69,7.0,20.974,38.348,35.102,12.17,107.51100000000001,110.835,64.8,54.9,30.3,100.7,66.8,89.2,96.4,89.1,94.6,91.5,94.6,9.218,5,5,5,96.67200000000001
25.71,7.0,20.906,38.882,35.229,14.561,107.557,110.66799999999999,64.8,54.9,30.3,100.7,66.8,89.2,96.4,89.1,94.6,91.5,94.6,9.713999999999999,5,5,5,96.802
25.73,7.0,21.199,38.603,35.141,11.71,107.579,110.594,64.8,54.9,30.3,100.7,66.8,89.2,96.4,89.1,94.6,91.5,94.6,9.841999999999999,5,5,5,96.90700000000001
25.75,7.0,20.856,38.529,35.242,9.712,107.488,110.79799999999999,64.8,54.9,30.3,100.7,66.8,89.2,96.4,89.1,94.6,91.5,94.6,9.317,5,5,5,96.985
25.77,7.0,21.057000000000002,38.719,35.099000000000004,8.123000000000001,107.488,110.5,64.8,54.9,30.3,100.7,66.8,89.2,96.4,89.1,94.6,91.5,94.6,9.827,5,5,5,97.065
25.79,7.0,20.737000000000002,38.153,35.247,6.861,107.625,110.444,64.8,54.9,30.3,100.7,66.8,89.2,96.4,89.1,94.6,91.5,94.6,9.501000000000001,5,5,5,97.155
25.81,7.0,21.101,38.171,35.194,6.84,107.465,110.575,64.8,54.9,30.3,100.7,66.8,89.2,96.4,89.1,94.6,91.5,94.6,9.661000000000001,5,5,5,97.23100000000001
25.83,7.0,20.500999999999998,38.308,35.096000000000004,11.231,107.44200000000001,110.369,64.8,54.9,30.3,100.7,66.8,89.2,96.4,89.1,94.6,91.5,94.6,10.413,5,5,5,97.329
25.85,7.0,20.875999999999998,38.330999999999996,35.201,10.687000000000001,107.397,110.48200000000001,64.8,54.9,30.3,100.7,66.8,89.2,96.4,89.1,94.6,91.5,94.6,9.725,5,5,5,97.436
25.87,7.0,21.008,38.452,35.019999999999996,13.48,107.351,110.426,64.8,54.9,30.3,100.7,66.8,89.2,96.4,89.1,94.6,91.5,94.6,9.558,5,5,5,97.67399999999999
25.89,7.0,20.039,38.495,35.175,16.777,107.51100000000001,110.426,64.8,54.9,30.3,100.7,66.8,89.2,96.4,89.1,94.6,91.5,94.6,10.088000000000001,5,5,5,97.969
25.91,7.0,20.368000000000002,38.133,35.186,19.624000000000002,107.305,110.257,64.8,54.9,30.3,100.7,66.8,89.2,96.4,89.1,94.6,91.5,94.6,9.867,5,5,5,98.34899999999999
25.93,7.0,20.41,37.908,35.086,21.409000000000002,107.236,110.369,64.8,54.9,30.3,100.7,66.8,89.2,96.4,89.1,94.6,91.5,94.6,9.033999999999999,5,5,5,98.79799999999999
25.95,7.0,20.548000000000002,38.254,35.061,22.361,107.167,110.238,64.8,54.9,30.3,100.7,66.8,89.2,96.4,89.1,94.6,91.5,94.6,9.620000000000001,5,5,5,99.318
25.97,7.0,20.856,38.154,34.861999999999995,22.235,107.488,110.31299999999999,64.8,54.9,30.3,100.7,66.8,89.2,96.4,89.1,94.6,91.5,94.6,9.856,5,5,5,99.81299999999999
25.99,7.0,20.076,38.334,35.153999999999996,20.742,107.305,110.48200000000001,64.8,54.9,30.3,100.7,66.8,89.2,96.4,89.1,94.6,91.5,94.6,9.048,5,5,5,100.35
26.01,7.0,20.070999999999998,38.275999999999996,35.108000000000004,21.336,106.98299999999999,110.126,64.8,54.9,30.3,100.7,66.8,89.2,96.4,89.1,94.6,91.5,94.6,9.647,5,5,5,100.889
26.03,7.0,20.085,37.531,35.004000000000005,20.359,107.14399999999999,110.238,64.8,54.9,30.3,100.7,66.8,89.2,96.4,89.1,94.6,91.5,94.6,10.489,5,5,5,101.45
26.05,7.0,20.021,38.226,34.965999999999994,20.223,107.213,110.10700000000001,64.8,54.9,30.3,100.7,66.8,89.2,96.4,89.1,94.6,91.5,94.6,9.729,5,5,5,101.971
26.07,7.0,20.16,38.221,35.072,19.578,107.19,110.22,64.8,54.9,30.3,100.7,66.8,89.2,96.4,89.1,94.6,91.5,94.6,9.565999999999999,5,5,5,102.524
26.09,7.0,20.427,37.953,35.278999999999996,14.965,107.236,110.20100000000001,64.8,54.9,30.3,100.7,66.8,89.2,96.4,89.1,94.6,91.5,94.6,10.414,5,5,5,103.072
26.11,7.0,20.439999999999998,38.121,35.108000000000004,11.459,107.213,110.088,64.8,54.9,30.3,100.7,66.8,89.2,96.4,89.1,94.6,91.5,94.6,9.991,5,5,5,103.52600000000001
26.13,7.0,20.39,38.196999999999996,35.053,6.417,107.029,109.729,64.8,54.9,30.3,100.7,66.8,89.2,96.4,89.1,94.6,91.5,94.6,9.978,5,5,5,103.883
26.15,7.0,20.463,38.005,35.084,6.455,106.634,109.65299999999999,64.8,54.9,30.3,100.7,66.8,89.2,96.4,89.1,94.6,91.5,94.6,10.058,5,5,5,104.15
26.17,7.0,19.896,38.518,35.18,6.399,106.65700000000001,109.634,64.8,54.9,30.3,100.7,66.8,89.2,96.4,89.1,94.6,91.5,94.6,10.059999999999999,5,5,5,104.266
26.19,7.0,19.845999999999997,37.974000000000004,35.096000000000004,5.788,106.913,109.691,64.8,54.9,30.3,100.7,66.8,89.2,96.4,89.1,94.6,91.5,94.6,8.78,5,5,5,104.291
26.21,8.0,19.78,37.798,35.007,5.408,106.704,109.74799999999999,64.8,54.9,30.3,100.7,66.8,89.2,96.4,89.1,94.6,91.5,94.6,9.427,5,5,5,104.302
26.23,8.0,19.674,37.668,35.107,4.496,106.844,109.899,64.8,54.9,30.3,100.7,66.8,89.2,96.4,89.1,94.6,91.5,94.6,10.413,5,5,5,104.32
26.25,8.0,20.281,37.911,34.994,5.385,106.65700000000001,109.67200000000001,64.8,54.9,30.3,100.7,66.8,89.2,96.4,89.1,94.6,91.5,94.6,9.431000000000001,5,5,5,104.333
26.27,8.0,19.223,37.771,34.983000000000004,5.317,106.681,109.596,64.8,54.9,30.3,100.7,66.8,89.2,96.4,89.1,94.6,91.5,94.6,9.294,5,5,5,104.359
26.29,8.0,19.512,37.998000000000005,35.073,4.629,106.774,109.67200000000001,64.8,54.9,30.3,100.7,66.8,89.2,96.4,89.1,94.6,91.5,94.6,10.097,5,5,5,104.376
26.31,8.0,19.862000000000002,37.635,35.013000000000005,4.904,106.65700000000001,109.57700000000001,64.8,54.9,30.3,100.7,66.8,89.2,96.4,89.1,94.6,91.5,94.6,9.35,5,5,5,104.382
26.33,8.0,19.777,37.554,34.918000000000006,5.4879999999999995,106.564,109.539,64.8,54.9,30.3,100.7,66.8,89.2,96.4,89.1,94.6,91.5,94.6,8.859,5,5,5,104.39200000000001
26.35,8.0,19.886,37.653,34.888000000000005,5.325,106.611,109.596,64.8,54.9,30.3,100.7,66.8,89.2,96.4,89.1,94.6,91.5,94.6,9.206,5,5,5,104.38799999999999
26.37,8.0,19.741,37.373000000000005,35.037,5.064,106.587,109.462,64.8,54.9,30.3,100.7,66.8,89.2,96.4,89.1,94.6,91.5,94.6,9.335,5,5,5,104.39200000000001
26.39,8.0,19.085,37.354,34.932,4.68,106.65700000000001,109.51899999999999,64.8,54.9,30.3,100.7,66.8,89.2,96.4,89.1,94.6,91.5,94.6,8.458,5,5,5,104.391
26.41,8.0,19.494999999999997,37.549,34.902,4.734,106.42399999999999,109.634,64.8,54.9,30.3,100.7,66.8,89.2,96.4,89.1,94.6,91.5,94.6,9.229,5,5,5,104.387
26.43,8.0,18.97,37.55,34.997,4.676,106.37700000000001,109.348,64.8,54.9,30.3,100.7,66.8,89.2,96.4,89.1,94.6,91.5,94.6,9.572,5,5,5,104.391
26.45,8.0,19.218,37.41,34.978,4.55,106.353,109.29,64.8,54.9,30.3,100.7,66.8,89.2,96.4,89.1,94.6,91.5,94.6,9.221,5,5,5,104.384
26.47,8.0,19.335,37.586999999999996,34.883,4.398,106.447,109.32799999999999,64.8,54.9,30.3,100.7,66.8,89.2,96.4,89.1,94.6,91.5,94.6,9.078,5,5,5,104.389
26.49,8.0,19.107999999999997,37.677,35.088,4.538,106.47,109.42399999999999,64.8,54.9,30.3,100.7,66.8,89.2,96.4,89.1,94.6,91.5,94.6,9.921,5,5,5,104.389
26.51,8.0,19.387999999999998,37.043,34.929,4.717,106.306,109.175,64.8,54.9,30.3,100.7,66.8,89.2,96.4,89.1,94.6,91.5,94.6,9.152000000000001,5,5,5,104.389
26.53,8.0,19.585,37.342,34.922,4.557,106.28299999999999,109.213,65.0,54.9,30.4,101.0,66.8,89.2,96.4,89.1,94.6,91.5,94.6,8.768,5,5,5,104.384
26.55,8.0,19.074,37.253,34.924,5.037,106.37700000000001,109.38600000000001,65.0,54.9,30.4,101.0,66.8,89.2,96.4,89.1,94.6,91.5,94.6,9.118,5,5,5,104.39
26.57,8.0,19.208,37.739000000000004,34.89,5.035,106.117,109.213,65.0,54.9,30.4,101.0,66.8,89.2,96.4,89.1,94.6,91.5,94.6,9.224,5,5,5,104.391
26.59,8.0,19.199,36.9,34.836,4.904,106.023,109.175,65.0,54.9,30.4,101.0,66.8,89.2,96.4,89.1,94.6,91.5,94.6,8.292,5,5,5,104.387
26.61,8.0,19.659,37.369,34.702,5.205,106.18799999999999,109.00200000000001,65.0,54.9,30.4,101.0,66.8,89.2,96.4,89.1,94.6,91.5,94.6,9.046,5,5,5,104.387
26.63,8.0,19.115000000000002,36.838,34.81699999999999,5.198,106.235,109.079,65.0,54.9,30.4,101.0,66.8,89.2,96.4,89.1,94.6,91.5,94.6,9.285,5,5,5,104.39399999999999
26.65,8.0,18.929000000000002,36.995999999999995,34.854,5.3629999999999995,106.33,108.944,65.0,54.9,30.4,101.0,66.8,89.2,96.4,89.1,94.6,91.5,94.6,9.086,5,5,5,104.39200000000001
26.67,8.0,18.7,37.005,34.758,5.231,106.046,109.117,65.0,54.9,30.4,101.0,66.8,89.2,96.4,89.1,94.6,91.5,94.6,9.023,5,5,5,104.38600000000001
26.69,8.0,19.33,37.061,34.802,5.138,106.18799999999999,109.021,65.0,54.9,30.4,101.0,66.8,89.2,96.4,89.1,94.6,91.5,94.6,9.885,5,5,5,104.39
26.71,8.0,18.572000000000003,37.317,34.796,5.132,106.235,109.098,65.0,54.9,30.4,101.0,66.8,89.2,96.4,89.1,94.6,91.5,94.6,9.01,5,5,5,104.387
26.73,8.0,18.692999999999998,36.965,34.903999999999996,5.156,106.117,109.156,65.0,54.9,30.4,101.0,66.8,89.2,96.4,89.1,94.6,91.5,94.6,8.715,5,5,5,104.384
26.75,8.0,18.610999999999997,37.07,34.766999999999996,5.038,106.259,109.156,65.0,54.9,30.4,101.0,66.8,89.2,96.4,89.1,94.6,91.5,94.6,9.206,5,5,5,104.376
26.77,8.0,18.479,37.054,34.878,5.172,106.353,109.175,65.0,54.9,30.4,101.0,66.8,89.2,96.4,89.1,94.6,91.5,94.6,9.207,5,5,5,104.37799999999999
26.79,8.0,18.901,37.219,34.81,5.034,106.141,109.117,65.0,54.9,30.4,101.0,66.8,89.2,96.4,89.1,94.6,91.5,94.6,8.339,5,5,5,104.381
26.81,8.0,18.822000000000003,36.949,34.611999999999995,5.081,106.165,108.925,65.0,54.9,30.4,101.0,66.8,89.2,96.4,89.1,94.6,91.5,94.6,9.114,5,5,5,104.383
26.83,8.0,18.48,36.681,34.696,5.235,106.07,109.117,65.0,54.9,30.4,101.0,66.8,89.2,96.4,89.1,94.6,91.5,94.6,9.462,5,5,5,104.375
26.85,8.0,18.726,37.385999999999996,34.816,4.911,106.046,109.06,65.0,54.9,30.4,101.0,66.8,89.2,96.4,89.1,94.6,91.5,94.6,8.781,5,5,5,104.384
26.87,8.0,18.72,36.744,34.696,5.135,106.141,108.963,65.0,54.9,30.4,101.0,66.8,89.2,96.4,89.1,94.6,91.5,94.6,8.77,5,5,5,104.381
26.89,8.0,18.610999999999997,36.803,34.679,5.068,106.165,108.944,65.0,54.9,30.4,101.0,66.8,89.2,96.4,89.1,94.6,91.5,94.6,9.033999999999999,5,5,5,104.382
26.91,8.0,18.433,36.897,34.638000000000005,4.951,106.046,109.098,65.0,54.9,30.4,101.0,66.8,89.2,96.4,89.1,94.6,91.5,94.6,8.889,5,5,5,104.382
26.93,8.0,18.877000000000002,36.80800000000001,34.586,5.402,106.023,108.905,65.0,54.9,30.4,101.0,66.8,89.2,96.4,89.1,94.6,91.5,94.6,8.731,5,5,5,104.382
26.95,8.0,18.083,36.455,34.792,4.961,105.928,108.88600000000001,65.0,54.9,30.4,101.0,66.8,89.2,96.4,89.1,94.6,91.5,94.6,8.802,5,5,5,104.381
26.97,8.0,18.639000000000003,36.463,34.474000000000004,4.848,105.999,108.925,65.0,54.9,30.4,101.0,66.8,89.2,96.4,89.1,94.6,91.5,94.6,9.542,5,5,5,104.38600000000001
26.99,8.0,18.36,36.228,34.685,5.432,106.094,108.809,65.0,54.9,30.4,101.0,66.8,89.2,96.4,89.1,94.6,91.5,94.6,8.898,5,5,5,104.385
27.01,8.0,18.555,37.104,34.699,4.955,105.833,108.98299999999999,65.0,54.9,30.4,101.0,66.8,89.2,96.4,89.1,94.6,91.5,94.6,7.938000000000001,5,5,5,104.381
27.03,8.0,18.425,36.382,34.652,4.946,105.88,108.809,65.0,54.9,30.4,101.0,66.8,89.2,96.4,89.1,94.6,91.5,94.6,8.815,5,5,5,104.374
27.05,8.0,18.454,36.358000000000004,34.565,5.134,105.85600000000001,108.65299999999999,65.0,54.9,30.4,101.0,66.8,89.2,96.4,89.1,94.6,91.5,94.6,9.33,5,5,5,104.376
27.07,8.0,18.42,36.269000000000005,34.478,4.99,105.975,108.809,65.0,54.9,30.4,101.0,66.8,89.2,96.4,89.1,94.6,91.5,94.6,8.74,5,5,5,104.381
27.09,8.0,18.377000000000002,36.717,34.724000000000004,4.831,105.85600000000001,108.51700000000001,65.0,54.9,30.4,101.0,66.8,89.2,96.4,89.1,94.6,91.5,94.6,8.369,5,5,5,104.37799999999999
27.11,8.0,18.375,36.527,34.539,5.066,105.76100000000001,108.67299999999999,65.0,54.9,30.4,101.0,66.8,89.2,96.4,89.1,94.6,91.5,94.6,8.771,5,5,5,104.384
27.13,8.0,18.734,36.54,34.519999999999996,5.233,105.85600000000001,108.69200000000001,65.0,54.9,30.4,101.0,66.8,89.2,96.4,89.1,94.6,91.5,94.6,8.975,5,5,5,104.381
27.15,8.0,18.522,36.016,34.646,5.198,105.928,108.712,65.0,54.9,30.4,101.0,66.8,89.2,96.4,89.1,94.6,91.5,94.6,8.533,5,5,5,104.387
27.17,8.0,18.285,36.129000000000005,34.766,4.942,105.713,108.595,65.0,54.9,30.4,101.0,66.8,89.2,96.4,89.1,94.6,91.5,94.6,8.715,5,5,5,104.39299999999999
27.19,8.0,18.079,35.907,34.583,5.434,105.69,108.67299999999999,65.0,54.9,30.4,101.0,66.8,89.2,96.4,89.1,94.6,91.5,94.6,8.899,5,5,5,104.39299999999999
27.21,8.0,18.137,35.906,34.587,5.491,105.76100000000001,108.51700000000001,65.0,54.9,30.4,101.0,66.8,89.2,96.4,89.1,94.6,91.5,94.6,8.585,5,5,5,104.387
27.23,8.0,18.259999999999998,35.947,34.626,4.979,105.57,108.478,65.0,54.9,30.4,101.0,66.8,89.2,96.4,89.1,94.6,91.5,94.6,7.911,5,5,5,104.383
27.25,8.0,17.982999999999997,36.063,34.729,5.161,105.522,108.49799999999999,65.0,54.9,30.4,101.0,66.8,89.2,96.4,89.1,94.6,91.5,94.6,8.731,5,5,5,104.387
27.27,8.0,17.767000000000003,36.113,34.653000000000006,5.31,105.618,108.537,65.0,54.9,30.4,101.0,66.8,89.2,96.4,89.1,94.6,91.5,94.6,9.383,5,5,5,104.382
27.29,8.0,18.278,36.309,34.484,5.135,105.618,108.42,65.0,54.9,30.4,101.0,66.8,89.2,96.4,89.1,94.6,91.5,94.6,8.74,5,5,5,104.382
27.31,8.0,18.062,35.672,34.589,5.015,105.522,108.556,65.0,54.9,30.4,101.0,66.8,89.2,96.4,89.1,94.6,91.5,94.6,8.213000000000001,5,5,5,104.382
27.33,8.0,18.369,35.874,34.679,5.068,105.426,108.556,65.0,54.9,30.4,101.0,66.8,89.2,96.4,89.1,94.6,91.5,94.6,8.685,5,5,5,104.381
27.35,8.0,17.859,36.608000000000004,34.664,4.864,105.594,108.49799999999999,65.0,54.9,30.4,101.0,66.8,89.2,96.4,89.1,94.6,91.5,94.6,9.073,5,5,5,104.382
27.37,8.0,18.047,35.753,34.446,4.979,105.546,108.595,65.0,54.9,30.4,101.0,66.8,89.2,96.4,89.1,94.6,91.5,94.6,8.661999999999999,5,5,5,104.381
27.39,8.0,18.214,35.271,34.53,4.757,105.594,108.459,65.0,54.9,30.4,101.0,66.8,89.2,96.4,89.1,94.6,91.5,94.6,8.493,5,5,5,104.37899999999999
27.41,8.0,18.027,35.888999999999996,34.641,4.836,105.426,108.38,65.0,54.9,30.4,101.0,66.8,89.2,96.4,89.1,94.6,91.5,94.6,8.683,5,5,5,104.37899999999999
27.43,8.0,17.922,35.812,34.569,4.791,105.257,108.26299999999999,65.0,54.9,30.4,101.0,66.8,89.2,96.4,89.1,94.6,91.5,94.6,8.676,5,5,5,104.383
27.45,8.0,17.643,35.888000000000005,34.643,4.786,105.281,108.302,65.0,54.9,30.4,101.0,66.8,89.2,96.4,89.1,94.6,91.5,94.6,8.054,5,5,5,104.385
27.47,8.0,17.5,35.971000000000004,34.53,5.121,105.402,108.302,65.0,54.9,30.4,101.0,66.8,89.2,96.4,89.1,94.6,91.5,94.6,8.593,5,5,5,104.38
27.49,8.0,17.707,35.531,34.593,5.187,105.45,108.38,65.0,54.9,30.4,101.0,66.8,89.2,96.4,89.1,94.6,91.5,94.6,9.386,5,5,5,104.37899999999999
27.51,8.0,17.519,35.465999999999994,34.667,5.081,105.402,108.22399999999999,65.0,54.9,30.4,101.0,66.8,89.2,96.4,89.1,94.6,91.5,94.6,8.525,5,5,5,104.37899999999999
27.53,8.0,17.953,35.480999999999995,34.634,5.09,105.305,108.26299999999999,65.0,54.9,30.4,101.0,66.8,89.2,96.4,89.1,94.6,91.5,94.6,7.947,5,5,5,104.381
27.55,8.0,17.71,35.8,34.668000000000006,5.246,105.039,108.185,65.0,54.9,30.4,101.0,66.8,89.2,96.4,89.1,94.6,91.5,94.6,8.672,5,5,5,104.38
27.57,8.0,17.82,35.977,34.622,5.255,105.06299999999999,108.04700000000001,65.0,54.9,30.4,101.0,66.8,89.2,96.4,89.1,94.6,91.5,94.6,9.045,5,5,5,104.385
27.59,8.0,17.782,35.334,34.328,5.005,105.257,108.10600000000001,65.0,54.9,30.4,101.0,66.8,89.2,96.4,89.1,94.6,91.5,94.6,8.667,5,5,5,104.382
27.61,8.0,17.405,35.549,34.715999999999994,4.966,105.281,108.145,65.0,54.9,30.4,101.0,66.8,89.2,96.4,89.1,94.6,91.5,94.6,8.463000000000001,5,5,5,104.381
27.63,8.0,17.881,35.658,34.515,5.144,105.16,108.04700000000001,65.0,54.9,30.4,101.0,66.8,89.2,96.4,89.1,94.6,91.5,94.6,8.693999999999999,5,5,5,104.382
27.65,8.0,17.469,35.357,34.572,5.129,105.23299999999999,108.10600000000001,65.0,54.9,30.4,101.0,66.8,89.2,96.4,89.1,94.6,91.5,94.6,8.852,5,5,5,104.387
27.67,8.0,17.607999999999997,35.75,34.510999999999996,5.18,105.257,108.04700000000001,65.0,54.9,30.4,101.0,66.8,89.2,96.4,89.1,94.6,91.5,94.6,8.515,5,5,5,104.389
27.69,8.0,17.229,35.584,34.474000000000004,4.861,105.281,107.96799999999999,65.0,54.9,30.4,101.0,66.8,89.2,96.4,89.1,94.6,91.5,94.6,8.581,5,5,5,104.385
27.71,8.0,17.177,34.908,34.708,5.135,105.039,107.96799999999999,65.0,54.9,30.4,101.0,66.8,89.2,96.4,89.1,94.6,91.5,94.6,9.398,5,5,5,104.383
27.73,8.0,17.572000000000003,35.236000000000004,34.578,5.076,105.039,107.928,65.0,54.9,30.4,101.0,66.8,89.2,96.4,89.1,94.6,91.5,94.6,8.497,5,5,5,104.37899999999999
27.75,8.0,17.134,35.343,34.576,5.11,105.13600000000001,107.988,65.0,54.9,30.4,101.0,66.8,89.2,96.4,89.1,94.6,91.5,94.6,7.795,5,5,5,104.37799999999999
27.77,8.0,17.335,35.383,34.376999999999995,4.935,105.06299999999999,107.988,65.0,54.9,30.4,101.0,66.8,89.2,96.4,89.1,94.6,91.5,94.6,8.754,5,5,5,104.376
27.79,8.0,17.462,34.925,34.546,5.036,104.795,107.83,65.0,54.9,30.4,101.0,66.8,89.2,96.4,89.1,94.6,91.5,94.6,8.754999999999999,5,5,5,104.37799999999999
27.81,8.0,17.095999999999997,35.239000000000004,34.568,5.183,104.89299999999999,107.84899999999999,65.0,54.9,30.4,101.0,66.8,89.2,96.4,89.1,94.6,91.5,94.6,9.372,5,5,5,104.38
27.83,8.0,17.339,35.346999999999994,34.637,5.07,105.014,107.988,65.0,54.9,30.4,101.0,66.8,89.2,96.4,89.1,94.6,91.5,94.6,8.948,5,5,5,104.38
27.85,8.0,17.429000000000002,35.353,34.620000000000005,5.064,104.868,107.90899999999999,65.0,54.9,30.4,101.0,66.8,89.2,96.4,89.1,94.6,91.5,94.6,8.981,5,5,5,104.384
27.87,8.0,17.73,35.411,34.373000000000005,5.219,105.087,107.75,65.0,54.9,30.4,101.0,66.8,89.2,96.4,89.1,94.6,91.5,94.6,9.547,5,5,5,104.37700000000001
27.89,8.0,17.128,35.094,34.609,4.92,104.941,107.83,65.0,54.9,30.4,101.0,66.8,89.2,96.4,89.1,94.6,91.5,94.6,8.533999999999999,5,5,5,104.38
27.91,8.0,17.488,35.456999999999994,34.305,5.188,104.721,108.04700000000001,65.0,54.9,30.4,101.0,66.8,89.2,96.4,89.1,94.6,91.5,94.6,9.244,5,5,5,104.37799999999999
27.93,8.0,17.099,35.406,34.488,5.427,104.96600000000001,107.711,65.0,54.9,30.4,101.0,66.8,89.2,96.4,89.1,94.6,91.5,94.6,9.446000000000002,5,5,5,104.376
27.95,8.0,17.125999999999998,35.289,34.506,4.836,104.917,107.75,65.0,54.9,30.4,101.0,66.8,89.2,96.4,89.1,94.6,91.5,94.6,8.856,5,5,5,104.383
27.97,8.0,17.17,35.256,34.542,5.001,104.941,107.73,65.0,54.9,30.4,101.0,66.8,89.2,96.4,89.1,94.6,91.5,94.6,9.512,5,5,5,104.37799999999999
27.99,8.0,17.064999999999998,34.835,34.448,5.615,104.844,107.671,65.0,54.9,30.4,101.0,66.8,89.2,96.4,89.1,94.6,91.5,94.6,9.7,5,5,5,104.381
28.01,8.0,16.984,35.323,34.5,4.999,104.99,107.711,65.0,54.9,30.4,101.0,66.8,89.2,96.4,89.1,94.6,91.5,94.6,9.355,5,5,5,104.385
28.03,8.0,17.216,35.437,34.406,5.001,104.721,107.611,65.0,54.9,30.4,101.0,66.8,89.2,96.4,89.1,94.6,91.5,94.6,10.445,5,5,5,104.38
28.05,8.0,16.844,35.041,34.448,5.2620000000000005,104.77,107.73,65.0,54.9,30.4,101.0,66.8,89.2,96.4,89.1,94.6,91.5,94.6,9.65,5,5,5,104.38600000000001
28.07,8.0,16.379,34.888000000000005,34.479,5.076,104.74600000000001,107.65100000000001,65.0,54.9,30.4,101.0,66.8,89.2,96.4,89.1,94.6,91.5,94.6,9.718,5,5,5,104.381
28.09,8.0,16.811,34.965999999999994,34.432,5.118,104.819,107.53200000000001,65.0,54.9,30.4,101.0,66.8,89.2,96.4,89.1,94.6,91.5,94.6,10.329,5,5,5,104.38
28.11,8.0,17.009,34.905,34.322,5.191,104.598,107.65100000000001,65.0,54.9,30.4,101.0,66.8,89.2,96.4,89.1,94.6,91.5,94.6,9.798,5,5,5,104.384
28.13,8.0,16.435000000000002,35.15,34.504000000000005,4.783,104.62299999999999,107.77,65.0,54.9,30.4,101.0,66.8,89.2,96.4,89.1,94.6,91.5,94.6,9.908000000000001,5,5,5,104.381
28.15,8.0,16.942,34.999,34.336,5.089,104.721,107.59100000000001,65.0,54.9,30.4,101.0,66.8,89.2,96.4,89.1,94.6,91.5,94.6,10.079,5,5,5,104.38799999999999
28.17,8.0,16.686,34.945,34.501999999999995,4.84,104.525,107.571,65.0,54.9,30.4,101.0,66.8,89.2,96.4,89.1,94.6,91.5,94.6,9.056999999999999,5,5,5,104.39
28.19,8.0,16.509999999999998,35.273,34.333,4.94,104.54899999999999,107.512,65.0,54.9,30.4,101.0,66.8,89.2,96.4,89.1,94.6,91.5,94.6,9.972,5,5,5,104.39
28.21,8.0,16.808,34.813,34.318,4.5,104.45100000000001,107.45200000000001,65.0,54.9,30.4,101.0,66.8,89.2,96.4,89.1,94.6,91.5,94.6,10.099,5,5,5,104.38600000000001
28.23,8.0,15.82,34.96,34.406,4.366,104.352,107.432,65.0,54.9,30.4,101.0,66.8,89.2,96.4,89.1,94.6,91.5,94.6,9.514,5,5,5,104.384
28.25,8.0,16.365000000000002,35.083,34.055,4.775,104.525,107.191,65.0,54.9,30.4,101.0,66.8,89.2,96.4,89.1,94.6,91.5,94.6,10.257000000000001,5,5,5,104.384
28.27,8.0,16.593,34.797,34.166,4.546,104.15299999999999,107.23200000000001,65.0,54.9,30.4,101.0,66.8,89.2,96.4,89.1,94.6,91.5,94.6,10.147,5,5,5,104.39
28.29,8.0,16.562,35.087,34.285,4.432,104.5,107.31200000000001,65.0,54.9,30.4,101.0,66.8,89.2,96.4,89.1,94.6,91.5,94.6,9.862,5,5,5,104.38
28.31,8.0,16.313,34.932,34.234,4.655,104.574,107.23200000000001,65.0,54.9,30.4,101.0,66.8,89.2,96.4,89.1,94.6,91.5,94.6,10.821000000000002,5,5,5,104.38600000000001
28.33,8.0,16.037,34.454,34.218,4.627,104.574,107.272,65.0,54.9,30.4,101.0,66.8,89.2,96.4,89.1,94.6,91.5,94.6,9.908999999999999,5,5,5,104.384
28.35,8.0,16.389000000000003,34.939,34.31699999999999,4.854,104.598,107.272,65.0,54.9,30.4,101.0,66.8,89.2,96.4,89.1,94.6,91.5,94.6,9.998000000000001,5,5,5,104.38
28.37,8.0,16.628,34.507,34.024,4.816,104.426,107.272,65.0,54.9,30.4,101.0,66.8,89.2,96.4,89.1,94.6,91.5,94.6,10.654,5,5,5,104.384
28.39,8.0,16.648,34.607,34.068,4.562,104.426,107.412,65.0,54.9,30.4,101.0,66.8,89.2,96.4,89.1,94.6,91.5,94.6,9.565999999999999,5,5,5,104.387
28.41,8.0,16.165,34.831999999999994,34.099000000000004,4.773,104.45100000000001,107.131,65.0,54.9,30.4,101.0,66.8,89.2,96.4,89.1,94.6,91.5,94.6,10.068999999999999,5,5,5,104.383
28.43,8.0,16.241,35.057,34.245000000000005,5.059,104.40100000000001,107.15100000000001,65.0,54.9,30.4,101.0,66.8,89.2,96.4,89.1,94.6,91.5,94.6,10.54,5,5,5,104.385
28.45,8.0,16.219,34.096000000000004,34.182,5.082,104.376,107.171,65.0,54.9,30.4,101.0,66.8,89.2,96.4,89.1,94.6,91.5,94.6,9.213999999999999,5,5,5,104.382
28.47,8.0,16.246,34.902,34.084,4.988,104.178,107.15100000000001,65.0,54.9,30.4,101.0,66.8,89.2,96.4,89.1,94.6,91.5,94.6,10.046,5,5,5,104.37899999999999
28.49,8.0,16.185000000000002,34.349000000000004,34.022,4.914,104.352,107.131,65.0,54.9,30.4,101.0,66.8,89.2,96.4,89.1,94.6,91.5,94.6,10.142,5,5,5,104.381
28.51,8.0,16.072000000000003,34.525,34.037,5.009,104.228,106.95,65.0,54.9,30.4,101.0,66.8,89.2,96.4,89.1,94.6,91.5,94.6,9.604,5,5,5,104.37899999999999
28.53,8.0,16.34,34.467,34.141999999999996,5.306,104.45100000000001,107.131,65.2,55.0,30.5,101.1,67.0,89.2,96.4,89.1,94.6,91.5,94.6,10.662,5,5,5,104.381
28.55,8.0,16.336,34.432,34.084,5.09,104.277,106.929,65.2,55.0,30.5,101.1,67.0,89.2,96.4,89.1,94.6,91.5,94.6,10.190000000000001,5,5,5,104.382
28.57,8.0,15.790999999999999,34.181,34.129999999999995,5.057,104.15299999999999,106.95,65.2,55.0,30.5,101.1,67.0,89.2,96.4,89.1,94.6,91.5,94.6,9.891,5,5,5,104.384
28.59,8.0,16.615000000000002,35.045,34.16,4.804,104.103,107.051,65.2,55.0,30.5,101.1,67.0,89.2,96.4,89.1,94.6,91.5,94.6,10.918,5,5,5,104.389
28.61,8.0,16.008,34.161,34.004999999999995,5.084,104.12799999999999,107.131,65.2,55.0,30.5,101.1,67.0,89.2,96.4,89.1,94.6,91.5,94.6,10.096,5,5,5,104.385
28.63,8.0,16.059,34.128,33.944,4.961,104.07799999999999,107.03,65.2,55.0,30.5,101.1,67.0,89.2,96.4,89.1,94.6,91.5,94.6,10.008,5,5,5,104.384
28.65,8.0,16.098,33.907,34.114000000000004,5.029,104.178,106.97,65.2,55.0,30.5,101.1,67.0,89.2,96.4,89.1,94.6,91.5,94.6,10.594999999999999,5,5,5,104.39200000000001
28.67,8.0,16.146,34.138999999999996,34.124,4.865,104.20299999999999,106.99,65.2,55.0,30.5,101.1,67.0,89.2,96.4,89.1,94.6,91.5,94.6,9.267,5,5,5,104.38799999999999
28.69,8.0,15.724,34.686,34.055,4.931,104.20299999999999,107.131,65.2,55.0,30.5,101.1,67.0,89.2,96.4,89.1,94.6,91.5,94.6,10.094,5,5,5,104.395
28.71,8.0,15.743,34.327,34.25,4.853,104.12799999999999,106.95,65.2,55.0,30.5,101.1,67.0,89.2,96.4,89.1,94.6,91.5,94.6,10.452000000000002,5,5,5,104.389
28.73,8.0,15.908,34.458,34.133,4.858,104.178,107.071,65.2,55.0,30.5,101.1,67.0,89.2,96.4,89.1,94.6,91.5,94.6,9.547,5,5,5,104.387
28.75,8.0,15.72,34.126999999999995,33.946,4.91,104.178,106.99,65.2,55.0,30.5,101.1,67.0,89.2,96.4,89.1,94.6,91.5,94.6,10.125,5,5,5,104.38600000000001
28.77,8.0,15.710999999999999,34.047,34.135000000000005,4.66,104.07799999999999,106.84899999999999,65.2,55.0,30.5,101.1,67.0,89.2,96.4,89.1,94.6,91.5,94.6,10.073,5,5,5,104.38799999999999
28.79,8.0,15.462,34.229,34.18,4.973,104.103,106.90899999999999,65.2,55.0,30.5,101.1,67.0,89.2,96.4,89.1,94.6,91.5,94.6,10.329,5,5,5,104.387
28.81,8.0,16.008,34.042,34.032,4.907,104.00399999999999,106.84899999999999,65.2,55.0,30.5,101.1,67.0,89.2,96.4,89.1,94.6,91.5,94.6,10.432,5,5,5,104.381
28.83,8.0,15.470999999999998,33.677,34.153999999999996,4.669,104.103,106.869,65.2,55.0,30.5,101.1,67.0,89.2,96.4,89.1,94.6,91.5,94.6,10.343,5,5,5,104.385
28.85,8.0,15.472999999999999,33.866,34.016999999999996,4.43,103.954,106.70700000000001,65.2,55.0,30.5,101.1,67.0,89.2,96.4,89.1,94.6,91.5,94.6,10.899000000000001,5,5,5,104.382
28.87,8.0,16.463,33.96,33.995999999999995,5.09,103.87799999999999,106.82799999999999,65.2,55.0,30.5,101.1,67.0,89.2,96.4,89.1,94.6,91.5,94.6,10.033999999999999,5,5,5,104.382
28.89,8.0,15.622,33.771,34.1,4.734,103.87799999999999,106.74700000000001,65.2,55.0,30.5,101.1,67.0,89.2,96.4,89.1,94.6,91.5,94.6,11.565999999999999,5,5,5,104.38600000000001
28.91,8.0,15.67,33.781,34.124,4.562,103.82799999999999,106.889,65.2,55.0,30.5,101.1,67.0,89.2,96.4,89.1,94.6,91.5,94.6,10.341000000000001,5,5,5,104.389
28.93,8.0,15.725999999999999,33.843,34.033,4.92,104.12799999999999,106.70700000000001,65.2,55.0,30.5,101.1,67.0,89.2,96.331,89.031,94.6,91.5,94.6,10.734,5,5,5,104.384
28.95,8.0,15.154,34.18,34.193,4.588,103.75299999999999,106.625,65.2,55.0,30.5,101.1,67.0,89.2,96.274,88.97399999999999,94.6,91.5,94.6,11.029,5,5,5,104.381
28.97,8.0,15.617,33.816,34.129999999999995,4.891,103.677,106.462,65.2,55.0,30.5,101.1,67.0,89.2,96.242,88.942,94.6,91.5,94.6,10.667000000000002,5,5,5,104.387
28.99,8.0,15.226,33.686,34.263000000000005,5.076,103.803,106.666,65.2,55.0,30.5,101.1,67.0,89.2,96.223,88.923,94.6,91.5,94.6,11.164,5,5,5,104.37899999999999
29.01,8.0,15.515999999999998,33.419,34.054,4.725,103.77799999999999,106.666,65.2,55.0,30.5,101.1,67.0,89.2,96.21300000000001,88.913,94.6,91.5,94.6,10.437999999999999,5,5,5,104.381
29.03,8.0,15.344000000000001,34.559,33.989999999999995,4.965,103.82799999999999,106.74700000000001,65.2,55.0,30.5,101.1,67.0,89.2,96.207,88.907,94.6,91.5,94.6,11.594999999999999,5,5,5,104.37899999999999
29.05,8.0,15.286,33.581999999999994,34.066,5.253,103.75299999999999,106.686,65.2,55.0,30.5,101.1,67.0,89.2,96.204,88.904,94.6,91.5,94.6,10.169,5,5,5,104.383
29.07,8.0,15.414000000000001,33.465999999999994,34.128,5.037,103.75299999999999,106.564,65.2,55.0,30.5,101.1,67.0,89.2,96.202,88.902,94.6,91.5,94.6,10.986,5,5,5,104.37899999999999
29.09,8.0,15.309000000000001,33.224000000000004,33.921,5.197,103.62700000000001,106.36,65.2,55.0,30.5,101.1,67.0,89.2,96.20100000000001,88.90100000000001,94.6,91.5,94.6,10.881,5,5,5,104.38
29.11,8.0,15.370999999999999,33.848,34.022,5.003,103.77799999999999,106.38,65.2,55.0,30.5,101.1,67.0,89.2,96.20100000000001,88.90100000000001,94.6,91.5,94.6,10.864,5,5,5,104.37899999999999
29.13,8.0,15.401,34.028999999999996,34.008,5.116,103.82799999999999,106.462,65.2,55.0,30.5,101.1,67.0,89.2,96.2,88.9,94.6,91.5,94.6,11.391,5,5,5,104.381
29.15,8.0,15.378,33.074,34.118,5.205,103.62700000000001,106.40100000000001,65.2,55.0,30.5,101.1,67.0,89.2,96.2,88.9,94.6,91.5,94.6,10.623999999999999,5,5,5,104.389
29.17,8.0,15.383,33.226,34.122,4.829,103.602,106.584,65.2,55.0,30.5,101.1,67.0,89.2,96.2,88.9,94.6,91.5,94.6,11.565999999999999,5,5,5,104.389
29.19,8.0,15.229,33.167,33.96,5.167,103.602,106.48200000000001,65.2,55.0,30.5,101.1,67.0,89.2,96.2,88.9,94.6,91.5,94.6,10.27,5,5,5,104.39
29.21,8.0,15.236,33.138999999999996,34.260999999999996,5.027,103.551,106.339,65.2,55.0,30.5,101.1,67.0,89.2,96.2,88.9,94.6,91.5,94.6,11.294,5,5,5,104.383
29.23,8.0,15.129,33.375,34.211,4.804,103.75299999999999,106.48200000000001,65.2,55.0,30.5,101.1,67.0,89.2,96.2,88.9,94.6,91.5,94.6,11.119,5,5,5,104.385
29.25,8.0,14.96,33.715,33.887,5.301,103.75299999999999,106.38,65.2,55.0,30.5,101.1,67.0,89.2,96.2,88.9,94.6,91.5,94.6,10.979,5,5,5,104.38799999999999
29.27,8.0,15.338,33.288,34.111000000000004,4.942,103.602,106.462,65.2,55.0,30.5,101.1,67.0,89.2,96.2,88.9,94.6,91.5,94.6,11.452000000000002,5,5,5,104.38799999999999
29.29,8.0,14.752,33.34,34.141,4.814,103.52600000000001,106.36,65.2,55.0,30.5,101.1,67.0,89.2,96.2,88.9,94.6,91.5,94.6,10.771,5,5,5,104.387
29.31,8.0,15.183,33.652,34.090999999999994,5.453,103.677,106.319,65.2,55.0,30.5,101.1,67.0,89.2,96.2,88.9,94.6,91.5,94.6,11.905000000000001,5,5,5,104.38600000000001
29.33,8.0,14.896,33.438,34.09,4.956,103.348,106.38,65.2,55.0,30.5,101.1,67.0,89.2,96.2,88.9,94.6,91.5,94.6,10.35,5,5,5,104.389
29.35,8.0,15.425,33.585,33.968,4.964,103.62700000000001,106.544,65.2,55.0,30.5,101.1,67.0,89.2,96.2,88.9,94.6,91.5,94.6,11.582,5,5,5,104.389
29.37,8.0,14.974,33.230000000000004,34.013000000000005,5.073,103.42399999999999,106.339,65.2,55.0,30.5,101.1,67.0,89.2,96.2,88.9,94.6,91.5,94.6,11.36,5,5,5,104.395
29.39,8.0,14.897,33.275999999999996,34.143,5.29,103.272,106.196,65.2,55.0,30.5,101.1,67.0,89.2,96.2,88.9,94.6,91.5,94.6,11.072,5,5,5,104.39
29.41,8.0,14.942,33.135000000000005,34.132,5.331,103.42399999999999,106.40100000000001,65.2,55.0,30.5,101.1,67.0,89.2,96.2,88.9,94.6,91.5,94.6,11.377,5,5,5,104.389
29.43,8.0,14.812999999999999,33.052,34.182,4.946,103.399,106.36,65.2,55.0,30.5,101.1,67.0,89.2,96.2,88.9,94.6,91.5,94.6,11.003,5,5,5,104.387
29.45,8.0,14.773,33.294,34.036,4.774,103.348,106.40100000000001,65.2,55.0,30.5,101.1,67.0,89.2,96.2,88.9,94.6,91.5,94.6,11.713999999999999,5,5,5,104.387
29.47,8.0,14.238,33.518,34.138000000000005,5.05,103.37299999999999,106.421,65.2,55.0,30.5,101.1,67.0,89.2,96.2,88.9,94.6,91.5,94.6,10.498999999999999,5,5,5,104.39
29.49,8.0,14.976,33.05800000000001,33.854,4.742,103.24600000000001,106.175,65.2,55.0,30.5,101.1,67.0,89.2,96.2,88.9,94.6,91.5,94.6,11.914,5,5,5,104.39299999999999
29.51,8.0,14.887,33.633,33.891,5.102,103.57600000000001,106.29799999999999,65.2,55.0,30.5,101.1,67.0,89.2,96.2,88.9,94.6,91.5,94.6,11.232,5,5,5,104.396
29.53,8.0,14.652000000000001,32.9,34.191,5.033,103.272,106.175,65.2,55.0,30.5,101.1,67.0,89.2,96.2,88.9,94.6,91.5,94.6,11.184000000000001,5,5,5,104.39200000000001
29.55,8.0,14.99,33.048,34.092,4.701,103.221,106.339,65.2,55.0,30.5,101.1,67.0,89.2,96.2,88.9,94.6,91.5,94.6,11.600999999999999,5,5,5,104.39
29.57,8.0,14.815,33.337,33.992,5.165,103.348,106.21600000000001,65.2,55.0,30.5,101.1,67.0,89.2,96.2,88.9,94.6,91.5,94.6,11.04,5,5,5,104.39
29.59,8.0,14.997,33.116,33.784000000000006,5.287,103.24600000000001,106.175,65.2,55.0,30.5,101.1,67.0,89.2,96.2,88.9,94.6,91.5,94.6,11.802,5,5,5,104.396
29.61,8.0,14.499,32.94,33.903000000000006,4.75,103.221,106.21600000000001,65.2,55.0,30.5,101.1,67.0,89.2,96.2,88.9,94.6,91.5,94.6,10.503,5,5,5,104.39399999999999
29.63,8.0,14.789,33.15,33.903000000000006,4.944,103.37299999999999,106.319,65.2,55.0,30.5,101.1,67.0,89.2,96.2,88.9,94.6,91.5,94.6,12.097999999999999,5,5,5,104.389
29.65,8.0,14.402999999999999,32.637,33.663,4.969,103.348,106.072,65.2,55.0,30.5,101.1,67.0,89.2,96.2,88.9,94.6,91.5,94.6,11.168,5,5,5,104.39200000000001
29.67,8.0,14.746,33.266,34.054,5.187,103.24600000000001,106.113,65.2,55.0,30.5,101.1,67.0,89.2,96.2,88.9,94.6,91.5,94.6,11.286000000000001,5,5,5,104.38799999999999
29.69,8.0,14.455,32.953,33.787,4.968,103.195,106.21600000000001,65.2,55.0,30.5,101.1,67.0,89.2,96.2,88.9,94.6,91.5,94.6,11.379,5,5,5,104.39
29.71,8.0,14.226,32.726,33.81,4.889,103.042,106.072,65.2,55.0,30.5,101.1,67.0,89.2,96.2,88.9,94.6,91.5,94.6,11.151,5,5,5,104.39299999999999
29.73,8.0,14.644,32.429,33.84,5.021,103.118,105.98899999999999,65.2,55.0,30.5,101.1,67.0,89.2,96.2,88.9,94.6,91.5,94.6,11.789,5,5,5,104.39299999999999
29.75,8.0,14.862,32.843,33.736999999999995,4.93,102.939,106.09299999999999,65.2,55.0,30.5,101.1,67.0,89.2,96.2,88.9,94.6,91.5,94.6,10.824,5,5,5,104.387
29.77,8.0,14.201,32.948,33.725,4.842,103.118,106.01,65.2,55.0,30.5,101.1,67.0,89.2,96.2,88.9,94.6,91.5,94.6,11.356,5,5,5,104.391
29.79,8.0,14.302,32.678,33.742,5.331,103.17,106.072,65.2,55.0,30.5,101.1,67.0,89.2,96.2,88.9,94.6,91.5,94.6,12.192,5,5,5,104.391
29.81,8.0,14.617,32.108000000000004,33.69199999999999,4.93,102.758,105.969,65.2,55.0,30.5,101.1,67.0,89.2,96.2,88.9,94.6,91.5,94.6,12.222000000000001,5,5,5,104.387
29.83,8.0,14.081,32.839,33.778999999999996,4.665,103.17,105.88600000000001,65.2,55.0,30.5,101.1,67.0,89.2,96.2,88.9,94.6,91.5,94.6,11.582,5,5,5,104.38600000000001
29.85,8.0,14.247,32.574,33.699,5.377,102.939,105.969,65.2,55.0,30.5,101.1,67.0,89.2,96.2,88.9,94.6,91.5,94.6,12.889,5,5,5,104.39
29.87,8.0,14.638,32.782,33.812,5.18,103.06700000000001,105.90700000000001,65.2,55.0,30.5,101.1,67.0,89.2,96.2,88.9,94.6,91.5,94.6,12.621,5,5,5,104.387
29.89,8.0,14.191,32.852,33.717,5.008,102.86200000000001,105.969,65.2,55.0,30.5,101.1,67.0,89.2,96.2,88.9,94.6,91.5,94.6,12.128,5,5,5,104.389
29.91,8.0,14.192,32.21,33.672,4.968,102.758,106.01,65.2,55.0,30.5,101.1,67.0,89.2,96.2,88.9,94.6,91.5,94.6,13.771,5,5,5,104.38799999999999
29.93,8.0,14.285,32.601,33.855000000000004,5.099,102.887,105.865,65.2,55.0,30.5,101.1,67.0,89.2,96.2,88.9,94.6,91.5,94.6,12.972000000000001,5,5,5,104.391
29.95,8.0,14.488,32.175,33.691,5.042,102.836,105.803,65.2,55.0,30.5,101.1,67.0,89.2,96.2,88.9,94.6,91.5,94.6,12.687000000000001,5,5,5,104.38600000000001
29.97,8.0,14.17,32.331,33.512,5.042,102.86200000000001,105.78200000000001,65.2,55.0,30.5,101.1,67.0,89.2,96.2,88.9,94.6,91.5,94.6,14.083,5,5,5,104.389
29.99,8.0,14.122,32.894000000000005,33.516,5.074,103.14399999999999,105.741,65.2,55.0,30.5,101.1,67.0,89.2,96.2,88.9,94.6,91.5,94.6,13.391,5,5,5,104.39
30.01,8.0,13.927999999999999,32.588,33.504999999999995,5.04,102.73299999999999,105.824,65.2,55.0,30.5,101.1,67.0,89.2,96.2,88.9,94.6,91.5,94.6,13.133,5,5,5,104.389
30.03,8.0,14.021,31.932,33.533,5.245,102.965,105.824,65.2,55.0,30.5,101.1,67.0,89.2,96.2,88.9,94.6,91.5,94.6,14.514,5,5,5,104.39200000000001
30.05,8.0,13.821,32.542,33.506,4.876,102.86200000000001,105.72,65.2,55.0,30.5,101.1,67.0,89.2,96.2,88.9,94.6,91.5,94.6,13.552,5,5,5,104.39200000000001
30.07,8.0,13.939,33.06,33.533,4.693,102.99,105.741,65.2,55.0,30.5,101.1,67.0,89.2,96.2,88.9,94.6,91.5,94.6,13.802,5,5,5,104.398
30.09,8.0,13.701,32.239000000000004,33.449,5.291,102.99,105.88600000000001,65.2,55.0,30.5,101.1,67.0,89.2,96.2,88.9,94.6,91.5,94.6,14.714,5,5,5,104.39399999999999
30.11,8.0,13.776,32.691,33.459,4.767,102.86200000000001,105.76100000000001,65.2,55.0,30.5,101.1,67.0,89.2,96.2,88.9,94.6,91.5,94.6,13.693999999999999,5,5,5,104.389
30.13,8.0,13.987,32.403999999999996,33.489000000000004,4.631,102.86200000000001,105.637,65.2,55.0,30.5,101.1,67.0,89.2,96.2,88.9,94.6,91.5,94.6,14.386000000000001,5,5,5,104.389
30.15,8.0,13.875,32.288,33.53,4.224,103.221,105.969,65.2,55.0,30.5,101.1,67.0,89.2,96.2,88.9,94.6,91.5,94.6,14.941,5,5,5,104.39399999999999
30.17,8.0,13.736,32.569,33.557,4.586,102.913,105.803,65.2,55.0,30.5,101.1,67.0,89.2,96.2,88.9,94.6,91.5,94.6,13.754,5,5,5,104.39
30.19,8.0,14.08,32.488,33.414,4.503,102.70700000000001,105.699,65.2,55.0,30.5,101.1,67.0,89.2,96.2,88.9,94.6,91.5,94.6,14.482000000000001,5,5,5,104.387
30.21,8.0,13.817,32.198,33.602,4.26,102.939,105.78200000000001,65.2,55.0,30.5,101.1,67.0,89.2,96.2,88.9,94.6,91.5,94.6,14.921,5,5,5,104.39
30.23,8.0,14.252,32.566,33.459,4.704,102.655,105.824,65.2,55.0,30.5,101.1,67.0,89.2,96.2,88.9,94.6,91.5,94.6,13.923,5,5,5,104.38799999999999
30.25,8.0,13.638,31.863000000000003,33.393,4.789,102.78399999999999,105.616,65.2,55.0,30.5,101.1,67.0,89.2,96.2,88.9,94.6,91.5,94.6,14.672,5,5,5,104.38600000000001
30.27,8.0,14.137,32.176,33.44,4.309,102.62899999999999,106.01,65.2,55.0,30.5,101.1,67.0,89.2,96.2,88.9,94.6,91.5,94.6,14.857000000000001,5,5,5,104.39200000000001
30.29,8.0,13.71,32.241,33.331,4.625,102.655,105.616,65.2,55.0,30.5,101.1,67.0,89.2,96.2,88.9,94.6,91.5,94.6,13.78,5,5,5,104.39
30.31,8.0,13.789,31.945,33.435,5.106,102.57700000000001,105.699,65.2,55.0,30.5,101.1,67.0,89.2,96.2,88.9,94.6,91.5,94.6,14.897,5,5,5,104.39200000000001
30.33,8.0,13.372,32.569,33.4,4.688,102.887,105.428,65.2,55.0,30.5,101.1,67.0,89.2,96.2,88.9,94.6,91.5,94.6,14.564,5,5,5,104.39
30.35,8.0,13.957,32.230999999999995,33.19199999999999,5.019,102.57700000000001,105.40700000000001,65.2,55.0,30.5,101.1,67.0,89.2,96.2,88.9,94.6,91.5,94.6,13.716000000000001,5,5,5,104.39
30.37,8.0,13.963,31.717,33.32,4.858,102.655,105.40700000000001,65.2,55.0,30.5,101.1,67.0,89.2,96.2,88.9,94.6,91.5,94.6,14.924,5,5,5,104.39200000000001
30.39,8.0,13.501,32.338,33.195,4.566,102.473,105.51100000000001,65.2,55.0,30.5,101.1,67.0,89.2,96.2,88.9,94.6,91.5,94.6,14.445,5,5,5,104.389
30.41,8.0,13.4,32.398,33.359,4.768,102.551,105.47,65.2,55.0,30.5,101.1,67.0,89.2,96.2,88.9,94.6,91.5,94.6,13.802,5,5,5,104.39299999999999
30.43,8.0,13.777000000000001,32.294,33.391999999999996,4.62,102.525,105.574,65.2,55.0,30.5,101.1,67.0,89.2,96.2,88.9,94.6,91.5,94.6,15.039,5,5,5,104.39
30.45,8.0,13.652000000000001,32.195,33.028000000000006,4.693,102.395,105.40700000000001,65.2,55.0,30.5,101.1,67.0,89.2,96.2,88.9,94.6,91.5,94.6,14.323,5,5,5,104.39
30.47,8.0,13.571,31.596999999999998,33.093,5.015,102.421,105.51100000000001,65.2,55.0,30.5,101.1,67.0,89.2,96.2,88.9,94.6,91.5,94.6,14.027999999999999,5,5,5,104.391
30.49,8.0,13.82,32.133,33.041,4.58,102.34200000000001,105.281,65.2,55.0,30.5,101.1,67.0,89.2,96.2,88.9,94.6,91.5,94.6,15.232000000000001,5,5,5,104.387
30.51,8.0,13.275,31.936,33.111999999999995,5.078,102.499,105.51100000000001,65.2,55.0,30.5,101.1,67.0,89.2,96.2,88.9,94.6,91.5,94.6,14.405,5,5,5,104.39299999999999
30.53,8.0,13.401,31.933000000000003,32.715999999999994,5.151,102.81,105.281,65.3,55.1,30.6,101.1,67.3,89.2,96.2,88.9,94.6,91.5,94.6,14.216000000000001,5,5,5,104.38799999999999
30.55,8.0,13.492,32.023,32.887,5.018,102.603,105.428,65.3,55.1,30.6,101.1,67.3,89.2,96.2,88.9,94.6,91.5,94.6,15.251,5,5,5,104.39
30.57,8.0,13.354,32.150999999999996,32.806,5.198,102.525,105.428,65.3,55.1,30.6,101.1,67.3,89.2,96.2,88.9,94.6,91.5,94.6,14.427,5,5,5,104.38799999999999
30.59,8.0,13.591000000000001,31.631999999999998,32.68,5.251,102.551,105.49,65.3,55.1,30.6,101.1,67.3,89.2,96.2,88.9,94.6,91.5,94.6,14.565,5,5,5,104.39299999999999
30.61,8.0,13.059,31.320999999999998,32.702,5.172,102.57700000000001,105.51100000000001,65.3,55.1,30.6,101.1,67.3,89.2,96.2,88.9,94.6,91.5,94.6,15.357000000000001,5,5,5,104.38799999999999
30.63,8.0,13.559,32.083,32.622,5.37,102.603,105.38600000000001,65.3,55.1,30.6,101.1,67.3,89.2,96.2,88.9,94.6,91.5,94.6,14.331,5,5,5,104.389
30.65,8.0,13.266,31.639,32.510000000000005,5.383,102.57700000000001,105.344,65.3,55.1,30.6,101.1,67.3,89.2,96.2,88.9,94.6,91.5,94.6,14.895,5,5,5,104.387
30.67,8.0,13.225,31.79,32.565,5.444,102.369,105.40700000000001,65.3,55.1,30.6,101.1,67.3,89.2,96.2,88.9,94.6,91.5,94.6,15.55,5,5,5,104.39
30.69,8.0,13.811,31.835,32.55800000000001,5.301,102.57700000000001,105.176,65.3,55.1,30.6,101.1,67.3,89.2,96.2,88.9,94.6,91.5,94.6,14.26,5,5,5,104.383
30.71,8.0,13.158999999999999,32.025999999999996,32.507,4.92,102.447,105.40700000000001,65.3,55.1,30.6,101.1,67.3,89.2,96.2,88.9,94.6,91.5,94.6,15.027000000000001,5,5,5,104.38799999999999
30.73,8.0,13.009,31.421,32.438,5.174,102.421,105.323,65.3,55.1,30.6,101.1,67.3,89.2,96.2,88.9,94.6,91.5,94.6,15.302,5,5,5,104.37899999999999
30.75,8.0,13.763,31.666,32.214,4.954,102.473,105.133,65.3,55.1,30.6,101.1,67.3,89.2,96.2,88.9,94.6,91.5,94.6,14.245,5,5,5,104.37799999999999
30.77,8.0,13.077,31.173000000000002,32.152,4.9,102.395,105.176,65.3,55.1,30.6,101.1,67.3,89.2,96.2,88.9,94.6,91.5,94.6,15.390999999999998,5,5,5,104.385
30.79,8.0,13.012,31.892,32.057,5.16,102.551,105.23899999999999,65.3,55.1,30.6,101.1,67.3,89.2,96.2,88.9,94.6,91.5,94.6,14.811,5,5,5,104.383
30.81,8.0,13.417,31.514,31.872,5.042,102.395,105.04899999999999,65.3,55.1,30.6,101.1,67.3,89.2,96.2,88.9,94.6,91.5,94.6,15.002,5,5,5,104.37700000000001
30.83,8.0,13.6,31.304000000000002,31.929000000000002,4.788,102.369,105.21799999999999,65.3,55.1,30.6,101.1,67.3,89.2,96.2,88.9,94.6,91.5,94.6,15.128,5,5,5,104.37899999999999
30.85,8.0,12.951,31.469,31.799,5.123,102.525,105.302,65.3,55.1,30.6,101.1,67.3,89.2,96.2,88.9,94.6,91.5,94.6,15.525,5,5,5,104.38
30.87,8.0,13.374,30.958000000000002,31.875,5.184,102.70700000000001,105.21799999999999,65.3,55.1,30.6,101.1,67.3,89.2,96.2,88.9,94.6,91.5,94.6,16.735,5,5,5,104.382
30.89,8.0,13.209,31.508000000000003,31.793000000000003,5.186,102.316,105.197,65.3,55.1,30.6,101.1,67.3,89.2,96.2,88.9,94.6,91.5,94.6,16.776,5,5,5,104.384
30.91,8.0,13.14,31.291,31.863000000000003,5.212,102.211,105.133,65.3,55.1,30.6,101.1,67.3,89.2,96.2,88.9,94.6,91.5,94.6,17.418,5,5,5,104.384
30.93,8.0,13.177999999999999,31.425,31.561999999999998,4.951,102.551,105.007,65.3,55.1,30.6,101.1,67.3,89.2,96.2,88.9,94.6,91.5,94.6,17.16,5,5,5,104.383
30.95,8.0,13.33,31.633000000000003,31.406999999999996,5.099,102.395,105.23899999999999,65.3,55.1,30.6,101.1,67.3,89.2,96.2,88.9,94.6,91.5,94.6,16.570999999999998,5,5,5,104.381
30.97,8.0,13.014,31.451999999999998,31.671,5.324,102.29,105.154,65.3,55.1,30.6,101.1,67.3,89.2,96.2,88.9,94.6,91.5,94.6,16.391,5,5,5,104.381
30.99,8.0,12.765,31.296,31.906,5.086,102.054,104.90100000000001,65.3,55.1,30.6,101.1,67.3,89.2,96.2,88.9,94.6,91.5,94.6,16.434,5,5,5,104.385
31.01,8.0,13.315,31.419,31.781999999999996,4.639,102.10600000000001,105.02799999999999,65.3,55.1,30.6,101.1,67.3,89.2,96.2,88.9,94.6,91.5,94.6,16.726,5,5,5,104.38600000000001
31.03,8.0,13.061,31.368000000000002,31.72,5.266,102.15899999999999,105.133,65.3,55.1,30.6,101.1,67.3,89.2,96.2,88.9,94.6,91.5,94.6,17.812,5,5,5,104.384
31.05,8.0,12.943,31.611,31.570999999999998,4.611,102.238,105.02799999999999,65.3,55.1,30.6,101.1,67.3,89.2,96.2,88.9,94.6,91.5,94.6,17.854,5,5,5,104.38799999999999
31.07,8.0,12.899000000000001,31.147,31.462,4.51,102.185,105.007,65.3,55.1,30.6,101.1,67.3,89.2,96.2,88.9,94.6,91.5,94.6,18.212,5,5,5,104.38
31.09,8.0,13.136000000000001,31.266,31.750999999999998,4.838,102.62899999999999,104.964,65.3,55.1,30.6,101.1,67.3,89.2,96.2,88.9,94.6,91.5,94.6,17.817999999999998,5,5,5,104.384
31.11,8.0,13.085,31.163,31.651999999999997,4.884,102.316,105.07,65.3,55.1,30.6,101.1,67.3,89.2,96.2,88.9,94.6,91.5,94.6,17.296,5,5,5,104.382
31.13,8.0,13.091000000000001,31.316999999999997,31.453000000000003,5.135,102.08,105.23899999999999,65.3,55.1,30.6,101.1,67.3,89.2,96.2,88.9,94.6,91.5,94.6,16.925,5,5,5,104.37700000000001
31.15,8.0,12.613,32.025,31.676,4.527,102.29,105.04899999999999,65.3,55.1,30.6,101.1,67.3,89.2,96.2,88.9,94.6,91.5,94.6,16.903,5,5,5,104.38799999999999
31.17,8.0,13.386000000000001,31.235,31.427,4.818,102.185,104.964,65.3,55.1,30.6,101.1,67.3,89.2,96.2,88.9,94.6,91.5,94.6,17.119,5,5,5,104.391
31.19,8.0,12.905000000000001,31.201,31.285,5.285,102.133,104.816,65.3,55.1,30.6,101.1,67.3,89.2,96.2,88.9,94.6,91.5,94.6,17.976,5,5,5,104.39200000000001
31.21,8.0,12.812999999999999,31.525,31.699,4.734,102.08,104.794,65.3,55.1,30.6,101.1,67.3,89.2,96.2,88.9,94.6,91.5,94.6,17.968,5,5,5,104.39200000000001
31.23,8.0,13.093,31.491,31.6,4.843,102.133,105.197,65.3,55.1,30.6,101.1,67.3,89.2,96.2,88.9,94.6,91.5,94.6,18.46,5,5,5,104.389
31.25,8.0,13.027999999999999,30.575,31.718000000000004,5.3870000000000005,102.185,104.837,65.3,55.1,30.6,101.1,67.3,89.2,96.2,88.9,94.6,91.5,94.6,18.091,5,5,5,104.391
31.27,8.0,12.469999999999999,31.162,31.781999999999996,4.961,101.92200000000001,104.85799999999999,65.3,55.1,30.6,101.1,67.3,89.2,96.2,88.9,94.6,91.5,94.6,17.46,5,5,5,104.389
31.29,8.0,12.620000000000001,31.11,31.565,5.032,102.133,104.85799999999999,65.3,55.1,30.6,101.1,67.3,89.2,96.2,88.9,94.6,91.5,94.6,17.297,5,5,5,104.389
31.31,8.0,12.75,30.828000000000003,31.73,4.886,101.975,104.667,65.3,55.1,30.6,101.1,67.3,89.2,96.2,88.9,94.6,91.5,94.6,17.279000000000003,5,5,5,104.387
31.36,18.0,12.721,30.816999999999997,31.575,4.855,101.948,104.816,65.3,55.1,30.6,101.1,67.3,89.2,96.2,88.9,94.6,91.5,94.6,17.561,5,5,5,104.389
31.41,18.0,12.775,31.096999999999998,32.06,5.017,102.15899999999999,104.709,65.3,55.1,30.6,101.1,67.3,89.2,96.2,88.9,94.6,91.5,94.6,18.338,5,5,5,104.395
31.46,18.0,12.537,30.76,32.065,4.679,101.789,104.816,65.3,55.1,30.6,101.1,67.3,89.2,96.2,88.9,94.6,91.5,94.6,18.594,5,5,5,104.387
31.51,18.0,12.21,30.905,32.272,5.062,102.185,104.75200000000001,65.3,55.1,30.6,101.1,67.3,89.2,96.2,88.9,94.6,91.5,94.55,18.199,5,5,5,104.39
31.56,18.0,12.521,30.899,32.364000000000004,5.015,101.92200000000001,104.773,65.3,55.1,30.6,101.1,67.3,89.2,96.2,88.9,94.6,91.5,94.436,17.203,5,5,5,104.397
31.61,18.0,12.312999999999999,30.691,32.260000000000005,42.204,101.816,104.943,65.3,55.1,30.6,101.1,67.3,89.2,96.2,88.9,94.6,91.5,94.408,17.591,5,5,5,104.391
31.66,18.0,12.655000000000001,30.355,32.260999999999996,56.69,101.76299999999999,104.538,65.3,55.1,30.6,101.1,67.3,89.2,96.2,88.9,94.6,91.5,94.402,18.099,5,5,5,104.39
31.71,18.0,12.414,30.506999999999998,31.869,57.391999999999996,101.975,104.603,65.3,55.1,30.6,101.1,67.3,89.2,96.2,88.9,94.6,91.431,94.4,18.631999999999998,5,5,5,104.398
31.76,18.0,12.701,30.598000000000003,31.425,65.888,101.736,104.56,65.3,55.1,30.6,101.1,67.3,89.2,96.2,88.9,94.6,91.331,94.4,18.455,5,5,5,104.391
31.81,18.0,12.55,30.36,31.34,97.645,101.736,104.68799999999999,65.3,55.1,30.6,101.1,67.3,89.2,96.2,88.9,94.6,91.307,94.4,17.994999999999997,5,5,5,104.395
31.86,18.0,12.394,30.494,31.375,120.43700000000001,101.92200000000001,104.56,65.3,55.1,30.6,101.1,67.3,89.2,96.2,88.9,94.6,91.30199999999999,94.4,16.856,5,5,5,104.385
31.91,18.0,12.309999999999999,30.491,31.148000000000003,139.768,101.789,104.538,65.3,55.1,30.6,101.1,67.3,89.2,96.2,88.9,94.6,91.3,94.4,16.886,5,5,5,104.38799999999999
31.96,18.0,11.815999999999999,30.846,31.18,154.47,101.869,104.345,65.3,55.1,30.6,101.1,67.3,89.2,96.2,88.9,94.6,91.3,94.4,16.962,5,5,5,104.389
32.01,18.0,11.699,30.819000000000003,31.088,165.378,102.001,104.49600000000001,65.3,55.1,30.6,101.1,67.3,89.2,96.2,88.9,94.6,91.3,94.4,16.917,5,5,5,104.383
32.06,18.0,11.955,30.212,30.864,174.30900000000003,101.736,104.238,65.3,55.1,30.6,101.1,67.3,89.084,96.2,88.9,94.6,91.3,94.4,15.595,5,5,5,104.387
32.11,18.0,11.154,29.939,30.969,179.58900000000003,101.63,104.49600000000001,65.3,55.1,30.6,101.1,67.3,89.02,96.2,88.9,94.6,91.3,94.4,15.435,5,5,5,104.391
32.16,18.0,11.392,30.329,31.028000000000002,176.764,101.656,104.281,65.3,55.1,30.6,101.1,67.3,89.005,96.2,88.9,94.6,91.3,94.4,16.091,5,5,5,104.387
32.21,18.0,11.604,30.366999999999997,30.831999999999997,175.377,101.63,104.194,65.3,55.1,30.6,101.1,67.3,89.001,96.2,88.9,94.6,91.3,94.4,16.143,5,5,5,104.39200000000001
32.26,18.0,11.731,29.965,30.791999999999998,177.33900000000003,101.523,104.194,65.3,55.1,30.6,101.1,67.3,89.0,96.063,88.85,94.6,91.3,94.4,15.236,5,5,5,104.37799999999999
32.31,18.0,11.604,30.12,30.959,173.873,101.54899999999999,104.302,65.3,55.1,30.6,101.1,67.3,89.0,96.015,88.736,94.6,91.3,94.4,14.906,5,5,5,104.39
32.36,18.0,11.094999999999999,30.215999999999998,30.590999999999998,173.178,101.76299999999999,104.238,65.3,55.1,30.6,101.1,67.3,89.0,96.00399999999999,88.708,94.6,91.3,94.4,15.492,5,5,5,104.385
32.41,18.0,11.594999999999999,30.209,30.636,175.047,101.49600000000001,104.302,65.3,55.1,30.6,101.1,67.3,89.0,96.001,88.702,94.6,91.3,94.4,16.054000000000002,5,5,5,104.39
32.46,18.0,11.671,29.706,30.497,175.206,101.57600000000001,104.259,65.3,55.1,30.6,101.1,67.3,89.0,96.0,88.7,94.6,91.3,94.4,15.853,5,5,5,104.38600000000001
32.51,10.0,11.651,29.694000000000003,30.340999999999998,147.452,101.469,104.04299999999999,65.3,55.1,30.6,101.1,67.3,89.0,96.0,88.7,94.6,91.3,94.4,15.031,5,5,5,104.382
32.56,10.0,11.381,30.076999999999998,30.223000000000003,103.12100000000001,101.603,104.086,65.3,55.1,30.6,100.8,67.4,89.0,96.0,88.7,94.6,91.3,94.4,14.802999999999999,5,5,5,104.382
32.61,10.0,11.275,29.46,30.066999999999997,64.80799999999999,101.30799999999999,103.76,65.3,55.1,30.6,100.8,67.4,89.0,96.0,88.7,94.6,91.3,94.4,15.824000000000002,5,5,5,104.391
32.66,10.0,11.538,29.594,29.945999999999998,35.028999999999996,101.469,103.956,65.3,55.1,30.6,100.8,67.4,89.0,96.0,88.7,94.6,91.3,94.4,16.288,5,5,5,104.389
32.71,10.0,11.346,29.660999999999998,29.586,41.754,101.30799999999999,103.695,65.3,55.1,30.6,100.8,67.4,89.0,96.0,88.7,94.6,91.3,94.4,15.118,5,5,5,104.39200000000001
32.76,10.0,11.190999999999999,29.725,29.178,51.635,101.25399999999999,103.869,65.3,55.1,30.6,100.8,67.4,89.0,96.0,88.7,94.6,91.3,94.4,14.755,5,5,5,104.39
32.81,10.0,11.407,29.55,28.732,54.778,101.36200000000001,104.281,65.3,55.1,30.6,100.8,67.4,89.0,96.0,88.7,94.6,91.3,94.4,15.121,5,5,5,104.39
32.86,10.0,11.037,29.771,28.79,48.983999999999995,101.227,104.13,65.3,55.1,30.6,100.8,67.4,89.0,96.0,88.7,94.6,91.3,94.4,14.019,5,5,5,104.38799999999999
32.91,10.0,10.806000000000001,29.866999999999997,28.706999999999997,57.552,101.523,104.086,65.3,55.1,30.6,100.8,67.4,89.0,96.0,88.7,94.6,91.3,94.4,13.353,5,5,5,104.39
32.96,10.0,11.015,30.122,29.888,68.118,101.281,104.10799999999999,65.3,55.1,30.6,100.8,67.4,89.0,96.0,88.7,94.6,91.3,94.4,12.807,5,5,5,104.389
33.01,10.0,11.239,30.623,33.667,74.396,101.17299999999999,104.194,65.3,55.1,30.6,100.8,67.4,89.0,96.0,88.7,94.532,91.3,94.4,12.535,5,5,5,104.404
33.06,10.0,9.955,30.212,33.559,75.057,101.281,103.78200000000001,65.3,55.1,30.6,100.8,67.4,89.0,96.0,88.7,94.508,91.3,94.4,12.421,5,5,5,104.399
33.11,10.0,9.036000000000001,29.233,32.297,66.676,101.01100000000001,103.82600000000001,65.3,55.1,30.6,100.8,67.4,89.0,96.0,88.7,94.502,91.3,94.4,12.326,5,5,5,104.413
33.16,10.0,7.18,27.863000000000003,30.331,44.37,100.984,103.67299999999999,65.3,55.1,30.6,100.8,67.4,89.0,96.0,88.7,94.5,91.3,94.4,12.203,5,5,5,104.40799999999999
33.21,10.0,6.765,24.057000000000002,26.096999999999998,27.109,100.875,103.73899999999999,65.3,55.1,30.6,100.8,67.4,89.0,96.0,88.7,94.5,91.3,94.4,12.125,5,5,5,104.413
33.26,10.0,6.728,18.034,18.32,13.415,100.436,103.62899999999999,65.3,55.1,30.6,100.8,67.4,89.0,96.0,88.7,94.5,91.3,94.4,11.963,5,5,5,104.40700000000001
33.31,10.0,6.398,10.365,8.206,25.552,100.574,103.41,65.3,55.1,30.6,100.8,67.4,89.0,96.0,88.7,94.5,91.3,94.4,11.767,5,5,5,104.413
33.36,10.0,7.103,5.938,5.002,33.638000000000005,100.601,103.41,65.3,55.1,30.6,100.8,67.4,89.0,96.0,88.7,94.5,91.3,94.4,11.759,5,5,5,104.40299999999999
33.41,10.0,7.337,5.562,5.017,61.995,100.491,102.766,65.3,55.1,30.6,100.8,67.4,89.0,96.0,88.7,94.5,91.3,94.4,11.678,5,5,5,104.402
33.46,10.0,7.3420000000000005,5.715,5.051,60.753,100.601,102.766,65.3,55.1,30.6,100.8,67.4,89.0,95.898,88.7,94.5,91.3,94.4,11.597000000000001,5,5,5,104.39299999999999
33.51,10.0,7.434,5.608,5.026,60.321000000000005,100.436,102.721,65.3,55.1,30.6,100.8,67.4,89.0,95.82300000000001,88.7,94.5,91.3,94.4,11.594999999999999,5,5,5,104.406
33.56,10.0,7.279,5.84,5.172,61.915,100.381,102.609,65.3,55.1,30.6,100.8,67.4,89.0,95.806,88.7,94.5,91.3,94.4,11.527999999999999,5,5,5,104.40700000000001
33.61,10.0,7.234999999999999,5.6899999999999995,5.025,63.153999999999996,100.40899999999999,102.631,65.3,55.1,30.6,100.8,67.4,89.0,95.801,88.7,94.5,91.3,94.4,11.421,5,5,5,104.413
33.66,10.0,7.059,5.654,5.22,63.34,100.353,102.676,65.3,55.1,30.6,100.8,67.4,89.0,95.8,88.7,94.5,91.155,94.4,11.389,5,5,5,104.405
33.71,10.0,7.039,5.68,5.08,63.137,100.464,102.542,65.3,55.1,30.6,100.8,67.4,89.0,95.8,88.7,94.5,91.03699999999999,94.4,11.361,5,5,5,104.414
33.76,10.0,7.596,5.651,5.003,64.044,100.656,102.676,65.3,55.1,30.6,100.8,67.4,89.0,95.8,88.7,94.5,91.009,94.4,11.471,5,5,5,104.404
33.81,10.0,7.151999999999999,5.618,5.077,96.311,100.51899999999999,102.609,65.3,55.1,30.6,100.8,67.4,89.0,95.8,88.7,94.5,91.002,94.4,10.885,5,5,5,104.40899999999999
33.86,10.0,7.359,5.524,5.043,120.03,100.62899999999999,102.51899999999999,65.3,55.1,30.6,100.8,67.4,89.0,95.8,88.7,94.5,91.0,94.4,10.424,5,5,5,104.397
33.91,10.0,7.084,5.6,5.004,129.988,100.546,102.384,65.3,55.1,30.6,100.8,67.4,89.0,95.8,88.7,94.5,91.0,94.4,10.277999999999999,5,5,5,104.415
33.96,10.0,7.383,5.591,5.003,139.917,100.40899999999999,102.609,65.3,55.1,30.6,100.8,67.4,89.0,95.8,88.7,94.5,91.0,94.4,10.385,5,5,5,104.4
34.01,10.0,7.1739999999999995,5.4879999999999995,5.118,149.016,100.353,102.47399999999999,65.3,55.1,30.6,100.8,67.4,89.0,95.8,88.7,94.5,91.0,94.4,10.704,5,5,5,104.412
34.06,10.0,7.258,5.536,5.08,154.148,100.491,102.587,65.3,55.1,30.6,100.8,67.4,89.0,95.8,88.7,94.5,91.0,94.4,10.032,5,5,5,104.40299999999999
34.11,10.0,6.732,5.5,5.045,158.02700000000002,100.491,102.47399999999999,65.3,55.1,30.6,100.8,67.4,89.0,95.8,88.7,94.5,91.0,94.4,9.264,5,5,5,104.413
34.16,10.0,6.593,5.563,5.057,160.41899999999998,100.29799999999999,102.406,65.3,55.1,30.6,100.8,67.4,89.0,95.8,88.7,94.5,91.0,94.4,9.746,5,5,5,104.39200000000001
34.21,10.0,7.227,5.742,5.007,156.808,100.51899999999999,102.51899999999999,65.3,55.1,30.6,100.8,67.4,89.0,95.8,88.563,94.5,91.0,94.4,9.92,5,5,5,104.40899999999999
34.26,10.0,7.247,5.466,5.076,116.87,100.381,102.24799999999999,65.3,55.1,30.6,100.8,67.4,89.0,95.8,88.515,94.5,91.0,94.4,9.672,5,5,5,104.40299999999999
34.31,10.0,6.878,5.521,5.109,73.44,100.546,102.18,65.3,55.1,30.6,100.8,67.4,89.0,95.8,88.50399999999999,94.5,91.0,94.298,9.481,5,5,5,104.40700000000001
34.36,10.0,7.275,5.563,5.073,47.678000000000004,100.353,102.24799999999999,65.3,55.1,30.6,100.8,67.4,89.0,95.8,88.501,94.5,91.0,94.223,8.725,5,5,5,104.41
34.41,10.0,6.917,5.577,5.192,27.947,99.655,101.814,65.3,55.1,30.6,100.8,67.4,89.0,95.8,88.5,94.363,91.0,94.206,9.492,5,5,5,104.41
34.46,11.0,7.0329999999999995,5.585,5.113,13.899,100.04799999999999,102.18,65.3,55.1,30.6,100.8,67.4,89.0,95.8,88.5,94.315,91.0,94.20100000000001,9.977,5,5,5,104.41
34.51,11.0,7.078,5.579,5.084,8.2,100.131,102.089,65.3,55.1,30.6,100.8,67.4,89.0,95.8,88.5,94.304,91.0,94.2,9.471,5,5,5,104.42
34.56,11.0,7.0969999999999995,5.571,5.131,6.385,99.90799999999999,102.066,65.1,55.1,30.6,100.8,67.6,89.0,95.8,88.5,94.301,91.0,94.2,8.932,5,5,5,104.41
34.61,11.0,7.349,5.649,5.277,5.521,99.852,101.86,65.1,55.1,30.6,100.8,67.6,89.0,95.8,88.5,94.3,91.0,94.2,9.272,5,5,5,104.415
34.66,11.0,7.098000000000001,5.504,5.103,5.102,99.90799999999999,101.95200000000001,65.1,55.1,30.6,100.8,67.6,89.0,95.8,88.5,94.3,91.0,94.2,9.52,5,5,5,104.414
34.71,11.0,7.205,5.484,5.028,5.245,99.88,101.95200000000001,65.1,55.1,30.6,100.8,67.6,89.0,95.8,88.5,94.3,91.0,94.2,9.865,5,5,5,104.425
34.76,11.0,7.471,5.58,5.064,5.185,100.131,102.04299999999999,65.1,55.1,30.6,100.8,67.6,89.0,95.8,88.5,94.3,91.0,94.2,9.408999999999999,5,5,5,104.40799999999999
34.81,11.0,7.295,5.785,5.118,5.019,100.15899999999999,102.29299999999999,65.1,55.1,30.6,100.8,67.6,89.0,95.8,88.5,94.3,91.0,94.2,9.91,5,5,5,104.421
34.86,11.0,7.552,5.715,5.139,5.39,100.07600000000001,102.04299999999999,65.1,55.1,30.6,100.8,67.6,89.0,95.8,88.5,94.3,91.0,94.2,9.309000000000001,5,5,5,104.413
34.91,11.0,7.122,5.612,5.184,4.941,100.02,102.066,65.1,55.1,30.6,100.8,67.6,89.0,95.8,88.5,94.3,91.0,94.2,8.751000000000001,5,5,5,104.419
34.96,11.0,7.165,5.506,5.111,5.06,100.07600000000001,101.837,65.1,55.1,30.6,100.8,67.6,89.0,95.8,88.5,94.3,91.0,94.2,9.26,5,5,5,104.411
35.01,11.0,7.388,5.614,5.015,5.399,100.215,102.316,65.1,55.1,30.6,100.8,67.6,89.0,95.8,88.5,94.3,91.0,94.2,10.177,5,5,5,104.42200000000001
35.06,11.0,7.356999999999999,6.052,5.043,32.628,100.29799999999999,102.47399999999999,65.1,55.1,30.6,100.8,67.6,88.847,95.8,88.5,94.3,91.0,94.2,9.678,5,5,5,104.414
35.11,11.0,7.578,5.718,5.084,47.178999999999995,100.04799999999999,102.066,65.1,55.1,30.6,100.8,67.6,88.811,95.8,88.5,94.3,91.0,94.2,9.119,5,5,5,104.427
35.16,11.0,7.564,5.828,5.028,53.571999999999996,100.131,101.883,65.1,55.1,30.6,100.8,67.6,88.803,95.8,88.5,94.3,91.0,94.2,9.597999999999999,5,5,5,104.416
35.21,11.0,8.872,5.859,5.354,62.918,100.353,102.406,65.1,55.1,30.6,100.8,67.6,88.801,95.8,88.5,94.3,91.0,94.2,9.812000000000001,5,5,5,104.41799999999999
35.26,11.0,7.7669999999999995,5.95,5.1,70.165,100.436,102.766,65.1,55.1,30.6,100.8,67.6,88.8,95.8,88.5,94.3,91.0,94.2,9.54,5,5,5,104.415
35.31,11.0,7.823,5.667,5.167,53.388999999999996,100.27,102.587,65.1,55.1,30.6,100.8,67.6,88.8,95.8,88.5,94.3,91.0,94.2,9.428999999999998,5,5,5,104.417
35.36,11.0,7.272,5.892,5.219,41.957,99.57,102.15700000000001,65.1,55.1,30.6,100.8,67.6,88.8,95.8,88.5,94.3,91.0,94.2,9.541,5,5,5,104.41799999999999
35.41,11.0,7.195,5.587,5.149,42.069,99.20100000000001,101.791,65.1,55.1,30.6,100.8,67.6,88.8,95.8,88.5,94.3,91.0,94.2,9.794,5,5,5,104.417
35.46,11.0,7.221,5.68,5.134,44.263000000000005,98.711,101.492,65.1,55.1,30.6,100.8,67.6,88.8,95.8,88.5,94.3,91.0,94.2,9.974,5,5,5,104.417
35.51,12.0,7.855,5.744,5.247,69.738,98.566,101.60700000000001,65.1,55.1,30.6,100.8,67.6,88.8,95.8,88.5,94.3,91.0,94.2,9.565000000000001,5,5,5,104.416
35.56,12.0,7.525,5.734,5.109,38.746,98.74,101.446,65.1,55.1,30.6,100.8,67.6,88.8,95.8,88.5,94.3,91.0,94.2,8.618,5,5,5,104.414
35.61,12.0,7.013,5.896,5.282,22.504,98.42,101.538,65.1,55.1,30.6,100.8,67.6,88.8,95.8,88.5,94.3,91.0,94.2,9.273,5,5,5,104.41799999999999
35.66,12.0,7.093999999999999,5.9990000000000006,5.204,11.635,98.566,101.584,65.1,55.1,30.6,100.8,67.6,88.8,95.8,88.5,94.3,91.0,94.2,9.893,5,5,5,104.41
35.71,12.0,7.420999999999999,5.534,5.125,7.401999999999999,98.595,101.791,65.1,55.1,30.6,100.8,67.6,88.8,95.8,88.5,94.3,91.0,94.2,9.494,5,5,5,104.40799999999999
35.76,12.0,7.311,5.591,5.159,6.539,98.185,101.42200000000001,65.1,55.1,30.6,100.8,67.6,88.8,95.8,88.5,94.3,91.0,94.2,9.334,5,5,5,104.405
35.81,12.0,7.548,5.7829999999999995,5.185,5.468,98.126,101.23700000000001,65.1,55.1,30.6,100.8,67.6,88.8,95.8,88.5,94.3,91.0,94.2,9.572,5,5,5,104.415
35.86,12.0,7.34,5.809,5.28,4.848,98.302,101.538,65.1,55.1,30.6,100.8,67.6,88.8,95.8,88.5,94.3,91.0,94.2,10.135,5,5,5,104.40899999999999
35.91,12.0,7.316,5.614,5.15,5.305,98.507,101.492,65.1,55.1,30.6,100.8,67.6,88.8,95.8,88.5,94.3,91.0,94.2,9.536999999999999,5,5,5,104.416
35.96,12.0,7.343999999999999,5.572,5.324,5.019,98.478,101.837,65.1,55.1,30.6,100.8,67.6,88.8,95.8,88.5,94.3,91.0,94.2,9.619,5,5,5,104.415
36.01,12.0,7.57,5.873,5.186,4.981,97.829,101.12,65.1,55.1,30.6,100.8,67.6,88.8,95.8,88.5,94.3,91.0,94.2,9.615,5,5,5,104.416
36.06,12.0,7.428,5.567,5.228,4.892,97.137,100.88600000000001,65.1,55.1,30.6,100.8,67.6,88.8,95.8,88.5,94.3,91.0,94.2,9.044,5,5,5,104.417
36.11,12.0,7.1129999999999995,5.813,5.246,4.924,97.71,99.95700000000001,65.1,55.1,30.6,100.8,67.6,88.8,95.8,88.5,94.3,91.0,94.2,9.831,5,5,5,104.41
36.16,12.0,7.753,5.609,5.066,4.827,95.80199999999999,95.85,65.1,55.1,30.6,100.8,67.6,88.8,95.75,88.5,94.3,91.0,94.2,9.687999999999999,5,5,5,104.414
36.21,12.0,7.556,5.623,5.14,5.434,93.808,94.749,65.1,55.1,30.6,100.8,67.6,88.8,95.63600000000001,88.5,94.3,91.0,94.2,10.156,5,5,5,104.411
36.26,12.0,7.62,5.655,5.196,4.845,93.469,93.32,65.1,55.1,30.6,100.8,67.6,88.8,95.608,88.5,94.3,91.0,94.2,10.552,5,5,5,104.41
36.31,12.0,7.406000000000001,5.534,5.213,5.005,93.571,92.967,65.1,55.1,30.6,100.8,67.6,88.8,95.602,88.5,94.3,91.0,94.2,9.940999999999999,5,5,5,104.417
36.36,12.0,7.669,5.76,5.213,5.192,93.297,92.908,65.1,55.1,30.6,100.8,67.6,88.8,95.6,88.5,94.3,91.0,94.2,9.841000000000001,5,5,5,104.412
36.41,12.0,7.493,5.663,5.298,5.092,92.883,92.908,65.1,55.1,30.6,100.8,67.6,88.8,95.6,88.5,94.3,91.0,94.2,9.453,5,5,5,104.42200000000001
36.46,12.0,7.753,5.655,5.254,5.101,93.263,92.7,65.1,55.1,30.6,100.8,67.6,88.8,95.6,88.5,94.3,91.0,94.2,9.379999999999999,5,5,5,104.411
36.51,12.0,7.325,6.017,5.299,5.403,93.125,92.7,65.1,55.1,30.6,100.8,67.6,88.8,95.6,88.413,94.3,91.0,94.2,9.506,5,5,5,104.41799999999999
36.56,12.0,7.531000000000001,5.68,5.29,4.931,93.332,92.789,65.0,55.0,30.6,100.8,67.8,88.8,95.6,88.327,94.3,91.0,94.2,9.885,5,5,5,104.411
36.61,12.0,7.429,5.707,5.154,5.145,93.263,92.789,65.0,55.0,30.6,100.8,67.8,88.8,95.6,88.306,94.3,91.0,94.2,10.252,5,5,5,104.42399999999999
36.66,12.0,7.168,5.867,5.313,5.0,93.297,92.76,65.0,55.0,30.6,100.8,67.8,88.8,95.6,88.301,94.3,91.0,94.2,10.148,5,5,5,104.415
36.71,12.0,7.538,6.163,5.281,5.249,93.056,92.76,65.0,55.0,30.6,100.8,67.8,88.8,95.6,88.3,94.3,91.0,94.2,9.876999999999999,5,5,5,104.42299999999999
36.76,12.0,7.195,5.612,5.203,5.123,93.229,92.908,65.0,55.0,30.6,100.8,67.8,88.8,95.6,88.3,94.3,91.0,94.2,9.759,5,5,5,104.414
36.81,12.0,7.543,5.7829999999999995,5.216,4.877,93.194,92.878,65.0,55.0,30.6,100.8,67.8,88.8,95.6,88.3,94.3,91.0,94.2,11.303,5,5,5,104.417
36.86,12.0,7.638,6.287,5.123,4.893,93.09100000000001,92.64,65.0,55.0,30.6,100.8,67.8,88.8,95.6,88.3,94.3,91.0,94.2,12.383,5,5,5,104.411
36.91,12.0,7.2940000000000005,6.302,5.269,5.415,93.02199999999999,92.84899999999999,65.0,55.0,30.6,100.8,67.8,88.8,95.6,88.3,94.3,91.0,94.2,12.496,5,5,5,104.415
36.96,12.0,7.291,6.079,5.214,4.808,93.706,92.551,65.0,55.0,30.6,100.8,67.8,88.8,95.6,88.3,94.3,91.0,94.2,12.877,5,5,5,104.404
37.01,12.0,7.479,6.27,5.229,5.166,93.808,92.73,65.0,55.0,30.6,100.8,67.8,88.8,95.6,88.3,94.19800000000001,91.0,94.2,13.897,5,5,5,104.414
37.06,12.0,7.489,6.2379999999999995,5.195,4.902,93.673,92.789,65.0,55.0,30.6,100.8,67.8,88.8,95.6,88.3,94.123,90.913,94.2,14.702,5,5,5,104.412
37.11,12.0,7.502,5.867,5.1,15.630999999999998,93.571,92.878,65.0,55.0,30.6,100.8,67.8,88.8,95.6,88.3,94.10600000000001,90.827,94.2,15.218,5,5,5,104.416
37.16,12.0,7.781000000000001,5.654,5.32,25.569000000000003,93.297,92.67,65.0,55.0,30.6,100.8,67.8,88.8,95.6,88.3,94.101,90.806,94.2,14.869,5,5,5,104.414
37.21,12.0,7.693,5.922,5.355,33.943,93.4,92.461,65.0,55.0,30.6,100.8,67.8,88.8,95.6,88.3,94.1,90.801,94.15,15.011000000000001,5,5,5,104.419
37.26,12.0,8.157,5.766,5.236,62.602,93.297,92.789,65.0,55.0,30.6,100.8,67.8,88.8,95.6,88.3,94.1,90.8,94.036,14.98,5,5,5,104.421
37.31,12.0,7.693,5.7509999999999994,5.155,77.949,93.332,92.67,65.0,55.0,30.6,100.8,67.8,88.8,95.6,88.3,94.1,90.8,94.008,15.72,5,5,5,104.417
37.36,12.0,7.751,5.93,5.287,97.73299999999999,93.332,92.431,65.0,55.0,30.6,100.8,67.8,88.8,95.6,88.3,94.1,90.8,94.002,16.057000000000002,5,5,5,104.412
