SampleTime,Phase,Sensor1,Sensor2,Sensor3,IJ,Sensor5,Sensor6,MouldTemp1,MouldTemp2,MouldTemp3,MouldTemp4,MouldTemp5,MouldTemp9,MouldTemp10,MouldTemp11,MouldTemp12,MouldTemp13,MouldTemp14,Sensor8,MouldFlow1,MouldFlow2,MouldFlow3,SP
0.0,1,5.5329999999999995,5.676,5.132,98.84299999999999,92.988,92.172,65.1,55.0,29.4,100.5,68.4,88.1,96.1,87.7,95.1,91.8,94.7,18.445999999999998,5,5,5,104.512
0.05,1,5.444,5.711,5.114,68.454,92.835,92.332,65.1,55.0,29.4,100.5,68.4,88.1,96.1,87.7,95.1,91.8,94.7,18.569000000000003,5,5,5,104.508
0.1,1,5.473,5.804,5.041,44.471,92.865,91.983,65.1,55.0,29.4,100.5,68.4,88.1,96.1,87.7,95.1,91.8,94.7,19.017000000000003,5,5,5,104.51
0.15,1,5.317,5.7509999999999994,5.139,33.405,92.52600000000001,91.794,65.1,55.0,29.4,100.5,68.4,88.1,96.1,87.7,95.05,91.8,94.7,18.915999999999997,5,5,5,104.506
0.2,1,5.367,5.568,5.051,18.207,92.957,91.902,65.1,55.0,29.4,100.5,68.4,88.1,96.1,87.7,94.936,91.8,94.7,19.435000000000002,5,5,5,104.514
0.25,1,5.427,5.636,5.104,28.142,93.018,92.09100000000001,65.1,55.0,29.4,100.5,68.4,88.1,96.1,87.7,94.908,91.8,94.7,19.362000000000002,5,5,5,104.50299999999999
0.3,1,5.37,5.62,5.148,33.625,93.17,92.118,65.1,55.0,29.4,100.5,68.4,88.1,95.984,87.7,94.902,91.8,94.7,19.485999999999997,5,5,5,104.505
0.35,1,5.391,5.823,5.263,39.498000000000005,93.04899999999999,92.064,65.1,55.0,29.4,100.5,68.4,88.1,95.92,87.7,94.9,91.8,94.624,19.506999999999998,5,5,5,104.505
0.4,1,5.356,5.611,5.027,51.093,93.04899999999999,92.439,65.1,55.0,29.4,100.5,68.4,88.1,95.905,87.7,94.9,91.8,94.60600000000001,19.71,5,5,5,104.508
0.45,1,5.466,6.108,5.062,63.333,93.442,92.385,65.1,55.0,29.4,100.5,68.4,88.1,95.90100000000001,87.7,94.9,91.8,94.601,19.619999999999997,5,5,5,104.509
0.5,1,5.449,5.873,5.019,66.726,93.382,92.835,65.1,55.0,29.4,100.5,68.4,88.1,95.9,87.7,94.9,91.8,94.6,19.765,5,5,5,104.51
0.55,1,5.379,5.79,5.276,61.286,93.352,93.176,65.1,55.0,29.4,100.5,68.4,88.1,95.9,87.7,94.9,91.8,94.6,19.810000000000002,5,5,5,104.50399999999999
0.6,1,5.4,5.838,5.021,58.841,94.039,93.176,65.1,55.0,29.4,100.5,68.4,88.1,95.9,87.7,94.9,91.75,94.6,19.517000000000003,5,5,5,104.515
0.65,1,5.326,5.467,5.385,56.292,93.77199999999999,93.22800000000001,65.1,55.0,29.4,100.5,68.4,88.1,95.9,87.563,94.9,91.63600000000001,94.6,19.756999999999998,5,5,5,104.512
0.7,1,5.396,5.639,5.005,31.678,93.831,93.331,65.1,55.0,29.4,100.5,68.4,88.1,95.9,87.515,94.9,91.608,94.6,19.789,5,5,5,104.512
0.75,1,5.38,5.888,5.325,17.006999999999998,94.333,93.718,65.1,55.0,29.4,100.5,68.4,88.1,95.9,87.50399999999999,94.9,91.602,94.6,19.633,5,5,5,104.506
0.8,1,5.433,5.867,5.018,27.039,94.479,93.589,65.1,55.0,29.4,100.5,68.4,88.1,95.9,87.501,94.9,91.6,94.6,19.399,5,5,5,104.515
0.85,1,5.504,5.523,5.117,26.991999999999997,94.069,93.40899999999999,65.1,55.0,29.4,100.5,68.4,88.1,95.9,87.5,94.9,91.6,94.6,20.091,5,5,5,104.508
0.9,1,5.303,5.741,5.041,31.057,94.21600000000001,93.512,65.1,55.0,29.4,100.5,68.4,88.1,95.9,87.5,94.9,91.6,94.6,19.299,5,5,5,104.509
0.95,1,5.312,5.718,5.081,24.351,94.479,93.94800000000001,65.1,55.0,29.4,100.5,68.4,88.1,95.9,87.5,94.9,91.6,94.6,20.128,5,5,5,104.51
1.0,1,5.373,5.557,5.017,26.945,94.508,93.641,65.1,55.0,29.4,100.5,68.4,88.1,95.9,87.5,94.9,91.6,94.6,19.500999999999998,5,5,5,104.507
1.05,1,5.355,5.666,5.299,27.92,94.45,93.795,65.1,55.0,29.4,100.5,68.4,88.1,95.9,87.5,94.9,91.6,94.6,20.262999999999998,5,5,5,104.50299999999999
1.1,1,5.364,5.538,5.017,27.359,94.538,93.94800000000001,65.1,55.0,29.4,100.5,68.4,88.1,95.9,87.5,94.9,91.6,94.6,19.331,5,5,5,104.499
1.15,1,5.312,5.948,5.286,27.845,94.79899999999999,94.176,65.1,55.0,29.4,100.5,68.4,88.1,95.9,87.5,94.9,91.6,94.6,20.317,5,5,5,104.51100000000001
1.2,1,5.296,5.559,5.016,27.839000000000002,94.683,93.998,65.1,55.0,29.4,100.5,68.4,88.1,95.9,87.5,94.9,91.6,94.6,19.185000000000002,5,5,5,104.509
1.25,1,5.424,5.674,5.285,28.081999999999997,94.654,94.024,65.1,55.0,29.4,100.5,68.4,88.1,95.9,87.5,94.9,91.6,94.6,20.186,5,5,5,104.50299999999999
1.3,1,5.348,5.772,5.016,28.191999999999997,94.712,94.352,65.1,55.0,29.4,100.5,68.4,88.1,95.9,87.5,94.9,91.6,94.6,19.17,5,5,5,104.509
1.35,1,5.593,5.518,5.282,27.935,95.0,94.20100000000001,65.1,55.0,29.4,100.5,68.4,88.1,95.9,87.5,94.9,91.6,94.6,20.222,5,5,5,104.50200000000001
1.4,1,5.315,5.554,5.016,28.15,94.943,94.453,65.1,55.0,29.4,100.5,68.4,88.1,95.9,87.5,94.9,91.6,94.6,19.262,5,5,5,104.506
1.45,1,5.364,5.619,5.2780000000000005,27.484,94.914,94.30199999999999,65.1,55.0,29.4,100.5,68.4,88.1,95.9,87.5,94.9,91.6,94.6,20.235,5,5,5,104.506
1.5,1,5.319,5.599,5.023,27.664,95.086,94.628,65.1,55.0,29.4,100.5,68.4,88.1,95.9,87.5,94.9,91.6,94.6,19.375,5,5,5,104.515
1.55,1,5.313,5.513,5.269,27.599,94.85600000000001,94.528,65.1,55.0,29.4,100.5,68.4,88.1,95.9,87.5,94.9,91.6,94.6,20.347,5,5,5,104.501
1.6,1,5.389,5.555,5.017,27.518,94.943,94.678,65.0,55.0,29.4,100.3,68.4,88.1,95.9,87.5,94.9,91.6,94.6,19.494,5,5,5,104.507
1.65,1,5.311,5.6579999999999995,5.265,27.04,94.827,94.90100000000001,65.0,55.0,29.4,100.3,68.4,88.1,95.9,87.5,94.9,91.6,94.6,20.45,5,5,5,104.501
1.7,1,5.298,5.497,5.018,27.025,94.943,94.827,65.0,55.0,29.4,100.3,68.4,88.1,95.85,87.5,94.9,91.6,94.6,19.451999999999998,5,5,5,104.51100000000001
1.75,1,5.418,5.6,5.26,26.724,94.971,94.628,65.0,55.0,29.4,100.3,68.4,88.1,95.736,87.5,94.9,91.6,94.6,20.387999999999998,5,5,5,104.50399999999999
1.8,1,5.374,5.49,5.022,26.781999999999996,95.229,94.90100000000001,65.0,55.0,29.4,100.3,68.4,88.1,95.708,87.5,94.9,91.6,94.6,19.342,5,5,5,104.516
1.85,1,5.307,5.5920000000000005,5.255,26.761,95.343,94.827,65.0,55.0,29.4,100.3,68.4,88.1,95.702,87.5,94.9,91.6,94.6,19.22,5,5,5,104.51100000000001
1.9,1,5.427,5.518,5.023,26.914,95.37100000000001,95.09899999999999,65.0,55.0,29.4,100.3,68.4,88.1,95.7,87.5,94.9,91.6,94.6,19.968,5,5,5,104.508
1.95,1,5.469,5.5329999999999995,5.251,26.752,95.286,95.172,65.0,55.0,29.4,100.3,68.4,88.1,95.7,87.5,94.9,91.6,94.6,19.156,5,5,5,104.50200000000001
2.0,1,5.383,5.448,5.025,26.688000000000002,95.37100000000001,95.417,65.0,55.0,29.4,100.3,68.4,87.984,95.7,87.5,94.9,91.6,94.6,19.966,5,5,5,104.512
2.05,1,5.306,5.568,5.246,26.487,95.484,95.27,65.0,55.0,29.4,100.3,68.4,87.92,95.7,87.5,94.9,91.6,94.6,19.22,5,5,5,104.507
2.1,1,5.361,5.468,5.027,26.675,95.343,95.46600000000001,65.0,55.0,29.4,100.3,68.4,87.905,95.7,87.5,94.9,91.6,94.6,20.112000000000002,5,5,5,104.505
2.15,1,5.322,5.612,5.243,26.066999999999997,95.456,95.709,65.0,55.0,29.4,100.3,68.4,87.90100000000001,95.7,87.5,94.9,91.6,94.6,19.228,5,5,5,104.50299999999999
2.2,1,5.476,5.584,5.032,25.659000000000002,96.017,95.97399999999999,65.0,55.0,29.4,100.3,68.4,87.9,95.7,87.5,94.798,91.6,94.6,20.254,5,5,5,104.51100000000001
2.25,1,5.464,5.595,5.247,24.177,95.682,95.85300000000001,65.0,55.0,29.4,100.3,68.4,87.9,95.7,87.5,94.723,91.6,94.6,19.336,5,5,5,104.505
2.3,1,5.299,5.861,5.031,25.64,95.682,95.85300000000001,65.0,55.0,29.4,100.3,68.4,87.9,95.7,87.347,94.706,91.6,94.6,20.427,5,5,5,104.50399999999999
2.35,1,5.411,5.662,5.135,25.141,95.99,95.66,65.0,55.0,29.4,100.3,68.4,87.9,95.7,87.311,94.70100000000001,91.6,94.6,19.362000000000002,5,5,5,104.509
2.4,1,5.35,5.665,5.033,25.078,95.654,95.515,65.0,55.0,29.4,100.3,68.4,87.9,95.7,87.303,94.7,91.6,94.6,20.323,5,5,5,104.509
2.45,1,5.307,5.773,5.219,27.956,95.738,95.805,65.0,55.0,29.4,100.3,68.4,87.9,95.7,87.301,94.7,91.6,94.6,19.305999999999997,5,5,5,104.508
2.5,1,5.337,5.731,5.035,53.335,95.37100000000001,95.074,65.0,55.0,29.4,100.3,68.4,87.9,95.7,87.3,94.7,91.6,94.55,20.213,5,5,5,104.51299999999999
2.55,1,5.303,5.691,5.213,85.922,95.37100000000001,95.0,65.0,55.0,29.4,100.3,68.4,87.9,95.7,87.3,94.7,91.6,94.436,19.203,5,5,5,104.506
2.6,1,5.353,5.517,5.036,122.484,95.428,95.123,65.0,55.0,29.4,100.3,68.4,87.9,95.7,87.3,94.7,91.6,94.408,20.121,5,5,5,104.512
2.65,1,5.409,5.765,5.212,150.997,95.286,95.04899999999999,65.0,55.0,29.4,100.3,68.4,87.9,95.7,87.3,94.7,91.6,94.402,19.375,5,5,5,104.50299999999999
2.7,1,5.333,5.739,5.039,173.08900000000003,95.625,95.442,65.0,55.0,29.4,100.3,68.4,87.9,95.7,87.3,94.7,91.6,94.4,20.360999999999997,5,5,5,104.50299999999999
2.75,1,5.339,5.662,5.208,181.365,95.682,95.24600000000001,65.0,55.0,29.4,100.3,68.4,87.9,95.7,87.3,94.7,91.6,94.4,19.241,5,5,5,104.485
2.8,1,5.299,5.483,5.041,182.97400000000002,95.541,95.221,65.0,55.0,29.4,100.3,68.4,87.9,95.7,87.3,94.7,91.6,94.4,20.365000000000002,5,5,5,104.49700000000001
2.85,1,5.344,5.661,5.205,175.602,95.738,95.0,65.0,55.0,29.4,100.3,68.4,87.9,95.7,87.3,94.7,91.6,94.4,19.277,5,5,5,104.493
2.9,1,5.504,5.541,5.043,154.735,95.229,95.123,65.0,55.0,29.4,100.3,68.4,87.9,95.7,87.3,94.7,91.6,94.4,20.317999999999998,5,5,5,104.50299999999999
2.95,1,5.303,5.8759999999999994,5.2,125.92,95.428,95.368,65.0,55.0,29.4,100.3,68.4,87.9,95.7,87.3,94.7,91.6,94.4,19.259,5,5,5,104.49600000000001
3.0,1,5.317,5.616,5.048,93.064,95.456,95.197,65.0,55.0,29.4,100.3,68.4,87.9,95.7,87.3,94.7,91.6,94.4,20.469,5,5,5,104.499
3.05,1,5.451,5.572,5.193,68.882,95.456,94.975,65.0,55.0,29.4,100.3,68.4,87.9,95.7,87.3,94.7,91.6,94.4,19.345,5,5,5,104.499
3.1,1,5.359,5.492,5.065,54.005,95.569,95.221,65.0,55.0,29.4,100.3,68.4,87.9,95.7,87.3,94.7,91.6,94.4,20.197000000000003,5,5,5,104.499
3.15,14,5.424,5.6370000000000005,5.194,120.337,95.428,95.344,65.0,55.0,29.4,100.3,68.4,87.9,95.7,87.3,94.7,91.6,94.4,19.595999999999997,5,5,5,104.49600000000001
3.2,14,5.342,5.468,5.058,96.24,95.456,95.344,65.0,55.0,29.4,100.3,68.4,87.9,95.7,87.3,94.7,91.6,94.4,20.68,5,5,5,104.49799999999999
3.25,14,5.383,5.479,5.19,78.968,94.885,94.703,65.0,55.0,29.4,100.3,68.4,87.9,95.7,87.3,94.7,91.6,94.4,19.459000000000003,5,5,5,104.49600000000001
3.3,14,5.328,5.563,5.065,52.448,95.0,94.827,65.0,55.0,29.4,100.3,68.4,87.9,95.7,87.3,94.7,91.55,94.4,20.509,5,5,5,104.493
3.35,14,5.617,5.591,5.184,46.864,94.77,94.403,65.0,55.0,29.4,100.3,68.4,87.9,95.7,87.3,94.7,91.359,94.4,19.629,5,5,5,104.491
3.4,14,5.651,5.515,5.064,51.809,95.0,94.352,65.0,55.0,29.4,100.3,68.4,87.9,95.7,87.3,94.7,91.314,94.4,20.46,5,5,5,104.50200000000001
3.45,14,5.309,5.758,5.175,59.419,94.943,94.777,65.0,55.0,29.4,100.3,68.4,87.9,95.7,87.3,94.7,91.303,94.4,19.453,5,5,5,104.495
3.5,14,5.376,5.721,5.071,76.464,95.086,94.852,65.0,55.0,29.4,100.3,68.4,87.9,95.7,87.3,94.7,91.301,94.4,20.172,5,5,5,104.509
3.55,14,5.326,5.591,5.174,95.475,95.086,94.80199999999999,65.0,55.0,29.4,100.3,68.4,87.9,95.7,87.3,94.7,91.3,94.4,19.47,5,5,5,104.499
3.6,14,5.323,5.664,5.077,116.035,95.343,94.95100000000001,64.9,55.0,29.4,100.2,68.4,87.9,95.7,87.3,94.7,91.3,94.4,20.172,5,5,5,104.50299999999999
3.65,14,5.298,5.465,5.16,135.549,95.029,95.123,64.9,55.0,29.4,100.2,68.4,87.9,95.563,87.3,94.7,91.3,94.4,19.46,5,5,5,104.501
3.7,14,5.322,5.62,5.044,151.507,95.229,95.0,64.9,55.0,29.4,100.2,68.4,87.9,95.515,87.3,94.7,91.3,94.4,20.271,5,5,5,104.49600000000001
3.75,14,5.332,5.514,5.014,162.912,95.229,95.197,64.9,55.0,29.4,100.2,68.4,87.9,95.50399999999999,87.3,94.7,91.3,94.4,19.718,5,5,5,104.499
3.8,14,5.37,5.453,5.0,171.67,95.029,94.926,64.9,55.0,29.4,100.2,68.4,87.9,95.501,87.3,94.7,91.3,94.4,19.77,5,5,5,104.49700000000001
3.85,14,5.299,5.531,5.028,178.16400000000002,95.086,94.777,64.9,55.0,29.4,100.2,68.4,87.9,95.5,87.3,94.7,91.3,94.4,20.149,5,5,5,104.495
3.9,14,5.364,5.596,5.002,177.71599999999998,95.115,94.926,64.9,55.0,29.4,100.2,68.4,87.9,95.5,87.3,94.7,91.3,94.4,19.014000000000003,5,5,5,104.49799999999999
3.95,14,5.298,5.64,5.0,177.25799999999998,95.115,95.09899999999999,64.9,55.0,29.4,100.2,68.4,87.9,95.5,87.3,94.7,91.3,94.4,20.277,5,5,5,104.493
4.0,14,5.372,5.562,5.044,173.09400000000002,95.2,94.876,64.9,55.0,29.4,100.2,68.4,87.9,95.5,87.3,94.7,91.3,94.4,19.155,5,5,5,104.49700000000001
4.05,14,5.308,5.598,5.085,174.938,95.172,94.90100000000001,64.9,55.0,29.4,100.2,68.4,87.9,95.5,87.3,94.7,91.3,94.4,20.072000000000003,5,5,5,104.49799999999999
4.1,14,5.306,5.897,5.015,175.332,95.086,94.852,64.9,55.0,29.4,100.2,68.4,87.9,95.5,87.3,94.7,91.3,94.4,19.192,5,5,5,104.499
4.15,14,5.298,5.664,5.004,173.054,95.086,94.876,64.9,55.0,29.4,100.2,68.4,87.9,95.5,87.3,94.7,91.3,94.4,19.975,5,5,5,104.488
4.2,14,5.353,5.701,5.001,174.018,95.115,94.678,64.9,55.0,29.4,100.2,68.4,87.9,95.5,87.3,94.7,91.3,94.4,19.104,5,5,5,104.5
4.22,3,5.394,5.547,5.0,172.774,94.971,94.876,64.9,55.0,29.4,100.2,68.4,87.9,95.5,87.3,94.7,91.3,94.4,20.408,5,5,5,104.49600000000001
4.24,3,5.295,5.532,5.053,169.801,94.683,94.328,64.9,55.0,29.4,100.2,68.4,87.9,95.5,87.3,94.7,91.3,94.4,19.999000000000002,5,5,5,104.49600000000001
4.26,3,5.287,5.5649999999999995,5.066,154.161,94.914,94.778,64.9,55.0,29.4,100.2,68.4,87.9,95.5,87.3,94.7,91.3,94.4,20.003,5,5,5,104.49799999999999
4.28,3,5.536,5.442,5.014,137.261,94.971,94.778,64.9,55.0,29.4,100.2,68.4,87.9,95.5,87.3,94.656,91.3,94.4,20.274,5,5,5,104.49700000000001
4.3,3,5.313,5.57,5.034,119.87200000000001,94.943,94.90100000000001,64.9,55.0,29.4,100.2,68.4,87.9,95.5,87.3,94.632,91.3,94.4,20.164,5,5,5,104.49700000000001
4.32,3,5.328,5.47,5.006,101.191,95.057,94.90100000000001,64.9,55.0,29.4,100.2,68.4,87.9,95.5,87.3,94.618,91.3,94.4,20.095999999999997,5,5,5,104.492
4.34,3,5.359,5.499,5.057,86.72399999999999,94.741,94.60300000000001,64.9,55.0,29.4,100.2,68.4,87.9,95.5,87.3,94.61,91.3,94.4,20.261,5,5,5,104.49600000000001
4.36,3,5.515,5.558,5.0,91.542,94.971,94.753,64.9,55.0,29.4,100.2,68.4,87.9,95.5,87.3,94.60600000000001,91.3,94.4,20.297,5,5,5,104.49600000000001
4.38,3,5.432,5.568,5.092,82.062,95.029,94.90100000000001,64.9,55.0,29.4,100.2,68.4,87.9,95.5,87.3,94.60300000000001,91.3,94.4,20.194000000000003,5,5,5,104.21
4.4,3,5.377,5.462,5.024,76.878,94.914,94.653,64.9,55.0,29.4,100.2,68.4,87.9,95.5,87.21300000000001,94.602,91.3,94.4,20.377000000000002,5,5,5,103.414
4.42,3,5.292,5.511,5.106,57.898999999999994,95.029,94.852,64.9,55.0,29.4,100.2,68.4,87.9,95.5,87.163,94.601,91.3,94.4,20.523,5,5,5,102.148
4.44,3,5.655,5.449,5.005,58.907,95.143,94.90100000000001,64.9,55.0,29.4,100.2,68.4,87.9,95.5,87.13600000000001,94.601,91.3,94.4,20.458,5,5,5,100.928
4.46,3,5.867,5.643,5.019,48.224,95.086,94.778,64.9,55.0,29.4,100.2,68.4,87.9,95.5,87.12,94.6,91.3,94.4,20.406,5,5,5,99.38799999999999
4.48,3,5.571,5.509,5.086,38.611,95.229,94.877,64.9,55.0,29.4,100.2,68.4,87.9,95.5,87.111,94.6,91.3,94.4,20.308,5,5,5,98.196
4.5,3,5.514,5.451,5.081,41.253,95.086,94.877,64.9,55.0,29.4,100.2,68.4,87.9,95.5,87.10600000000001,94.6,91.3,94.4,20.258,5,5,5,97.12200000000001
4.52,3,5.568,5.578,5.083,46.25899999999999,95.029,95.098,64.9,55.0,29.4,100.2,68.4,87.9,95.5,87.104,94.6,91.3,94.4,20.083,5,5,5,96.191
4.54,3,5.578,5.487,5.064,50.292,95.057,94.703,64.9,55.0,29.4,100.2,68.4,87.9,95.5,87.102,94.6,91.3,94.4,20.149,5,5,5,95.286
4.56,3,5.476,5.49,5.063,53.653,94.85600000000001,94.90100000000001,64.9,55.0,29.4,100.2,68.4,87.9,95.5,87.101,94.6,91.3,94.4,20.485,5,5,5,94.39299999999999
4.58,3,5.332,5.541,5.074,57.283,95.143,94.80199999999999,64.9,55.0,29.4,100.2,68.4,87.9,95.5,87.101,94.6,91.3,94.4,20.3,5,5,5,93.545
4.6,3,5.531,5.4879999999999995,5.077,62.063,94.827,94.827,64.9,55.0,29.4,100.2,68.4,87.9,95.5,87.1,94.6,91.3,94.4,20.326999999999998,5,5,5,92.634
4.62,3,5.46,5.548,5.134,65.52600000000001,95.029,94.80199999999999,64.9,55.0,29.4,100.2,68.4,87.9,95.5,87.1,94.6,91.3,94.4,20.21,5,5,5,91.764
4.64,3,5.341,5.86,5.046,69.711,94.85600000000001,94.778,64.9,55.0,29.4,100.2,68.4,87.9,95.5,87.1,94.6,91.3,94.4,20.197000000000003,5,5,5,90.937
4.66,3,5.485,5.671,5.028,74.454,95.2,94.95100000000001,64.9,55.0,29.4,100.2,68.4,87.9,95.5,87.1,94.6,91.3,94.4,20.332,5,5,5,90.09899999999999
4.68,3,5.342,5.5969999999999995,5.013,77.947,94.741,94.95100000000001,64.9,55.0,29.4,100.2,68.4,87.9,95.5,87.1,94.6,91.3,94.4,20.45,5,5,5,89.285
4.7,3,5.574,5.471,5.069,80.227,94.914,94.90100000000001,64.9,55.0,29.4,100.2,68.4,87.9,95.5,87.1,94.6,91.3,94.4,20.664,5,5,5,88.525
4.72,3,5.45,5.475,5.068,85.182,94.827,94.678,64.9,55.0,29.4,100.2,68.4,87.812,95.5,87.1,94.6,91.3,94.4,20.293,5,5,5,87.834
4.74,3,5.543,5.525,5.063,84.488,94.971,95.172,64.9,55.0,29.4,100.2,68.4,87.763,95.5,87.1,94.6,91.3,94.4,20.307000000000002,5,5,5,87.03
4.76,3,5.45,5.454,5.068,85.457,95.143,95.417,64.9,55.0,29.4,100.2,68.4,87.736,95.5,87.1,94.6,91.3,94.4,20.356,5,5,5,86.17399999999999
4.78,3,5.539,5.644,5.073,84.191,95.229,95.708,64.9,55.0,29.4,100.2,68.4,87.72,95.5,87.1,94.6,91.3,94.4,20.399,5,5,5,85.305
4.8,3,5.538,5.502,5.073,83.82300000000001,94.914,96.425,64.9,55.0,29.4,100.2,68.4,87.711,95.5,87.1,94.6,91.3,94.4,19.778,5,5,5,84.432
4.82,3,5.394,5.635,5.07,82.078,95.029,96.895,64.9,55.0,29.4,100.2,68.4,87.706,95.5,87.1,94.6,91.3,94.4,19.387,5,5,5,83.565
4.84,3,5.309,5.479,5.072,81.393,95.314,97.704,64.9,55.0,29.4,100.2,68.4,87.704,95.5,87.1,94.6,91.3,94.4,19.449,5,5,5,82.643
4.86,3,5.496,5.449,5.072,80.243,95.057,98.675,64.9,55.0,29.4,100.2,68.4,87.702,95.5,87.1,94.6,91.3,94.4,19.397,5,5,5,81.78699999999999
4.88,3,5.617,5.463,5.071,79.472,95.399,100.053,64.9,55.0,29.4,100.2,68.4,87.70100000000001,95.5,87.1,94.6,91.3,94.4,19.333,5,5,5,80.904
4.9,3,5.292,5.479,5.074,79.006,95.286,102.39,64.9,55.0,29.4,100.2,68.4,87.70100000000001,95.5,87.1,94.6,91.3,94.35,19.197000000000003,5,5,5,80.007
4.92,3,5.357,5.691,5.075,79.242,95.143,105.023,64.9,55.0,29.4,100.2,68.4,87.7,95.5,87.1,94.6,91.3,94.28399999999999,19.288,5,5,5,79.18
4.94,3,5.679,5.445,5.075,79.203,95.115,110.036,64.9,55.0,29.4,100.2,68.4,87.7,95.5,87.1,94.6,91.3,94.247,19.262,5,5,5,78.278
4.96,3,5.491,5.5920000000000005,5.072,79.805,95.286,119.206,64.9,55.0,29.4,100.2,68.4,87.7,95.5,87.1,94.6,91.3,94.227,19.206,5,5,5,77.413
4.98,3,5.5489999999999995,5.745,5.074,79.821,95.314,131.517,64.9,55.0,29.4,100.2,68.4,87.7,95.5,87.1,94.6,91.3,94.215,19.125,5,5,5,76.59
5.0,3,5.481,5.5440000000000005,5.072,79.858,95.343,151.511,64.9,55.0,29.4,100.2,68.4,87.7,95.5,87.1,94.6,91.3,94.208,19.171,5,5,5,75.741
5.02,3,5.867,6.297,5.07,80.721,95.37100000000001,201.835,64.9,55.0,29.4,100.2,68.4,87.7,95.5,87.1,94.6,91.3,94.205,19.273,5,5,5,74.903
5.04,3,5.383,6.638,5.071,80.807,96.294,243.62900000000002,64.9,55.0,29.4,100.2,68.4,87.7,95.5,87.1,94.6,91.3,94.203,19.302999999999997,5,5,5,74.038
5.06,3,5.47,7.1370000000000005,5.071,80.77600000000001,98.17399999999999,238.77900000000002,64.9,55.0,29.4,100.2,68.4,87.7,95.475,87.1,94.6,91.3,94.20100000000001,19.465,5,5,5,73.206
5.08,3,5.378,7.084,5.07,81.297,100.32799999999999,236.143,64.9,55.0,29.4,100.2,68.4,87.7,95.398,87.1,94.6,91.3,94.20100000000001,19.297,5,5,5,72.35
5.1,3,5.337,7.91,5.07,81.556,102.82600000000001,235.153,64.9,55.0,29.4,100.2,68.4,87.7,95.355,87.1,94.6,91.3,94.2,19.184,5,5,5,71.536
5.12,3,5.58,8.036999999999999,5.071,81.654,106.15700000000001,234.653,64.9,55.0,29.4,100.2,68.4,87.7,95.331,87.1,94.6,91.3,94.2,19.153,5,5,5,70.68299999999999
5.14,3,5.45,8.692,5.072,82.01899999999999,110.15700000000001,234.815,64.9,55.0,29.4,100.2,68.4,87.7,95.318,87.1,94.6,91.3,94.2,19.393,5,5,5,69.82
5.16,3,5.34,8.421,5.07,82.105,115.016,235.09,64.9,55.0,29.4,100.2,68.4,87.7,95.31,87.1,94.6,91.3,94.2,19.215,5,5,5,68.999
5.18,3,5.491,8.486,5.068,82.14399999999999,121.18799999999999,235.09,64.9,55.0,29.4,100.2,68.4,87.7,95.306,87.1,94.6,91.3,94.2,19.17,5,5,5,68.152
5.2,3,5.358,8.935,5.068,82.62,129.153,234.84,64.9,55.0,29.4,100.2,68.4,87.7,95.303,87.1,94.6,91.3,94.2,19.195,5,5,5,67.28899999999999
5.22,3,5.298,9.280000000000001,5.069,82.9,139.264,234.39,64.9,55.0,29.4,100.2,68.4,87.7,95.30199999999999,87.1,94.6,91.3,94.2,19.524,5,5,5,66.449
5.24,3,5.651,10.036999999999999,5.067,81.138,148.659,233.63,64.9,55.0,29.4,100.2,68.4,87.7,95.301,87.1,94.6,91.3,94.2,19.75,5,5,5,65.527
5.26,3,5.692,10.629999999999999,5.068,79.11399999999999,159.625,232.635,64.9,55.0,29.4,100.2,68.4,87.7,95.301,87.1,94.6,91.3,94.2,19.545,5,5,5,64.622
5.28,3,5.683,11.288,5.068,76.786,181.30700000000002,231.593,64.9,55.0,29.4,100.2,68.4,87.7,95.3,87.1,94.6,91.3,94.2,19.619,5,5,5,63.643
5.3,3,5.518,11.761,5.068,74.935,243.632,230.481,64.9,55.0,29.4,100.2,68.4,87.7,95.3,87.1,94.6,91.3,94.2,19.773,5,5,5,62.722
5.32,3,5.703,12.35,5.068,73.498,242.227,229.459,64.9,55.0,29.4,100.2,68.4,87.7,95.3,87.1,94.6,91.3,94.2,19.595999999999997,5,5,5,61.792
5.34,3,6.061,13.276,5.068,72.82,238.582,228.453,64.9,55.0,29.4,100.2,68.4,87.7,95.3,87.1,94.6,91.3,94.2,19.595999999999997,5,5,5,60.881
5.36,3,6.396,13.109,5.071,72.102,236.239,227.40099999999998,64.9,55.0,29.4,100.2,68.4,87.7,95.3,87.1,94.6,91.3,94.2,19.701,5,5,5,59.982
5.38,3,6.273,14.111,5.079,71.8,234.313,226.328,64.9,55.0,29.4,100.2,68.4,87.7,95.3,87.1,94.6,91.3,94.2,19.578,5,5,5,59.111999999999995
5.4,3,5.944,14.504,5.089,72.22,232.623,225.562,64.9,55.0,29.4,100.2,68.4,87.7,95.3,87.1,94.6,91.3,94.2,19.411,5,5,5,58.25899999999999
5.42,3,6.311999999999999,14.482999999999999,5.098,71.953,231.017,223.986,64.9,55.0,29.4,100.2,68.4,87.7,95.3,87.1,94.6,91.3,94.2,19.404000000000003,5,5,5,57.387
5.44,3,6.338,15.508,5.105,72.513,229.665,223.55200000000002,64.9,55.0,29.4,100.2,68.4,87.7,95.3,87.1,94.6,91.21300000000001,94.2,19.363,5,5,5,56.547
5.46,3,6.515,15.588,5.106,72.418,228.479,224.132,64.9,55.0,29.4,100.2,68.4,87.7,95.3,87.1,94.6,91.163,94.2,19.45,5,5,5,55.663999999999994
5.48,3,6.363,15.785,5.113,72.648,227.38400000000001,224.11900000000003,64.9,55.0,29.4,100.2,68.4,87.7,95.3,87.1,94.6,91.13600000000001,94.2,19.506,5,5,5,54.838
5.5,3,6.523,16.494,5.12,72.587,226.157,223.817,64.9,55.0,29.4,100.2,68.4,87.7,95.3,87.1,94.6,91.12,94.2,19.567999999999998,5,5,5,53.976000000000006
5.52,3,6.898,16.546,5.125,73.601,224.861,223.55200000000002,64.9,55.0,29.4,100.2,68.4,87.7,95.3,87.1,94.6,91.111,94.2,19.424,5,5,5,53.144
5.54,3,7.1240000000000006,17.091,5.14,73.596,223.87400000000002,223.479,64.9,55.0,29.4,100.2,68.4,87.7,95.3,87.1,94.6,91.10600000000001,94.2,19.357,5,5,5,52.278
5.56,3,6.727,17.963,5.141,73.84100000000001,223.27900000000002,223.479,64.9,55.0,29.4,100.2,68.4,87.7,95.3,87.1,94.6,91.104,94.2,19.479,5,5,5,51.433
5.58,3,6.98,18.516,5.159,70.565,222.89,223.38299999999998,64.9,55.0,29.4,100.2,68.4,87.7,95.3,87.1,94.6,91.102,94.2,19.39,5,5,5,50.611
5.6,3,6.955,18.432000000000002,5.161,71.547,222.47799999999998,223.105,64.8,54.9,29.4,100.0,68.3,87.7,95.3,87.1,94.6,91.101,94.2,19.348,5,5,5,49.933
5.62,3,6.943,18.836,6.775,69.244,222.26,222.611,64.8,54.9,29.4,100.0,68.3,87.7,95.3,87.1,94.6,91.101,94.2,19.425,5,5,5,49.201
5.64,3,7.314,19.1,10.496,70.62,222.321,221.938,64.8,54.9,29.4,100.0,68.3,87.7,95.3,87.1,94.6,91.1,94.2,19.33,5,5,5,48.529
5.66,3,7.2219999999999995,19.378,9.645,69.06,222.58700000000002,221.13400000000001,64.8,54.9,29.4,100.0,68.3,87.7,95.3,87.1,94.6,91.1,94.2,19.417,5,5,5,47.844
5.68,3,7.318,18.697000000000003,6.6530000000000005,70.27600000000001,222.769,220.24900000000002,64.8,54.9,29.4,100.0,68.3,87.7,95.3,87.1,94.6,91.1,94.2,19.375999999999998,5,5,5,47.149
5.7,3,7.5169999999999995,19.363,10.396,69.779,222.59900000000002,219.354,64.8,54.9,29.4,100.0,68.3,87.7,95.3,87.1,94.6,91.1,94.2,19.302999999999997,5,5,5,46.468
5.72,3,7.801,19.779000000000003,12.65,70.578,222.188,218.425,64.8,54.9,29.4,100.0,68.3,87.7,95.3,87.1,94.6,91.1,94.2,19.329,5,5,5,45.798
5.74,3,8.446,20.317999999999998,13.022,70.44,221.982,217.547,64.8,54.9,29.4,100.0,68.3,87.7,95.3,87.1,94.6,91.1,94.2,19.314,5,5,5,45.115
5.76,3,8.397,20.644,13.27,70.515,221.90900000000002,216.718,64.8,54.9,29.4,100.0,68.3,87.7,95.3,87.1,94.6,91.1,94.2,19.296,5,5,5,44.441
5.78,3,9.028,21.329,13.738,71.024,221.885,215.95,64.8,54.9,29.4,100.0,68.3,87.7,95.3,87.1,94.6,91.1,94.2,19.310000000000002,5,5,5,43.782
5.8,3,13.329,22.914,14.469,67.249,221.77599999999998,215.396,64.8,54.9,29.4,100.0,68.3,87.7,95.3,87.1,94.6,91.1,94.2,19.433,5,5,5,43.135999999999996
5.82,3,16.033,24.137,13.962,66.96000000000001,221.076,214.796,64.8,54.9,29.4,100.0,68.3,87.7,95.3,87.1,94.6,91.1,94.2,19.290999999999997,5,5,5,42.687
5.84,3,17.731,25.592,14.771,65.445,220.172,214.208,64.8,54.9,29.4,100.0,68.3,87.7,95.3,87.1,94.6,91.1,94.2,19.311,5,5,5,42.282
5.86,4,18.912,25.973000000000003,15.283,65.489,219.426,213.61,64.8,54.9,29.4,100.0,68.3,87.7,95.3,87.1,94.6,91.1,94.2,19.243000000000002,5,5,5,41.897
5.88,4,19.630000000000003,26.871,16.167,61.028999999999996,218.838,213.012,64.8,54.9,29.4,100.0,68.3,87.7,95.3,87.1,94.6,91.1,94.2,19.323,5,5,5,41.53
5.9,4,20.465,27.684,16.729,54.376000000000005,218.167,212.428,64.8,54.9,29.4,100.0,68.3,87.7,95.3,87.1,94.6,91.1,94.2,19.284,5,5,5,41.349000000000004
5.92,4,20.866,27.936,16.798000000000002,55.36600000000001,216.99599999999998,211.80900000000003,64.8,54.9,29.4,100.0,68.3,87.7,95.3,87.1,94.6,91.1,94.2,19.253,5,5,5,41.434
5.94,4,20.969,27.715999999999998,17.470999999999997,49.633,215.709,211.203,64.8,54.9,29.4,100.0,68.3,87.7,95.3,87.1,94.6,91.1,94.2,19.29,5,5,5,41.495999999999995
5.96,4,21.081,27.488000000000003,16.783,48.403999999999996,214.65200000000002,210.61,64.8,54.9,29.4,100.0,68.3,87.7,95.3,87.1,94.6,91.1,94.2,19.355,5,5,5,41.622
5.98,4,21.009,28.21,18.159,45.122,213.977,209.995,64.8,54.9,29.4,100.0,68.3,87.7,95.3,87.1,94.6,91.1,94.2,19.29,5,5,5,41.738
6.0,4,20.875,27.704,18.055,43.813,213.457,209.38,64.8,54.9,29.4,100.0,68.3,87.7,95.3,87.1,94.6,91.1,94.2,19.375,5,5,5,41.875
6.02,4,20.9,27.006,16.442999999999998,41.347,212.937,208.778,64.8,54.9,29.4,100.0,68.3,87.7,95.3,87.1,94.6,91.1,94.2,19.389000000000003,5,5,5,42.008
6.04,4,20.67,26.505,18.734,40.079,212.382,208.201,64.8,54.9,29.4,100.0,68.3,87.7,95.3,87.1,94.6,91.1,94.2,19.36,5,5,5,42.157
6.06,4,20.617,25.987,18.271,38.262,211.864,207.56599999999997,64.8,54.9,29.4,100.0,68.3,87.7,95.3,87.1,94.531,91.1,94.2,19.356,5,5,5,42.299
6.08,4,19.689999999999998,25.274,17.871,36.174,211.347,206.979,64.8,54.9,29.4,100.0,68.3,87.7,95.3,87.1,94.47399999999999,91.1,94.2,19.325,5,5,5,42.451
6.1,4,20.339,24.969,17.935000000000002,35.1,210.888,206.507,64.8,54.9,29.4,100.0,68.3,87.7,95.3,87.1,94.442,91.1,94.2,19.324,5,5,5,42.593
6.12,4,20.42,24.987000000000002,18.274,33.701,210.407,206.002,64.8,54.9,29.4,100.0,68.3,87.7,95.3,87.1,94.423,91.1,94.2,19.35,5,5,5,42.756
6.14,4,20.397,25.289,17.290999999999997,35.086,209.938,205.52,64.8,54.9,29.4,100.0,68.3,87.7,95.3,87.1,94.413,91.1,94.2,19.372,5,5,5,42.894
6.16,4,20.572000000000003,24.701,21.762,33.825,209.423,205.02700000000002,64.8,54.9,29.4,100.0,68.3,87.7,95.3,87.1,94.407,91.1,94.2,19.198,5,5,5,42.928000000000004
6.18,4,20.415999999999997,24.343,21.825,34.431,208.89700000000002,204.524,64.8,54.9,29.4,100.0,68.3,87.7,95.3,87.1,94.404,91.1,94.2,19.289,5,5,5,42.936
6.2,4,19.874000000000002,24.281,21.657,33.796,208.442,204.021,64.8,54.9,29.4,100.0,68.3,87.7,95.3,87.1,94.402,91.1,94.2,19.282,5,5,5,42.895
6.22,4,19.954,24.567,19.544,35.765,208.01,203.576,64.8,54.9,29.4,100.0,68.3,87.7,95.3,87.1,94.40100000000001,91.1,94.2,19.369999999999997,5,5,5,42.863
6.24,4,20.785,24.771,20.157,34.870999999999995,207.59099999999998,203.143,64.8,54.9,29.4,100.0,68.3,87.7,95.3,87.1,94.40100000000001,91.1,94.2,19.375,5,5,5,42.775
6.26,4,21.045,24.812,20.225,37.032,207.148,202.722,64.8,54.9,29.4,100.0,68.3,87.7,95.3,87.1,94.4,91.1,94.2,19.499000000000002,5,5,5,42.715
6.28,4,21.1,24.426,20.172,37.254,206.695,202.312,64.8,54.9,29.4,100.0,68.3,87.7,95.3,87.1,94.4,91.1,94.2,19.494999999999997,5,5,5,42.635999999999996
6.3,4,21.726,24.694000000000003,19.625,38.238,206.27700000000002,201.91400000000002,64.8,54.9,29.4,100.0,68.3,87.7,95.3,87.1,94.4,91.1,94.2,19.453,5,5,5,42.538000000000004
6.32,4,21.709,24.8,20.517000000000003,38.855,205.847,201.517,64.8,54.9,29.4,100.0,68.3,87.7,95.3,87.1,94.4,91.1,94.2,19.454,5,5,5,42.394
6.34,4,21.817,24.977,20.46,39.854,205.418,201.143,64.8,54.9,29.4,100.0,68.3,87.7,95.3,87.1,94.4,91.1,94.2,19.438,5,5,5,42.291
6.36,4,22.035999999999998,25.456,19.895,39.971,204.99,200.757,64.8,54.9,29.4,100.0,68.3,87.7,95.3,87.1,94.4,91.1,94.2,19.429000000000002,5,5,5,42.17
6.38,4,21.759,25.241,18.655,41.249,204.562,200.38400000000001,64.8,54.9,29.4,100.0,68.3,87.7,95.3,87.1,94.4,91.1,94.2,19.479,5,5,5,42.045
6.4,4,22.215,25.352999999999998,18.264000000000003,42.029,204.13400000000001,200.044,64.8,54.9,29.4,100.0,68.3,87.7,95.3,87.1,94.4,91.1,94.2,19.345,5,5,5,41.92
6.42,4,22.375,26.511,18.716,43.052,203.74099999999999,199.671,64.8,54.9,29.4,100.0,68.3,87.7,95.3,87.1,94.4,91.1,94.2,19.374000000000002,5,5,5,41.791
6.44,4,22.729,26.74,21.629,43.992,203.34900000000002,199.355,64.8,54.9,29.4,100.0,68.3,87.7,95.3,87.1,94.4,91.1,94.2,19.46,5,5,5,41.691
6.46,4,23.209,26.570999999999998,22.948,44.77,202.93400000000003,199.03900000000002,64.8,54.9,29.4,100.0,68.3,87.7,95.3,87.1,94.4,91.1,94.2,19.285,5,5,5,41.522
6.48,4,23.941,27.217,23.041,45.722,202.53099999999998,198.69,64.8,54.9,29.4,100.0,68.3,87.7,95.3,87.075,94.4,91.1,94.2,19.309,5,5,5,41.444
6.5,4,23.942999999999998,27.471999999999998,23.227999999999998,46.744,202.14,198.408,64.8,54.9,29.4,100.0,68.3,87.7,95.3,86.998,94.4,91.1,94.2,19.402,5,5,5,41.30800000000001
6.52,4,24.559,27.706999999999997,23.632,46.885,201.76,198.093,64.8,54.9,29.4,100.0,68.3,87.7,95.3,86.955,94.4,91.1,94.2,19.379,5,5,5,41.19199999999999
6.54,4,25.105999999999998,28.211,23.425,47.402,201.38099999999997,197.767,64.8,54.9,29.4,100.0,68.3,87.7,95.3,86.931,94.4,91.1,94.2,19.325,5,5,5,41.102
6.56,4,25.511999999999997,28.904,23.041,47.463,200.99099999999999,197.463,64.8,54.9,29.4,100.0,68.3,87.7,95.3,86.918,94.4,91.1,94.2,19.409,5,5,5,40.945
6.58,4,25.486,29.883000000000003,22.611,47.911,200.613,197.149,64.8,54.9,29.4,100.0,68.3,87.7,95.3,86.91,94.4,91.1,94.2,19.302,5,5,5,40.829
6.6,4,25.999000000000002,29.453000000000003,21.724,48.522,200.21200000000002,196.87900000000002,64.8,54.9,29.4,100.0,68.3,87.7,95.3,86.906,94.4,91.1,94.2,19.375,5,5,5,40.725
6.62,4,26.804000000000002,30.201999999999998,22.51,48.361000000000004,199.857,196.58700000000002,64.8,54.9,29.4,100.0,68.3,87.7,95.3,86.903,94.4,91.1,94.2,19.255000000000003,5,5,5,40.624
6.64,4,27.269000000000002,30.933000000000003,21.418,49.516000000000005,199.502,196.30700000000002,64.8,54.9,29.4,100.0,68.3,87.7,95.3,86.902,94.4,91.1,94.2,19.238,5,5,5,40.522
6.66,4,27.743000000000002,31.533,26.116,48.543,199.125,196.005,64.8,54.9,29.4,100.0,68.3,87.7,95.3,86.90100000000001,94.4,91.1,94.2,19.39,5,5,5,40.416
6.68,4,28.438000000000002,32.172,26.531999999999996,49.81100000000001,198.77,195.736,64.8,54.9,29.4,100.0,68.3,87.7,95.3,86.90100000000001,94.4,91.1,94.2,19.352,5,5,5,40.32
6.7,4,28.968000000000004,32.552,27.006,48.713,198.416,195.49,64.8,54.9,29.4,100.0,68.3,87.7,95.3,86.9,94.4,91.1,94.2,19.35,5,5,5,40.206
6.72,4,29.389,33.226,26.147,49.896,198.074,195.21,64.8,54.9,29.4,100.0,68.3,87.7,95.3,86.9,94.4,91.1,94.2,19.348,5,5,5,40.15
6.74,4,29.535,33.811,27.976,49.107,197.74400000000003,194.953,64.8,54.9,29.4,100.0,68.3,87.7,95.3,86.9,94.4,91.1,94.2,19.273,5,5,5,40.046
6.76,4,30.079,34.053,31.813000000000002,49.926,197.40200000000002,194.685,64.8,54.9,29.4,100.0,68.3,87.7,95.3,86.9,94.4,91.1,94.2,19.458,5,5,5,39.983000000000004
6.78,4,30.645,34.545,32.214,50.157,197.083,194.43900000000002,64.8,54.9,29.4,100.0,68.3,87.7,95.3,86.9,94.4,91.1,94.2,19.504,5,5,5,39.919
6.8,4,31.162,35.504999999999995,32.559,50.208999999999996,196.753,194.19400000000002,64.8,54.9,29.4,100.0,68.3,87.7,95.3,86.9,94.4,91.1,94.2,20.184,5,5,5,39.848
6.82,4,31.184,35.903000000000006,33.032,50.31,196.43400000000003,193.926,64.8,54.9,29.4,100.0,68.3,87.7,95.3,86.9,94.4,91.1,94.2,20.320999999999998,5,5,5,39.768
6.84,4,31.706,35.944,33.436,50.54600000000001,196.128,193.68099999999998,64.8,54.9,29.4,100.0,68.3,87.7,95.3,86.9,94.4,91.1,94.2,20.417,5,5,5,39.726
6.86,4,32.368,36.81,33.760999999999996,50.78,195.81,193.435,64.8,54.9,29.4,100.0,68.3,87.7,95.3,86.9,94.4,91.1,94.2,20.339,5,5,5,39.669
6.88,4,32.725,36.596999999999994,34.074,51.08,195.514,193.179,64.8,54.9,29.4,100.0,68.3,87.7,95.3,86.9,94.4,91.1,94.2,20.334000000000003,5,5,5,39.622
6.9,4,33.043000000000006,37.246,34.489999999999995,49.751999999999995,195.231,192.923,64.8,54.9,29.4,100.0,68.3,87.7,95.25,86.9,94.4,91.1,94.2,20.195999999999998,5,5,5,39.510999999999996
6.92,4,33.572,37.121,34.801,45.694,194.924,192.71200000000002,64.8,54.9,29.4,100.0,68.3,87.7,95.184,86.9,94.4,91.1,94.2,20.252000000000002,5,5,5,39.494
6.94,4,33.86,37.408,34.946,45.565,194.63,192.49,64.8,54.9,29.4,100.0,68.3,87.7,95.14699999999999,86.9,94.4,91.1,94.2,20.411,5,5,5,39.663
6.96,4,34.275999999999996,37.725,35.094,41.917,194.324,192.18900000000002,64.8,54.9,29.4,100.0,68.3,87.7,95.127,86.9,94.4,91.1,94.2,20.418,5,5,5,39.814
6.98,4,34.438,37.818000000000005,35.388999999999996,41.056999999999995,194.041,191.923,64.8,54.9,29.4,100.0,68.3,87.7,95.115,86.9,94.4,91.1,94.2,20.225,5,5,5,39.985
7.0,4,34.69199999999999,37.96,35.408,39.187,193.74599999999998,191.65599999999998,64.8,54.9,29.4,100.0,68.3,87.7,95.108,86.9,94.4,91.1,94.2,20.412,5,5,5,40.123000000000005
7.02,4,35.373000000000005,37.889,35.478,37.604,193.46400000000003,191.37900000000002,64.8,54.9,29.4,100.0,68.3,87.7,95.105,86.9,94.4,91.1,94.2,20.500999999999998,5,5,5,40.30800000000001
7.04,4,34.912,37.934,35.319,39.905,193.192,191.06799999999998,64.8,54.9,29.4,100.0,68.3,87.7,95.10300000000001,86.9,94.4,91.1,94.2,20.232,5,5,5,40.476
7.06,4,35.244,38.275999999999996,34.691,37.271,192.87599999999998,190.81400000000002,64.8,54.9,29.4,100.0,68.3,87.7,95.102,86.9,94.4,91.1,94.2,20.365000000000002,5,5,5,40.501
7.08,4,35.016,37.97,34.775,39.633,192.571,190.503,64.8,54.9,29.4,100.0,68.3,87.7,95.101,86.9,94.4,91.1,94.15,20.451999999999998,5,5,5,40.509
7.1,4,34.991,37.934,34.94,38.68,192.27700000000002,190.26,64.8,54.9,29.4,100.0,68.3,87.7,95.1,86.9,94.4,91.1,94.084,20.516,5,5,5,40.449
7.12,4,34.840999999999994,37.900999999999996,34.659000000000006,40.656,191.984,189.95,64.8,54.9,29.4,100.0,68.3,87.7,95.1,86.9,94.4,91.1,94.047,20.412,5,5,5,40.434
7.14,4,34.772,37.1,34.340999999999994,33.735,191.725,189.674,64.8,54.9,29.4,100.0,68.3,87.7,95.1,86.9,94.4,91.1,94.027,20.509999999999998,5,5,5,40.417
7.16,4,34.613,37.357,34.213,34.532,191.386,189.39700000000002,64.8,54.9,29.4,100.0,68.3,87.7,95.1,86.9,94.4,91.1,94.015,20.261,5,5,5,40.572
7.18,4,35.098,37.192,34.076,32.336,191.11599999999999,189.11,64.8,54.9,29.4,100.0,68.3,87.7,95.1,86.9,94.4,91.1,94.008,20.584000000000003,5,5,5,40.694
7.2,4,34.7,37.366,33.747,36.063,190.82299999999998,188.845,64.8,54.9,29.4,100.0,68.3,87.7,95.1,86.9,94.4,91.1,94.005,20.564999999999998,5,5,5,40.868
7.22,4,34.689,37.246,33.760999999999996,33.577,190.519,188.53599999999997,64.8,54.9,29.4,100.0,68.3,87.7,95.1,86.9,94.4,91.1,94.003,20.383,5,5,5,40.885999999999996
7.24,4,34.339,36.845,33.855000000000004,35.875,190.226,188.282,64.8,54.9,29.4,100.0,68.3,87.7,95.1,86.9,94.4,91.1,94.001,20.347,5,5,5,40.884
7.26,4,34.86,36.485,33.926,36.148,189.93400000000003,188.018,64.8,54.9,29.4,100.0,68.3,87.613,95.1,86.9,94.4,91.1,94.001,20.252000000000002,5,5,5,40.845
7.28,4,34.771,37.207,33.83,38.428000000000004,189.675,187.72,64.8,54.9,29.4,100.0,68.3,87.563,95.1,86.9,94.4,91.1,94.0,20.148,5,5,5,40.816
7.3,4,34.398,36.143,33.749,38.435,189.394,187.489,64.8,54.9,29.4,100.0,68.3,87.536,95.1,86.9,94.4,91.1,94.0,20.262999999999998,5,5,5,40.753
7.32,4,34.449,36.521,33.494,39.743,189.113,187.213,64.8,54.9,29.4,100.0,68.3,87.52,95.1,86.9,94.4,91.1,94.0,20.335,5,5,5,40.701
7.34,4,34.063,36.032,33.316,39.874,188.821,186.938,64.8,54.9,29.4,100.0,68.3,87.51100000000001,95.1,86.9,94.4,91.1,94.0,20.208,5,5,5,40.619
7.36,4,33.926,35.89,33.346000000000004,41.407,188.55200000000002,186.696,64.8,54.9,29.4,100.0,68.3,87.506,95.1,86.9,94.4,91.1,94.0,20.242,5,5,5,40.519999999999996
7.38,4,33.769999999999996,35.736999999999995,33.244,41.762,188.282,186.43200000000002,64.8,54.9,29.4,100.0,68.3,87.50399999999999,95.1,86.9,94.4,91.1,94.0,20.485999999999997,5,5,5,40.423
7.4,4,33.501999999999995,36.016,33.221000000000004,42.959,188.002,186.19099999999997,64.8,54.9,29.4,100.0,68.3,87.502,95.1,86.9,94.4,91.1,94.0,20.27,5,5,5,40.294
7.42,4,33.372,35.732,33.269999999999996,44.205999999999996,187.74400000000003,185.97099999999998,64.8,54.9,29.4,100.0,68.3,87.501,95.1,86.9,94.4,91.1,94.0,20.398,5,5,5,40.143
7.44,4,33.278000000000006,35.888000000000005,33.143,41.668,187.44099999999997,185.74,64.8,54.9,29.4,100.0,68.3,87.501,95.1,86.9,94.4,91.1,94.0,20.595,5,5,5,39.994
7.46,4,33.827,35.758,33.269999999999996,45.649,187.22799999999998,185.521,64.8,54.9,29.4,100.0,68.3,87.5,95.1,86.9,94.4,91.1,94.0,20.354,5,5,5,39.989999999999995
7.48,4,33.553,35.971000000000004,33.076,44.897,186.982,185.312,64.8,54.9,29.4,100.0,68.3,87.5,95.1,86.9,94.4,91.1,94.0,20.33,5,5,5,39.959
7.5,4,33.326,35.652,33.391,47.504,186.72400000000002,185.115,64.8,54.9,29.4,100.0,68.3,87.5,95.1,86.9,94.4,91.1,94.0,20.389000000000003,5,5,5,39.9
7.52,4,33.513000000000005,35.735,33.269999999999996,45.994,186.47799999999998,184.90599999999998,64.8,54.9,29.4,100.0,68.3,87.5,95.1,86.9,94.4,91.1,94.0,20.526,5,5,5,39.732
7.54,4,33.085,36.361000000000004,33.616,48.786,186.231,184.687,64.8,54.9,29.4,100.0,68.3,87.5,95.1,86.9,94.4,91.1,94.0,20.399,5,5,5,39.663
7.56,4,33.35,35.998000000000005,33.736999999999995,47.589,186.019,184.49,64.8,54.9,29.4,100.0,68.3,87.5,95.1,86.9,94.4,91.1,94.0,20.48,5,5,5,39.483000000000004
7.58,4,33.173,35.728,33.923,50.423,185.795,184.303,64.8,54.9,29.4,100.0,68.3,87.5,95.1,86.9,94.4,91.1,94.0,20.601,5,5,5,39.385000000000005
7.6,4,33.521,35.926,33.855999999999995,50.853,185.52599999999998,184.128,64.7,54.9,29.4,100.0,68.2,87.5,95.1,86.9,94.4,91.1,94.0,20.604,5,5,5,39.269999999999996
7.62,4,33.298,36.554,34.211,47.631,185.325,183.942,64.7,54.9,29.4,100.0,68.2,87.5,95.1,86.9,94.4,91.1,94.0,20.605,5,5,5,39.218
7.64,4,33.888000000000005,36.561,34.493,48.303000000000004,185.12400000000002,183.81,64.7,54.9,29.4,100.0,68.2,87.5,95.1,86.9,94.4,91.1,94.0,20.545,5,5,5,39.248000000000005
7.66,4,33.599000000000004,36.69,34.774,45.22,184.9,183.62400000000002,64.7,54.9,29.4,100.0,68.2,87.5,95.1,86.9,94.4,91.1,94.0,20.461,5,5,5,39.34
7.68,4,33.696,37.494,35.089,41.596,184.699,183.438,64.7,54.9,29.4,100.0,68.2,87.5,95.1,86.9,94.4,91.1,94.0,20.504,5,5,5,39.422
7.7,4,33.696,37.852,35.197,40.894,184.476,183.252,64.7,54.9,29.4,100.0,68.2,87.5,95.1,86.9,94.4,91.1,94.0,20.425,5,5,5,39.618
7.72,4,34.358000000000004,37.554,35.426,38.649,184.297,183.03400000000002,64.7,54.9,29.4,100.0,68.2,87.5,95.1,86.9,94.4,91.1,94.0,20.481,5,5,5,39.781
7.74,4,34.473,37.688,35.318,37.969,184.085,182.826,64.7,54.9,29.4,100.0,68.2,87.5,95.1,86.9,94.4,91.1,94.0,20.533,5,5,5,39.954
7.76,4,34.358000000000004,37.869,35.263000000000005,36.147,183.828,182.607,64.7,54.9,29.4,100.0,68.2,87.5,95.1,86.9,94.4,91.1,94.0,20.588,5,5,5,40.099000000000004
7.78,4,34.537,37.344,35.321,34.772,183.627,182.389,64.7,54.9,29.4,100.0,68.2,87.5,95.1,86.9,94.4,91.1,94.0,20.675,5,5,5,40.282
7.8,4,34.61,37.284,35.119,37.126999999999995,183.38099999999997,182.15900000000002,64.7,54.9,29.4,100.0,68.2,87.5,95.1,86.9,94.4,91.1,94.0,21.105,5,5,5,40.413
7.82,4,34.913,37.585,34.943,34.089,183.14700000000002,181.94099999999997,64.7,54.9,29.4,100.0,68.2,87.5,95.1,86.9,94.4,91.1,94.0,20.294,5,5,5,40.415
7.84,4,34.84,37.727,34.885000000000005,37.483000000000004,182.957,181.701,64.7,54.9,29.4,100.0,68.2,87.5,95.1,86.9,94.4,91.1,94.0,20.325,5,5,5,40.422
7.86,4,34.603,36.693,34.596000000000004,35.501999999999995,182.71200000000002,181.482,64.7,54.9,29.4,100.0,68.2,87.5,95.1,86.9,94.4,91.1,94.0,20.747999999999998,5,5,5,40.405
7.88,4,34.574,36.656,34.399,35.521,182.44400000000002,181.22,64.7,54.9,29.4,100.0,68.2,87.5,95.1,86.9,94.4,91.1,94.0,21.049,5,5,5,40.393
7.9,4,34.465,36.946,34.271,37.034,182.266,181.024,64.7,54.9,29.4,100.0,68.2,87.5,95.1,86.9,94.4,91.1,94.0,20.367,5,5,5,40.415
7.92,4,34.574,37.266999999999996,33.995999999999995,37.529,182.054,180.85,64.7,54.9,29.4,100.0,68.2,87.5,95.1,86.9,94.4,91.1,94.0,20.09,5,5,5,40.403999999999996
7.94,4,34.278999999999996,37.046,34.088,38.94,181.842,180.59900000000002,64.7,54.9,29.4,100.0,68.2,87.5,95.1,86.9,94.4,91.1,94.0,20.21,5,5,5,40.379999999999995
7.96,4,33.97,36.911,34.001999999999995,40.293,181.608,180.403,64.7,54.9,29.4,100.0,68.2,87.5,95.1,86.9,94.4,91.1,94.0,20.093,5,5,5,40.287
7.98,4,34.644000000000005,36.661,33.667,41.007,181.37400000000002,180.174,64.7,54.9,29.4,100.0,68.2,87.5,95.1,86.9,94.4,91.1,94.0,20.191,5,5,5,40.150999999999996
8.0,4,34.822,35.766999999999996,33.747,42.653,181.14,179.956,64.7,54.9,29.4,100.0,68.2,87.5,95.1,86.9,94.4,91.1,94.0,19.874000000000002,5,5,5,40.055
8.02,4,34.423,36.703,33.831999999999994,43.596,180.928,179.76,64.7,54.9,29.4,100.0,68.2,87.5,95.1,86.9,94.4,91.1,94.0,20.107,5,5,5,39.923
8.04,4,33.927,36.419,33.759,44.567,180.71599999999998,179.585,64.7,54.9,29.4,100.0,68.2,87.5,95.1,86.9,94.4,91.1,94.0,19.825,5,5,5,39.768
8.06,4,33.885999999999996,36.189,33.775999999999996,45.47,180.483,179.39,64.7,54.9,29.4,100.0,68.2,87.5,95.1,86.9,94.4,91.1,94.0,20.383,5,5,5,39.657
8.08,4,34.004999999999995,36.532,33.888000000000005,47.556999999999995,180.304,179.19400000000002,64.7,54.9,29.4,100.0,68.2,87.5,95.1,86.9,94.4,91.1,94.0,21.047,5,5,5,39.473
8.1,4,34.572,36.53,33.980000000000004,42.868,180.071,179.019,64.7,54.9,29.4,100.0,68.2,87.5,95.1,86.9,94.4,91.1,94.0,21.017,5,5,5,39.383
8.12,4,34.116,36.519999999999996,33.8,44.757,179.88099999999997,178.878,64.7,54.9,29.4,100.0,68.2,87.5,95.1,86.9,94.4,91.1,94.0,20.107999999999997,5,5,5,39.458
8.14,4,34.092,36.197,34.11,40.919000000000004,179.67,178.69299999999998,64.7,54.9,29.4,100.0,68.2,87.5,95.1,86.9,94.4,91.1,94.0,20.240000000000002,5,5,5,39.557
8.16,4,33.854,36.768,34.143,40.173,179.49200000000002,178.541,64.7,54.9,29.4,100.0,68.2,87.5,95.1,86.9,94.4,91.1,94.0,20.235999999999997,5,5,5,39.724000000000004
8.18,4,33.634,35.82,34.135000000000005,38.056,179.269,178.356,64.7,54.9,29.4,100.0,68.2,87.5,95.1,86.9,94.4,91.1,94.0,20.271,5,5,5,39.844
8.2,4,33.693,36.198,34.223,38.382,179.05700000000002,178.138,64.7,54.9,29.4,100.0,68.2,87.5,95.1,86.9,94.4,91.1,94.0,20.469,5,5,5,40.015
8.22,4,33.937,36.361999999999995,34.016999999999996,39.417,178.857,177.954,64.7,54.9,29.4,100.0,68.2,87.5,95.1,86.9,94.4,91.1,94.0,20.663,5,5,5,40.120999999999995
8.24,4,33.782,36.888000000000005,34.287,38.616,178.657,177.791,64.7,54.9,29.4,100.0,68.2,87.5,95.1,86.9,94.4,91.1,94.0,20.173000000000002,5,5,5,40.135999999999996
8.26,4,33.796,36.596000000000004,33.96,39.871,178.468,177.584,64.7,54.9,29.4,100.0,68.2,87.5,95.1,86.9,94.4,91.1,94.0,20.399,5,5,5,40.11
8.28,4,34.003,36.614999999999995,33.907,39.425,178.256,177.388,64.7,54.9,29.4,100.0,68.2,87.5,95.1,86.9,94.4,91.1,94.0,20.461,5,5,5,40.071
8.3,4,34.093,36.878,33.885999999999996,35.936,178.045,177.19299999999998,64.7,54.9,29.4,100.0,68.2,87.5,95.1,86.9,94.4,91.1,94.0,20.209000000000003,5,5,5,40.065
8.32,4,34.208,36.315,33.655,35.947,177.86700000000002,176.997,64.7,54.9,29.4,100.0,68.2,87.5,95.1,86.9,94.4,91.1,94.0,20.339,5,5,5,40.218
8.34,4,33.855000000000004,36.649,33.787,33.609,177.667,176.80200000000002,64.7,54.9,29.4,100.0,68.2,87.5,95.1,86.9,94.4,91.1,94.0,20.338,5,5,5,40.370999999999995
8.36,4,33.787,36.165,33.68,31.789,177.455,176.661,64.7,54.9,29.4,100.0,68.2,87.5,95.1,86.9,94.4,91.1,94.0,20.357,5,5,5,40.563
8.38,4,33.459,35.903999999999996,33.462,31.17,177.255,176.411,64.7,54.9,29.4,100.0,68.2,87.5,95.1,86.9,94.4,91.1,94.0,19.956,5,5,5,40.695
8.4,4,33.519000000000005,35.995000000000005,33.275999999999996,29.749000000000002,177.066,176.237,64.7,54.9,29.4,100.0,68.2,87.5,95.1,86.9,94.4,91.1,94.0,19.848,5,5,5,40.857
8.42,4,33.234,36.09,33.153000000000006,28.552,176.81,176.009,64.7,54.9,29.4,100.0,68.2,87.5,95.1,86.9,94.4,91.1,94.0,20.244,5,5,5,41.034000000000006
8.44,4,33.403999999999996,35.598,32.888999999999996,28.505,176.643,175.803,64.7,54.9,29.4,100.0,68.2,87.5,95.1,86.9,94.4,91.1,94.0,20.088,5,5,5,41.186
8.46,4,33.124,35.376,32.535,27.340999999999998,176.44299999999998,175.597,64.7,54.9,29.4,100.0,68.2,87.5,95.1,86.9,94.4,91.1,94.0,19.917,5,5,5,41.340999999999994
8.48,4,33.06,34.91,32.016999999999996,21.979,176.21,175.358,64.7,54.9,29.4,100.0,68.2,87.5,95.1,86.9,94.4,91.1,94.0,19.897,5,5,5,41.494
8.5,4,33.135999999999996,34.69199999999999,31.756999999999998,23.826,176.02100000000002,175.16299999999998,64.7,54.9,29.4,100.0,68.2,87.5,95.1,86.9,94.4,91.1,94.0,19.766,5,5,5,41.663
8.52,4,32.991,34.855999999999995,31.508000000000003,20.905,175.787,174.925,64.7,54.9,29.4,100.0,68.2,87.5,95.1,86.9,94.4,91.1,94.0,20.064,5,5,5,41.81699999999999
8.54,4,32.709,34.408,30.846,18.959000000000003,175.576,174.697,64.7,54.9,29.4,100.0,68.2,87.5,95.1,86.9,94.4,91.1,94.0,19.761,5,5,5,41.958
8.56,4,32.499,33.525999999999996,30.28,16.942999999999998,175.364,174.48,64.7,54.9,29.4,100.0,68.2,87.5,95.1,86.9,94.4,91.1,94.0,20.585,5,5,5,42.107
8.58,4,32.296,33.631,29.869,22.768,175.109,174.231,64.7,54.9,29.4,100.0,68.2,87.5,95.1,86.9,94.4,91.1,94.0,21.125999999999998,5,5,5,42.253
8.6,4,31.951,32.906,29.383000000000003,21.64,174.942,174.025,64.7,54.9,29.4,100.0,68.2,87.5,95.1,86.9,94.4,91.1,94.0,20.014000000000003,5,5,5,42.239000000000004
8.62,4,31.551,32.609,28.785,26.666999999999998,174.731,173.786,64.7,54.9,29.4,100.0,68.2,87.5,95.1,86.9,94.4,91.1,94.0,19.704,5,5,5,42.177
8.64,4,31.033,32.018,28.255,26.651999999999997,174.50799999999998,173.58,64.7,54.9,29.4,100.0,68.2,87.5,95.1,86.9,94.4,91.1,94.0,19.756999999999998,5,5,5,42.071
8.66,4,31.303,31.816,27.798000000000002,28.789,174.286,173.35299999999998,64.7,54.9,29.4,100.0,68.2,87.5,95.1,86.9,94.4,91.1,94.0,20.276,5,5,5,41.958
8.68,4,30.910999999999998,31.67,27.592,29.209,174.086,173.125,64.7,54.9,29.4,100.0,68.2,87.5,95.1,86.9,94.4,91.1,94.0,19.682000000000002,5,5,5,41.815
8.7,4,30.340999999999998,31.122,27.331,31.813000000000002,173.863,172.952,64.7,54.9,29.4,100.0,68.2,87.5,95.1,86.9,94.4,91.1,94.0,19.765,5,5,5,41.668000000000006
8.72,4,29.976,31.076999999999998,27.0,33.008,173.641,172.746,64.7,54.9,29.4,100.0,68.2,87.5,95.1,86.9,94.4,91.1,94.0,19.854,5,5,5,41.477
8.74,4,29.879,30.563000000000002,27.046,35.064,173.407,172.584,64.7,54.9,29.4,100.0,68.2,87.5,95.1,86.9,94.4,91.1,94.0,19.794,5,5,5,41.262
8.76,4,29.733,30.565,26.774,36.769999999999996,173.22899999999998,172.4,64.7,54.9,29.4,100.0,68.2,87.5,95.1,86.9,94.4,91.1,94.0,19.771,5,5,5,41.075
8.78,4,29.003,30.686,26.901,38.472,173.062,172.215,64.7,54.9,29.4,100.0,68.2,87.5,95.1,86.9,94.4,91.1,94.0,19.41,5,5,5,40.84
8.8,4,29.314,30.193,26.948,40.466,172.873,172.107,64.7,54.9,29.4,100.0,68.2,87.5,95.1,86.9,94.4,91.1,94.0,19.442999999999998,5,5,5,40.6
8.82,4,29.004,30.781999999999996,27.072,40.374,172.639,171.934,64.7,54.9,29.4,100.0,68.2,87.5,95.1,86.9,94.4,91.1,94.0,19.240000000000002,5,5,5,40.355999999999995
8.84,4,29.456999999999997,30.666999999999998,27.264,39.025,172.461,171.826,64.7,54.9,29.4,100.0,68.2,87.5,95.1,86.9,94.4,91.1,94.0,19.088,5,5,5,40.17
8.86,4,28.615,30.796,27.427,41.236999999999995,172.283,171.66299999999998,64.7,54.9,29.4,100.0,68.2,87.5,95.1,86.9,94.4,91.1,94.0,18.775,5,5,5,40.165
8.88,4,28.693,31.112,27.714000000000002,39.074,172.094,171.52200000000002,64.7,54.9,29.4,100.0,68.2,87.5,95.1,86.9,94.4,91.1,94.0,18.734,5,5,5,40.164
8.9,4,28.677,31.2,27.823,37.859,171.894,171.425,64.7,54.9,29.4,100.0,68.2,87.5,95.1,86.9,94.4,91.1,94.0,18.915,5,5,5,40.198
8.92,4,28.526,31.48,28.125,37.544000000000004,171.749,171.295,64.7,54.9,29.4,100.0,68.2,87.5,95.1,86.9,94.4,91.1,94.0,18.894,5,5,5,40.254000000000005
8.94,4,28.337,31.256,28.127,35.465999999999994,171.582,171.17600000000002,64.7,54.9,29.4,100.0,68.2,87.5,95.1,86.9,94.4,91.1,94.0,18.990000000000002,5,5,5,40.297
8.96,4,27.914,31.138,28.394000000000002,35.619,171.42600000000002,171.06799999999998,64.7,54.9,29.4,100.0,68.2,87.5,95.1,86.9,94.4,91.1,94.0,19.055999999999997,5,5,5,40.393
8.98,4,28.296,31.771,28.476999999999997,33.546,171.204,170.862,64.7,54.9,29.4,100.0,68.2,87.5,95.1,86.9,94.4,91.1,94.0,19.143,5,5,5,40.495000000000005
9.0,4,28.055,30.969,28.531,37.747,171.07,170.765,64.7,54.9,29.4,100.0,68.2,87.5,95.1,86.9,94.4,91.1,94.0,19.125999999999998,5,5,5,40.577
9.02,4,28.331,31.291999999999998,28.555,35.689,170.914,170.624,64.7,54.9,29.4,100.0,68.2,87.5,95.1,86.9,94.4,91.1,94.0,19.23,5,5,5,40.515
9.04,4,28.221,31.756,28.634,38.47,170.736,170.483,64.7,54.9,29.4,100.0,68.2,87.5,95.1,86.9,94.4,91.1,94.0,19.143,5,5,5,40.475
9.06,4,28.397,32.053,28.711,38.043,170.558,170.321,64.7,54.9,29.4,100.0,68.2,87.5,95.1,86.9,94.4,91.1,94.0,19.349,5,5,5,40.412
9.08,4,27.991999999999997,32.025999999999996,28.63,39.879,170.40200000000002,170.18,64.7,54.9,29.4,100.0,68.2,87.5,95.1,86.9,94.4,91.1,94.0,19.298000000000002,5,5,5,40.304
9.1,4,28.655,31.590999999999998,28.518,40.133,170.213,170.05,64.7,54.9,29.4,100.0,68.2,87.5,95.1,86.9,94.4,91.1,94.0,19.139000000000003,5,5,5,40.173
9.12,4,28.046999999999997,31.99,28.899,41.991,170.046,169.888,64.7,54.9,29.4,100.0,68.2,87.5,95.1,86.9,94.4,91.1,94.0,19.110999999999997,5,5,5,40.075
9.14,4,27.843000000000004,31.951,28.793000000000003,42.707,169.901,169.75799999999998,64.7,54.9,29.4,100.0,68.2,87.5,95.1,86.9,94.4,91.1,94.0,19.289,5,5,5,39.951
9.16,4,28.364,31.758000000000003,28.811,43.677,169.745,169.606,64.7,54.9,29.4,100.0,68.2,87.5,95.1,86.9,94.4,91.1,94.0,19.18,5,5,5,39.823
9.18,4,28.182,31.739,29.018,45.458,169.566,169.466,64.7,54.9,29.4,100.0,68.2,87.5,95.1,86.9,94.4,91.1,94.0,19.349,5,5,5,39.689
9.2,4,28.302,32.519000000000005,29.127,46.676,169.399,169.346,64.7,54.9,29.4,100.0,68.2,87.5,95.1,86.9,94.4,91.1,94.0,19.259999999999998,5,5,5,39.495999999999995
9.22,4,28.155,32.522,29.38,47.961999999999996,169.232,169.217,64.7,54.9,29.4,100.0,68.2,87.5,95.1,86.9,94.4,91.1,94.0,19.297,5,5,5,39.35
9.24,4,28.083000000000002,32.969,29.634,45.72,169.065,169.119,64.7,54.9,29.4,100.0,68.2,87.5,95.1,86.9,94.4,91.1,94.0,19.302,5,5,5,39.213
9.26,4,28.044,32.620999999999995,29.814,49.772,168.92,168.968,64.7,54.9,29.4,100.0,68.2,87.5,95.1,86.9,94.4,91.1,94.0,19.35,5,5,5,39.187
9.28,4,28.186999999999998,32.827,30.284000000000002,45.588,168.764,168.849,64.7,54.9,29.4,100.0,68.2,87.5,95.1,86.9,94.4,91.1,94.0,19.228,5,5,5,39.138999999999996
9.3,4,28.175,33.324,30.584,49.152,168.607,168.762,64.7,54.9,29.4,100.0,68.2,87.5,95.1,86.9,94.4,91.1,94.0,19.384999999999998,5,5,5,39.123000000000005
9.32,4,28.730999999999998,33.175,30.772,48.371,168.46200000000002,168.632,64.7,54.9,29.4,100.0,68.2,87.5,95.1,86.9,94.4,91.1,94.0,19.393,5,5,5,39.092
9.34,4,28.726999999999997,33.765,31.135,45.035,168.329,168.524,64.7,54.9,29.4,100.0,68.2,87.5,95.1,86.9,94.4,91.1,94.0,19.18,5,5,5,39.039
9.36,4,28.662,34.331999999999994,31.395,44.726,168.172,168.405,64.7,54.9,29.4,100.0,68.2,87.5,95.1,86.9,94.4,91.1,94.0,19.383,5,5,5,39.138000000000005
9.38,4,28.776,34.172,31.64,43.376,168.02700000000002,168.253,64.7,54.9,29.4,100.0,68.2,87.5,95.1,86.9,94.4,91.1,94.0,19.2,5,5,5,39.233000000000004
9.4,4,29.076999999999998,35.141,31.538,44.465,167.83700000000002,168.123,64.7,54.9,29.4,100.0,68.2,87.5,95.1,86.9,94.4,91.1,94.0,19.192999999999998,5,5,5,39.329
9.42,4,28.88,35.03,31.836,42.67,167.737,168.015,64.7,54.9,29.4,100.0,68.2,87.5,95.1,86.9,94.4,91.1,94.0,19.427999999999997,5,5,5,39.331999999999994
9.44,4,28.858,35.088,32.015,43.579,167.60299999999998,167.863,64.7,54.9,29.4,100.0,68.2,87.5,95.1,86.9,94.4,91.1,94.0,19.276,5,5,5,39.282
9.46,4,29.191,34.366,32.048,37.016,167.447,167.72299999999998,64.7,54.9,29.4,100.0,68.2,87.5,95.1,86.9,94.4,91.1,94.0,19.470999999999997,5,5,5,39.294
9.48,4,29.385,34.82,31.888,40.615,167.268,167.56,64.7,54.9,29.4,100.0,68.2,87.5,95.1,86.9,94.4,91.1,94.0,19.534,5,5,5,39.455
9.5,4,28.936999999999998,35.221999999999994,31.796,35.932,167.123,167.452,64.7,54.9,29.4,100.0,68.2,87.5,95.1,86.9,94.4,91.1,94.0,19.380000000000003,5,5,5,39.643
9.52,4,29.685,34.8,31.866,36.015,166.966,167.311,64.7,54.9,29.4,100.0,68.2,87.5,95.1,86.9,94.4,91.1,94.0,19.324,5,5,5,39.805
9.54,4,29.394000000000002,35.31,31.877,31.846999999999998,166.832,167.127,64.7,54.9,29.4,100.0,68.2,87.5,95.1,86.9,94.4,91.1,94.0,19.451999999999998,5,5,5,39.969
9.56,4,29.576999999999998,35.141,31.737,32.125,166.665,166.954,64.7,54.9,29.4,100.0,68.2,87.5,95.1,86.9,94.4,91.1,94.0,19.575,5,5,5,40.124
9.58,4,29.633000000000003,35.638000000000005,32.150999999999996,30.878,166.553,166.835,64.7,54.9,29.4,100.0,68.2,87.5,95.1,86.9,94.4,91.1,94.0,19.374000000000002,5,5,5,40.31
9.6,4,29.87,34.945,31.831,30.465999999999998,166.374,166.661,64.8,54.9,29.4,99.8,68.0,87.5,95.1,86.9,94.4,91.1,94.0,19.387,5,5,5,40.489000000000004
9.62,4,29.926,35.069,31.723000000000003,28.944000000000003,166.195,166.445,64.8,54.9,29.4,99.8,68.0,87.5,95.1,86.9,94.4,91.1,94.0,19.407,5,5,5,40.641999999999996
9.64,4,29.656,35.03,31.642,28.107,166.03799999999998,166.282,64.8,54.9,29.4,99.8,68.0,87.5,95.1,86.9,94.4,91.1,94.0,19.457,5,5,5,40.80800000000001
9.66,4,29.71,34.239000000000004,31.139,27.324,165.904,166.141,64.8,54.9,29.4,99.8,68.0,87.5,95.1,86.9,94.4,91.1,94.0,19.314,5,5,5,40.947
9.68,4,30.336,34.34,30.891,26.864,165.725,165.968,64.8,54.9,29.4,99.8,68.0,87.5,95.1,86.9,94.4,91.1,94.0,19.372999999999998,5,5,5,41.137
9.7,4,29.58,34.273,30.58,25.840999999999998,165.55700000000002,165.806,64.8,54.9,29.4,99.8,68.0,87.5,95.1,86.9,94.4,91.1,94.0,19.442999999999998,5,5,5,41.275999999999996
9.72,4,29.96,34.016999999999996,30.288,28.183000000000003,165.378,165.632,64.8,54.9,29.4,99.8,68.0,87.5,95.1,86.9,94.4,91.1,94.0,19.497999999999998,5,5,5,41.446
9.74,4,29.77,33.287,29.865,27.585,165.221,165.416,64.8,54.9,29.4,99.8,68.0,87.5,95.1,86.9,94.4,91.1,94.0,19.512,5,5,5,41.499
9.76,4,29.835,33.309,29.316999999999997,28.623,165.042,165.264,64.8,54.9,29.4,99.8,68.0,87.5,95.1,86.9,94.4,91.1,94.0,19.449,5,5,5,41.503
9.78,4,29.396,33.039,28.895,27.506999999999998,164.874,165.09,64.8,54.9,29.4,99.8,68.0,87.5,95.1,86.9,94.4,91.1,94.0,20.167,5,5,5,41.436
9.8,4,29.506999999999998,32.4,28.525,31.148000000000003,164.717,164.874,64.8,54.9,29.4,99.8,68.0,87.5,95.1,86.9,94.4,91.1,94.0,20.322000000000003,5,5,5,41.348
9.82,4,29.415,32.633,28.243000000000002,31.506,164.549,164.776,64.8,54.9,29.4,99.8,68.0,87.5,95.1,86.9,94.4,91.1,94.0,20.274,5,5,5,41.203
9.84,4,29.471999999999998,31.705,27.822,33.230000000000004,164.38,164.60299999999998,64.8,54.9,29.4,99.8,68.0,87.5,95.1,86.9,94.4,91.1,94.0,20.197000000000003,5,5,5,41.126999999999995
9.86,4,29.096,31.826,27.615,34.083,164.22299999999998,164.407,64.8,54.9,29.4,99.8,68.0,87.5,95.1,86.9,94.4,91.1,94.0,20.183,5,5,5,40.931
9.88,4,29.076999999999998,31.763,26.781,35.698,164.033,164.22299999999998,64.8,54.9,29.4,99.8,68.0,87.5,95.1,86.9,94.4,91.1,94.0,19.999000000000002,5,5,5,40.771
9.9,4,29.090999999999998,32.065,25.222,36.563,163.887,164.10399999999998,64.8,54.9,29.4,99.8,68.0,87.5,95.1,86.9,94.4,91.1,94.0,19.968,5,5,5,40.599000000000004
9.92,4,28.558000000000003,32.043000000000006,26.15,38.718,163.752,163.97299999999998,64.8,54.9,29.4,99.8,68.0,87.5,95.1,86.9,94.4,91.1,94.0,20.076,5,5,5,40.412
9.94,4,28.636,31.939,26.355,40.39,163.55,163.811,64.8,54.9,29.4,99.8,68.0,87.5,95.1,86.9,94.4,91.1,94.0,19.951999999999998,5,5,5,40.135000000000005
9.96,4,28.46,31.717,26.441,42.735,163.404,163.724,64.8,54.9,29.4,99.8,68.0,87.5,95.1,86.9,94.4,91.1,94.0,20.082,5,5,5,39.894000000000005
9.98,4,28.695,31.933000000000003,26.982,44.079,163.235,163.572,64.8,54.9,29.4,99.8,68.0,87.5,95.1,86.9,94.4,91.1,94.0,20.063,5,5,5,39.67
10.0,4,28.578000000000003,31.755,27.717,42.118,163.089,163.464,64.8,54.9,29.4,99.8,68.0,87.5,95.1,86.9,94.4,91.1,94.0,20.156,5,5,5,39.432
10.02,4,28.728,31.749000000000002,27.848000000000003,43.455,162.93200000000002,163.377,64.8,54.9,29.4,99.8,68.0,87.5,95.1,86.9,94.4,91.1,94.0,20.0,5,5,5,39.355000000000004
10.04,4,28.682,32.211,28.213,46.457,162.785,163.268,64.8,54.9,29.4,99.8,68.0,87.5,95.1,86.9,94.4,91.1,94.0,20.092,5,5,5,39.338
10.06,4,28.108,32.31699999999999,28.427,44.046,162.639,163.149,64.8,54.9,29.4,99.8,68.0,87.5,95.1,86.9,94.4,91.1,94.0,20.231,5,5,5,39.212
10.08,4,28.39,32.307,26.099,43.544000000000004,162.44799999999998,163.04,64.8,54.9,29.4,99.8,68.0,87.5,95.1,86.9,94.4,91.1,94.0,20.205,5,5,5,39.156
10.1,4,28.491999999999997,32.482,26.256999999999998,43.366,162.335,162.93200000000002,64.8,54.9,29.4,99.8,68.0,87.5,95.1,86.9,94.4,91.1,94.0,20.005000000000003,5,5,5,39.206
10.12,4,28.34,33.111000000000004,27.226,41.525,162.178,162.82299999999998,64.8,54.9,29.4,99.8,68.0,87.5,95.1,86.9,94.4,91.1,94.0,20.252000000000002,5,5,5,39.256
10.14,4,28.348000000000003,33.295,28.456999999999997,40.760999999999996,162.054,162.736,64.8,54.9,29.4,99.8,68.0,87.5,95.1,86.9,94.4,91.1,94.0,20.240000000000002,5,5,5,39.355000000000004
10.16,4,28.284000000000002,33.321,28.956,40.501,161.862,162.595,64.8,54.9,29.4,99.8,68.0,87.5,95.1,86.9,94.4,91.1,94.0,20.192999999999998,5,5,5,39.469
10.18,4,28.486,33.592,28.975,41.741,161.817,162.486,64.8,54.9,29.4,99.8,68.0,87.5,95.1,86.9,94.4,91.1,94.0,20.137999999999998,5,5,5,39.555
10.2,4,28.413,33.95,29.005,40.976,161.625,162.399,64.8,54.9,29.4,99.8,68.0,87.5,95.1,86.9,94.4,91.1,94.0,20.302999999999997,5,5,5,39.552
10.22,4,28.787,33.714,26.354,41.375,161.49,162.226,64.8,54.9,29.4,99.8,68.0,87.5,95.1,86.9,94.4,91.1,94.0,20.217,5,5,5,39.484
10.24,4,28.912,33.443,26.475,42.567,161.332,162.11700000000002,64.8,54.9,29.4,99.8,68.0,87.5,95.1,86.9,94.4,91.1,94.0,20.214,5,5,5,39.46
10.26,4,28.561999999999998,33.363,26.553,42.272,161.219,162.019,64.8,54.9,29.4,99.8,68.0,87.5,95.1,86.9,94.4,91.1,94.0,20.339,5,5,5,39.385999999999996
10.28,4,28.46,34.373000000000005,26.221999999999998,44.348,161.095,161.878,64.8,54.9,29.4,99.8,68.0,87.5,95.1,86.9,94.4,91.1,94.0,20.335,5,5,5,39.321
10.3,4,28.399,33.845,26.416999999999998,44.268,160.892,161.726,64.8,54.9,29.4,99.8,68.0,87.5,95.1,86.9,94.4,91.1,94.0,20.237000000000002,5,5,5,39.215
10.32,4,28.586,34.18,26.423000000000002,40.571,160.745,161.65,64.8,54.9,29.4,99.8,68.0,87.5,95.1,86.9,94.4,91.1,94.0,20.448,5,5,5,39.129000000000005
10.34,4,28.449,34.268,28.776,41.497,160.655,161.486,64.8,54.9,29.4,99.8,68.0,87.5,95.1,86.9,94.4,91.1,94.0,20.4,5,5,5,39.193
10.36,4,28.253,34.168000000000006,29.127,37.76,160.485,161.36700000000002,64.8,54.9,29.4,99.8,68.0,87.5,95.1,86.9,94.4,91.1,94.0,20.459000000000003,5,5,5,39.286
10.38,4,28.871,34.109,29.149,38.829,160.349,161.236,64.8,54.9,29.4,99.8,68.0,87.5,95.1,86.9,94.4,91.1,94.0,20.554000000000002,5,5,5,39.431
10.4,4,28.514,34.335,29.471999999999998,36.306,160.191,161.11700000000002,64.8,54.9,29.4,99.8,68.0,87.5,95.1,86.9,94.4,91.1,94.0,20.197000000000003,5,5,5,39.614999999999995
10.42,4,28.736,34.093,29.475,38.258,160.01,160.975,64.8,54.9,29.4,99.8,68.0,87.5,95.1,86.9,94.4,91.1,94.0,20.229,5,5,5,39.775999999999996
10.44,4,28.725,34.337,29.633000000000003,36.916,159.908,160.888,64.8,54.9,29.4,99.8,68.0,87.5,95.1,86.9,94.4,91.1,94.0,20.148,5,5,5,39.809
10.46,4,29.090999999999998,34.238,29.524,37.46,159.77200000000002,160.747,64.8,54.9,29.4,99.8,68.0,87.5,95.1,86.9,94.4,91.1,94.0,20.337,5,5,5,39.804
10.48,4,28.83,34.361000000000004,29.537,37.389,159.636,160.583,64.8,54.9,29.4,99.8,68.0,87.5,95.1,86.9,94.4,91.1,94.0,20.312,5,5,5,39.745000000000005
10.5,4,28.796999999999997,34.427,29.52,39.717,159.512,160.464,64.8,54.9,29.4,99.8,68.0,87.5,95.1,86.9,94.4,91.1,94.0,20.139000000000003,5,5,5,39.745000000000005
10.52,4,28.914,34.391,29.764,39.626999999999995,159.33,160.333,64.8,54.9,29.4,99.8,68.0,87.5,95.1,86.9,94.4,91.1,94.0,20.201,5,5,5,39.668000000000006
10.54,4,28.656999999999996,34.494,29.603,41.579,159.20600000000002,160.191,64.8,54.9,29.4,99.8,68.0,87.5,95.1,86.9,94.4,91.1,94.0,20.375999999999998,5,5,5,39.525
10.56,4,28.6,33.484,29.741,42.415,159.069,160.05,64.8,54.9,29.4,99.8,68.0,87.5,95.1,86.9,94.4,91.1,94.0,20.261,5,5,5,39.419
10.58,4,28.675,34.138000000000005,29.771,44.266,158.945,159.91899999999998,64.8,54.9,29.4,99.8,68.0,87.5,95.188,86.9,94.4,91.1,94.0,20.155,5,5,5,39.31
10.6,4,28.623,34.393,29.744,41.158,158.752,159.745,64.8,54.9,29.4,99.8,68.0,87.5,95.237,86.9,94.4,91.1,94.0,20.075,5,5,5,39.203
10.62,4,28.546999999999997,33.953,29.872,42.79,158.593,159.64600000000002,64.8,54.9,29.4,99.8,68.0,87.5,95.264,86.9,94.4,91.1,94.0,19.96,5,5,5,39.205
10.64,4,28.629,34.3,30.028000000000002,40.109,158.47899999999998,159.516,64.8,54.9,29.4,99.8,68.0,87.5,95.28,86.9,94.4,91.1,94.0,19.96,5,5,5,39.254000000000005
10.66,4,28.541,34.218,30.01,45.189,158.377,159.439,64.8,54.9,29.4,99.8,68.0,87.5,95.289,86.9,94.4,91.1,94.0,20.209000000000003,5,5,5,39.278999999999996
10.68,4,28.947,33.959,28.845,43.580999999999996,158.195,159.319,64.8,54.9,29.4,99.8,68.0,87.5,95.294,86.9,94.4,91.1,94.0,20.085,5,5,5,39.253
10.7,4,28.791999999999998,34.071,29.035,34.730999999999995,158.058,159.254,64.8,54.9,29.4,99.8,68.0,87.5,95.296,86.9,94.4,91.1,94.0,20.003,5,5,5,39.233000000000004
10.72,4,28.275,34.019999999999996,29.065,37.876,157.944,159.101,64.8,54.9,29.4,99.8,68.0,87.5,95.298,86.9,94.4,91.1,94.0,20.09,5,5,5,39.35
10.74,4,28.738000000000003,34.203,28.842,35.257,157.796,158.959,64.8,54.9,29.4,99.8,68.0,87.5,95.29899999999999,86.9,94.4,91.1,94.0,20.069000000000003,5,5,5,39.480999999999995
10.76,4,28.778000000000002,33.96,30.503,35.607,157.648,158.828,64.8,54.9,29.4,99.8,68.0,87.5,95.29899999999999,86.9,94.4,91.1,94.0,20.238,5,5,5,39.679
10.78,4,28.717,34.185,30.646,34.563,157.512,158.708,64.8,54.9,29.4,99.8,68.0,87.5,95.3,86.9,94.4,91.1,94.0,20.271,5,5,5,39.823
10.8,4,28.555999999999997,34.376999999999995,30.518,32.824,157.341,158.577,64.8,54.9,29.4,99.8,68.0,87.5,95.3,86.9,94.4,91.1,94.0,20.276,5,5,5,39.980000000000004
10.82,4,28.599,34.468,30.483,35.516,157.204,158.40200000000002,64.8,54.9,29.4,99.8,68.0,87.5,95.3,86.9,94.4,91.1,94.0,19.887999999999998,5,5,5,40.138000000000005
10.84,4,28.653000000000002,34.431,30.261999999999997,32.9,157.112,158.293,64.8,54.9,29.4,99.8,68.0,87.5,95.3,86.9,94.4,91.1,94.0,20.256999999999998,5,5,5,40.153999999999996
10.86,4,28.528000000000002,33.488,30.098000000000003,33.096000000000004,156.975,158.173,64.8,54.9,29.4,99.8,68.0,87.5,95.3,86.9,94.4,91.1,94.0,20.085,5,5,5,40.153000000000006
10.88,4,28.894000000000002,33.546,30.05,31.044,156.85,158.064,64.8,54.9,29.4,99.8,68.0,87.5,95.3,86.9,94.4,91.1,94.0,20.107,5,5,5,40.153000000000006
10.9,4,28.801,33.730999999999995,29.956999999999997,31.513,156.667,157.889,64.8,54.9,29.4,99.8,68.0,87.5,95.3,86.9,94.4,91.1,94.0,20.101,5,5,5,40.346999999999994
10.92,4,28.717,33.637,29.701,27.879,156.541,157.757,64.8,54.9,29.4,99.8,68.0,87.5,95.3,86.9,94.4,91.1,94.0,20.271,5,5,5,40.508
10.94,4,28.6,33.528999999999996,29.774,30.166999999999998,156.393,157.67,64.8,54.9,29.4,99.8,68.0,87.5,95.3,86.9,94.4,91.1,94.0,20.978,5,5,5,40.678
10.96,4,28.738000000000003,33.324,29.410999999999998,24.073,156.29,157.495,64.8,54.9,29.4,99.8,68.0,87.5,95.3,86.9,94.4,91.1,94.0,20.527,5,5,5,40.812
10.98,4,28.649,33.69199999999999,29.322,27.131,156.141,157.33100000000002,64.8,54.9,29.4,99.8,68.0,87.5,95.3,86.9,94.4,91.1,94.0,20.675,5,5,5,40.948
11.0,4,28.303,33.646,28.961,19.848,155.969,157.188,64.8,54.9,29.4,99.8,68.0,87.5,95.3,86.9,94.4,91.1,94.0,20.685000000000002,5,5,5,41.120000000000005
11.02,4,28.239,32.861999999999995,28.745,28.87,155.797,157.024,64.8,54.9,29.4,99.8,68.0,87.5,95.3,86.9,94.4,91.1,94.0,20.587,5,5,5,41.225
11.04,4,28.203000000000003,33.211,28.487,22.883,155.683,156.904,64.8,54.9,29.4,99.8,68.0,87.5,95.3,86.9,94.4,91.1,94.0,20.686,5,5,5,41.209
11.06,4,28.338,33.08,28.369,28.688000000000002,155.591,156.739,64.8,54.9,29.4,99.8,68.0,87.5,95.3,86.9,94.4,91.1,94.0,20.43,5,5,5,41.17
11.08,4,28.439,32.596999999999994,27.941999999999997,29.115,155.442,156.597,64.8,54.9,29.4,99.8,68.0,87.5,95.3,86.9,94.4,91.1,94.0,20.403,5,5,5,41.086
11.1,4,28.369,32.056,27.581,31.264,155.293,156.465,64.8,54.9,29.4,99.8,68.0,87.5,95.3,86.9,94.4,91.1,94.0,20.562,5,5,5,40.941
11.12,4,28.416999999999998,32.055,27.488000000000003,33.269000000000005,155.143,156.345,64.8,54.9,29.4,99.8,68.0,87.5,95.3,86.9,94.4,91.1,94.0,20.277,5,5,5,40.818
11.14,4,27.976999999999997,31.502,27.320999999999998,30.45,155.005,156.158,64.8,54.9,29.4,99.8,68.0,87.5,95.3,86.9,94.4,91.1,94.0,20.232999999999997,5,5,5,40.681
11.16,4,27.796,31.63,27.115,33.709,154.821,156.059,64.8,54.9,29.4,99.8,68.0,87.5,95.3,86.9,94.4,91.1,94.08800000000001,20.334000000000003,5,5,5,40.686
11.18,4,27.766,31.631999999999998,26.901999999999997,32.21,154.70600000000002,155.917,64.8,54.9,29.4,99.8,68.0,87.5,95.3,86.9,94.4,91.1,94.137,20.188,5,5,5,40.726
11.2,4,27.680999999999997,31.823,26.951,26.997,154.591,155.796,64.8,54.9,29.4,99.8,68.0,87.5,95.3,86.9,94.4,91.1,94.164,20.238,5,5,5,40.824
11.22,4,27.193,31.686999999999998,26.976999999999997,32.734,154.465,155.697,64.8,54.9,29.4,99.8,68.0,87.5,95.3,86.9,94.4,91.1,94.18,20.224,5,5,5,40.861999999999995
11.24,4,27.383000000000003,31.055,26.793000000000003,27.156999999999996,154.234,155.499,64.8,54.9,29.4,99.8,68.0,87.5,95.3,86.9,94.4,91.1,94.189,20.332,5,5,5,40.943
11.26,4,27.607,31.369,26.576,34.866,154.165,155.455,64.8,54.9,29.4,99.8,68.0,87.5,95.3,86.9,94.4,91.1,94.194,20.158,5,5,5,41.016999999999996
11.28,4,27.438000000000002,30.998,26.44,28.578000000000003,154.02700000000002,155.312,64.8,54.9,29.4,99.8,68.0,87.5,95.3,86.9,94.4,91.1,94.196,20.500999999999998,5,5,5,40.953
11.3,4,27.230999999999998,30.861,26.433000000000003,37.251999999999995,153.888,155.14700000000002,64.8,54.9,29.4,99.8,68.0,87.5,95.3,86.9,94.4,91.1,94.19800000000001,20.267000000000003,5,5,5,40.833
11.32,4,27.035999999999998,30.930999999999997,25.945999999999998,30.026999999999997,153.784,155.037,64.8,54.9,29.4,99.8,68.0,87.5,95.3,86.9,94.4,91.1,94.199,20.564999999999998,5,5,5,40.708
11.34,4,27.044,30.854,26.055999999999997,38.995,153.634,154.916,64.8,54.9,29.4,99.8,68.0,87.5,95.3,86.9,94.4,91.1,94.199,20.398,5,5,5,40.589
11.36,4,26.529,30.991999999999997,25.91,31.495,153.47299999999998,154.795,64.8,54.9,29.4,99.8,68.0,87.5,95.3,86.9,94.4,91.1,94.2,20.338,5,5,5,40.418000000000006
11.38,4,26.936,30.761,25.976,41.978,153.368,154.66299999999998,64.8,54.9,29.4,99.8,68.0,87.5,95.3,86.9,94.4,91.1,94.2,20.349,5,5,5,40.376999999999995
11.4,4,26.936999999999998,31.116,25.826999999999998,33.414,153.23,154.575,64.8,54.9,29.4,99.8,68.0,87.5,95.3,86.9,94.4,91.188,94.2,20.331,5,5,5,40.157
11.42,4,26.719,31.07,25.820999999999998,40.381,153.079,154.476,64.8,54.9,29.4,99.8,68.0,87.5,95.3,86.9,94.4,91.237,94.2,20.168,5,5,5,39.976
11.44,4,26.824,31.336,25.962,39.363,152.94,154.333,64.8,54.9,29.4,99.8,68.0,87.5,95.3,86.9,94.4,91.264,94.2,20.222,5,5,5,39.730999999999995
11.46,4,26.354,30.587,26.059,44.289,152.80100000000002,154.278,64.8,54.9,29.4,99.8,68.0,87.5,95.3,86.9,94.4,91.28,94.2,20.231,5,5,5,39.491
11.48,4,26.165,31.163,26.338,41.12,152.639,154.167,64.8,54.9,29.4,99.8,68.0,87.5,95.3,86.9,94.4,91.289,94.2,20.107,5,5,5,39.284000000000006
11.5,4,26.135,30.868000000000002,26.362,42.069,152.592,154.035,64.8,54.9,29.4,99.8,68.0,87.5,95.3,86.988,94.4,91.294,94.2,20.265,5,5,5,39.236000000000004
11.52,4,26.160999999999998,30.741999999999997,26.595,46.038999999999994,152.465,153.969,64.8,54.9,29.4,99.8,68.0,87.5,95.3,87.03699999999999,94.4,91.296,94.2,20.407,5,5,5,39.236999999999995
11.54,4,26.518,30.913,26.531999999999996,46.457,152.30200000000002,153.892,64.8,54.9,29.4,99.8,68.0,87.5,95.3,87.064,94.4,91.298,94.2,20.322000000000003,5,5,5,39.105000000000004
11.56,4,26.458000000000002,31.008000000000003,24.144000000000002,48.785,152.174,153.814,64.8,54.9,29.4,99.8,68.0,87.5,95.3,87.08,94.4,91.29899999999999,94.2,20.272,5,5,5,38.949
11.58,4,25.919,31.180999999999997,24.495,50.273,152.023,153.715,64.8,54.9,29.4,99.8,68.0,87.5,95.3,87.089,94.4,91.29899999999999,94.2,20.18,5,5,5,38.765
11.6,4,26.156,31.405,24.91,48.175,151.895,153.627,64.9,54.9,29.4,99.6,67.9,87.5,95.3,87.094,94.4,91.3,94.2,20.411,5,5,5,38.643
11.62,4,26.039,31.967,26.041999999999998,46.916000000000004,151.779,153.549,64.9,54.9,29.4,99.6,67.9,87.5,95.3,87.096,94.4,91.3,94.2,20.489,5,5,5,38.527
11.64,4,25.85,32.184,26.647,44.988,151.674,153.494,64.9,54.9,29.4,99.6,67.9,87.5,95.3,87.098,94.425,91.3,94.2,20.360999999999997,5,5,5,38.596000000000004
11.66,4,26.256,32.228,26.799,43.062,151.546,153.406,64.9,54.9,29.4,99.6,67.9,87.5,95.3,87.09899999999999,94.502,91.3,94.2,20.399,5,5,5,38.672
11.68,4,26.101999999999997,32.809,27.088,41.028,151.429,153.328,64.9,54.9,29.4,99.6,67.9,87.5,95.3,87.09899999999999,94.545,91.3,94.2,20.39,5,5,5,38.793000000000006
11.7,4,26.244,32.775999999999996,27.351,39.098,151.313,153.218,64.9,54.9,29.4,99.6,67.9,87.5,95.3,87.1,94.569,91.3,94.2,20.527,5,5,5,38.952
11.72,4,25.82,33.001,27.717,38.075,151.184,153.141,64.9,54.9,29.4,99.6,67.9,87.5,95.3,87.1,94.582,91.3,94.2,20.539,5,5,5,39.090999999999994
11.74,4,25.995,33.221000000000004,27.758000000000003,36.485,151.067,153.019,64.9,54.9,29.4,99.6,67.9,87.5,95.3,87.1,94.59,91.3,94.2,20.43,5,5,5,39.251
11.76,4,25.993000000000002,33.357,27.784000000000002,35.57,150.939,152.941,64.9,54.9,29.4,99.6,67.9,87.5,95.3,87.1,94.594,91.3,94.2,19.586,5,5,5,39.398
11.78,4,26.25,33.078,28.021,37.9,150.764,152.787,64.9,54.9,29.4,99.6,67.9,87.5,95.3,87.1,94.597,91.3,94.2,19.264000000000003,5,5,5,39.525999999999996
11.8,4,26.116999999999997,32.736999999999995,28.065,36.576,150.717,152.69799999999998,64.9,54.9,29.4,99.6,67.9,87.5,95.387,87.1,94.598,91.3,94.2,19.430999999999997,5,5,5,39.537
11.82,4,26.09,33.133,27.871,38.259,150.576,152.58700000000002,64.9,54.9,29.4,99.6,67.9,87.5,95.437,87.1,94.59899999999999,91.3,94.2,19.559,5,5,5,39.499
11.84,4,25.807,33.131,27.826,38.458,150.459,152.499,64.9,54.9,29.4,99.6,67.9,87.5,95.464,87.1,94.59899999999999,91.3,94.2,19.455,5,5,5,39.461
11.86,4,26.0,33.303,28.166,39.76,150.342,152.388,64.9,54.9,29.4,99.6,67.9,87.5,95.48,87.1,94.6,91.3,94.2,19.484,5,5,5,39.417
11.88,4,26.173000000000002,32.742,28.073,41.193000000000005,150.19,152.255,64.9,54.9,29.4,99.6,67.9,87.525,95.48899999999999,87.1,94.6,91.3,94.2,19.673000000000002,5,5,5,39.346000000000004
11.9,4,26.328000000000003,33.291,28.044,41.696,150.084,152.17700000000002,64.9,54.9,29.4,99.6,67.9,87.602,95.494,87.1,94.6,91.3,94.2,19.781,5,5,5,39.191
11.92,4,25.99,33.063,27.933000000000003,44.711999999999996,149.967,152.011,64.9,54.9,29.4,99.6,67.9,87.645,95.49600000000001,87.1,94.6,91.3,94.2,19.570999999999998,5,5,5,39.007
11.94,4,26.045,33.234,28.151999999999997,45.27,149.89600000000002,151.922,64.9,54.9,29.4,99.6,67.9,87.669,95.498,87.1,94.6,91.3,94.2,19.628,5,5,5,38.825
11.96,4,26.151999999999997,33.415,28.299,48.015,149.72,151.833,64.9,54.9,29.4,99.6,67.9,87.682,95.499,87.1,94.6,91.3,94.2,19.675,5,5,5,38.68300000000001
11.98,4,26.229,33.235,28.219,49.523999999999994,149.661,151.733,64.9,54.9,29.4,99.6,67.9,87.69,95.499,87.1,94.6,91.3,94.2,19.474,5,5,5,38.456999999999994
12.0,4,25.826999999999998,33.449,28.375999999999998,51.845,149.532,151.667,64.9,54.9,29.4,99.6,67.9,87.694,95.5,87.1,94.6,91.3,94.2,19.432000000000002,5,5,5,38.291
12.02,4,26.288,33.408,28.636999999999997,53.28,149.40200000000002,151.589,64.9,54.9,29.4,99.6,67.9,87.697,95.5,87.1,94.6,91.3,94.2,19.456,5,5,5,38.166
12.04,4,26.453000000000003,33.475,28.573,55.221000000000004,149.273,151.52200000000002,64.9,54.9,29.4,99.6,67.9,87.69800000000001,95.5,87.1,94.6,91.3,94.2,19.398,5,5,5,37.980000000000004
12.06,4,26.041999999999998,34.061,28.819000000000003,56.571000000000005,149.19,151.411,64.9,54.9,29.4,99.6,67.9,87.699,95.5,87.1,94.6,91.3,94.2,19.261,5,5,5,37.787
12.08,4,25.916,34.008,29.148000000000003,57.619,149.061,151.356,64.9,54.9,29.4,99.6,67.9,87.699,95.5,87.1,94.6,91.3,94.2,19.323,5,5,5,37.57
12.1,4,26.049,34.349000000000004,29.488000000000003,58.769,148.954,151.322,64.9,54.9,29.4,99.6,67.9,87.7,95.5,87.1,94.6,91.3,94.2,19.143,5,5,5,37.368
12.12,4,26.41,35.135999999999996,29.896,59.668,148.813,151.245,64.9,54.9,29.4,99.6,67.9,87.7,95.5,87.1,94.6,91.3,94.2,19.144,5,5,5,37.153000000000006
12.14,4,26.392,35.827,30.279,60.68899999999999,148.754,151.2,64.9,54.9,29.4,99.6,67.9,87.7,95.5,87.1,94.6,91.3,94.2,19.143,5,5,5,37.0
12.16,4,26.1,36.033,30.803,61.845,148.6,151.144,64.9,54.9,29.4,99.6,67.9,87.7,95.5,87.1,94.6,91.3,94.2,19.113,5,5,5,36.778999999999996
12.18,4,26.108,36.724000000000004,31.37,62.848,148.541,151.111,64.9,54.9,29.4,99.6,67.9,87.7,95.5,87.1,94.6,91.3,94.2,19.052999999999997,5,5,5,36.64
12.2,4,26.375999999999998,37.288000000000004,31.732,63.827,148.387,151.04399999999998,64.9,54.9,29.4,99.6,67.9,87.7,95.5,87.1,94.6,91.3,94.2,19.17,5,5,5,36.416
12.22,4,26.453000000000003,37.856,32.367,65.186,148.328,151.033,64.9,54.9,29.4,99.6,67.9,87.7,95.5,87.1,94.6,91.3,94.2,19.147,5,5,5,36.266999999999996
12.24,4,26.346999999999998,38.379,32.706999999999994,66.25,148.174,151.0,64.9,54.9,29.4,99.6,67.9,87.7,95.5,87.1,94.6,91.3,94.2,19.203,5,5,5,36.075
12.26,4,26.307,39.374,33.408,67.223,148.115,150.97799999999998,64.9,54.9,29.4,99.6,67.9,87.7,95.5,87.1,94.6,91.3,94.2,19.14,5,5,5,35.881
12.28,4,26.432,41.24,33.965,68.331,148.043,150.911,64.9,54.9,29.4,99.6,67.9,87.7,95.5,87.1,94.6,91.3,94.2,19.164,5,5,5,35.682
12.3,4,26.659000000000002,41.438,34.609,69.27,147.901,150.911,64.9,54.9,29.4,99.6,67.9,87.7,95.5,87.1,94.6,91.3,94.2,19.157,5,5,5,35.562
12.32,4,27.134,42.77,35.103,70.35,147.842,150.911,64.9,54.9,29.4,99.6,67.9,87.7,95.5,87.1,94.6,91.3,94.2,19.307000000000002,5,5,5,35.351
12.34,4,27.543000000000003,43.687,35.695,71.40100000000001,147.77,150.866,64.9,54.9,29.4,99.6,67.9,87.7,95.5,87.1,94.6,91.3,94.2,19.168,5,5,5,35.22
12.36,4,27.058000000000003,45.155,36.345,71.797,147.64,150.833,64.9,54.9,29.4,99.6,67.9,87.7,95.5,87.1,94.6,91.3,94.2,19.189999999999998,5,5,5,35.077
12.38,4,27.945,45.961999999999996,36.807,72.443,147.592,150.733,64.9,54.9,29.4,99.6,67.9,87.7,95.5,87.1,94.6,91.3,94.2,19.25,5,5,5,34.907
12.4,4,28.289,47.38,37.647,73.26,147.497,150.71,64.9,54.9,29.4,99.6,67.9,87.7,95.5,87.1,94.6,91.3,94.2,19.197000000000003,5,5,5,34.801
12.42,4,28.808000000000003,48.351000000000006,38.029,74.123,147.485,150.655,64.9,54.9,29.4,99.6,67.9,87.7,95.5,87.1,94.6,91.3,94.2,19.18,5,5,5,34.672
12.44,4,29.502,49.208,38.665,74.79899999999999,147.461,150.599,64.9,54.9,29.4,99.6,67.9,87.7,95.5,87.1,94.6,91.3,94.2,19.341,5,5,5,34.538
12.46,4,29.951999999999998,50.18600000000001,39.213,74.347,147.31799999999998,150.532,64.9,54.9,29.4,99.6,67.9,87.7,95.5,87.1,94.6,91.3,94.2,19.27,5,5,5,34.453
12.48,4,30.221,51.443999999999996,39.559,74.848,147.247,150.42,64.9,54.9,29.4,99.6,67.9,87.7,95.5,87.1,94.6,91.3,94.2,19.396,5,5,5,34.349000000000004
12.5,4,30.619,52.391000000000005,40.23,74.815,147.259,150.33100000000002,64.9,54.9,29.4,99.6,67.9,87.7,95.5,87.1,94.6,91.3,94.2,19.360999999999997,5,5,5,34.277
12.52,4,31.118000000000002,53.504,40.891999999999996,76.008,147.14,150.24200000000002,64.9,54.9,29.4,99.6,67.9,87.7,95.5,87.1,94.6,91.3,94.2,19.290999999999997,5,5,5,34.269999999999996
12.54,4,31.871,53.923,41.19,75.316,147.032,150.108,64.9,54.9,29.4,99.6,67.9,87.7,95.5,87.1,94.6,91.3,94.2,19.379,5,5,5,34.169
12.56,4,32.05800000000001,55.085,41.769,75.673,147.009,149.952,64.9,54.9,29.4,99.6,67.9,87.7,95.5,87.1,94.6,91.3,94.2,19.180999999999997,5,5,5,34.120999999999995
12.58,4,32.968,55.553999999999995,41.851,75.834,146.889,149.829,64.9,54.9,29.4,99.6,67.9,87.7,95.5,87.1,94.6,91.3,94.2,19.232,5,5,5,34.071
12.6,4,33.978,56.148,42.38,75.09100000000001,146.877,149.72799999999998,64.9,54.9,29.4,99.6,67.9,87.7,95.5,87.1,94.6,91.3,94.2,19.254,5,5,5,34.049
12.62,4,33.982,56.611999999999995,42.751,75.19800000000001,146.81799999999998,149.594,64.9,54.9,29.4,99.6,67.9,87.7,95.5,87.1,94.6,91.3,94.2,19.364,5,5,5,34.052
12.64,4,34.888000000000005,57.656000000000006,42.961999999999996,74.375,146.734,149.471,64.9,54.9,29.4,99.6,67.9,87.7,95.5,87.1,94.6,91.3,94.2,19.289,5,5,5,34.038
12.66,4,35.451,58.446999999999996,43.454,74.105,146.662,149.381,64.9,54.9,29.4,99.6,67.9,87.7,95.5,87.1,94.6,91.3,94.2,19.289,5,5,5,34.035
12.68,4,36.167,58.537,43.751,73.795,146.579,149.225,64.9,54.9,29.4,99.6,67.9,87.7,95.587,87.1,94.6,91.39399999999999,94.2,19.143,5,5,5,34.037
12.7,4,36.230999999999995,59.466,43.996,73.038,146.495,149.079,64.9,54.9,29.4,99.6,67.9,87.7,95.637,87.1,94.6,91.484,94.28699999999999,19.208,5,5,5,34.037
12.72,4,36.766999999999996,59.138999999999996,44.389,73.044,146.447,148.967,64.9,54.9,29.4,99.6,67.9,87.7,95.664,87.1,94.6,91.535,94.337,19.194000000000003,5,5,5,34.031
12.74,4,37.561,59.70399999999999,44.64,72.80199999999999,146.363,148.821,64.9,54.9,29.4,99.6,67.9,87.7,95.68,87.169,94.6,91.563,94.36399999999999,19.271,5,5,5,34.034000000000006
12.76,4,38.361,60.666000000000004,44.76,72.17,146.303,148.731,64.9,54.9,29.4,99.6,67.9,87.7,95.689,87.226,94.6,91.579,94.38,19.628,5,5,5,34.023
12.78,4,38.56,60.986999999999995,45.015,71.696,146.207,148.597,64.9,54.9,29.4,99.6,67.9,87.7,95.694,87.258,94.6,91.58800000000001,94.389,19.531,5,5,5,34.028999999999996
12.8,4,39.037,61.066,45.224000000000004,70.984,146.148,148.484,64.9,54.9,29.4,99.6,67.9,87.7,95.696,87.277,94.6,91.593,94.39399999999999,19.504,5,5,5,34.03
12.82,4,39.833,61.39,45.199,70.76,146.076,148.361,64.9,54.9,29.4,99.6,67.9,87.7,95.69800000000001,87.28699999999999,94.6,91.596,94.396,19.55,5,5,5,34.03
12.84,4,40.387,61.214,45.593,70.275,145.968,148.215,64.9,54.9,29.4,99.6,67.9,87.7,95.699,87.293,94.6,91.598,94.398,19.508,5,5,5,34.028999999999996
12.86,4,40.689,61.91,45.68,69.851,145.89600000000002,148.06799999999998,64.9,54.9,29.4,99.6,67.9,87.7,95.699,87.296,94.64399999999999,91.59899999999999,94.399,19.364,5,5,5,34.04
12.88,4,40.562,61.998000000000005,45.868,69.291,145.787,147.95600000000002,64.9,54.9,29.4,99.6,67.9,87.7,95.7,87.298,94.668,91.59899999999999,94.399,19.344,5,5,5,34.04
12.9,4,41.425,62.236999999999995,45.885,68.97800000000001,145.727,147.866,64.9,54.9,29.4,99.6,67.9,87.7,95.7,87.29899999999999,94.682,91.6,94.4,19.304000000000002,5,5,5,34.042
12.92,4,41.708,62.721000000000004,46.052,68.321,145.595,147.66299999999998,64.9,54.9,29.4,99.6,67.9,87.7,95.7,87.29899999999999,94.69,91.6,94.4,19.345999999999997,5,5,5,34.041
12.94,4,42.26,62.739,46.283,68.098,145.571,147.584,64.9,54.9,29.4,99.6,67.9,87.7,95.7,87.3,94.694,91.6,94.4,19.324,5,5,5,34.041
12.96,4,42.437,62.713,46.165,67.768,145.475,147.46,64.9,54.9,29.4,99.6,67.9,87.7,95.7,87.3,94.697,91.6,94.4,19.383,5,5,5,34.04
12.98,4,42.669000000000004,62.73,46.196000000000005,67.893,145.378,147.313,64.9,54.9,29.4,99.6,67.9,87.7,95.7,87.3,94.69800000000001,91.6,94.4,19.434,5,5,5,34.032
13.0,4,43.132,62.563,46.213,67.669,145.35399999999998,147.144,64.9,54.9,29.4,99.6,67.9,87.7,95.7,87.3,94.699,91.6,94.4,19.45,5,5,5,34.034000000000006
13.02,4,43.097,62.942,46.381,68.096,145.173,147.076,64.9,54.9,29.4,99.6,67.9,87.7,95.7,87.3,94.699,91.6,94.4,19.663,5,5,5,34.033
13.04,4,43.661,63.38,46.513999999999996,68.019,145.089,146.986,64.9,54.9,29.4,99.6,67.9,87.7,95.7,87.3,94.7,91.6,94.4,19.465,5,5,5,34.038
13.06,4,43.857,63.578,46.36,68.346,145.017,146.839,64.9,54.9,29.4,99.6,67.9,87.7,95.7,87.3,94.7,91.6,94.4,19.494999999999997,5,5,5,34.03
13.08,4,44.174,63.553000000000004,46.46,68.463,144.93200000000002,146.726,64.9,54.9,29.4,99.6,67.9,87.7,95.7,87.3,94.7,91.6,94.4,19.496,5,5,5,34.032
13.1,4,44.676,63.321000000000005,46.583999999999996,68.449,144.86,146.624,64.9,54.9,29.4,99.6,67.9,87.7,95.7,87.3,94.7,91.6,94.4,19.497,5,5,5,34.028999999999996
13.12,4,44.512,63.465,46.608999999999995,68.457,144.714,146.488,64.9,54.9,29.4,99.6,67.9,87.7,95.7,87.3,94.7,91.6,94.4,19.610999999999997,5,5,5,34.027
13.14,4,44.735,63.773999999999994,46.755,68.785,144.606,146.39700000000002,64.9,54.9,29.4,99.6,67.9,87.7,95.7,87.3,94.7,91.6,94.4,19.658,5,5,5,34.034000000000006
13.16,4,44.766,63.614,46.783,69.061,144.58100000000002,146.30700000000002,64.9,54.9,29.4,99.6,67.9,87.7,95.7,87.3,94.7,91.6,94.4,19.687,5,5,5,34.028999999999996
13.18,4,45.031,63.537,46.808,69.29899999999999,144.44799999999998,146.148,64.9,54.9,29.4,99.6,67.9,87.7,95.7,87.3,94.7,91.6,94.4,19.7,5,5,5,34.028999999999996
13.2,4,45.334,63.964,46.793,69.281,144.327,146.05700000000002,64.9,54.9,29.4,99.6,67.9,87.7,95.7,87.3,94.7,91.6,94.4,19.592,5,5,5,34.032
13.22,4,45.431999999999995,64.156,46.888000000000005,69.18,144.23,145.93200000000002,64.9,54.9,29.4,99.6,67.9,87.7,95.7,87.3,94.7,91.6,94.4,19.653,5,5,5,34.031
13.24,4,45.925,63.827,46.736999999999995,69.084,144.16899999999998,145.819,64.9,54.9,29.4,99.6,67.9,87.7,95.7,87.3,94.7,91.6,94.4,19.788,5,5,5,34.034000000000006
13.26,4,45.746,63.943999999999996,46.974,69.265,144.035,145.694,64.9,54.9,29.4,99.6,67.9,87.7,95.7,87.3,94.7,91.6,94.4,19.842,5,5,5,34.034000000000006
13.28,4,46.224,64.2,46.856,69.332,143.963,145.55700000000002,64.9,54.9,29.4,99.6,67.9,87.7,95.7,87.3,94.7,91.6,94.4,19.756999999999998,5,5,5,34.038
13.3,4,46.637,64.158,46.941,69.454,143.841,145.421,64.9,54.9,29.4,99.6,67.9,87.7,95.7,87.3,94.7,91.6,94.4,19.741,5,5,5,34.043000000000006
13.32,4,46.78,64.426,47.003,69.375,143.744,145.31799999999998,64.9,54.9,29.4,99.6,67.9,87.7,95.7,87.3,94.7,91.6,94.4,19.689999999999998,5,5,5,34.05
13.34,4,46.875,64.52199999999999,46.949,69.40899999999999,143.64600000000002,145.284,64.9,54.9,29.4,99.6,67.9,87.7,95.7,87.3,94.7,91.6,94.4,19.795,5,5,5,34.048
13.36,4,46.61,64.553,47.105,69.204,143.549,145.113,64.9,54.9,29.4,99.6,67.9,87.7,95.7,87.3,94.7,91.6,94.4,19.914,5,5,5,34.051
13.38,4,46.601000000000006,64.445,47.117,67.804,143.40200000000002,144.988,64.9,54.9,29.4,99.6,67.9,87.7,95.7,87.3,94.7,91.6,94.4,19.764000000000003,5,5,5,34.045
13.4,4,47.126000000000005,64.257,47.012,68.326,143.317,144.885,64.9,54.9,29.4,99.6,67.9,87.7,95.7,87.3,94.7,91.6,94.4,19.817999999999998,5,5,5,34.04
13.42,4,47.097,64.86,47.161,66.502,143.207,144.714,64.9,54.9,29.4,99.6,67.9,87.7,95.7,87.3,94.7,91.6,94.4,19.959000000000003,5,5,5,34.039
13.44,4,47.457,64.572,47.016999999999996,67.141,143.121,144.691,64.9,54.9,29.4,99.6,67.9,87.7,95.7,87.3,94.7,91.6,94.4,19.652,5,5,5,34.036
13.46,4,47.36600000000001,64.97,46.89,65.97999999999999,143.036,144.554,64.9,54.9,29.4,99.6,67.9,87.7,95.7,87.3,94.7,91.6,94.4,19.479,5,5,5,34.047
13.48,4,47.513000000000005,64.936,46.733000000000004,66.848,142.98700000000002,144.405,64.9,54.9,29.4,99.6,67.9,87.7,95.7,87.3,94.7,91.6,94.4,19.735999999999997,5,5,5,34.05
13.5,4,47.523999999999994,65.219,47.023999999999994,66.572,142.876,144.279,64.9,54.9,29.4,99.6,67.9,87.7,95.7,87.3,94.7,91.6,94.4,19.857999999999997,5,5,5,34.044
13.52,4,48.013999999999996,65.346,47.11,67.675,142.76600000000002,144.19899999999998,64.9,54.9,29.4,99.6,67.9,87.7,95.7,87.3,94.7,91.6,94.4,19.804000000000002,5,5,5,34.048
13.54,4,48.016000000000005,64.805,47.052,67.489,142.631,144.05,64.9,54.9,29.4,99.6,67.9,87.7,95.7,87.3,94.7,91.6,94.4,19.887,5,5,5,34.044
13.56,4,48.271,64.576,47.062,67.814,142.54500000000002,144.016,64.9,54.9,29.4,99.6,67.9,87.7,95.7,87.3,94.7,91.6,94.4,19.764000000000003,5,5,5,34.044
13.58,4,48.038000000000004,64.88300000000001,47.075,68.33699999999999,142.447,143.866,64.9,54.9,29.4,99.6,67.9,87.7,95.7,87.3,94.7,91.6,94.4,19.839,5,5,5,34.046
13.6,4,47.879,64.926,46.968999999999994,68.108,142.38600000000002,143.74,65.1,55.0,29.5,99.4,67.9,87.7,95.7,87.3,94.7,91.6,94.4,19.862000000000002,5,5,5,34.047
13.62,4,48.328,65.03999999999999,47.044,68.71199999999999,142.226,143.66,65.1,55.0,29.5,99.4,67.9,87.7,95.78699999999999,87.3,94.7,91.6,94.4,19.857999999999997,5,5,5,34.044
13.64,4,48.427,64.96000000000001,47.052,68.63399999999999,142.103,143.533,65.1,55.0,29.5,99.4,67.9,87.7,95.837,87.3,94.7,91.6,94.4,19.728,5,5,5,34.03
13.66,4,48.251000000000005,65.311,46.903999999999996,69.385,142.01600000000002,143.407,65.1,55.0,29.5,99.4,67.9,87.7,95.86399999999999,87.3,94.7,91.6,94.4,19.701999999999998,5,5,5,34.025
13.68,4,48.318000000000005,64.80199999999999,46.925,69.184,141.97899999999998,143.326,65.1,55.0,29.5,99.4,67.9,87.78699999999999,95.88,87.3,94.7,91.6,94.4,19.747999999999998,5,5,5,34.013000000000005
13.7,4,48.183,65.09700000000001,46.997,69.077,141.80700000000002,143.2,65.1,55.0,29.5,99.4,67.9,87.837,95.889,87.387,94.7,91.6,94.4,19.768,5,5,5,33.983000000000004
13.72,4,48.716,65.124,46.988,69.499,141.708,143.108,65.1,55.0,29.5,99.4,67.9,87.86399999999999,95.89399999999999,87.437,94.7,91.6,94.4,19.838,5,5,5,33.977
13.74,4,48.574,65.25899999999999,46.96,69.881,141.60899999999998,143.004,65.1,55.0,29.5,99.4,67.9,87.88,95.896,87.464,94.7,91.6,94.4,19.716,5,5,5,33.973
13.76,4,48.721000000000004,65.233,47.006,70.187,141.498,142.86599999999999,65.1,55.0,29.5,99.4,67.9,87.889,95.898,87.48,94.7,91.6,94.4,20.53,5,5,5,33.973
13.78,4,48.382,64.926,47.07,70.148,141.399,142.81900000000002,65.1,55.0,29.5,99.4,67.9,87.89399999999999,95.899,87.48899999999999,94.7,91.6,94.4,20.177,5,5,5,33.973
13.8,4,48.528,65.233,47.058,69.616,141.337,142.69299999999998,65.1,55.0,29.5,99.4,67.9,87.896,95.899,87.494,94.7,91.6,94.4,20.537,5,5,5,33.97
13.82,4,48.303999999999995,65.34100000000001,46.965,69.869,141.238,142.577,65.1,55.0,29.5,99.4,67.9,87.898,95.9,87.49600000000001,94.7,91.6,94.4,20.339,5,5,5,33.955
13.84,4,48.887,65.046,46.793,69.98899999999999,141.11399999999998,142.485,65.1,55.0,29.5,99.4,67.9,87.899,95.9,87.498,94.7,91.6,94.4,20.290999999999997,5,5,5,33.954
13.86,4,48.667,65.233,46.957,69.921,141.014,142.35700000000003,65.1,55.0,29.5,99.4,67.9,87.899,95.9,87.499,94.7,91.6,94.4,20.288,5,5,5,33.952
13.88,4,49.121,65.611,47.004,69.892,140.965,142.3,65.1,55.0,29.5,99.4,67.9,87.9,95.9,87.499,94.7,91.6,94.4,20.276,5,5,5,33.951
13.9,4,48.691,65.12100000000001,46.828,69.994,140.815,142.11399999999998,65.1,55.0,29.5,99.4,67.9,87.9,95.9,87.5,94.7,91.6,94.4,20.235999999999997,5,5,5,33.94199999999999
13.92,4,49.129,65.56700000000001,46.821999999999996,69.997,140.70299999999997,142.11399999999998,65.1,55.0,29.5,99.4,67.9,87.9,95.9,87.5,94.7,91.6,94.4,20.396,5,5,5,33.921
13.94,4,49.036,65.753,46.885,70.14399999999999,140.60399999999998,141.917,65.1,55.0,29.5,99.4,67.9,87.9,95.9,87.5,94.7,91.6,94.4,20.195999999999998,5,5,5,33.913
13.96,4,49.248999999999995,65.669,46.878,69.685,140.504,141.871,65.1,55.0,29.5,99.4,67.9,87.9,95.9,87.5,94.7,91.6,94.4,20.256,5,5,5,33.900999999999996
13.98,4,49.092,65.362,46.858000000000004,68.786,140.429,141.79000000000002,65.1,55.0,29.5,99.4,67.9,87.9,95.9,87.5,94.7,91.6,94.4,20.265,5,5,5,33.898
14.0,4,49.272,65.93199999999999,46.861000000000004,69.031,140.317,141.65,65.1,55.0,29.5,99.4,67.9,87.9,95.9,87.5,94.7,91.6,94.4,20.258,5,5,5,33.898
14.02,4,49.181999999999995,65.684,46.776,69.23899999999999,140.192,141.55700000000002,65.1,55.0,29.5,99.4,67.9,87.9,95.9,87.5,94.7,91.6,94.4,20.165,5,5,5,33.888000000000005
14.04,4,49.398999999999994,65.309,46.724,69.715,140.10399999999998,141.51100000000002,65.1,55.0,29.5,99.4,67.9,87.9,95.9,87.5,94.7,91.6,94.4,20.269,5,5,5,33.861999999999995
14.06,4,48.901,65.648,46.644,69.82,140.004,141.406,65.1,55.0,29.5,99.4,67.9,87.9,95.9,87.5,94.7,91.6,94.4,20.238,5,5,5,33.861000000000004
14.08,4,49.243,65.767,46.79,69.123,139.929,141.313,65.1,55.0,29.5,99.4,67.9,87.9,95.9,87.5,94.7,91.6,94.4,20.215,5,5,5,33.863
14.1,4,49.207,66.079,46.839,69.28399999999999,139.779,141.173,65.1,55.0,29.5,99.4,67.9,87.9,95.9,87.5,94.7,91.6,94.425,20.272,5,5,5,33.861000000000004
14.12,4,49.648,65.709,46.821000000000005,68.809,139.704,141.04500000000002,65.1,55.0,29.5,99.4,67.9,87.9,95.9,87.5,94.7,91.6,94.502,20.592,5,5,5,33.86
14.14,4,49.058,65.22200000000001,46.703,68.748,139.61599999999999,141.01,65.1,55.0,29.5,99.4,67.9,87.9,95.9,87.5,94.7,91.6,94.545,20.295,5,5,5,33.855000000000004
14.16,4,49.714,65.389,46.684,68.618,139.528,140.952,65.1,55.0,29.5,99.4,67.9,87.9,95.9,87.5,94.7,91.6,94.569,20.359,5,5,5,33.861999999999995
14.18,4,49.471000000000004,65.787,46.352,68.446,139.42700000000002,140.85899999999998,65.1,55.0,29.5,99.4,67.9,87.9,95.9,87.5,94.7,91.65,94.582,20.255000000000003,5,5,5,33.861000000000004
14.2,4,49.476000000000006,65.9,46.464,68.997,139.339,140.718,65.1,55.0,29.5,99.4,67.9,87.9,95.9,87.5,94.75,91.71600000000001,94.59,20.171,5,5,5,33.863
14.22,4,49.63399999999999,65.47,46.537,69.21,139.238,140.695,65.1,55.0,29.5,99.4,67.9,87.9,95.9,87.5,94.816,91.753,94.594,20.326999999999998,5,5,5,33.864999999999995
14.24,4,49.49,66.226,46.516000000000005,69.1,139.15,140.531,65.1,55.0,29.5,99.4,67.9,87.9,95.9,87.5,94.85300000000001,91.773,94.597,20.344,5,5,5,33.864999999999995
14.26,4,49.373999999999995,65.66399999999999,46.413000000000004,68.563,139.04899999999998,140.426,65.1,55.0,29.5,99.4,67.9,87.9,95.9,87.5,94.873,91.785,94.598,20.505000000000003,5,5,5,33.858000000000004
14.28,4,49.47,65.768,46.596000000000004,68.703,138.986,140.356,65.1,55.0,29.5,99.4,67.9,87.9,95.9,87.5,94.885,91.792,94.59899999999999,20.456,5,5,5,33.869
14.3,4,49.836999999999996,65.25899999999999,46.323,68.928,138.847,140.274,65.1,55.0,29.5,99.4,67.9,87.9,95.9,87.5,94.892,91.795,94.59899999999999,20.206,5,5,5,33.861000000000004
14.32,4,48.912,66.006,46.457,69.546,138.67000000000002,140.168,65.1,55.0,29.5,99.4,67.9,87.9,95.9,87.5,94.895,91.797,94.6,20.261,5,5,5,33.867
14.34,4,49.318000000000005,65.822,46.531000000000006,69.115,138.64499999999998,140.14499999999998,65.1,55.0,29.5,99.4,67.9,87.9,95.9,87.5,94.89699999999999,91.79899999999999,94.6,20.310000000000002,5,5,5,33.861000000000004
14.36,4,49.7,65.834,46.388999999999996,69.187,138.55599999999998,139.981,65.1,55.0,29.5,99.4,67.9,87.9,95.9,87.5,94.898,91.79899999999999,94.6,20.432000000000002,5,5,5,33.864000000000004
14.38,4,49.83,66.238,46.221000000000004,68.889,138.493,139.852,65.1,55.0,29.5,99.4,67.9,87.9,95.9,87.5,94.899,91.8,94.6,20.484,5,5,5,33.859
14.4,4,49.635,66.03899999999999,46.273,69.208,138.379,139.805,65.1,55.0,29.5,99.4,67.9,87.9,95.9,87.5,94.9,91.8,94.6,20.463,5,5,5,33.864999999999995
14.42,4,50.022,66.03,46.198,69.22,138.264,139.75799999999998,65.1,55.0,29.5,99.4,67.9,87.9,95.9,87.5,94.9,91.8,94.6,20.312,5,5,5,33.851
14.44,4,49.783,65.872,46.141999999999996,69.423,138.23899999999998,139.60500000000002,65.1,55.0,29.5,99.4,67.9,87.9,95.9,87.5,94.9,91.8,94.6,20.228,5,5,5,33.838
14.46,4,49.778,65.832,46.235,69.38600000000001,138.137,139.534,65.1,55.0,29.5,99.4,67.9,87.9,95.9,87.5,94.9,91.8,94.6,20.3,5,5,5,33.831
14.48,4,50.111999999999995,66.17699999999999,46.216,69.202,138.061,139.534,65.1,55.0,29.5,99.4,67.9,87.9,95.9,87.5,94.9,91.8,94.6,20.494,5,5,5,33.824
14.5,4,50.011,66.037,46.056999999999995,69.196,137.85700000000003,139.334,65.1,55.0,29.5,99.4,67.9,87.9,95.9,87.5,94.9,91.8,94.6,20.488,5,5,5,33.825
14.52,4,49.74100000000001,66.213,46.13,69.536,137.80599999999998,139.216,65.1,55.0,29.5,99.4,67.9,87.9,95.9,87.5,94.9,91.8,94.6,20.503,5,5,5,33.825
14.54,4,49.613,65.945,46.211000000000006,69.389,137.73000000000002,139.157,65.1,55.0,29.5,99.4,67.9,87.9,95.9,87.5,94.9,91.8,94.6,20.457,5,5,5,33.822
14.56,4,49.863,66.144,46.248999999999995,69.465,137.64,139.098,65.1,55.0,29.5,99.4,67.9,87.9,95.9,87.5,94.9,91.8,94.6,20.354,5,5,5,33.814
14.58,4,49.994,65.928,45.975,69.322,137.57600000000002,138.98000000000002,65.1,55.0,29.5,99.4,67.9,87.9,95.9,87.5,94.9,91.8,94.6,20.317999999999998,5,5,5,33.811
14.6,4,50.18,66.39699999999999,46.101000000000006,69.473,137.44799999999998,138.933,65.1,55.0,29.5,99.4,67.9,87.9,95.9,87.5,94.9,91.8,94.6,20.402,5,5,5,33.807
14.62,4,49.611000000000004,66.25399999999999,45.982,69.22800000000001,137.372,138.874,65.1,55.0,29.5,99.4,67.9,87.9,95.9,87.5,94.9,91.8,94.6,20.484,5,5,5,33.804
14.64,4,49.586000000000006,66.46000000000001,45.911,69.548,137.32,138.72,65.1,55.0,29.5,99.4,67.9,87.9,95.9,87.5,94.9,91.8,94.6,20.159,5,5,5,33.806
14.66,4,49.227,66.027,46.032,69.49600000000001,137.154,138.57799999999997,65.1,55.0,29.5,99.4,67.9,87.9,95.9,87.5,94.9,91.8,94.6,20.177999999999997,5,5,5,33.783
14.68,4,49.229,66.49000000000001,46.123999999999995,69.669,137.077,138.507,65.1,55.0,29.5,99.4,67.9,87.9,95.9,87.5,94.9,91.8,94.6,20.247,5,5,5,33.781
14.7,4,49.435,66.12100000000001,45.719,69.218,137.01299999999998,138.42399999999998,65.1,55.0,29.5,99.4,67.9,87.9,95.9,87.5,94.9,91.8,94.6,20.29,5,5,5,33.781
14.72,4,49.678999999999995,66.25,45.879,69.172,136.91,138.38799999999998,65.1,55.0,29.5,99.4,67.9,87.9,95.9,87.5,94.9,91.8,94.6,20.284,5,5,5,33.775
14.74,4,49.287,66.082,45.688,68.90100000000001,136.80700000000002,138.317,65.1,55.0,29.5,99.4,67.9,87.9,95.9,87.5,94.9,91.8,94.6,19.874000000000002,5,5,5,33.778999999999996
14.76,4,49.663000000000004,66.33699999999999,45.66,69.509,136.781,138.127,65.1,55.0,29.5,99.4,67.9,87.9,95.987,87.5,94.9,91.8,94.6,19.628,5,5,5,33.778000000000006
14.78,4,49.281000000000006,66.471,45.681,69.271,136.639,137.98399999999998,65.1,55.0,29.5,99.4,67.9,87.9,96.03699999999999,87.5,94.9,91.8,94.6,19.750999999999998,5,5,5,33.766
14.8,4,49.153999999999996,66.268,45.662,69.17399999999999,136.485,137.95999999999998,65.1,55.0,29.5,99.4,67.9,87.9,96.064,87.5,94.9,91.8,94.6,19.641,5,5,5,33.748000000000005
14.82,4,49.18600000000001,66.305,45.521,69.184,136.446,137.889,65.1,55.0,29.5,99.4,67.9,87.9,96.08,87.5,94.9,91.8,94.6,19.679000000000002,5,5,5,33.754999999999995
14.84,4,49.338,66.076,45.457,69.257,136.35500000000002,137.746,65.1,55.0,29.5,99.4,67.9,87.9,96.089,87.5,94.9,91.8,94.6,19.65,5,5,5,33.758
14.86,4,49.132,66.223,45.41,68.907,136.2,137.722,65.1,55.0,29.5,99.4,67.9,87.9,96.094,87.5,94.9,91.8,94.6,19.662,5,5,5,33.753
14.88,4,49.441,65.812,45.442,69.39699999999999,136.13600000000002,137.603,65.1,55.0,29.5,99.4,67.9,87.9,96.096,87.525,94.9,91.8,94.6,19.695999999999998,5,5,5,33.745000000000005
14.9,4,49.474,66.169,45.363,69.39399999999999,136.149,137.591,65.1,55.0,29.5,99.4,67.9,87.9,96.098,87.645,94.9,91.8,94.6,19.631,5,5,5,33.741
14.92,4,49.256,66.286,45.559,69.49,135.941,137.472,65.1,55.0,29.5,99.4,67.9,87.9,96.09899999999999,87.71300000000001,94.9,91.8,94.6,19.633,5,5,5,33.736000000000004
14.94,4,49.497,66.543,45.512,69.35300000000001,135.876,137.4,65.1,55.0,29.5,99.4,67.9,87.9,96.09899999999999,87.751,94.9,91.8,94.6,19.514000000000003,5,5,5,33.738
14.96,4,49.211999999999996,66.53,45.385,69.301,135.837,137.293,65.1,55.0,29.5,99.4,67.9,87.9,96.1,87.77199999999999,94.9,91.8,94.6,19.5,5,5,5,33.732
14.98,4,49.358999999999995,66.132,45.431,69.242,135.707,137.221,65.1,55.0,29.5,99.4,67.9,87.9,96.1,87.785,94.9,91.8,94.6,19.55,5,5,5,33.730000000000004
15.0,4,49.827,66.393,45.316,69.524,135.668,137.161,65.1,55.0,29.5,99.4,67.9,87.9,96.1,87.791,94.9,91.8,94.6,19.665999999999997,5,5,5,33.732
15.02,4,49.316,66.223,45.518,69.987,135.61599999999999,137.101,65.1,55.0,29.5,99.4,67.9,87.9,96.1,87.795,94.9,91.8,94.6,19.591,5,5,5,33.733000000000004
15.04,4,49.413999999999994,66.49600000000001,45.311,69.691,135.434,136.981,65.1,55.0,29.5,99.4,67.9,87.9,96.1,87.797,94.9,91.8,94.6,19.599,5,5,5,33.715
15.06,4,49.106,66.209,45.227,69.638,135.369,136.849,65.1,55.0,29.5,99.4,67.9,87.9,96.1,87.798,94.9,91.8,94.6,19.561,5,5,5,33.712
15.08,4,49.703,66.428,45.148,69.308,135.29000000000002,136.813,65.1,55.0,29.5,99.4,67.9,87.9,96.1,87.79899999999999,94.9,91.8,94.6,19.482,5,5,5,33.702
15.1,4,48.994,65.984,44.954,69.247,135.199,136.753,65.1,55.0,29.5,99.4,67.9,87.9,96.1,87.8,94.9,91.8,94.6,19.454,5,5,5,33.704
15.12,4,48.952,66.265,45.402,69.773,135.042,136.60899999999998,65.1,55.0,29.5,99.4,67.9,87.9,96.1,87.8,94.9,91.8,94.6,19.438,5,5,5,33.705
15.14,4,48.772,66.548,45.194,69.678,134.95,136.537,65.1,55.0,29.5,99.4,67.9,87.9,96.1,87.8,94.9,91.8,94.6,19.576,5,5,5,33.701
15.16,4,49.227,66.109,45.296,69.715,134.885,136.441,65.1,55.0,29.5,99.4,67.9,87.9,96.1,87.8,94.9,91.8,94.6,19.755000000000003,5,5,5,33.682
15.18,4,49.373000000000005,66.253,44.931,69.615,134.80599999999998,136.369,65.1,55.0,29.5,99.4,67.9,87.9,96.1,87.8,94.9,91.8,94.6,19.663,5,5,5,33.677
15.2,4,49.468,66.332,44.869,69.415,134.74,136.345,65.1,55.0,29.5,99.4,67.9,87.9,96.1,87.8,94.9,91.8,94.6,19.618000000000002,5,5,5,33.671
15.22,4,48.896,66.50800000000001,45.016,69.324,134.583,136.176,65.1,55.0,29.5,99.4,67.9,87.9,96.1,87.8,94.9,91.8,94.6,19.563,5,5,5,33.672
15.24,4,49.152,66.36699999999999,45.02,69.743,134.517,136.11599999999999,65.1,55.0,29.5,99.4,67.9,87.9,96.1,87.8,94.9,91.8,94.6,19.555,5,5,5,33.672
15.26,4,49.056999999999995,66.19300000000001,45.028,69.623,134.45100000000002,136.019,65.1,55.0,29.5,99.4,67.9,87.9,96.1,87.8,94.9,91.8,94.6,19.622999999999998,5,5,5,33.666
15.28,4,49.051,66.209,45.005,69.661,134.385,136.019,65.1,55.0,29.5,99.4,67.9,87.9,96.1,87.8,94.9,91.8,94.6,19.583,5,5,5,33.662
15.3,4,48.895,66.74199999999999,45.166,69.527,134.293,135.86200000000002,65.1,55.0,29.5,99.4,67.9,87.9,96.1,87.8,94.9,91.8,94.6,19.604,5,5,5,33.666
15.32,4,48.92,66.35300000000001,44.999,69.31,134.227,135.838,65.1,55.0,29.5,99.4,67.9,87.9,96.1,87.8,94.9,91.8,94.6,19.642000000000003,5,5,5,33.664
15.34,4,48.658,66.502,44.878,69.028,134.121,135.657,65.1,55.0,29.5,99.4,67.9,87.9,96.1,87.8,94.9,91.8,94.6,19.570999999999998,5,5,5,33.662
15.36,4,49.254,66.58,45.043,69.104,133.98899999999998,135.596,65.1,55.0,29.5,99.4,67.9,87.9,96.1,87.8,94.9,91.8,94.6,19.544,5,5,5,33.664
15.38,4,49.003,66.419,44.795,69.444,133.91,135.48700000000002,65.1,55.0,29.5,99.4,67.9,87.9,96.1,87.8,94.9,91.8,94.6,19.55,5,5,5,33.664
15.4,4,48.979,66.71000000000001,44.81,69.509,133.85700000000003,135.463,65.1,55.0,29.5,99.4,67.9,87.9,96.1,87.8,94.9,91.8,94.6,19.71,5,5,5,33.650999999999996
15.42,4,49.159,66.191,44.67,69.961,133.82999999999998,135.426,65.1,55.0,29.5,99.4,67.9,87.9,96.1,87.8,94.9,91.8,94.6,19.512999999999998,5,5,5,33.644000000000005
15.44,4,49.183,66.93100000000001,44.89,69.46300000000001,133.631,135.35399999999998,65.1,55.0,29.5,99.4,67.9,87.9,96.1,87.8,94.9,91.8,94.6,19.524,5,5,5,33.64
15.46,4,48.846000000000004,66.114,44.66,69.51899999999999,133.592,135.208,65.1,55.0,29.5,99.4,67.9,87.9,96.1,87.8,94.9,91.8,94.6,19.442999999999998,5,5,5,33.641999999999996
15.48,4,49.162,67.029,44.725,69.339,133.498,135.147,65.1,55.0,29.5,99.4,67.9,87.9,96.1,87.8,94.9,91.8,94.6,19.445,5,5,5,33.643
15.5,4,49.13,66.50800000000001,44.59,69.582,133.43200000000002,135.062,65.1,55.0,29.5,99.4,67.9,87.9,96.1,87.8,94.9,91.8,94.6,19.673000000000002,5,5,5,33.644000000000005
15.52,4,49.081,66.477,44.606,69.47399999999999,133.23200000000003,135.01299999999998,65.1,55.0,29.5,99.4,67.9,87.9,96.1,87.8,94.9,91.8,94.6,19.627000000000002,5,5,5,33.629999999999995
15.54,4,48.722,66.19200000000001,44.492,69.723,133.272,134.879,65.1,55.0,29.5,99.4,67.9,87.9,96.1,87.8,94.9,91.8,94.6,19.766,5,5,5,33.616
15.56,4,49.123000000000005,66.172,44.482,69.363,133.139,134.81799999999998,65.1,55.0,29.5,99.4,67.9,87.9,96.1,87.8,94.9,91.8,94.6,19.773,5,5,5,33.620000000000005
15.58,4,48.806000000000004,66.47200000000001,44.494,69.36399999999999,133.08499999999998,134.733,65.1,55.0,29.5,99.4,67.9,87.9,96.1,87.8,94.9,91.8,94.6,19.71,5,5,5,33.614000000000004
15.6,4,49.076,66.704,44.438,69.042,132.965,134.648,65.2,55.0,29.5,99.3,67.7,87.9,96.1,87.8,94.9,91.8,94.6,19.603,5,5,5,33.611999999999995
15.62,4,49.105,66.227,44.266,69.417,132.885,134.574,65.2,55.0,29.5,99.3,67.7,87.9,96.1,87.8,94.9,91.8,94.6,19.589,5,5,5,33.609
15.64,4,48.958,66.298,44.298,69.541,132.778,134.501,65.2,55.0,29.5,99.3,67.7,87.9,96.1,87.8,94.9,91.8,94.6,19.657,5,5,5,33.611000000000004
15.66,4,48.907,66.28899999999999,44.516,69.60600000000001,132.67000000000002,134.428,65.2,55.0,29.5,99.3,67.7,87.9,96.1,87.8,94.9,91.8,94.6,19.701,5,5,5,33.611999999999995
15.68,4,48.864,66.548,44.26,69.285,132.711,134.379,65.2,55.0,29.5,99.3,67.7,87.95,96.1,87.8,94.9,91.8,94.6,19.625999999999998,5,5,5,33.611000000000004
15.7,4,48.748999999999995,66.209,44.221,69.367,132.603,134.269,65.2,55.0,29.5,99.3,67.7,88.016,96.1,87.8,94.9,91.8,94.64399999999999,19.707,5,5,5,33.609
15.72,4,48.968999999999994,66.56800000000001,44.308,68.987,132.429,134.195,65.2,55.0,29.5,99.3,67.7,88.053,96.1,87.8,94.95,91.8,94.668,19.68,5,5,5,33.603
15.74,4,48.745,66.592,44.158,69.22399999999999,132.334,134.171,65.2,55.0,29.5,99.3,67.7,88.07300000000001,96.1,87.8,95.016,91.8,94.682,19.614,5,5,5,33.609
15.76,4,48.482,66.313,44.246,69.41,132.348,134.07299999999998,65.2,55.0,29.5,99.3,67.7,88.085,96.1,87.8,95.053,91.8,94.69,19.378,5,5,5,33.608000000000004
15.78,4,48.668,66.271,44.006,69.408,132.186,134.024,65.2,55.0,29.5,99.3,67.7,88.092,96.1,87.8,95.07300000000001,91.8,94.694,19.433,5,5,5,33.603
15.8,4,49.132,66.649,43.993,69.475,132.119,133.938,65.2,55.0,29.5,99.3,67.7,88.095,96.1,87.8,95.085,91.8,94.697,19.499000000000002,5,5,5,33.605999999999995
15.82,4,48.472,66.391,44.128,69.184,132.038,133.88799999999998,65.2,55.0,29.5,99.3,67.7,88.097,96.1,87.8,95.092,91.8,94.69800000000001,19.453,5,5,5,33.603
15.84,4,49.016000000000005,66.089,43.864000000000004,69.48100000000001,131.98399999999998,133.79000000000002,65.2,55.0,29.5,99.3,67.7,88.098,96.1,87.8,95.095,91.8,94.699,19.521,5,5,5,33.6
15.86,4,48.902,66.37,44.0,69.508,131.889,133.679,65.2,55.0,29.5,99.3,67.7,88.09899999999999,96.1,87.8,95.097,91.8,94.699,19.386,5,5,5,33.598
15.88,4,48.461000000000006,66.497,44.022,69.77600000000001,131.753,133.64299999999997,65.2,55.0,29.5,99.3,67.7,88.1,96.1,87.8,95.098,91.8,94.7,19.427999999999997,5,5,5,33.596000000000004
15.9,4,48.29,66.171,43.986,69.488,131.67200000000003,133.56900000000002,65.2,55.0,29.5,99.3,67.7,88.1,96.1,87.8,95.09899999999999,91.8,94.7,19.517000000000003,5,5,5,33.596000000000004
15.92,4,48.806999999999995,66.747,43.855,69.846,131.563,133.519,65.2,55.0,29.5,99.3,67.7,88.1,96.1,87.8,95.1,91.8,94.7,19.514000000000003,5,5,5,33.592
15.94,4,48.595,66.175,43.748000000000005,69.27199999999999,131.591,133.35899999999998,65.2,55.0,29.5,99.3,67.7,88.1,96.1,87.8,95.1,91.8,94.7,19.401,5,5,5,33.596000000000004
15.96,4,48.542,66.332,43.779,69.325,131.45499999999998,133.371,65.2,55.0,29.5,99.3,67.7,88.1,96.1,87.8,95.1,91.8,94.7,19.525,5,5,5,33.59
15.98,4,48.43899999999999,66.652,43.758,68.69399999999999,131.373,133.236,65.2,55.0,29.5,99.3,67.7,88.1,96.1,87.8,95.1,91.8,94.7,19.379,5,5,5,33.588
16.0,4,48.571999999999996,66.267,43.703,68.389,131.346,133.186,65.2,55.0,29.5,99.3,67.7,88.1,96.1,87.8,95.1,91.8,94.7,19.278,5,5,5,33.584
16.02,4,48.553999999999995,66.554,43.783,68.662,131.196,133.075,65.2,55.0,29.5,99.3,67.7,88.1,96.1,87.8,95.1,91.8,94.7,19.301,5,5,5,33.586
16.04,4,48.806000000000004,66.606,43.611,68.84100000000001,131.128,133.149,65.2,55.0,29.5,99.3,67.7,88.1,96.1,87.8,95.1,91.887,94.7,19.362000000000002,5,5,5,33.588
16.06,4,48.17,66.313,43.494,69.158,131.005,133.025,65.2,55.0,29.5,99.3,67.7,88.1,96.188,87.8,95.1,91.937,94.7,19.372999999999998,5,5,5,33.581999999999994
16.08,4,48.42,66.095,43.674,68.921,130.977,132.95100000000002,65.2,55.0,29.5,99.3,67.7,88.1,96.237,87.8,95.1,91.964,94.7,19.354,5,5,5,33.583
16.1,4,48.781000000000006,66.128,43.656,69.07300000000001,130.868,132.86399999999998,65.2,55.0,29.5,99.3,67.7,88.1,96.264,87.8,95.1,91.98,94.7,19.323,5,5,5,33.586
16.12,4,48.263000000000005,65.90299999999999,43.623000000000005,68.63499999999999,130.8,132.778,65.2,55.0,29.5,99.3,67.7,88.1,96.28,87.8,95.1,91.98899999999999,94.7,19.335,5,5,5,33.586
16.14,4,48.111000000000004,66.364,43.586,68.876,130.731,132.691,65.2,55.0,29.5,99.3,67.7,88.1,96.289,87.8,95.1,91.994,94.7,19.329,5,5,5,33.581999999999994
16.16,4,48.29600000000001,66.676,43.574,69.206,130.635,132.61599999999999,65.2,55.0,29.5,99.3,67.7,88.1,96.294,87.8,95.1,91.99600000000001,94.7,19.430999999999997,5,5,5,33.581999999999994
16.18,4,48.435,65.838,43.349000000000004,69.307,130.594,132.629,65.2,55.0,29.5,99.3,67.7,88.1,96.296,87.8,95.1,91.998,94.7,19.367,5,5,5,33.569
16.2,4,48.43899999999999,66.434,43.525999999999996,69.047,130.498,132.504,65.2,55.0,29.5,99.3,67.7,88.1,96.298,87.8,95.1,91.999,94.7,19.365000000000002,5,5,5,33.564
16.22,4,48.184,65.935,43.448,69.066,130.442,132.35500000000002,65.2,55.0,29.5,99.3,67.7,88.1,96.29899999999999,87.8,95.1,91.999,94.7,19.359,5,5,5,33.564
16.24,4,48.438,66.21199999999999,43.311,68.882,130.374,132.255,65.2,55.0,29.5,99.3,67.7,88.1,96.29899999999999,87.8,95.1,92.0,94.7,19.319000000000003,5,5,5,33.563
16.26,4,48.178000000000004,66.503,43.245,69.296,130.291,132.23000000000002,65.2,55.0,29.5,99.3,67.7,88.1,96.3,87.8,95.1,92.0,94.7,19.284,5,5,5,33.562
16.28,4,47.845,66.488,43.406,69.331,130.153,132.20499999999998,65.2,55.0,29.5,99.3,67.7,88.1,96.3,87.8,95.1,92.0,94.7,19.386,5,5,5,33.556
16.3,4,47.843999999999994,65.93299999999999,43.406,69.477,130.19400000000002,132.05599999999998,65.2,55.0,29.5,99.3,67.7,88.1,96.3,87.8,95.1,92.0,94.7,19.396,5,5,5,33.549
16.32,4,47.791000000000004,66.065,43.319,69.263,130.015,131.968,65.2,55.0,29.5,99.3,67.7,88.1,96.3,87.8,95.1,92.0,94.7,19.352,5,5,5,33.548
16.34,4,47.842,66.114,43.436,69.334,130.001,131.968,65.2,55.0,29.5,99.3,67.7,88.1,96.3,87.8,95.1,92.0,94.7,19.369,5,5,5,33.547
16.36,4,47.62,66.15899999999999,43.419000000000004,69.012,129.849,131.856,65.2,55.0,29.5,99.3,67.7,88.1,96.3,87.8,95.1,92.0,94.7,19.415,5,5,5,33.546
16.38,4,47.548,66.18,43.247,69.42,129.793,131.793,65.2,55.0,29.5,99.3,67.7,88.1,96.3,87.887,95.1,92.0,94.7,19.379,5,5,5,33.544
16.4,4,47.831,66.555,43.109,69.529,129.738,131.718,65.2,55.0,29.5,99.3,67.7,88.1,96.3,87.937,95.1,92.0,94.7,19.381,5,5,5,33.544
16.42,4,47.957,66.184,42.983000000000004,69.737,129.599,131.68,65.2,55.0,29.5,99.3,67.7,88.1,96.3,87.964,95.1,92.0,94.7,19.396,5,5,5,33.536
16.44,4,47.795,66.221,43.124,69.403,129.543,131.668,65.2,55.0,29.5,99.3,67.7,88.1,96.3,87.98,95.1,92.0,94.7,19.39,5,5,5,33.53
16.46,4,47.512,66.36600000000001,43.005,69.242,129.543,131.56799999999998,65.2,55.0,29.5,99.3,67.7,88.1,96.3,87.98899999999999,95.1,92.0,94.7,19.384999999999998,5,5,5,33.528999999999996
16.48,4,47.855,66.0,43.071999999999996,69.08,129.446,131.442,65.2,55.0,29.5,99.3,67.7,88.1,96.3,87.994,95.1,92.0,94.7,19.417,5,5,5,33.525999999999996
16.5,4,47.31399999999999,65.774,43.044000000000004,69.294,129.334,131.392,65.2,55.0,29.5,99.3,67.7,88.1,96.3,87.99600000000001,95.1,92.0,94.7,19.456,5,5,5,33.531
16.52,4,47.746,66.249,42.938,69.33,129.223,131.329,65.2,55.0,29.5,99.3,67.7,88.1,96.3,87.998,95.1,92.0,94.7,19.396,5,5,5,33.525999999999996
16.54,4,47.568999999999996,65.929,43.035,69.523,129.153,131.316,65.2,55.0,29.5,99.3,67.7,88.1,96.3,87.999,95.1,92.0,94.7,19.46,5,5,5,33.523
16.56,4,47.54600000000001,66.229,42.873000000000005,69.707,129.083,131.153,65.2,55.0,29.5,99.3,67.7,88.1,96.3,87.999,95.1,92.0,94.7,19.447000000000003,5,5,5,33.513000000000005
16.58,4,47.056999999999995,66.09100000000001,42.887,68.765,129.041,131.102,65.2,55.0,29.5,99.3,67.7,88.1,96.3,88.0,95.1,92.0,94.7,19.435000000000002,5,5,5,33.512
16.6,4,47.225,66.345,43.016999999999996,68.68,128.971,131.039,65.2,55.0,29.5,99.3,67.7,88.1,96.3,88.0,95.1,92.0,94.7,19.39,5,5,5,33.504000000000005
16.62,4,47.222,66.16300000000001,42.719,68.166,128.873,130.926,65.2,55.0,29.5,99.3,67.7,88.1,96.3,88.0,95.1,92.0,94.7,19.339,5,5,5,33.510000000000005
16.64,4,47.31,66.727,42.685,67.777,128.789,130.825,65.2,55.0,29.5,99.3,67.7,88.1,96.3,88.0,95.1,92.0,94.7,19.351,5,5,5,33.509
16.66,4,46.806999999999995,66.002,42.747,68.60499999999999,128.718,130.762,65.2,55.0,29.5,99.3,67.7,88.1,96.3,88.0,95.1,92.0,94.7,19.331,5,5,5,33.513999999999996
16.68,4,47.058,66.38399999999999,42.834,68.545,128.606,130.774,65.2,55.0,29.5,99.3,67.7,88.1,96.3,88.0,95.1,92.0,94.7,19.287,5,5,5,33.506
16.7,4,47.15,66.247,42.784,69.075,128.592,130.724,65.2,55.0,29.5,99.3,67.7,88.1,96.3,88.0,95.1,92.0,94.7,19.189,5,5,5,33.504999999999995
16.72,4,47.013999999999996,66.286,42.701,69.125,128.57799999999997,130.648,65.2,55.0,29.5,99.3,67.7,88.1,96.3,88.0,95.1,92.0,94.7,19.335,5,5,5,33.507
16.74,4,46.978,66.049,42.71,69.334,128.437,130.572,65.2,55.0,29.5,99.3,67.7,88.1,96.3,88.0,95.1,92.0,94.7,20.292,5,5,5,33.509
16.76,4,46.855,65.952,42.645,69.21300000000001,128.36599999999999,130.47,65.2,55.0,29.5,99.3,67.7,88.1,96.3,88.0,95.1,92.0,94.7,19.891,5,5,5,33.508
16.78,4,46.396,66.167,42.826,69.37100000000001,128.253,130.382,65.2,55.0,29.5,99.3,67.7,88.1,96.3,88.0,95.1,92.0,94.7,19.637,5,5,5,33.513000000000005
16.8,4,46.843999999999994,66.525,42.584,69.312,128.18200000000002,130.343,65.2,55.0,29.5,99.3,67.7,88.1,96.3,88.0,95.1,92.0,94.7,19.351,5,5,5,33.498000000000005
16.82,4,47.004,66.475,42.637,69.702,128.11200000000002,130.33100000000002,65.2,55.0,29.5,99.3,67.7,88.1,96.3,88.0,95.1,92.0,94.7,19.208,5,5,5,33.488
16.84,4,46.42,66.456,42.469,69.273,128.083,130.255,65.2,55.0,29.5,99.3,67.7,88.1,96.3,88.0,95.1,92.0,94.7,19.078,5,5,5,33.486999999999995
16.86,4,46.461000000000006,66.10300000000001,42.279,69.472,127.913,130.127,65.2,55.0,29.5,99.3,67.7,88.1,96.3,88.0,95.1,92.0,94.7,19.005000000000003,5,5,5,33.483000000000004
16.88,4,46.778,65.734,42.404,69.388,127.87100000000001,130.0,65.2,55.0,29.5,99.3,67.7,88.1,96.3,88.0,95.1,92.0,94.7,18.968,5,5,5,33.482
16.9,4,46.45399999999999,65.644,42.339,69.57300000000001,127.82799999999999,130.01299999999998,65.2,55.0,29.5,99.3,67.7,88.1,96.3,88.0,95.1,92.0,94.7,18.86,5,5,5,33.484
16.92,4,46.266999999999996,66.495,42.291,69.458,127.8,129.962,65.2,55.0,29.5,99.3,67.7,88.1,96.3,88.0,95.1,92.0,94.7,18.875999999999998,5,5,5,33.483000000000004
16.94,4,46.61600000000001,65.94,42.201,69.53,127.64299999999999,129.809,65.2,55.0,29.5,99.3,67.7,88.1,96.3,88.0,95.1,92.0,94.7,18.831,5,5,5,33.483000000000004
16.96,4,46.428999999999995,65.87,42.567,69.372,127.61399999999999,129.77100000000002,65.2,55.0,29.5,99.3,67.7,88.1,96.3,88.0,95.1,92.0,94.7,18.788,5,5,5,33.485
16.98,4,46.623999999999995,65.868,42.305,69.311,127.586,129.73200000000003,65.2,55.0,29.5,99.3,67.7,88.1,96.3,88.0,95.1,92.0,94.7,18.886,5,5,5,33.483000000000004
17.0,4,46.631,65.981,42.185,69.074,127.486,129.656,65.2,55.0,29.5,99.3,67.7,88.1,96.3,88.0,95.1,92.0,94.7,18.948,5,5,5,33.486999999999995
17.02,4,46.385,66.195,42.163000000000004,69.29899999999999,127.38600000000001,129.61700000000002,65.2,55.0,29.5,99.3,67.7,88.1,96.3,88.0,95.1,92.0,94.7,19.09,5,5,5,33.486000000000004
17.04,4,46.163000000000004,66.077,42.116,69.57,127.329,129.54000000000002,65.2,55.0,29.5,99.3,67.7,88.1,96.3,88.0,95.1,92.0,94.7,19.296,5,5,5,33.492
17.06,4,46.516000000000005,65.78999999999999,42.221,69.314,127.229,129.476,65.2,55.0,29.5,99.3,67.7,88.1,96.3,88.0,95.1,92.0,94.7,19.552,5,5,5,33.494
17.08,4,46.177,65.82300000000001,42.198,69.165,127.14299999999999,129.374,65.2,55.0,29.5,99.3,67.7,88.1,96.3,88.0,95.1,92.0,94.7,19.643,5,5,5,33.489999999999995
17.1,4,45.88,66.113,42.213,69.214,127.11399999999999,129.425,65.2,55.0,29.5,99.3,67.7,88.1,96.3,88.0,95.1,92.0,94.7,19.771,5,5,5,33.491
17.12,4,45.783,66.072,42.306,69.217,127.02799999999999,129.348,65.2,55.0,29.5,99.3,67.7,88.1,96.3,88.0,95.1,92.0,94.7,19.722,5,5,5,33.485
17.14,4,46.315,66.223,42.202,69.322,126.927,129.25799999999998,65.2,55.0,29.5,99.3,67.7,88.1,96.3,88.0,95.1,92.0,94.7,19.814999999999998,5,5,5,33.488
17.16,4,46.246,65.971,42.013000000000005,69.214,126.82600000000001,129.156,65.2,55.0,29.5,99.3,67.7,88.1,96.3,88.0,95.1,92.0,94.7,20.048000000000002,5,5,5,33.486999999999995
17.18,4,46.278,66.017,41.905,69.493,126.74,129.11700000000002,65.2,55.0,29.5,99.3,67.7,88.1,96.3,88.0,95.1,92.0,94.7,19.762,5,5,5,33.486000000000004
17.2,4,46.035,66.045,42.028,69.548,126.76899999999999,129.001,65.2,55.0,29.5,99.3,67.7,88.1,96.3,88.0,95.1,92.0,94.7,19.879,5,5,5,33.478
17.22,4,46.187,65.797,42.012,69.13,126.624,128.95,65.2,55.0,29.5,99.3,67.7,88.1,96.3,88.0,95.1,92.0,94.7,19.922,5,5,5,33.478
17.24,4,45.989,66.03999999999999,41.915,68.86,126.581,128.885,65.2,55.0,29.5,99.3,67.7,88.1,96.3,88.0,95.1,92.0,94.7,19.792,5,5,5,33.483000000000004
17.26,4,45.858000000000004,65.52600000000001,41.907,69.195,126.494,128.872,65.2,55.0,29.5,99.3,67.7,88.1,96.3,88.0,95.1,92.0,94.7,19.621,5,5,5,33.479
17.28,4,46.478,65.221,42.108000000000004,69.52199999999999,126.45100000000001,128.769,65.2,55.0,29.5,99.3,67.7,88.1,96.3,88.0,95.1,92.0,94.7,19.567,5,5,5,33.480999999999995
17.3,4,45.596,65.62100000000001,42.041,69.548,126.37799999999999,128.769,65.2,55.0,29.5,99.3,67.7,88.1,96.3,88.0,95.1,92.0,94.7,19.345999999999997,5,5,5,33.476
17.32,4,45.650999999999996,65.857,41.906,69.676,126.204,128.666,65.2,55.0,29.5,99.3,67.7,88.1,96.3,88.0,95.1,92.0,94.7,19.213,5,5,5,33.474000000000004
17.34,4,45.542,65.18199999999999,41.895,69.435,126.219,128.718,65.2,55.0,29.5,99.3,67.7,88.1,96.3,88.0,95.1,92.0,94.7,18.877000000000002,5,5,5,33.465999999999994
17.36,4,45.756,65.908,41.91,69.37,126.088,128.627,65.2,55.0,29.5,99.3,67.7,88.1,96.3,88.0,95.1,92.0,94.7,18.814,5,5,5,33.467
17.38,4,46.047,65.642,41.731,69.029,126.073,128.433,65.2,55.0,29.5,99.3,67.7,88.1,96.3,88.0,95.1,92.0,94.7,18.775,5,5,5,33.455
17.4,4,45.344,65.857,41.909,69.434,125.95700000000001,128.459,65.2,55.0,29.5,99.3,67.7,88.1,96.3,88.0,95.1,92.0,94.7,18.717,5,5,5,33.464
17.42,4,45.448,65.624,41.863,69.598,125.928,128.343,65.2,55.0,29.5,99.3,67.7,88.1,96.3,88.0,95.1,92.0,94.7,18.685000000000002,5,5,5,33.464
17.44,4,45.773,65.523,41.719,69.81,125.76700000000001,128.265,65.2,55.0,29.5,99.3,67.7,88.1,96.3,88.0,95.1,92.0,94.7,18.637,5,5,5,33.452
17.46,4,45.711,65.33,41.701,69.41,125.709,128.187,65.2,55.0,29.5,99.3,67.7,88.1,96.3,88.0,95.1,92.0,94.7,18.701,5,5,5,33.453
17.48,4,45.836999999999996,65.43199999999999,41.736,69.109,125.738,128.122,65.2,55.0,29.5,99.3,67.7,88.1,96.3,88.0,95.1,92.0,94.7,18.694000000000003,5,5,5,33.451
17.5,4,45.355,65.701,41.939,68.90299999999999,125.665,128.10899999999998,65.2,55.0,29.5,99.3,67.7,88.1,96.3,88.0,95.1,92.0,94.7,18.621,5,5,5,33.451
17.52,4,45.348,65.418,41.785,68.30199999999999,125.56200000000001,128.07,65.2,55.0,29.5,99.3,67.7,88.1,96.3,88.0,95.1,92.0,94.7,18.701999999999998,5,5,5,33.452
17.54,4,45.41,65.511,41.72,69.189,125.48899999999999,128.005,65.2,55.0,29.5,99.3,67.7,88.1,96.3,88.0,95.15,92.0,94.7,18.953,5,5,5,33.451
17.56,4,45.316,65.494,41.772,68.887,125.445,127.96600000000001,65.2,55.0,29.5,99.3,67.7,88.1,96.3,88.0,95.21600000000001,92.0,94.7,19.377000000000002,5,5,5,33.452
17.58,4,45.618,65.16300000000001,41.582,69.449,125.32700000000001,127.90100000000001,65.2,55.0,29.5,99.3,67.7,88.1,96.3,88.0,95.253,92.0,94.7,19.515,5,5,5,33.451
17.6,4,45.304,65.47200000000001,41.685,69.18,125.29799999999999,127.809,65.2,55.1,29.5,99.2,67.7,88.1,96.3,88.0,95.273,92.0,94.7,19.729,5,5,5,33.453
17.62,4,45.033,65.063,41.453,68.826,125.15100000000001,127.705,65.2,55.1,29.5,99.2,67.7,88.1,96.35,88.0,95.285,92.0,94.7,19.71,5,5,5,33.451
17.64,4,45.22,65.027,41.608000000000004,68.78,125.10600000000001,127.65299999999999,65.2,55.1,29.5,99.2,67.7,88.1,96.416,88.0,95.292,92.0,94.725,19.732999999999997,5,5,5,33.443
17.66,4,44.909,65.146,41.505,68.979,125.00299999999999,127.62700000000001,65.2,55.1,29.5,99.2,67.7,88.1,96.453,88.0,95.295,92.0,94.80199999999999,19.698,5,5,5,33.444
17.68,4,45.295,65.458,41.498000000000005,69.29899999999999,124.959,127.561,65.2,55.1,29.5,99.2,67.7,88.188,96.473,88.0,95.297,92.0,94.845,19.922,5,5,5,33.448
17.7,4,44.900999999999996,65.74000000000001,41.444,69.298,124.929,127.47,65.2,55.1,29.5,99.2,67.7,88.237,96.485,88.0,95.29899999999999,92.0,94.869,19.826999999999998,5,5,5,33.43300000000001
17.72,4,44.568000000000005,65.812,41.739000000000004,69.191,124.855,127.444,65.2,55.1,29.5,99.2,67.7,88.264,96.492,88.0,95.29899999999999,92.0,94.882,19.831,5,5,5,33.432
17.74,4,44.825,65.169,41.202,69.05199999999999,124.82600000000001,127.31299999999999,65.2,55.1,29.5,99.2,67.7,88.28,96.495,88.0,95.3,92.0,94.89,19.502000000000002,5,5,5,33.429
17.76,4,44.726,65.158,41.336,68.84899999999999,124.796,127.352,65.2,55.1,29.5,99.2,67.7,88.289,96.497,88.0,95.3,92.0,94.89399999999999,17.990000000000002,5,5,5,33.429
17.78,4,44.945,65.41300000000001,41.306999999999995,69.089,124.70700000000001,127.221,65.2,55.1,29.5,99.2,67.7,88.294,96.499,88.0,95.3,92.0,94.89699999999999,18.102,5,5,5,33.429
17.8,4,44.705999999999996,65.199,41.467,69.281,124.677,127.221,65.2,55.1,29.5,99.2,67.7,88.296,96.499,88.0,95.3,92.0,94.898,17.7,5,5,5,33.434
17.82,4,45.037,65.17699999999999,41.343,69.257,124.588,127.155,65.2,55.1,29.5,99.2,67.7,88.298,96.5,88.0,95.3,92.0,94.899,16.728,5,5,5,33.424
17.84,4,45.007,65.388,41.238,69.49,124.395,127.07600000000001,65.2,55.1,29.5,99.2,67.7,88.29899999999999,96.5,88.0,95.3,92.0,94.899,17.397,5,5,5,33.421
17.86,4,44.605,65.407,41.256,69.311,124.499,127.07600000000001,65.2,55.1,29.5,99.2,67.7,88.29899999999999,96.5,88.0,95.3,92.0,94.9,16.619999999999997,5,5,5,33.419
17.88,4,44.81,65.453,41.171,69.006,124.32,126.984,65.2,55.1,29.5,99.2,67.7,88.3,96.5,88.0,95.3,92.0,94.9,16.044,5,5,5,33.417
17.9,4,44.654,65.019,41.318000000000005,69.191,124.275,127.01100000000001,65.2,55.1,29.5,99.2,67.7,88.3,96.5,88.0,95.3,92.0,94.9,16.875,5,5,5,33.415
17.92,4,44.858000000000004,65.27199999999999,41.218,69.38600000000001,124.305,126.866,65.2,55.1,29.5,99.2,67.7,88.3,96.5,88.0,95.3,92.0,94.9,15.695,5,5,5,33.418000000000006
17.94,4,44.438,65.408,41.236999999999995,69.28699999999999,124.126,126.839,65.2,55.1,29.5,99.2,67.7,88.3,96.5,88.0,95.3,92.0,94.9,16.09,5,5,5,33.418000000000006
17.96,4,44.248000000000005,65.06899999999999,41.12,69.65100000000001,124.141,126.866,65.2,55.1,29.5,99.2,67.7,88.3,96.5,88.0,95.3,92.0,94.9,16.314999999999998,5,5,5,33.415
17.98,4,44.395,65.396,41.14,69.251,124.066,126.70700000000001,65.2,55.1,29.5,99.2,67.7,88.3,96.5,88.0,95.3,92.0,94.9,15.1,5,5,5,33.407
18.0,4,44.45,65.261,41.07,69.445,124.021,126.602,65.2,55.1,29.5,99.2,67.7,88.3,96.5,88.0,95.3,92.0,94.9,15.705,5,5,5,33.405
18.02,4,44.247,65.516,41.2,69.127,123.931,126.602,65.2,55.1,29.5,99.2,67.7,88.3,96.5,88.0,95.3,92.0,94.9,15.49,5,5,5,33.402
18.04,4,44.518,65.053,41.07,69.589,123.916,126.602,65.2,55.1,29.5,99.2,67.7,88.3,96.5,88.0,95.3,92.0,94.9,14.527000000000001,5,5,5,33.403000000000006
18.06,4,44.275,65.161,41.255,69.589,123.916,126.456,65.2,55.1,29.5,99.2,67.7,88.3,96.5,88.0,95.3,92.0,94.9,15.463,5,5,5,33.391999999999996
18.08,4,44.238,65.106,41.004,69.425,123.661,126.43,65.2,55.1,29.5,99.2,67.7,88.3,96.5,88.0,95.3,92.0,94.9,14.815,5,5,5,33.387
18.1,4,44.031,65.102,41.046,69.525,123.63,126.37700000000001,65.2,55.1,29.5,99.2,67.7,88.3,96.5,88.087,95.3,92.0,94.9,14.572000000000001,5,5,5,33.391
18.12,4,44.025,64.655,41.029,69.752,123.615,126.39,65.2,55.1,29.5,99.2,67.7,88.3,96.5,88.137,95.3,92.0,94.9,15.664000000000001,5,5,5,33.385999999999996
18.14,4,44.093,64.727,41.024,69.383,123.495,126.23100000000001,65.2,55.1,29.5,99.2,67.7,88.3,96.5,88.164,95.3,92.0,94.9,14.679,5,5,5,33.385000000000005
18.16,4,43.994,64.685,40.985,69.616,123.464,126.21799999999999,65.2,55.1,29.5,99.2,67.7,88.3,96.5,88.18,95.3,92.0,94.9,14.991,5,5,5,33.384
18.18,4,44.091,65.11699999999999,40.997,69.824,123.389,126.164,65.2,55.1,29.5,99.2,67.7,88.3,96.5,88.189,95.3,92.0,94.9,15.59,5,5,5,33.382
18.2,4,44.128,65.128,40.908,69.89699999999999,123.359,126.111,65.2,55.1,29.5,99.2,67.7,88.3,96.5,88.194,95.3,92.0,94.9,14.416,5,5,5,33.383
18.22,4,43.414,64.85300000000001,40.841,69.747,123.31299999999999,126.031,65.2,55.1,29.5,99.2,67.7,88.3,96.5,88.196,95.3,92.0,94.9,15.145,5,5,5,33.381
18.24,4,43.568000000000005,64.80799999999999,40.931999999999995,69.535,123.32799999999999,125.95200000000001,65.2,55.1,29.5,99.2,67.7,88.3,96.5,88.19800000000001,95.3,92.0,94.9,15.092,5,5,5,33.385000000000005
18.26,4,43.376,64.56700000000001,40.983000000000004,69.38600000000001,123.20700000000001,125.925,65.2,55.1,29.5,99.2,67.7,88.3,96.5,88.199,95.3,92.05,94.9,14.19,5,5,5,33.383
18.28,4,43.36,64.791,40.937,68.816,123.025,125.885,65.2,55.1,29.5,99.2,67.7,88.3,96.5,88.199,95.3,92.116,94.9,15.222000000000001,5,5,5,33.384
18.3,4,43.731,64.66,40.753,68.74000000000001,123.161,125.805,65.2,55.1,29.5,99.2,67.7,88.3,96.5,88.2,95.3,92.153,94.9,14.685,5,5,5,33.384
18.32,4,43.248000000000005,64.678,40.821999999999996,68.486,123.04,125.725,65.2,55.1,29.5,99.2,67.7,88.3,96.5,88.2,95.3,92.173,94.9,14.253,5,5,5,33.393
18.34,4,43.4,64.769,40.724000000000004,69.07600000000001,122.90299999999999,125.631,65.2,55.1,29.5,99.2,67.7,88.3,96.5,88.2,95.3,92.185,94.9,15.397,5,5,5,33.394000000000005
18.36,4,43.541,64.494,40.654,69.039,122.796,125.59100000000001,65.2,55.1,29.5,99.2,67.7,88.3,96.5,88.2,95.3,92.192,94.9,14.541,5,5,5,33.394000000000005
18.38,4,43.602,64.745,40.787,68.975,122.75,125.605,65.2,55.1,29.5,99.2,67.7,88.3,96.5,88.2,95.3,92.195,94.9,14.875,5,5,5,33.393
18.4,4,42.848,65.273,40.779,68.71000000000001,122.689,125.564,65.2,55.1,29.5,99.2,67.7,88.3,96.5,88.2,95.3,92.197,94.9,15.45,5,5,5,33.387
18.42,4,43.046,64.44800000000001,40.848,68.888,122.704,125.484,65.2,55.1,29.5,99.2,67.7,88.3,96.5,88.2,95.3,92.199,94.9,14.334,5,5,5,33.393
18.44,4,43.161,64.56899999999999,40.62,69.164,122.64299999999999,125.39,65.2,55.1,29.5,99.2,67.7,88.3,96.5,88.2,95.3,92.199,94.9,14.874,5,5,5,33.394000000000005
18.46,4,42.735,64.809,40.836999999999996,69.119,122.551,125.35,65.2,55.1,29.5,99.2,67.7,88.3,96.5,88.2,95.3,92.2,94.9,15.09,5,5,5,33.374
18.48,4,43.353,64.864,40.722,69.238,122.505,125.39,65.2,55.1,29.5,99.2,67.7,88.3,96.5,88.2,95.3,92.2,94.9,14.118,5,5,5,33.370999999999995
18.5,4,43.249,64.62100000000001,40.698,68.846,122.413,125.20200000000001,65.2,55.1,29.5,99.2,67.7,88.3,96.5,88.2,95.3,92.2,94.9,15.086,5,5,5,33.374
18.52,4,42.867,64.87100000000001,40.58,68.80600000000001,122.429,125.175,65.2,55.1,29.5,99.2,67.7,88.3,96.5,88.2,95.3,92.2,94.9,14.435,5,5,5,33.370999999999995
18.54,4,42.976,64.826,40.514,68.88499999999999,122.306,125.095,65.2,55.1,29.5,99.2,67.7,88.3,96.5,88.2,95.3,92.2,94.9,14.145,5,5,5,33.374
18.56,4,42.483000000000004,64.787,40.685,69.042,122.29,125.10799999999999,65.2,55.1,29.5,99.2,67.7,88.3,96.5,88.2,95.3,92.2,94.9,14.907,5,5,5,33.375
18.58,4,42.8,64.874,40.607,69.157,122.152,125.014,65.2,55.1,29.5,99.2,67.7,88.3,96.5,88.2,95.3,92.2,94.9,14.227,5,5,5,33.370999999999995
18.6,4,42.839,64.671,40.455,69.628,122.198,125.014,65.2,55.1,29.5,99.2,67.7,88.3,96.5,88.2,95.3,92.2,94.9,14.532,5,5,5,33.375
18.62,4,42.445,64.632,40.544000000000004,69.354,122.075,124.81200000000001,65.2,55.1,29.5,99.2,67.7,88.3,96.5,88.2,95.3,92.2,94.9,14.97,5,5,5,33.370999999999995
18.64,4,42.799,64.39500000000001,40.488,69.29,121.95100000000001,124.825,65.2,55.1,29.5,99.2,67.7,88.3,96.5,88.2,95.3,92.2,94.9,14.123,5,5,5,33.370999999999995
18.66,4,42.592,64.46100000000001,40.426,69.217,121.95100000000001,124.79799999999999,65.2,55.1,29.5,99.2,67.7,88.3,96.5,88.2,95.3,92.2,94.9,14.798,5,5,5,33.368
18.68,4,42.424,64.65100000000001,40.372,69.289,121.85799999999999,124.70299999999999,65.2,55.1,29.5,99.2,67.7,88.3,96.5,88.2,95.3,92.2,94.9,14.873,5,5,5,33.370999999999995
18.7,4,42.469,64.343,40.563,69.855,121.81200000000001,124.71700000000001,65.2,55.1,29.5,99.2,67.7,88.3,96.5,88.2,95.3,92.2,94.9,13.923,5,5,5,33.368
18.72,4,42.257,64.553,40.608000000000004,69.94,121.68799999999999,124.62200000000001,65.2,55.1,29.5,99.2,67.7,88.3,96.5,88.2,95.3,92.2,94.9,14.121,5,5,5,33.364999999999995
18.74,4,42.231,64.43299999999999,40.349000000000004,69.923,121.61,124.5,65.2,55.1,29.5,99.2,67.7,88.3,96.5,88.2,95.3,92.2,94.9,15.062000000000001,5,5,5,33.36
18.76,4,42.25,64.559,40.342,69.497,121.67200000000001,124.43299999999999,65.2,55.1,29.5,99.2,67.7,88.3,96.5,88.2,95.3,92.2,94.9,14.359,5,5,5,33.363
18.78,4,41.907,64.264,40.434,69.104,121.454,124.405,65.2,55.1,29.5,99.2,67.7,88.3,96.5,88.2,95.3,92.2,94.9,13.974,5,5,5,33.364999999999995
18.8,4,42.376,64.113,40.224000000000004,69.281,121.501,124.37799999999999,65.2,55.1,29.5,99.2,67.7,88.3,96.5,88.2,95.3,92.2,94.9,15.111,5,5,5,33.358000000000004
18.82,4,42.01,64.501,40.367,69.39399999999999,121.454,124.43299999999999,65.2,55.1,29.5,99.2,67.7,88.3,96.5,88.2,95.3,92.2,94.9,14.51,5,5,5,33.361000000000004
18.84,4,42.496,64.426,40.299,69.632,121.26700000000001,124.28299999999999,65.2,55.1,29.5,99.2,67.7,88.3,96.5,88.2,95.3,92.2,94.9,14.221,5,5,5,33.369
18.86,4,41.955999999999996,64.482,40.289,69.74600000000001,121.314,124.18799999999999,65.2,55.1,29.5,99.2,67.7,88.3,96.5,88.2,95.3,92.2,94.9,15.546,5,5,5,33.36
18.88,4,42.12,64.35300000000001,40.3,68.419,121.235,124.10600000000001,65.2,55.1,29.5,99.2,67.7,88.3,96.5,88.2,95.3,92.2,94.9,14.76,5,5,5,33.359
18.9,4,41.993,63.998000000000005,40.258,69.058,121.235,124.10600000000001,65.2,55.1,29.5,99.2,67.7,88.3,96.5,88.2,95.3,92.2,94.9,14.362,5,5,5,33.354
18.92,4,41.543,64.14699999999999,40.330999999999996,67.964,121.17299999999999,124.09299999999999,65.2,55.1,29.5,99.2,67.7,88.3,96.5,88.2,95.3,92.2,94.9,15.409,5,5,5,33.355000000000004
18.94,4,41.543,63.98,40.334,68.41499999999999,121.03200000000001,124.065,65.2,55.1,29.5,99.2,67.7,88.3,96.5,88.2,95.3,92.2,94.9,14.844,5,5,5,33.358000000000004
18.96,4,41.687,64.035,40.227,68.43199999999999,121.06299999999999,123.97,65.2,55.1,29.5,99.2,67.7,88.3,96.5,88.2,95.3,92.2,94.9,14.37,5,5,5,33.354
18.98,4,41.448,63.95,40.211999999999996,68.025,121.03200000000001,123.98299999999999,65.2,55.1,29.5,99.2,67.7,88.3,96.5,88.2,95.3,92.2,94.9,15.482000000000001,5,5,5,33.357
19.0,4,41.352,64.37899999999999,40.183,68.719,120.89,123.806,65.2,55.1,29.5,99.2,67.7,88.3,96.5,88.2,95.3,92.2,94.9,15.06,5,5,5,33.355999999999995
19.02,4,41.243,64.203,40.144,68.152,120.84299999999999,123.88799999999999,65.2,55.1,29.5,99.2,67.7,88.3,96.5,88.2,95.3,92.2,94.9,14.44,5,5,5,33.358000000000004
19.04,4,41.743,64.02799999999999,39.928000000000004,68.64,120.84299999999999,123.765,65.2,55.1,29.5,99.2,67.7,88.3,96.5,88.2,95.3,92.2,94.9,15.593,5,5,5,33.36
19.06,4,41.836,64.238,40.054,68.61500000000001,120.70100000000001,123.72399999999999,65.2,55.1,29.5,99.2,67.7,88.3,96.5,88.2,95.3,92.2,94.9,14.955,5,5,5,33.353
19.08,4,41.4,63.867,40.104,68.84899999999999,120.70100000000001,123.669,65.2,55.1,29.5,99.2,67.7,88.3,96.5,88.2,95.3,92.2,94.9,14.55,5,5,5,33.352
19.1,4,41.365,64.476,39.991,68.525,120.60600000000001,123.62799999999999,65.2,55.1,29.5,99.2,67.7,88.3,96.5,88.2,95.3,92.2,94.9,15.751,5,5,5,33.352
19.12,4,41.222,64.282,40.168,68.59100000000001,120.54299999999999,123.50399999999999,65.2,55.1,29.5,99.2,67.7,88.3,96.5,88.2,95.3,92.2,94.9,15.163,5,5,5,33.343
19.14,4,41.422,64.30199999999999,40.086,68.458,120.49600000000001,123.50399999999999,65.2,55.1,29.5,99.2,67.7,88.3,96.5,88.2,95.3,92.2,94.9,14.395,5,5,5,33.340999999999994
19.16,4,41.204,64.196,40.123000000000005,68.61,120.432,123.51799999999999,65.2,55.1,29.5,99.2,67.7,88.3,96.5,88.2,95.3,92.2,94.9,15.457,5,5,5,33.335
19.18,4,41.076,63.964,40.005,68.873,120.321,123.40799999999999,65.2,55.1,29.5,99.2,67.7,88.3,96.5,88.2,95.3,92.2,94.9,15.072000000000001,5,5,5,33.338
19.2,4,41.173,63.70399999999999,40.021,69.199,120.21,123.40799999999999,65.2,55.1,29.5,99.2,67.7,88.3,96.5,88.2,95.3,92.2,94.9,14.087,5,5,5,33.340999999999994
19.22,4,40.858000000000004,64.299,39.969,69.82300000000001,120.226,123.28399999999999,65.2,55.1,29.5,99.2,67.7,88.3,96.5,88.2,95.3,92.2,94.9,14.674,5,5,5,33.31699999999999
19.24,4,40.732,64.185,40.203,69.984,120.289,123.229,65.2,55.1,29.5,99.2,67.7,88.3,96.5,88.2,95.3,92.2,94.9,14.204,5,5,5,33.307
19.26,4,40.336,63.937,40.04,69.236,120.13,123.257,65.2,55.1,29.5,99.2,67.7,88.3,96.5,88.2,95.3,92.2,94.9,13.697000000000001,5,5,5,33.302
19.28,4,41.093,63.763000000000005,40.076,69.62,120.098,123.20200000000001,65.2,55.1,29.5,99.2,67.7,88.3,96.5,88.2,95.3,92.2,94.9,14.613,5,5,5,33.302
19.3,4,40.546,63.976000000000006,39.788000000000004,68.72999999999999,120.06700000000001,123.215,65.2,55.1,29.5,99.2,67.7,88.3,96.5,88.2,95.3,92.2,94.9,14.926,5,5,5,33.303
19.32,4,40.783,63.865,40.065,69.33,120.01899999999999,123.105,65.2,55.1,29.5,99.2,67.7,88.3,96.5,88.2,95.3,92.2,94.9,14.133,5,5,5,33.298
19.34,4,40.77,63.369,39.78,69.691,119.859,123.09100000000001,65.2,55.1,29.5,99.2,67.7,88.3,96.5,88.2,95.3,92.2,94.9,14.894,5,5,5,33.292
19.36,6,41.059,63.696999999999996,39.825,70.266,119.82700000000001,123.07700000000001,65.2,55.1,29.5,99.2,67.7,88.3,96.5,88.2,95.3,92.2,94.9,14.523,5,5,5,33.288
19.38,6,40.288000000000004,63.214,39.819,65.044,119.73100000000001,122.85600000000001,65.2,55.1,29.5,99.2,67.7,88.3,96.5,88.2,95.3,92.2,94.9,13.783,5,5,5,33.283
19.4,6,40.215,63.66,39.891,63.788000000000004,119.76299999999999,122.773,65.2,55.1,29.5,99.2,67.7,88.3,96.5,88.2,95.3,92.2,94.9,14.795,5,5,5,33.412
19.42,6,40.946999999999996,63.229,39.779,53.626999999999995,119.506,122.704,65.2,55.1,29.5,99.2,67.7,88.3,96.5,88.2,95.3,92.2,94.9,14.475,5,5,5,33.984
19.44,6,40.444,63.413000000000004,39.655,41.223,119.57,122.745,65.2,55.1,29.5,99.2,67.7,88.3,96.5,88.2,95.3,92.2,94.9,13.844,5,5,5,35.464
19.46,6,40.221,63.503,39.864000000000004,33.688,119.45700000000001,122.662,65.2,55.1,29.5,99.2,67.7,88.3,96.5,88.2,95.3,92.2,94.9,14.857000000000001,5,5,5,37.22
19.48,6,40.105,63.188,39.855,27.430999999999997,119.425,122.60600000000001,65.2,55.1,29.5,99.2,67.7,88.3,96.5,88.2,95.3,92.2,94.9,14.507,5,5,5,38.754999999999995
19.5,6,40.37,63.048,39.711,44.936,119.37700000000001,122.48100000000001,65.2,55.1,29.5,99.2,67.7,88.3,96.5,88.2,95.3,92.2,94.9,14.237,5,5,5,39.894000000000005
19.52,6,40.255,62.549,39.635999999999996,47.881,119.425,122.45299999999999,65.2,55.1,29.5,99.2,67.7,88.3,96.5,88.2,95.3,92.2,94.9,15.117,5,5,5,40.675
19.54,6,40.689,62.31399999999999,39.928000000000004,55.192,119.39299999999999,122.17399999999999,65.2,55.1,29.5,99.2,67.7,88.3,96.5,88.2,95.3,92.2,94.9,14.699,5,5,5,41.197
19.56,6,40.469,61.474,39.731,56.04,119.24799999999999,122.07700000000001,65.2,55.1,29.5,99.2,67.7,88.3,96.5,88.2,95.3,92.2,94.9,14.296,5,5,5,41.571
19.58,6,40.830999999999996,61.028999999999996,39.79,47.551,119.23100000000001,121.824,65.2,55.1,29.5,99.2,67.7,88.3,96.5,88.2,95.3,92.2,94.9,15.297,5,5,5,41.814
19.6,6,40.341,60.278999999999996,39.811,57.976000000000006,119.215,121.824,65.2,55.1,29.5,99.3,67.7,88.3,96.5,88.2,95.3,92.2,94.9,14.796,5,5,5,41.949
19.62,6,40.363,59.585,39.959,56.653,119.167,121.557,65.2,55.1,29.5,99.3,67.7,88.3,96.5,88.2,95.3,92.2,94.9,14.249,5,5,5,42.093
19.64,6,40.561,58.553999999999995,39.806,59.943000000000005,119.053,121.345,65.2,55.1,29.5,99.3,67.7,88.3,96.5,88.2,95.3,92.2,94.9,15.418,5,5,5,42.299
19.66,6,40.428000000000004,58.332,39.879,61.028,119.021,121.387,65.2,55.1,29.5,99.3,67.7,88.3,96.5,88.2,95.3,92.2,94.9,14.747,5,5,5,42.489000000000004
19.68,6,40.315,57.91,39.904,58.724,118.97200000000001,121.175,65.2,55.1,29.5,99.3,67.7,88.3,96.5,88.2,95.3,92.2,94.9,14.289,5,5,5,42.650999999999996
19.7,6,40.406,57.174,39.919000000000004,59.354,119.00399999999999,121.161,65.2,55.1,29.5,99.3,67.7,88.3,96.5,88.2,95.3,92.2,94.9,15.193999999999999,5,5,5,42.802
19.72,6,40.457,56.653,39.86,58.933,118.90700000000001,121.133,65.2,55.1,29.5,99.3,67.7,88.3,96.5,88.2,95.3,92.2,94.9,14.722000000000001,5,5,5,42.963
19.74,6,40.249,56.262,40.006,57.645,118.84200000000001,120.991,65.2,55.1,29.5,99.3,67.7,88.3,96.5,88.2,95.3,92.2,94.9,14.448,5,5,5,43.092
19.76,6,40.003,55.895,40.034,59.123999999999995,118.891,120.87700000000001,65.2,55.1,29.5,99.3,67.7,88.3,96.5,88.2,95.3,92.2,94.9,15.249,5,5,5,43.236999999999995
19.78,6,39.929,55.162,40.031,59.62,118.613,120.834,65.2,55.1,29.5,99.3,67.7,88.3,96.5,88.2,95.3,92.2,94.9,15.045,5,5,5,43.387
19.8,6,40.013000000000005,54.758,39.813,59.175,118.613,120.777,65.2,55.1,29.5,99.3,67.7,88.3,96.5,88.2,95.3,92.2,94.9,14.555,5,5,5,43.542
19.82,6,40.037,55.121,39.867,59.467,118.613,120.806,65.2,55.1,29.5,99.3,67.7,88.3,96.5,88.2,95.3,92.2,94.9,15.360999999999999,5,5,5,43.701
19.84,6,40.371,54.345,39.754,59.961000000000006,118.515,120.706,65.2,55.1,29.5,99.3,67.7,88.3,96.5,88.2,95.3,92.2,94.9,15.75,5,5,5,43.854
19.86,6,40.236,54.224,39.857,60.493,118.368,120.777,65.2,55.1,29.5,99.3,67.7,88.3,96.5,88.2,95.3,92.2,94.9,14.818,5,5,5,44.02
19.88,6,39.954,54.412,39.829,62.43,118.417,120.734,65.2,55.1,29.5,99.3,67.7,88.3,96.5,88.2,95.3,92.2,94.9,14.811,5,5,5,44.165
19.9,6,39.904,54.075,39.843,60.285,118.48200000000001,120.60600000000001,65.2,55.1,29.5,99.3,67.7,88.3,96.5,88.2,95.3,92.2,94.9,15.743,5,5,5,44.306
19.92,6,39.883,54.0,39.801,59.966,118.351,120.52,65.2,55.1,29.5,99.3,67.7,88.3,96.5,88.2,95.3,92.2,94.9,15.196,5,5,5,44.501
19.94,6,40.236,53.902,39.784,60.18899999999999,118.335,120.506,65.2,55.1,29.5,99.3,67.7,88.3,96.5,88.2,95.3,92.2,94.9,14.709,5,5,5,44.625
19.96,6,39.747,53.908,39.552,59.893,118.22,120.449,65.2,55.1,29.5,99.3,67.7,88.3,96.5,88.2,95.3,92.2,94.9,15.517000000000001,5,5,5,44.795
19.98,6,39.849000000000004,53.585,39.650999999999996,63.691,118.17,120.492,65.2,55.1,29.5,99.3,67.7,88.3,96.5,88.2,95.3,92.2,94.9,15.838,5,5,5,44.946999999999996
20.0,6,39.442,53.828,39.919000000000004,59.9,118.17,120.406,65.2,55.1,29.5,99.3,67.7,88.3,96.5,88.2,95.35,92.2,94.9,14.976,5,5,5,45.119
20.02,6,40.159,53.713,39.656,62.794,118.055,120.32,65.2,55.1,29.5,99.3,67.7,88.3,96.5,88.2,95.416,92.2,94.9,15.017999999999999,5,5,5,45.238
20.04,6,39.558,53.836000000000006,39.639,62.861000000000004,117.98899999999999,120.449,65.2,55.1,29.5,99.3,67.7,88.3,96.5,88.2,95.453,92.2,94.9,15.84,5,5,5,45.408
20.06,6,40.178000000000004,53.476000000000006,39.504,61.763000000000005,117.98899999999999,120.19,65.2,55.1,29.5,99.3,67.7,88.3,96.5,88.2,95.473,92.2,94.9,15.24,5,5,5,45.558
20.08,6,39.111,53.049,39.569,63.806999999999995,117.906,120.262,65.2,55.1,29.5,99.3,67.7,88.3,96.5,88.2,95.485,92.2,94.9,14.884,5,5,5,45.727
20.1,6,39.161,53.416000000000004,39.554,62.688,117.956,120.205,65.2,55.1,29.5,99.3,67.7,88.3,96.5,88.2,95.492,92.2,94.9,15.690999999999999,5,5,5,45.889
20.12,6,39.379,53.192,39.529,65.054,117.823,120.147,65.2,55.1,29.5,99.3,67.7,88.3,96.5,88.2,95.495,92.2,94.9,16.018,5,5,5,46.042
20.14,6,39.131,53.114,39.59,63.01,117.823,120.176,65.2,55.1,29.5,99.3,67.7,88.3,96.587,88.2,95.497,92.2,94.9,15.136000000000001,5,5,5,46.199
20.16,6,39.45,53.031000000000006,39.3,60.388000000000005,117.69,120.162,65.2,55.1,29.5,99.3,67.7,88.3,96.637,88.2,95.499,92.2,94.9,15.283,5,5,5,46.349000000000004
20.18,6,39.56,52.979,39.325,62.258,117.624,120.075,65.2,55.1,29.5,99.3,67.7,88.3,96.664,88.2,95.499,92.2,94.9,16.08,5,5,5,46.482
20.2,6,38.650999999999996,52.972,39.576,62.881,117.60700000000001,119.96,65.2,55.1,29.5,99.3,67.7,88.3,96.68,88.2,95.5,92.2,94.9,15.369000000000002,5,5,5,46.657
20.22,6,39.195,52.5,39.249,65.08699999999999,117.574,120.01799999999999,65.2,55.1,29.5,99.3,67.7,88.3,96.689,88.2,95.5,92.2,94.9,15.068999999999999,5,5,5,46.798
20.24,6,38.986999999999995,52.485,39.429,62.281000000000006,117.507,119.801,65.2,55.1,29.5,99.3,67.7,88.3,96.694,88.2,95.5,92.2,94.9,15.887,5,5,5,46.935
20.26,6,38.931999999999995,52.353,39.41,62.284,117.441,119.931,65.2,55.1,29.5,99.3,67.7,88.3,96.696,88.2,95.5,92.2,94.9,16.171,5,5,5,47.053000000000004
20.28,6,39.052,52.571000000000005,39.345,62.695,117.45700000000001,119.787,65.2,55.1,29.5,99.3,67.7,88.3,96.69800000000001,88.2,95.5,92.2,94.9,15.145,5,5,5,47.207
20.3,6,38.67,52.45399999999999,39.126999999999995,64.649,117.324,119.83,65.2,55.1,29.5,99.3,67.7,88.3,96.699,88.2,95.5,92.2,94.9,15.437000000000001,5,5,5,47.349000000000004
20.32,6,38.659,51.912,39.321,63.513000000000005,117.324,119.772,65.2,55.1,29.5,99.3,67.7,88.3,96.699,88.2,95.5,92.2,94.9,16.025,5,5,5,47.481
20.34,6,38.607,51.982,39.314,63.611999999999995,117.257,119.743,65.2,55.1,29.5,99.3,67.7,88.35,96.7,88.2,95.5,92.2,94.9,15.262,5,5,5,47.605
20.36,6,38.64,52.08,39.211,63.99100000000001,117.24,119.62700000000001,65.2,55.1,29.5,99.3,67.7,88.416,96.7,88.2,95.5,92.2,94.9,14.977,5,5,5,47.749
20.38,6,38.756,52.148,39.019,63.22,117.156,119.671,65.2,55.1,29.5,99.3,67.7,88.453,96.7,88.2,95.5,92.2,94.95,15.946,5,5,5,47.839
20.4,6,38.904,51.653999999999996,39.089,66.578,116.988,119.45299999999999,65.2,55.1,29.5,99.3,67.7,88.473,96.7,88.2,95.5,92.2,95.016,16.02,5,5,5,47.98
20.42,6,38.69,51.907,39.007,62.973,117.038,119.41,65.2,55.1,29.5,99.3,67.7,88.485,96.7,88.2,95.5,92.2,95.053,15.12,5,5,5,48.099000000000004
20.44,6,38.152,51.696999999999996,39.004,64.676,116.853,119.366,65.2,55.1,29.5,99.3,67.7,88.492,96.7,88.2,95.5,92.2,95.07300000000001,15.436,5,5,5,48.224000000000004
20.46,6,38.455999999999996,52.049,38.821999999999996,64.827,116.887,119.352,65.2,55.1,29.5,99.3,67.7,88.495,96.7,88.225,95.5,92.2,95.085,15.95,5,5,5,48.342
20.48,6,38.501999999999995,51.56100000000001,38.769,64.22399999999999,116.786,119.29299999999999,65.2,55.1,29.5,99.3,67.7,88.497,96.7,88.30199999999999,95.5,92.2,95.092,15.277000000000001,5,5,5,48.457
20.5,6,38.263000000000005,51.893,38.89,66.88300000000001,116.76899999999999,119.381,65.2,55.1,29.5,99.3,67.7,88.499,96.7,88.345,95.5,92.2,95.095,14.815,5,5,5,48.586
20.52,6,38.257,51.788000000000004,38.842,66.521,116.616,119.264,65.2,55.1,29.5,99.3,67.7,88.499,96.7,88.369,95.5,92.2,95.097,15.889000000000001,5,5,5,48.721
20.54,6,38.33,51.632,38.787,64.203,116.616,119.206,65.2,55.1,29.5,99.3,67.7,88.5,96.7,88.382,95.5,92.2,95.098,16.099,5,5,5,48.81
20.56,6,38.041,51.797,38.859,64.304,116.515,119.191,65.2,55.1,29.5,99.3,67.7,88.5,96.7,88.39,95.5,92.2,95.09899999999999,15.03,5,5,5,48.96
20.58,6,38.201,51.631,38.87,63.845,116.565,119.147,65.2,55.1,29.5,99.3,67.7,88.5,96.7,88.39399999999999,95.5,92.2,95.1,15.802,5,5,5,49.067
20.6,6,38.004,51.68,39.022,65.226,116.515,119.118,65.2,55.1,29.5,99.3,67.7,88.5,96.7,88.39699999999999,95.5,92.2,95.1,16.205,5,5,5,49.196
20.62,6,38.063,51.258,38.964,66.826,116.565,118.97200000000001,65.2,55.1,29.5,99.3,67.7,88.5,96.7,88.398,95.5,92.2,95.1,15.262,5,5,5,49.319
20.64,6,38.041,51.55,38.759,66.327,116.396,119.06,65.2,55.1,29.5,99.3,67.7,88.5,96.7,88.399,95.5,92.2,95.1,14.956,5,5,5,49.398
20.66,6,37.975,51.488,38.994,62.663999999999994,116.29299999999999,118.95700000000001,65.2,55.1,29.5,99.3,67.7,88.5,96.7,88.399,95.5,92.2,95.1,16.095,5,5,5,49.529
20.68,6,38.071999999999996,51.623999999999995,38.891999999999996,64.13399999999999,116.27600000000001,118.899,65.2,55.1,29.5,99.3,67.7,88.5,96.7,88.4,95.5,92.2,95.1,15.970999999999998,5,5,5,49.633
20.7,6,37.832,51.382,38.724000000000004,64.735,116.27600000000001,118.97200000000001,65.2,55.1,29.5,99.3,67.7,88.5,96.7,88.4,95.5,92.2,95.1,15.036,5,5,5,49.772
20.72,6,37.804,51.45,38.817,65.37899999999999,116.054,118.899,65.2,55.1,29.5,99.3,67.7,88.5,96.7,88.4,95.5,92.2,95.1,15.283,5,5,5,49.904
20.74,6,37.629,51.096000000000004,38.876,65.263,116.208,118.84,65.2,55.1,29.5,99.3,67.7,88.5,96.7,88.4,95.5,92.2,95.1,15.501,5,5,5,49.976
20.76,6,37.631,51.32899999999999,38.735,64.149,116.14,118.75200000000001,65.2,55.1,29.5,99.3,67.7,88.5,96.7,88.4,95.5,92.2,95.1,14.472999999999999,5,5,5,50.105
20.78,6,37.679,51.251999999999995,38.864000000000004,64.047,116.02,118.723,65.2,55.1,29.5,99.3,67.7,88.5,96.7,88.4,95.5,92.2,95.1,13.742,5,5,5,50.186
20.8,6,37.125,50.678999999999995,38.673,63.942,115.95100000000001,118.634,65.2,55.1,29.5,99.3,67.7,88.5,96.7,88.4,95.5,92.2,95.1,14.084,5,5,5,50.304
20.82,6,37.574,51.202,38.803000000000004,66.69399999999999,116.054,118.693,65.2,55.1,29.5,99.3,67.7,88.5,96.7,88.4,95.5,92.2,95.1,13.127,5,5,5,50.429
20.84,6,37.328,50.998000000000005,38.702,64.939,116.054,118.664,65.2,55.1,29.5,99.3,67.7,88.5,96.7,88.4,95.5,92.2,95.1,12.721,5,5,5,50.532
20.86,6,37.277,51.148999999999994,38.556999999999995,64.21199999999999,115.814,118.561,65.2,55.1,29.5,99.3,67.7,88.5,96.7,88.4,95.5,92.2,95.1,13.079,5,5,5,50.615
20.88,6,36.782,50.972,38.614000000000004,64.72,115.831,118.649,65.2,55.1,29.5,99.3,67.7,88.5,96.7,88.4,95.5,92.2,95.1,12.279,5,5,5,50.702
20.9,6,37.274,50.705,38.836999999999996,64.721,115.762,118.48700000000001,65.2,55.1,29.5,99.3,67.7,88.5,96.7,88.4,95.5,92.2,95.1,11.918,5,5,5,50.789
20.92,6,37.336999999999996,50.847,38.580999999999996,68.07,115.762,118.531,65.2,55.1,29.5,99.3,67.7,88.5,96.7,88.4,95.5,92.2,95.1,12.455,5,5,5,50.876
20.94,6,37.107,50.791000000000004,38.625,66.186,115.711,118.47200000000001,65.2,55.1,29.5,99.3,67.7,88.5,96.7,88.4,95.5,92.2,95.1,11.544,5,5,5,50.95
20.96,6,36.959,50.754,38.704,65.266,115.64200000000001,118.354,65.2,55.1,29.5,99.3,67.7,88.5,96.7,88.4,95.5,92.2,95.1,11.2,5,5,5,51.053000000000004
20.98,6,37.014,50.977,38.589,67.503,115.572,118.354,65.2,55.1,29.5,99.3,67.7,88.5,96.7,88.4,95.5,92.2,95.1,11.861,5,5,5,51.122
21.0,6,36.626,50.7,38.58,65.517,115.693,118.28,65.2,55.1,29.5,99.3,67.7,88.5,96.7,88.4,95.5,92.2,95.1,11.335,5,5,5,51.224
21.02,6,36.697,50.928999999999995,38.77,67.782,115.555,118.28,65.2,55.1,29.5,99.3,67.7,88.5,96.7,88.4,95.5,92.2,95.1,10.795,5,5,5,51.338
21.04,6,36.919,50.71,38.592,69.563,115.538,118.325,65.2,55.1,29.5,99.3,67.7,88.5,96.7,88.4,95.5,92.2,95.1,11.183,5,5,5,51.423
21.06,6,36.525999999999996,50.788000000000004,38.754,66.795,115.469,118.177,65.2,55.1,29.5,99.3,67.7,88.5,96.7,88.4,95.5,92.2,95.1,10.736,5,5,5,51.534
21.08,6,36.754999999999995,50.43899999999999,38.481,66.53800000000001,115.26,118.251,65.2,55.1,29.5,99.3,67.7,88.5,96.7,88.4,95.5,92.2,95.1,10.276,5,5,5,51.628
21.1,6,36.688,50.367,38.798,66.571,115.365,118.117,65.2,55.1,29.5,99.3,67.7,88.5,96.7,88.4,95.5,92.2,95.1,10.568,5,5,5,51.758
21.12,6,36.6,50.519,38.713,68.312,115.382,118.014,65.2,55.1,29.5,99.3,67.7,88.5,96.7,88.4,95.5,92.2,95.1,10.426,5,5,5,51.864
21.14,6,36.694,50.526,38.786,70.305,115.295,118.103,65.2,55.1,29.5,99.3,67.7,88.5,96.7,88.4,95.5,92.2,95.1,9.925,5,5,5,51.958
21.16,6,36.372,50.769,38.715,67.96199999999999,115.26,117.999,65.2,55.1,29.5,99.3,67.7,88.5,96.7,88.4,95.5,92.2,95.1,10.122,5,5,5,52.093999999999994
21.18,6,36.333,50.56,38.755,68.059,115.191,117.865,65.2,55.1,29.5,99.3,67.7,88.5,96.7,88.4,95.5,92.2,95.1,10.192,5,5,5,52.203
21.2,6,36.33,50.325,38.764,67.247,115.104,117.90899999999999,65.2,55.1,29.5,99.3,67.7,88.5,96.7,88.4,95.5,92.2,95.1,9.613,5,5,5,52.324
21.22,6,36.230999999999995,50.063,38.489000000000004,68.05699999999999,115.156,117.954,65.2,55.1,29.5,99.3,67.7,88.5,96.7,88.4,95.5,92.2,95.1,10.059999999999999,5,5,5,52.446000000000005
21.24,6,36.158,50.501999999999995,38.558,70.94800000000001,115.03399999999999,117.88,65.2,55.1,29.5,99.3,67.7,88.5,96.7,88.4,95.5,92.2,95.1,10.379999999999999,5,5,5,52.592
21.26,6,36.265,49.732,38.59,69.691,114.999,117.671,65.2,55.1,29.5,99.3,67.7,88.5,96.7,88.4,95.5,92.2,95.1,9.408000000000001,5,5,5,52.748000000000005
21.28,6,36.272,50.043,38.505,67.715,114.964,117.775,65.2,55.1,29.5,99.3,67.7,88.5,96.7,88.4,95.5,92.2,95.1,9.915,5,5,5,52.873000000000005
21.3,6,36.28,50.317,38.629,68.544,114.89399999999999,117.70100000000001,65.2,55.1,29.5,99.3,67.7,88.5,96.7,88.4,95.5,92.2,95.1,10.373999999999999,5,5,5,53.036
21.32,6,35.975,50.224,38.669000000000004,67.46100000000001,114.89399999999999,117.641,65.2,55.1,29.5,99.3,67.7,88.5,96.7,88.4,95.5,92.2,95.1,9.256,5,5,5,53.176
21.34,6,35.994,50.181999999999995,38.565,71.512,114.719,117.626,65.2,55.1,29.5,99.3,67.7,88.5,96.7,88.4,95.5,92.2,95.1,9.897,5,5,5,53.312
21.36,6,35.762,49.81399999999999,38.646,69.90899999999999,114.613,117.566,65.2,55.1,29.5,99.3,67.7,88.5,96.7,88.4,95.5,92.2,95.1,10.001999999999999,5,5,5,53.471000000000004
21.38,6,35.891,50.075,38.544000000000004,69.475,114.595,117.476,65.2,55.1,29.5,99.3,67.7,88.5,96.7,88.4,95.5,92.2,95.1,9.115,5,5,5,53.606
21.4,6,35.954,49.974,38.395,70.237,114.666,117.461,65.2,55.1,29.5,99.3,67.7,88.5,96.7,88.4,95.5,92.2,95.1,9.836,5,5,5,53.751999999999995
21.42,6,35.91,49.506,38.589,68.268,114.631,117.34100000000001,65.2,55.1,29.5,99.3,67.7,88.5,96.7,88.4,95.5,92.2,95.1,10.174,5,5,5,53.918
21.44,6,35.495000000000005,49.542,38.452,71.67,114.43700000000001,117.311,65.2,55.1,29.5,99.3,67.7,88.5,96.7,88.4,95.5,92.2,95.1,9.09,5,5,5,54.071999999999996
21.46,6,36.001999999999995,49.416000000000004,38.521,71.531,114.454,117.32600000000001,65.2,55.1,29.5,99.3,67.7,88.5,96.7,88.4,95.5,92.2,95.1,9.815999999999999,5,5,5,54.231
21.48,6,35.586,49.677,38.407,70.509,114.47200000000001,117.35600000000001,65.2,55.1,29.5,99.3,67.7,88.5,96.7,88.4,95.5,92.2,95.1,9.966000000000001,5,5,5,54.355
21.5,6,35.619,49.717,38.541,70.63,114.40100000000001,117.266,65.2,55.1,29.5,99.3,67.7,88.5,96.7,88.4,95.5,92.2,95.1,8.966000000000001,5,5,5,54.5
21.52,6,36.085,49.873000000000005,38.275,70.061,114.31299999999999,117.236,65.2,55.1,29.5,99.3,67.7,88.5,96.7,88.4,95.5,92.2,95.1,9.837,5,5,5,54.675
21.54,6,35.479,49.648999999999994,38.601,71.60300000000001,114.26,117.251,65.2,55.1,29.5,99.3,67.7,88.5,96.7,88.4,95.5,92.2,95.1,10.193,5,5,5,54.879
21.56,6,35.156,49.836999999999996,38.702,75.313,114.15299999999999,117.101,65.2,55.1,29.5,99.3,67.7,88.5,96.7,88.4,95.5,92.2,95.1,8.992,5,5,5,55.006
21.58,6,35.28,49.69,38.353,71.015,114.064,117.116,65.2,55.1,29.5,99.3,67.7,88.5,96.7,88.4,95.5,92.2,95.1,9.852,5,5,5,55.163999999999994
21.6,6,35.852,49.419,38.396,71.148,114.189,116.935,65.2,55.1,29.6,99.4,67.7,88.5,96.7,88.4,95.5,92.2,95.1,10.118,5,5,5,55.324
21.62,6,35.230999999999995,49.438,38.435,70.134,114.171,116.95,65.2,55.1,29.6,99.4,67.7,88.5,96.7,88.4,95.5,92.2,95.1,9.031,5,5,5,55.507
21.64,6,35.034000000000006,49.77,38.387,71.234,114.08200000000001,116.95,65.2,55.1,29.6,99.4,67.7,88.5,96.7,88.4,95.5,92.2,95.1,9.901,5,5,5,55.663000000000004
21.66,6,34.936,49.718999999999994,38.458,73.12100000000001,113.993,116.965,65.2,55.1,29.6,99.4,67.7,88.5,96.7,88.4,95.5,92.2,95.1,10.281,5,5,5,55.832
21.68,6,35.047,49.675,38.339,71.687,114.01100000000001,117.01,65.2,55.1,29.6,99.4,67.7,88.5,96.7,88.4,95.5,92.2,95.1,9.306000000000001,5,5,5,55.997
21.7,6,34.609,49.657,38.604,71.419,113.975,116.78299999999999,65.2,55.1,29.6,99.4,67.7,88.5,96.7,88.4,95.5,92.2,95.1,9.687999999999999,5,5,5,56.157
21.72,6,35.120000000000005,49.22,38.355,70.055,114.04700000000001,116.829,65.2,55.1,29.6,99.4,67.7,88.5,96.7,88.4,95.5,92.2,95.1,9.731,5,5,5,56.333999999999996
21.74,6,34.831999999999994,49.482,38.529,70.278,113.904,116.79899999999999,65.2,55.1,29.6,99.4,67.7,88.5,96.7,88.4,95.5,92.2,95.1,10.252,5,5,5,56.493
21.76,6,34.891,48.841,38.431999999999995,74.798,113.868,116.844,65.2,55.1,29.6,99.4,67.7,88.5,96.7,88.4,95.5,92.2,95.1,9.384,5,5,5,56.665
21.78,6,34.928,49.13,38.42,73.178,113.83200000000001,116.844,65.2,55.1,29.6,99.4,67.7,88.5,96.7,88.4,95.5,92.2,95.1,8.558,5,5,5,56.842
21.8,6,34.491,49.091,38.297,70.226,113.904,116.677,65.2,55.1,29.6,99.4,67.7,88.5,96.7,88.4,95.5,92.2,95.1,9.161000000000001,5,5,5,57.016999999999996
21.82,6,34.629999999999995,49.245,38.172,71.915,113.70700000000001,116.76799999999999,65.2,55.1,29.6,99.4,67.7,88.5,96.7,88.4,95.5,92.2,95.1,9.972,5,5,5,57.187
21.84,6,34.489999999999995,49.132,38.512,69.069,113.635,116.738,65.2,55.1,29.6,99.4,67.7,88.5,96.7,88.4,95.5,92.2,95.1,9.195,5,5,5,57.367
21.86,6,34.426,48.645,38.372,73.807,113.617,116.662,65.2,55.1,29.6,99.4,67.7,88.5,96.7,88.4,95.5,92.2,95.1,8.339,5,5,5,57.547
21.88,6,34.665,49.051,38.329,71.69800000000001,113.58200000000001,116.571,65.2,55.1,29.6,99.4,67.7,88.5,96.7,88.4,95.5,92.2,95.1,9.142,5,5,5,57.71
21.9,6,34.748000000000005,49.415,38.336999999999996,70.74,113.456,116.556,65.2,55.1,29.6,99.4,67.7,88.5,96.7,88.4,95.5,92.2,95.1,9.805,5,5,5,57.87
21.92,6,34.68300000000001,48.988,38.321999999999996,72.327,113.492,116.48,65.2,55.1,29.6,99.4,67.7,88.5,96.7,88.4,95.5,92.2,95.1,9.028,5,5,5,58.053999999999995
21.94,6,34.565,48.827,38.494,70.141,113.456,116.464,65.2,55.1,29.6,99.4,67.7,88.5,96.7,88.4,95.5,92.2,95.1,8.196,5,5,5,58.213
21.96,6,34.634,48.508,38.385999999999996,72.62899999999999,113.52799999999999,116.34200000000001,65.2,55.1,29.6,99.4,67.7,88.5,96.7,88.4,95.5,92.2,95.1,9.076,5,5,5,58.394
21.98,6,33.934,49.058,38.433,74.987,113.329,116.37299999999999,65.2,55.1,29.6,99.4,67.7,88.5,96.7,88.4,95.5,92.2,95.1,9.746,5,5,5,58.586999999999996
22.0,6,34.153999999999996,48.335,38.325,71.783,113.275,116.40299999999999,65.2,55.1,29.6,99.4,67.7,88.5,96.7,88.4,95.5,92.2,95.1,9.053,5,5,5,58.735
22.02,6,34.18300000000001,48.662,38.463,72.15,113.257,116.32700000000001,65.2,55.1,29.6,99.4,67.7,88.5,96.7,88.4,95.5,92.2,95.1,8.311,5,5,5,58.943000000000005
22.04,6,33.924,48.518,38.346,71.225,113.29299999999999,116.29700000000001,65.2,55.1,29.6,99.4,67.7,88.5,96.7,88.4,95.5,92.2,95.1,8.905,5,5,5,59.108999999999995
22.06,6,34.258,48.927,38.35,72.893,113.05799999999999,116.251,65.2,55.1,29.6,99.4,67.7,88.5,96.7,88.4,95.5,92.2,95.1,9.562999999999999,5,5,5,59.256
22.08,6,33.845,48.202,38.302,74.926,113.148,116.14399999999999,65.2,55.1,29.6,99.4,67.7,88.5,96.7,88.4,95.5,92.2,95.1,8.797,5,5,5,59.455
22.1,6,33.885999999999996,48.65,38.328,72.42699999999999,112.949,115.975,65.2,55.1,29.6,99.4,67.7,88.5,96.7,88.4,95.5,92.2,95.1,8.316,5,5,5,59.622
22.12,6,33.893,48.368,38.279,72.041,113.11200000000001,116.08200000000001,65.2,55.1,29.6,99.4,67.7,88.5,96.7,88.4,95.5,92.2,95.1,8.936,5,5,5,59.794
22.14,6,33.814,48.483000000000004,38.234,70.543,112.85700000000001,116.113,65.2,55.1,29.6,99.4,67.7,88.5,96.7,88.4,95.5,92.2,95.1,9.701,5,5,5,59.979
22.16,6,33.708,48.277,38.224000000000004,71.54899999999999,112.821,116.006,65.2,55.1,29.6,99.4,67.7,88.5,96.7,88.4,95.5,92.2,95.1,8.929,5,5,5,60.156000000000006
22.18,6,33.945,48.35,38.366,75.2,112.96700000000001,116.006,65.2,55.1,29.6,99.4,67.7,88.5,96.7,88.4,95.5,92.2,95.1,8.234,5,5,5,60.318000000000005
22.2,6,33.522,48.202,38.141,72.961,112.78399999999999,115.975,65.2,55.1,29.6,99.4,67.7,88.5,96.7,88.4,95.5,92.2,95.1,8.753,5,5,5,60.531000000000006
22.22,6,33.278000000000006,48.193000000000005,38.312,71.265,112.89399999999999,115.96,65.2,55.1,29.6,99.4,67.7,88.5,96.7,88.4,95.5,92.2,95.1,9.372,5,5,5,60.705
22.24,6,33.513000000000005,48.283,38.076,71.225,112.74799999999999,116.006,65.2,55.1,29.6,99.4,67.7,88.5,96.7,88.4,95.5,92.2,95.1,8.767,5,5,5,60.873999999999995
22.26,6,33.499,48.108000000000004,38.102,69.791,112.74799999999999,115.806,65.2,55.1,29.6,99.4,67.7,88.5,96.7,88.4,95.5,92.2,95.1,8.332,5,5,5,61.036
22.28,6,33.236000000000004,47.805,38.356,74.965,112.711,115.883,65.2,55.1,29.6,99.4,67.7,88.5,96.7,88.4,95.5,92.2,95.1,8.713000000000001,5,5,5,61.229
22.3,6,33.509,48.125,38.128,73.714,112.602,115.852,65.2,55.1,29.6,99.4,67.7,88.5,96.7,88.4,95.5,92.2,95.1,9.318000000000001,5,5,5,61.386
22.32,6,33.757,48.238,38.241,70.926,112.693,115.744,65.2,55.1,29.6,99.4,67.7,88.5,96.7,88.4,95.5,92.2,95.1,8.741,5,5,5,61.54
22.34,6,33.251999999999995,48.181999999999995,38.187,72.53699999999999,112.602,115.682,65.2,55.1,29.6,99.4,67.7,88.5,96.7,88.4,95.5,92.2,95.1,8.416,5,5,5,61.718999999999994
22.36,6,33.299,48.163000000000004,37.953,69.622,112.51,115.682,65.2,55.1,29.6,99.4,67.7,88.5,96.7,88.4,95.5,92.2,95.1,8.989,5,5,5,61.906000000000006
22.38,6,32.726,47.736999999999995,38.204,72.99600000000001,112.491,115.512,65.2,55.1,29.6,99.4,67.7,88.5,96.7,88.4,95.5,92.2,95.1,9.8,5,5,5,62.073
22.4,6,33.510000000000005,47.698,38.025999999999996,72.539,112.565,115.559,65.2,55.1,29.6,99.4,67.7,88.5,96.7,88.4,95.5,92.2,95.1,9.09,5,5,5,62.258
22.42,6,33.507,47.964,38.085,70.339,112.41799999999999,115.54299999999999,65.2,55.1,29.6,99.4,67.7,88.5,96.7,88.4,95.5,92.2,95.1,8.486,5,5,5,62.415
22.44,6,33.321,47.79,37.958,72.133,112.436,115.605,65.2,55.1,29.6,99.4,67.7,88.5,96.7,88.4,95.5,92.2,95.1,8.721,5,5,5,62.608000000000004
22.46,6,33.018,47.927,38.086999999999996,71.029,112.363,115.46600000000001,65.2,55.1,29.6,99.4,67.7,88.5,96.7,88.4,95.5,92.2,95.1,9.355,5,5,5,62.773
22.48,6,33.34,47.667,38.194,72.811,112.344,115.52799999999999,65.2,55.1,29.6,99.4,67.7,88.5,96.7,88.4,95.5,92.2,95.1,8.886,5,5,5,62.966
22.5,6,33.196,47.496,38.189,75.862,112.381,115.295,65.2,55.1,29.6,99.4,67.7,88.5,96.7,88.4,95.5,92.2,95.1,8.468,5,5,5,63.137
22.52,6,32.53,47.545,38.21,73.10600000000001,112.23299999999999,115.37299999999999,65.2,55.1,29.6,99.4,67.7,88.5,96.7,88.4,95.5,92.2,95.1,8.681000000000001,5,5,5,63.313
22.54,6,33.074,47.906000000000006,38.02,72.48100000000001,112.16,115.435,65.2,55.1,29.6,99.4,67.7,88.5,96.7,88.4,95.5,92.2,95.1,9.169,5,5,5,63.488
22.56,6,33.019999999999996,47.623999999999995,37.919000000000004,71.797,112.104,115.35700000000001,65.2,55.1,29.6,99.4,67.7,88.5,96.7,88.4,95.5,92.2,95.1,8.786999999999999,5,5,5,63.68899999999999
22.58,6,32.728,47.847,38.013000000000005,72.493,112.141,115.34200000000001,65.2,55.1,29.6,99.4,67.7,88.5,96.7,88.4,95.5,92.2,95.1,8.5,5,5,5,63.871
22.6,6,32.836,47.38399999999999,38.007,75.609,112.04799999999999,115.28,65.2,55.1,29.6,99.4,67.7,88.5,96.7,88.4,95.5,92.2,95.1,8.672,5,5,5,64.048
22.62,6,32.773,47.515,38.033,72.37100000000001,112.06700000000001,115.18700000000001,65.2,55.1,29.6,99.4,67.7,88.5,96.7,88.4,95.5,92.2,95.1,9.105,5,5,5,64.24000000000001
22.64,6,32.681,47.798,37.796,72.708,112.085,115.249,65.2,55.1,29.6,99.4,67.7,88.5,96.7,88.4,95.5,92.25,95.1,8.854,5,5,5,64.424
22.66,6,33.07,47.527,38.075,71.418,111.91799999999999,115.14,65.2,55.1,29.6,99.4,67.7,88.5,96.7,88.4,95.5,92.316,95.1,8.595,5,5,5,64.613
22.68,6,32.837,47.15,38.104,72.14699999999999,111.993,115.18700000000001,65.2,55.1,29.6,99.4,67.7,88.5,96.7,88.4,95.5,92.35300000000001,95.1,8.737,5,5,5,64.756
22.7,6,32.251,47.326,38.006,76.108,112.01100000000001,115.249,65.2,55.1,29.6,99.4,67.7,88.5,96.7,88.4,95.5,92.373,95.1,8.455,5,5,5,64.97399999999999
22.72,6,32.609,47.623000000000005,37.931,74.807,111.97399999999999,115.109,65.2,55.1,29.6,99.4,67.7,88.5,96.7,88.4,95.5,92.385,95.1,8.892,5,5,5,65.15899999999999
22.74,6,32.307,47.405,38.021,71.402,111.825,115.124,65.2,55.1,29.6,99.4,67.7,88.5,96.7,88.4,95.5,92.392,95.1,9.293,5,5,5,65.313
22.76,6,32.732,47.621,38.056,72.745,111.73200000000001,115.14,65.2,55.1,29.6,99.4,67.7,88.5,96.7,88.4,95.5,92.395,95.1,9.143,5,5,5,65.47200000000001
22.78,6,31.872,47.826,37.97,70.15,111.91799999999999,114.96799999999999,65.2,55.1,29.6,99.4,67.7,88.5,96.7,88.4,95.5,92.39699999999999,95.1,9.14,5,5,5,65.64
22.8,6,32.478,47.16,37.736999999999995,74.797,111.788,114.984,65.2,55.1,29.6,99.4,67.7,88.5,96.7,88.4,95.5,92.398,95.1,9.713000000000001,5,5,5,65.80699999999999
22.82,6,32.342,47.053000000000004,37.751,72.60300000000001,111.639,114.874,65.2,55.1,29.6,99.4,67.7,88.5,96.7,88.4,95.5,92.399,95.1,9.119,5,5,5,65.983
22.84,6,32.549,47.138999999999996,37.95,70.837,111.583,114.859,65.2,55.1,29.6,99.4,67.7,88.5,96.7,88.4,95.5,92.4,95.1,8.571,5,5,5,66.148
22.86,6,32.408,47.678999999999995,37.797,72.73100000000001,111.601,114.874,65.2,55.1,29.6,99.4,67.7,88.5,96.7,88.4,95.5,92.4,95.1,9.041,5,5,5,66.334
22.88,6,32.268,47.48,37.738,69.758,111.583,114.781,65.2,55.1,29.6,99.4,67.7,88.5,96.7,88.4,95.5,92.4,95.1,9.456,5,5,5,66.498
22.9,6,32.007,47.045,37.888000000000005,72.559,111.545,114.84299999999999,65.2,55.1,29.6,99.4,67.7,88.5,96.7,88.4,95.5,92.4,95.1,9.291,5,5,5,66.673
22.92,6,32.382,47.187,37.754,73.5,111.583,114.655,65.2,55.1,29.6,99.4,67.7,88.5,96.7,88.4,95.5,92.4,95.1,9.028,5,5,5,66.84
22.94,6,32.253,47.177,37.769,70.65100000000001,111.601,114.84299999999999,65.2,55.1,29.6,99.4,67.7,88.5,96.7,88.4,95.5,92.4,95.1,10.075,5,5,5,67.064
22.96,6,31.953000000000003,47.153999999999996,37.836,71.585,111.52600000000001,114.749,65.2,55.1,29.6,99.4,67.7,88.5,96.7,88.4,95.5,92.4,95.1,9.242,5,5,5,67.22
22.98,6,32.387,46.754,37.967,70.723,111.508,114.73299999999999,65.2,55.1,29.6,99.4,67.7,88.5,96.7,88.4,95.5,92.4,95.1,8.595,5,5,5,67.41
23.0,6,31.785999999999998,46.641999999999996,37.666,72.429,111.45100000000001,114.781,65.2,55.1,29.6,99.4,67.7,88.5,96.7,88.4,95.5,92.4,95.1,9.084,5,5,5,67.578
23.02,6,32.024,47.09,37.497,75.42,111.414,114.655,65.2,55.1,29.6,99.4,67.7,88.5,96.7,88.4,95.5,92.4,95.1,9.681000000000001,5,5,5,67.766
23.04,6,31.660999999999998,47.001999999999995,37.95,73.152,111.26299999999999,114.435,65.2,55.1,29.6,99.4,67.7,88.5,96.7,88.4,95.5,92.4,95.1,9.442,5,5,5,67.936
23.06,6,32.006,46.238,37.754,72.071,111.301,114.671,65.2,55.1,29.6,99.4,67.7,88.5,96.7,88.4,95.5,92.4,95.1,9.135,5,5,5,68.13499999999999
23.08,6,31.706,46.788999999999994,37.652,71.112,111.376,114.48200000000001,65.2,55.1,29.6,99.4,67.7,88.5,96.7,88.4,95.5,92.4,95.1,9.89,5,5,5,68.311
23.1,6,31.171,46.574,37.74,72.336,111.244,114.45,65.2,55.1,29.6,99.4,67.7,88.5,96.7,88.4,95.5,92.4,95.1,9.267,5,5,5,68.494
23.12,6,31.524,46.981,37.783,75.46600000000001,111.338,114.419,65.2,55.1,29.6,99.4,67.7,88.5,96.7,88.4,95.5,92.4,95.1,8.453,5,5,5,68.679
23.14,6,31.764,46.527,37.684,72.285,111.169,114.34,65.2,55.1,29.6,99.4,67.7,88.5,96.7,88.4,95.5,92.4,95.1,9.026,5,5,5,68.864
23.16,6,32.072,46.516999999999996,37.794000000000004,72.153,111.244,114.277,65.2,55.1,29.6,99.4,67.7,88.5,96.7,88.4,95.5,92.4,95.1,9.049,5,5,5,69.06700000000001
23.18,6,31.103,47.107,37.76,72.597,111.169,114.387,65.2,55.1,29.6,99.4,67.7,88.5,96.7,88.4,95.5,92.4,95.1,8.941,5,5,5,69.24600000000001
23.2,6,31.379,46.538000000000004,37.656,71.17699999999999,111.055,114.26100000000001,65.2,55.1,29.6,99.4,67.7,88.5,96.7,88.4,95.5,92.4,95.1,8.967,5,5,5,69.4
23.22,6,31.093000000000004,46.785,37.580999999999996,76.385,110.866,114.277,65.2,55.1,29.6,99.4,67.7,88.5,96.7,88.4,95.5,92.4,95.1,9.783999999999999,5,5,5,69.583
23.24,6,31.388,46.895,37.873000000000005,75.258,110.99799999999999,114.229,65.2,55.1,29.6,99.4,67.7,88.5,96.7,88.4,95.5,92.4,95.1,9.071000000000002,5,5,5,69.77600000000001
23.26,6,31.375999999999998,46.294,37.567,72.548,110.96,114.15,65.2,55.1,29.6,99.4,67.7,88.5,96.7,88.4,95.5,92.4,95.1,8.568999999999999,5,5,5,69.951
23.28,6,31.549,46.553000000000004,37.772,73.19,110.885,114.134,65.2,55.1,29.6,99.4,67.7,88.5,96.7,88.4,95.5,92.4,95.1,9.058,5,5,5,70.10300000000001
23.3,6,30.81,46.229,37.509,69.678,110.866,114.166,65.2,55.1,29.6,99.4,67.7,88.5,96.7,88.4,95.5,92.4,95.1,9.228,5,5,5,70.283
23.32,6,30.711,46.504,37.883,73.858,110.846,114.039,65.2,55.1,29.6,99.4,67.7,88.5,96.7,88.4,95.5,92.4,95.1,9.153,5,5,5,70.47200000000001
23.34,6,30.741999999999997,46.251000000000005,37.436,72.725,110.885,114.007,65.2,55.1,29.6,99.4,67.7,88.5,96.7,88.4,95.5,92.4,95.1,9.032,5,5,5,70.654
23.36,6,31.037,46.266000000000005,37.662,70.059,110.885,114.166,65.2,55.1,29.6,99.4,67.7,88.5,96.7,88.4,95.5,92.4,95.1,9.806000000000001,5,5,5,70.81
23.38,6,31.168000000000003,46.106,37.658,72.29899999999999,110.789,114.023,65.2,55.1,29.6,99.4,67.7,88.5,96.7,88.4,95.5,92.4,95.1,9.190000000000001,5,5,5,70.998
23.4,6,30.824,46.325,37.716,70.37,110.751,113.991,65.2,55.1,29.6,99.4,67.7,88.5,96.7,88.4,95.5,92.4,95.1,8.629999999999999,5,5,5,71.173
23.42,6,30.938000000000002,45.98,37.509,71.958,110.656,113.76899999999999,65.2,55.1,29.6,99.4,67.7,88.5,96.7,88.4,95.5,92.4,95.1,9.096,5,5,5,71.359
23.44,6,30.913,46.09,37.703,74.477,110.59899999999999,113.896,65.2,55.1,29.6,99.4,67.7,88.5,96.7,88.4,95.5,92.4,95.1,9.29,5,5,5,71.52799999999999
23.46,6,30.51,46.378,37.668,71.609,110.56,113.83200000000001,65.2,55.1,29.6,99.4,67.7,88.5,96.7,88.4,95.5,92.4,95.1,8.842,5,5,5,71.714
23.48,6,30.838,46.283,37.553000000000004,71.35600000000001,110.522,113.8,65.2,55.1,29.6,99.4,67.7,88.5,96.7,88.4,95.5,92.4,95.1,9.012,5,5,5,71.886
23.5,6,30.494,45.893,37.546,71.14,110.484,113.896,65.2,55.1,29.6,99.4,67.7,88.5,96.7,88.4,95.5,92.4,95.1,9.918,5,5,5,72.081
23.52,6,30.908,46.5,37.707,72.085,110.38799999999999,113.816,65.2,55.1,29.6,99.4,67.7,88.5,96.7,88.4,95.5,92.4,95.1,9.042,5,5,5,72.247
23.54,6,30.698,46.36600000000001,37.641999999999996,74.876,110.40700000000001,113.721,65.2,55.1,29.6,99.4,67.7,88.5,96.7,88.4,95.5,92.4,95.1,8.702,5,5,5,72.434
23.56,6,30.614,46.638999999999996,37.489000000000004,72.513,110.50299999999999,113.75299999999999,65.2,55.1,29.6,99.4,67.7,88.5,96.7,88.4,95.5,92.4,95.1,9.167,5,5,5,72.638
23.58,6,30.186999999999998,46.269,37.541,72.533,110.368,113.609,65.2,55.1,29.6,99.4,67.7,88.5,96.7,88.4,95.5,92.4,95.1,9.383,5,5,5,72.813
23.6,6,30.756,46.483999999999995,37.648,70.645,110.34899999999999,113.545,65.1,55.0,29.6,99.8,67.6,88.5,96.7,88.4,95.5,92.4,95.1,8.869,5,5,5,73.002
23.62,6,30.156999999999996,46.026,37.686,71.76100000000001,110.40700000000001,113.59299999999999,65.1,55.0,29.6,99.8,67.6,88.5,96.7,88.4,95.5,92.4,95.1,9.119,5,5,5,73.169
23.64,6,30.223000000000003,45.928000000000004,37.598,75.491,110.34899999999999,113.529,65.1,55.0,29.6,99.8,67.6,88.5,96.7,88.4,95.5,92.4,95.1,9.693000000000001,5,5,5,73.364
23.66,6,30.320999999999998,45.704,37.586999999999996,73.329,110.272,113.561,65.1,55.0,29.6,99.8,67.6,88.5,96.7,88.4,95.5,92.4,95.1,9.166,5,5,5,73.544
23.68,6,30.518,46.013000000000005,37.685,71.577,110.176,113.51299999999999,65.1,55.0,29.6,99.8,67.6,88.5,96.7,88.4,95.5,92.4,95.1,8.672,5,5,5,73.745
23.7,6,30.256999999999998,45.55,37.813,72.393,110.234,113.529,65.1,55.0,29.6,99.8,67.6,88.5,96.7,88.4,95.5,92.4,95.1,9.208,5,5,5,73.922
23.72,6,30.406,45.835,37.656,70.152,110.15700000000001,113.336,65.1,55.0,29.6,99.8,67.6,88.5,96.7,88.4,95.5,92.4,95.1,9.747,5,5,5,74.123
23.74,6,30.179000000000002,46.158,37.554,75.221,110.214,113.384,65.1,55.0,29.6,99.8,67.6,88.5,96.7,88.4,95.5,92.4,95.1,9.274000000000001,5,5,5,74.307
23.76,6,30.085,45.643,37.705999999999996,73.59,110.137,113.24,65.1,55.0,29.6,99.8,67.6,88.5,96.7,88.4,95.5,92.4,95.1,8.744,5,5,5,74.491
23.78,6,30.06,45.268,37.541,71.086,110.021,113.288,65.1,55.0,29.6,99.8,67.6,88.5,96.7,88.4,95.5,92.4,95.1,9.203,5,5,5,74.678
23.8,6,30.025,45.826,37.762,72.655,109.963,113.4,65.1,55.0,29.6,99.8,67.6,88.5,96.7,88.4,95.5,92.4,95.1,9.382,5,5,5,74.85
23.82,6,30.105999999999998,45.626999999999995,37.633,70.21300000000001,109.98200000000001,113.06200000000001,65.1,55.0,29.6,99.8,67.6,88.5,96.7,88.4,95.5,92.4,95.1,8.438,5,5,5,75.027
23.84,6,30.054000000000002,45.578,37.663000000000004,73.041,110.041,113.191,65.1,55.0,29.6,99.8,67.6,88.5,96.7,88.4,95.5,92.4,95.1,9.244,5,5,5,75.244
23.86,6,30.006999999999998,45.471,37.375,73.512,109.92399999999999,113.094,65.1,55.0,29.6,99.8,67.6,88.5,96.7,88.4,95.5,92.4,95.1,9.561,5,5,5,75.402
23.88,6,29.881,45.762,37.653,70.301,109.963,113.094,65.1,55.0,29.6,99.8,67.6,88.5,96.7,88.4,95.5,92.4,95.1,9.132,5,5,5,75.60300000000001
23.9,6,29.587,44.94,37.431,71.47800000000001,109.866,113.094,65.1,55.0,29.6,99.8,67.6,88.5,96.7,88.4,95.5,92.4,95.1,9.379999999999999,5,5,5,75.779
23.92,6,29.794,45.701,37.576,69.99600000000001,109.80799999999999,113.14299999999999,65.1,55.0,29.6,99.8,67.6,88.5,96.7,88.4,95.5,92.4,95.1,10.094,5,5,5,75.979
23.94,6,29.451,45.143,37.446,71.042,109.749,113.256,65.1,55.0,29.6,99.8,67.6,88.5,96.7,88.4,95.5,92.4,95.1,9.45,5,5,5,76.157
23.96,6,30.011,45.512,37.406,74.618,109.691,113.03,65.1,55.0,29.6,99.8,67.6,88.5,96.7,88.4,95.5,92.4,95.1,9.275,5,5,5,76.387
23.98,6,29.273000000000003,45.025999999999996,37.545,71.012,109.788,112.93299999999999,65.1,55.0,29.6,99.8,67.6,88.5,96.7,88.4,95.5,92.4,95.1,10.248,5,5,5,76.558
24.0,6,29.66,45.52,37.495,70.584,109.866,112.852,65.1,55.0,29.6,99.8,67.6,88.5,96.7,88.4,95.5,92.4,95.1,9.422,5,5,5,76.76
24.02,6,29.508000000000003,45.145,37.473,70.358,109.71,113.20700000000001,65.1,55.0,29.6,99.8,67.6,88.5,96.7,88.4,95.5,92.4,95.1,9.175,5,5,5,76.94800000000001
24.04,6,29.814,45.259,37.59,71.193,109.53399999999999,112.949,65.1,55.0,29.6,99.8,67.6,88.5,96.7,88.4,95.5,92.4,95.1,9.35,5,5,5,77.164
24.06,6,29.23,44.967,37.391999999999996,73.538,109.59299999999999,112.916,65.1,55.0,29.6,99.8,67.6,88.5,96.7,88.4,95.5,92.4,95.1,9.36,5,5,5,77.344
24.08,6,29.660999999999998,45.396,37.321999999999996,72.81,109.691,112.77,65.1,55.0,29.6,99.8,67.6,88.5,96.7,88.4,95.5,92.4,95.1,8.795,5,5,5,77.583
24.1,6,29.448,45.032,37.391,71.65100000000001,109.515,112.689,65.1,55.0,29.6,99.8,67.6,88.5,96.7,88.4,95.5,92.4,95.1,9.352,5,5,5,77.795
24.12,6,29.541999999999998,45.404,37.473,70.937,109.53399999999999,112.77,65.1,55.0,29.6,99.8,67.6,88.5,96.7,88.4,95.5,92.4,95.1,9.581,5,5,5,77.994
24.14,6,29.291,45.441,37.46,70.977,109.456,112.705,65.1,55.0,29.6,99.8,67.6,88.5,96.7,88.4,95.5,92.4,95.1,8.561,5,5,5,78.267
24.16,6,29.180999999999997,45.205,37.407,75.36399999999999,109.53399999999999,112.72200000000001,65.1,55.0,29.6,99.8,67.6,88.5,96.7,88.4,95.5,92.4,95.1,9.272,5,5,5,78.502
24.18,6,29.641,45.005,37.461999999999996,73.601,109.397,112.75399999999999,65.1,55.0,29.6,99.8,67.6,88.5,96.7,88.4,95.5,92.4,95.1,9.75,5,5,5,78.721
24.2,6,29.709,45.355,37.53,71.13,109.318,112.65700000000001,65.1,55.0,29.6,99.8,67.6,88.5,96.7,88.4,95.5,92.4,95.1,9.363,5,5,5,78.984
24.22,6,29.073,45.169000000000004,37.419000000000004,73.736,109.476,112.72200000000001,65.1,55.0,29.6,99.8,67.6,88.5,96.7,88.4,95.5,92.4,95.1,9.318999999999999,5,5,5,79.185
24.24,6,29.426,45.271,37.465,70.304,109.318,112.59100000000001,65.1,55.0,29.6,99.8,67.6,88.5,96.7,88.4,95.5,92.4,95.1,10.032,5,5,5,79.432
24.26,6,29.314,45.016999999999996,37.424,74.63,109.259,112.542,65.1,55.0,29.6,99.8,67.6,88.5,96.7,88.4,95.5,92.4,95.1,9.654,5,5,5,79.66199999999999
24.28,6,29.087,44.618,37.413000000000004,73.406,109.24,112.477,65.1,55.0,29.6,99.8,67.6,88.5,96.7,88.4,95.5,92.4,95.1,9.2,5,5,5,79.883
24.3,6,28.840999999999998,44.179,37.39,71.649,109.22,112.575,65.1,55.0,29.6,99.8,67.6,88.5,96.7,88.4,95.5,92.4,95.1,9.809000000000001,5,5,5,80.081
24.32,6,28.909000000000002,44.872,37.484,72.311,109.259,112.477,65.1,55.0,29.6,99.8,67.6,88.5,96.7,88.4,95.5,92.4,95.1,9.582,5,5,5,80.298
24.34,6,28.971999999999998,44.966,37.442,70.166,109.259,112.445,65.1,55.0,29.6,99.8,67.6,88.5,96.7,88.4,95.5,92.4,95.1,9.123000000000001,5,5,5,80.47399999999999
24.36,6,29.13,44.673,37.263000000000005,72.354,109.2,112.461,65.1,55.0,29.6,99.8,67.6,88.5,96.7,88.4,95.5,92.4,95.1,9.433,5,5,5,80.69800000000001
24.38,6,28.662,44.5,37.417,74.492,109.2,112.461,65.1,55.0,29.6,99.8,67.6,88.5,96.7,88.4,95.5,92.4,95.1,9.582,5,5,5,80.916
24.4,6,28.97,44.945,37.622,70.73,109.22,112.445,65.1,55.0,29.6,99.8,67.6,88.5,96.7,88.4,95.5,92.4,95.1,8.713000000000001,5,5,5,81.095
24.42,6,29.055999999999997,44.228,37.427,70.79899999999999,109.141,112.346,65.1,55.0,29.6,99.8,67.6,88.5,96.7,88.4,95.5,92.4,95.1,9.485,5,5,5,81.321
24.44,6,28.784000000000002,44.705999999999996,37.414,69.9,109.08200000000001,112.33,65.1,55.0,29.6,99.8,67.6,88.5,96.7,88.4,95.5,92.4,95.1,9.825,5,5,5,81.46600000000001
24.46,6,28.975,44.45,37.389,71.072,108.98299999999999,112.24799999999999,65.1,55.0,29.6,99.8,67.6,88.5,96.7,88.4,95.5,92.4,95.1,9.376999999999999,5,5,5,81.667
24.48,6,28.73,44.578,37.48,74.556,109.08200000000001,112.445,65.1,55.0,29.6,99.8,67.6,88.5,96.7,88.4,95.5,92.4,95.1,9.513,5,5,5,81.852
24.5,6,28.568,44.641999999999996,37.234,71.441,109.042,112.281,65.1,55.0,29.6,99.8,67.6,88.5,96.7,88.4,95.5,92.4,95.1,10.146,5,5,5,82.032
24.52,6,28.743000000000002,44.231,37.41,70.792,108.86399999999999,112.23200000000001,65.1,55.0,29.6,99.8,67.6,88.5,96.7,88.4,95.5,92.4,95.1,9.364,5,5,5,82.20100000000001
24.54,6,28.813000000000002,43.969,37.259,69.62100000000001,108.884,112.215,65.1,55.0,29.6,99.8,67.6,88.5,96.7,88.4,95.5,92.4,95.1,9.277000000000001,5,5,5,82.388
24.56,6,28.756999999999998,44.295,37.21,70.82,108.884,112.149,65.1,55.0,29.6,99.8,67.6,88.5,96.7,88.4,95.5,92.4,95.1,10.283,5,5,5,82.54
24.58,6,28.625,44.179,37.39,72.811,108.78399999999999,112.1,65.1,55.0,29.6,99.8,67.6,88.5,96.7,88.4,95.5,92.4,95.1,9.504999999999999,5,5,5,82.74
24.6,6,28.429000000000002,43.797,37.416,71.89699999999999,108.844,111.95200000000001,65.1,55.0,29.6,99.8,67.6,88.5,96.7,88.4,95.5,92.4,95.1,9.158000000000001,5,5,5,82.922
24.62,6,28.046999999999997,44.158,37.265,71.277,108.824,112.06700000000001,65.1,55.0,29.6,99.8,67.6,88.5,96.7,88.4,95.5,92.4,95.1,9.462,5,5,5,83.084
24.64,6,28.906999999999996,44.254,37.330999999999996,70.562,108.744,112.03399999999999,65.1,55.0,29.6,99.8,67.6,88.5,96.7,88.4,95.5,92.4,95.1,9.443000000000001,5,5,5,83.26899999999999
24.66,6,28.355999999999998,44.094,37.244,69.939,108.744,112.084,65.1,55.0,29.6,99.8,67.6,88.5,96.7,88.4,95.5,92.4,95.1,8.862,5,5,5,83.487
24.68,6,28.243000000000002,44.077,37.467,74.565,108.764,112.03399999999999,65.1,55.0,29.6,99.8,67.6,88.5,96.7,88.4,95.5,92.4,95.1,9.495000000000001,5,5,5,83.653
24.7,6,28.353,43.838,37.28,73.391,108.704,111.919,65.1,55.0,29.6,99.8,67.6,88.5,96.7,88.4,95.5,92.4,95.1,9.555,5,5,5,83.84100000000001
24.72,6,28.175,44.062,37.488,70.487,108.704,111.935,65.1,55.0,29.6,99.8,67.6,88.5,96.7,88.4,95.5,92.4,95.1,10.112,5,5,5,84.036
24.74,6,28.22,43.782,37.227,72.691,108.464,111.836,65.1,55.0,29.6,99.8,67.6,88.5,96.7,88.4,95.5,92.4,95.1,9.511,5,5,5,84.199
24.76,6,28.408,44.222,37.053000000000004,69.593,108.524,111.72,65.1,55.0,29.6,99.8,67.6,88.5,96.7,88.4,95.5,92.4,95.1,9.329,5,5,5,84.41
24.78,6,27.864,43.789,37.272,72.919,108.36399999999999,111.95200000000001,65.1,55.0,29.6,99.8,67.6,88.5,96.7,88.4,95.5,92.4,95.1,10.25,5,5,5,84.585
24.8,6,28.024,44.089,37.303000000000004,72.565,108.50399999999999,111.73700000000001,65.1,55.0,29.6,99.8,67.6,88.5,96.7,88.4,95.5,92.4,95.1,9.373999999999999,5,5,5,84.778
24.82,6,28.136,43.833,37.323,71.238,108.50399999999999,111.63799999999999,65.1,55.0,29.6,99.8,67.6,88.5,96.7,88.4,95.5,92.4,95.1,8.982,5,5,5,84.972
24.84,6,28.086,43.859,37.3,71.017,108.444,111.704,65.1,55.0,29.6,99.8,67.6,88.5,96.7,88.4,95.5,92.4,95.1,9.363,5,5,5,85.163
24.86,6,27.71,43.81,37.312,69.516,108.36399999999999,111.654,65.1,55.0,29.6,99.8,67.6,88.5,96.7,88.4,95.5,92.4,95.1,9.511,5,5,5,85.333
24.88,6,27.695,43.201,37.309,71.742,108.304,111.538,65.1,55.0,29.6,99.8,67.6,88.5,96.7,88.4,95.5,92.4,95.1,8.669,5,5,5,85.493
24.9,6,27.552,43.754,37.094,75.158,108.26299999999999,111.787,65.1,55.0,29.6,99.8,67.6,88.5,96.7,88.4,95.5,92.4,95.1,9.361,5,5,5,85.73
24.92,6,27.56,44.191,37.245,70.85300000000001,108.18299999999999,111.787,65.1,55.0,29.6,99.8,67.6,88.5,96.7,88.4,95.5,92.4,95.1,9.582,5,5,5,85.872
24.94,6,27.84,43.788000000000004,37.469,70.513,108.28299999999999,111.62100000000001,65.1,55.0,29.6,99.8,67.6,88.5,96.7,88.4,95.5,92.4,95.1,8.66,5,5,5,86.079
24.96,6,27.913,43.238,37.038000000000004,69.78399999999999,108.28299999999999,111.455,65.1,55.0,29.6,99.8,67.6,88.5,96.7,88.4,95.5,92.4,95.1,9.414,5,5,5,86.252
24.98,6,27.766,43.39,37.168,70.385,108.26299999999999,111.421,65.1,55.0,29.6,99.8,67.6,88.5,96.7,88.4,95.5,92.4,95.1,10.026,5,5,5,86.452
25.0,6,27.603,43.513000000000005,37.117,72.90899999999999,108.08200000000001,111.421,65.1,55.0,29.6,99.8,67.6,88.5,96.7,88.4,95.5,92.4,95.1,9.303,5,5,5,86.638
25.02,6,27.909000000000002,43.311,37.089,70.609,108.18299999999999,111.68700000000001,65.1,55.0,29.6,99.8,67.6,88.5,96.7,88.4,95.5,92.4,95.1,9.428,5,5,5,86.819
25.04,6,27.676,43.446,37.191,70.945,108.12200000000001,111.43799999999999,65.1,55.0,29.6,99.8,67.6,88.5,96.7,88.4,95.5,92.4,95.1,10.134,5,5,5,87.00399999999999
25.06,6,27.755,43.686,37.074,69.071,107.98,111.38799999999999,65.1,55.0,29.6,99.8,67.6,88.5,96.7,88.4,95.5,92.4,95.1,9.426,5,5,5,87.203
25.08,6,27.516,43.801,37.205999999999996,70.493,108.061,111.554,65.1,55.0,29.6,99.8,67.6,88.5,96.7,88.4,95.5,92.4,95.1,9.323,5,5,5,87.366
25.1,6,27.471999999999998,43.198,37.115,73.563,108.162,111.505,65.1,55.0,29.6,99.8,67.6,88.5,96.7,88.4,95.5,92.4,95.1,9.803999999999998,5,5,5,87.572
25.12,6,27.608,43.189,37.11,71.286,107.919,111.455,65.1,55.0,29.6,99.8,67.6,88.5,96.7,88.4,95.5,92.4,95.1,9.27,5,5,5,87.744
25.14,6,27.569000000000003,43.061,36.971999999999994,70.624,107.919,111.305,65.1,55.0,29.6,99.8,67.6,88.5,96.7,88.4,95.5,92.4,95.1,8.977,5,5,5,87.955
25.16,6,27.561,43.543,37.192,71.205,107.838,111.321,65.1,55.0,29.6,99.8,67.6,88.5,96.7,88.4,95.5,92.4,95.1,9.379999999999999,5,5,5,88.131
25.18,6,27.068,42.598,37.171,68.894,107.919,111.37100000000001,65.1,55.0,29.6,99.8,67.6,88.5,96.7,88.4,95.5,92.4,95.1,9.549,5,5,5,88.311
25.2,6,27.474,43.181,37.111999999999995,74.04899999999999,108.001,111.321,65.1,55.0,29.6,99.8,67.6,88.5,96.7,88.4,95.5,92.4,95.1,8.833,5,5,5,88.498
25.22,6,27.145,43.239000000000004,37.179,72.708,107.94,111.288,65.1,55.0,29.6,99.8,67.6,88.5,96.7,88.4,95.5,92.4,95.1,9.472999999999999,5,5,5,88.686
25.24,6,27.179000000000002,43.013000000000005,37.189,69.96300000000001,107.79700000000001,111.204,65.1,55.0,29.6,99.8,67.6,88.5,96.7,88.4,95.5,92.4,95.1,9.821000000000002,5,5,5,88.859
25.26,6,27.053,43.17,37.016,71.946,107.85799999999999,111.221,65.1,55.0,29.6,99.8,67.6,88.5,96.7,88.4,95.5,92.4,95.1,9.431999999999999,5,5,5,89.045
25.28,6,26.878,42.923,37.003,69.002,107.777,111.137,65.1,55.0,29.6,99.8,67.6,88.5,96.7,88.4,95.5,92.4,95.1,9.531,5,5,5,89.21300000000001
25.3,6,27.454,43.049,37.015,72.313,107.777,111.07,65.1,55.0,29.6,99.8,67.6,88.5,96.7,88.4,95.5,92.4,95.1,10.143,5,5,5,89.39699999999999
25.32,6,27.035999999999998,42.783,37.071,73.071,107.777,111.221,65.1,55.0,29.6,99.8,67.6,88.5,96.7,88.4,95.5,92.4,95.1,9.538,5,5,5,89.59100000000001
25.34,6,27.116,43.193000000000005,37.067,70.107,107.675,111.053,65.1,55.0,29.6,99.8,67.6,88.5,96.7,88.4,95.5,92.4,95.1,9.394,5,5,5,89.786
25.36,6,27.103,43.354,36.907,70.817,107.634,111.12,65.1,55.0,29.6,99.8,67.6,88.5,96.7,88.4,95.5,92.4,95.1,10.292000000000002,5,5,5,89.959
25.38,6,26.928,42.86,37.153,69.37100000000001,107.71600000000001,111.104,65.1,55.0,29.6,99.8,67.6,88.5,96.7,88.4,95.5,92.4,95.1,9.824,5,5,5,90.155
25.4,6,27.175,42.91,36.9,70.833,107.634,111.07,65.1,55.0,29.6,99.8,67.6,88.5,96.7,88.4,95.5,92.4,95.1,9.2,5,5,5,90.309
25.42,6,27.099,43.109,37.077,74.589,107.552,110.919,65.1,55.0,29.6,99.8,67.6,88.5,96.7,88.4,95.5,92.4,95.1,9.475,5,5,5,90.514
25.44,6,26.604,42.861999999999995,36.864999999999995,70.937,107.51100000000001,110.902,65.1,55.0,29.6,99.8,67.6,88.5,96.7,88.4,95.5,92.4,95.1,9.646,5,5,5,90.676
25.46,6,26.959,42.753,37.150999999999996,69.949,107.51100000000001,110.969,65.1,55.0,29.6,99.8,67.6,88.5,96.7,88.4,95.5,92.4,95.1,8.931000000000001,5,5,5,90.887
25.48,6,26.37,42.722,36.967,69.23,107.45,110.734,65.1,55.0,29.6,99.8,67.6,88.5,96.7,88.4,95.5,92.4,95.1,9.565999999999999,5,5,5,91.077
25.5,6,26.496,42.95,36.922,69.48100000000001,107.59299999999999,110.852,65.1,55.0,29.6,99.8,67.6,88.5,96.7,88.4,95.5,92.4,95.1,9.966000000000001,5,5,5,91.247
25.52,6,26.419,42.474000000000004,36.891,72.221,107.51100000000001,110.76700000000001,65.1,55.0,29.6,99.8,67.6,88.5,96.7,88.4,95.5,92.4,95.1,8.968,5,5,5,91.419
25.54,6,26.636,42.585,37.024,70.229,107.573,110.95299999999999,65.1,55.0,29.6,99.8,67.6,88.5,96.7,88.4,95.5,92.4,95.1,9.577,5,5,5,91.63
25.56,6,26.436999999999998,42.79,36.854,70.617,107.429,110.852,65.1,55.0,29.6,99.8,67.6,88.5,96.7,88.4,95.5,92.4,95.1,9.989,5,5,5,91.795
25.58,6,27.133000000000003,42.754,37.163000000000004,69.128,107.45,110.649,65.1,55.0,29.6,99.8,67.6,88.5,96.7,88.4,95.5,92.4,95.1,9.754,5,5,5,91.98299999999999
25.6,6,26.816,42.154,36.891999999999996,69.732,107.367,110.666,65.0,55.0,29.6,100.1,67.4,88.5,96.7,88.4,95.5,92.4,95.1,9.508,5,5,5,92.17200000000001
25.62,6,27.143,42.734,36.883,73.712,107.45,110.78399999999999,65.0,55.0,29.6,100.1,67.4,88.5,96.7,88.4,95.5,92.4,95.1,10.442,5,5,5,92.355
25.64,6,26.564,42.944,36.917,72.285,107.264,110.598,65.0,55.0,29.6,100.1,67.4,88.5,96.7,88.4,95.5,92.4,95.1,9.636,5,5,5,92.54799999999999
25.66,7,26.343000000000004,42.332,36.861999999999995,68.627,107.38799999999999,110.78399999999999,65.0,55.0,29.6,100.1,67.4,88.5,96.7,88.4,95.5,92.4,95.1,9.274000000000001,5,5,5,92.74
25.68,7,26.699,42.361999999999995,36.835,57.983999999999995,107.32600000000001,110.868,65.0,55.0,29.6,100.1,67.4,88.5,96.7,88.4,95.5,92.4,95.1,9.599,5,5,5,93.154
25.7,7,26.23,42.025999999999996,36.736000000000004,44.711999999999996,107.244,110.71700000000001,65.0,55.0,29.6,100.1,67.4,88.5,96.7,88.4,95.5,92.4,95.1,9.370000000000001,5,5,5,93.85
25.72,7,26.423000000000002,42.68,36.815,35.135000000000005,107.016,110.463,65.0,55.0,29.6,100.1,67.4,88.5,96.7,88.4,95.5,92.4,95.1,9.646,5,5,5,94.53
25.74,7,26.134,42.141,36.834,28.901999999999997,106.93299999999999,110.649,65.0,55.0,29.6,100.1,67.4,88.5,96.7,88.4,95.5,92.4,95.1,9.232,5,5,5,95.009
25.76,7,26.754,42.772,36.706,22.562,107.016,110.514,65.0,55.0,29.6,100.1,67.4,88.5,96.7,88.4,95.5,92.4,95.1,8.763,5,5,5,95.296
25.78,7,26.061999999999998,42.443000000000005,36.858000000000004,16.582,106.80799999999999,110.241,65.0,55.0,29.6,100.1,67.4,88.5,96.7,88.4,95.5,92.4,95.1,9.116,5,5,5,95.51299999999999
25.8,7,26.522,43.11,36.903999999999996,12.912,106.912,110.22399999999999,65.0,55.0,29.6,100.1,67.4,88.5,96.7,88.4,95.5,92.4,95.1,9.465,5,5,5,95.661
25.82,7,26.194000000000003,42.125,36.467,10.331,106.725,110.12200000000001,65.0,55.0,29.6,100.1,67.4,88.5,96.7,88.4,95.5,92.4,95.1,9.009,5,5,5,95.834
25.84,7,26.081999999999997,42.477,36.41,8.757,106.725,110.105,65.0,55.0,29.6,100.1,67.4,88.5,96.7,88.4,95.5,92.4,95.1,8.898,5,5,5,96.081
25.86,7,26.289,42.088,36.56,7.377,106.80799999999999,110.20700000000001,65.0,55.0,29.6,100.1,67.4,88.5,96.7,88.4,95.5,92.4,95.1,8.955,5,5,5,96.28
25.88,7,26.618000000000002,42.268,36.738,6.904,106.93299999999999,110.19,65.0,55.0,29.6,100.1,67.4,88.5,96.7,88.4,95.5,92.4,95.1,9.105,5,5,5,96.47200000000001
25.9,7,26.309,42.083,36.257,6.686999999999999,106.89200000000001,110.22399999999999,65.0,55.0,29.6,100.1,67.4,88.5,96.7,88.4,95.5,92.4,95.1,8.83,5,5,5,96.671
25.92,7,25.905,42.122,36.278999999999996,15.698,106.662,110.20700000000001,65.0,55.0,29.6,100.1,67.4,88.5,96.7,88.4,95.5,92.4,95.1,8.934,5,5,5,96.815
25.94,7,26.394000000000002,42.236,36.434,12.379,106.85,110.19,65.0,55.0,29.6,100.1,67.4,88.5,96.7,88.4,95.5,92.4,95.1,8.968,5,5,5,96.899
25.96,7,26.016,42.241,36.306,9.974,106.557,110.071,65.0,55.0,29.6,100.1,67.4,88.5,96.7,88.4,95.5,92.4,95.1,8.913,5,5,5,96.995
25.98,7,25.888,42.178000000000004,36.421,8.446,106.641,110.105,65.0,55.0,29.6,100.1,67.4,88.5,96.7,88.4,95.5,92.4,95.1,8.986,5,5,5,97.073
26.0,7,25.913,41.975,36.399,9.02,106.74600000000001,110.139,65.0,55.0,29.6,100.1,67.4,88.5,96.7,88.4,95.587,92.4,95.1,8.879,5,5,5,97.145
26.02,7,25.844,42.485,35.945,7.7669999999999995,106.59899999999999,110.053,65.0,55.0,29.6,100.1,67.4,88.5,96.7,88.4,95.637,92.4,95.1,9.279,5,5,5,97.219
26.04,7,25.484,41.742,36.179,6.73,106.641,110.105,65.0,55.0,29.6,100.1,67.4,88.5,96.7,88.4,95.664,92.4,95.1,8.992,5,5,5,97.335
26.06,7,26.1,41.779,36.028000000000006,9.754999999999999,106.59899999999999,110.01899999999999,65.0,55.0,29.6,100.1,67.4,88.5,96.7,88.4,95.68,92.4,95.1,8.308,5,5,5,97.42200000000001
26.08,7,25.980999999999998,42.343,35.846999999999994,12.835,106.57799999999999,109.985,65.0,55.0,29.6,100.1,67.4,88.5,96.7,88.4,95.689,92.4,95.1,8.823,5,5,5,97.656
26.1,7,25.929000000000002,42.056,36.074,15.198,106.641,110.00200000000001,65.0,55.0,29.6,100.1,67.4,88.5,96.7,88.4,95.694,92.4,95.1,9.507,5,5,5,97.961
26.12,7,25.855999999999998,41.986,35.980999999999995,18.516,106.473,109.96799999999999,65.0,55.0,29.6,100.1,67.4,88.5,96.7,88.4,95.696,92.4,95.1,8.668,5,5,5,98.33200000000001
26.14,7,25.755,41.546,36.010000000000005,19.835,106.62,110.01899999999999,65.0,55.0,29.6,100.1,67.4,88.5,96.7,88.4,95.69800000000001,92.4,95.1,8.043,5,5,5,98.792
26.16,7,25.534000000000002,41.716,35.806,21.01,106.515,109.83,65.0,55.0,29.6,100.1,67.4,88.5,96.7,88.4,95.699,92.4,95.1,8.952,5,5,5,99.319
26.18,7,25.32,41.863,36.03,20.907,106.557,109.865,65.0,55.0,29.6,100.1,67.4,88.5,96.7,88.4,95.699,92.4,95.1,9.314,5,5,5,99.814
26.2,7,25.357,41.464,36.038,21.232,106.45200000000001,109.71,65.0,55.0,29.6,100.1,67.4,88.5,96.7,88.4,95.7,92.4,95.1,8.631,5,5,5,100.36
26.22,7,25.625999999999998,41.84,35.730999999999995,20.283,106.305,109.848,65.0,55.0,29.6,100.1,67.4,88.5,96.7,88.4,95.7,92.4,95.1,8.365,5,5,5,100.89200000000001
26.24,7,25.855,41.691,36.0,20.035,106.41,109.727,65.0,55.0,29.6,100.1,67.4,88.5,96.7,88.4,95.7,92.4,95.1,8.836,5,5,5,101.449
26.26,7,25.369,41.588,36.126999999999995,19.972,106.26299999999999,109.641,65.0,55.0,29.6,100.1,67.4,88.5,96.7,88.4,95.7,92.4,95.1,8.941,5,5,5,101.962
26.28,7,25.395,41.566,36.172,19.286,106.431,109.762,65.0,55.0,29.6,100.1,67.4,88.5,96.7,88.4,95.7,92.4,95.1,8.824,5,5,5,102.51700000000001
26.3,7,25.708000000000002,41.95,36.188,15.997,106.242,109.693,65.0,55.0,29.6,100.1,67.4,88.5,96.7,88.4,95.7,92.4,95.1,8.556000000000001,5,5,5,103.06700000000001
26.32,7,25.367,41.771,36.291,12.128,106.09299999999999,109.744,65.0,55.0,29.6,100.1,67.4,88.5,96.7,88.4,95.7,92.4,95.1,8.837,5,5,5,103.54299999999999
26.34,7,25.346,41.566,36.271,9.584,106.09299999999999,109.675,65.0,55.0,29.6,100.1,67.4,88.5,96.7,88.4,95.7,92.4,95.1,9.139,5,5,5,103.96600000000001
26.36,7,25.572,41.667,36.073,7.609999999999999,106.072,109.208,65.0,55.0,29.6,100.1,67.4,88.5,96.7,88.4,95.7,92.4,95.1,8.754,5,5,5,104.243
26.38,7,25.671999999999997,41.297,36.016999999999996,6.365,106.115,109.329,65.0,55.0,29.6,100.1,67.4,88.5,96.7,88.4,95.7,92.4,95.1,8.626000000000001,5,5,5,104.419
26.4,7,25.226,41.308,36.111000000000004,6.788,105.96600000000001,109.295,65.0,55.0,29.6,100.1,67.4,88.5,96.7,88.4,95.7,92.4,95.1,9.268,5,5,5,104.447
26.42,7,25.061,41.609,36.095,6.634,105.945,109.43299999999999,65.0,55.0,29.6,100.1,67.4,88.5,96.7,88.4,95.7,92.4,95.1,9.665,5,5,5,104.469
26.44,8,24.889,40.931999999999995,35.925,5.886,106.03,109.416,65.0,55.0,29.6,100.1,67.4,88.5,96.7,88.4,95.7,92.4,95.1,9.455,5,5,5,104.463
26.46,8,24.980999999999998,41.510999999999996,36.108000000000004,6.537,105.75299999999999,109.34700000000001,65.0,55.0,29.6,100.1,67.4,88.5,96.7,88.4,95.7,92.4,95.1,9.291,5,5,5,104.477
26.48,8,24.957,41.029,35.992,6.369,105.75299999999999,109.399,65.0,55.0,29.6,100.1,67.4,88.5,96.7,88.4,95.7,92.4,95.1,9.644,5,5,5,104.48899999999999
26.5,8,25.135,41.025999999999996,36.035,6.216,105.774,109.277,65.0,55.0,29.6,100.1,67.4,88.5,96.7,88.4,95.7,92.4,95.1,9.657,5,5,5,104.522
26.52,8,24.965999999999998,41.477,36.044,5.787,105.945,109.26,65.0,55.0,29.6,100.1,67.4,88.5,96.7,88.4,95.7,92.4,95.1,8.947,5,5,5,104.524
26.54,8,24.922,41.446,36.019999999999996,5.429,105.646,109.086,65.0,55.0,29.6,100.1,67.4,88.5,96.7,88.4,95.7,92.4,95.1,9.405000000000001,5,5,5,104.529
26.56,8,24.912,41.055,35.873000000000005,5.245,105.75299999999999,109.12,65.0,55.0,29.6,100.1,67.4,88.5,96.7,88.4,95.7,92.4,95.1,10.212,5,5,5,104.53299999999999
26.58,8,24.953,41.248000000000005,35.94199999999999,4.759,105.581,109.295,65.0,55.0,29.6,100.1,67.4,88.5,96.7,88.4,95.7,92.4,95.1,9.775,5,5,5,104.538
26.6,8,24.741,41.244,36.18,4.087,105.838,109.051,65.0,55.0,29.6,100.1,67.4,88.5,96.7,88.4,95.7,92.4,95.1,8.744,5,5,5,104.539
26.62,8,24.829,41.056,36.088,3.9909999999999997,105.75299999999999,109.103,65.0,55.0,29.6,100.1,67.4,88.5,96.7,88.4,95.7,92.4,95.1,9.478,5,5,5,104.537
26.64,8,25.075,40.544000000000004,35.883,3.975,105.667,109.208,65.0,55.0,29.6,100.1,67.4,88.5,96.7,88.4,95.7,92.4,95.1,10.347999999999999,5,5,5,104.539
26.66,8,25.057000000000002,40.931999999999995,35.917,3.963,105.71,109.086,65.0,55.0,29.6,100.1,67.4,88.5,96.7,88.4,95.7,92.4,95.1,9.803999999999998,5,5,5,104.539
26.68,8,24.697,40.931,36.075,4.37,105.431,109.103,65.0,55.0,29.6,100.1,67.4,88.5,96.7,88.4,95.7,92.4,95.1,9.33,5,5,5,104.535
26.7,8,24.54,41.001999999999995,36.0,4.149,105.581,109.051,65.0,55.0,29.6,100.1,67.4,88.5,96.7,88.4,95.7,92.4,95.1,9.544,5,5,5,104.54
26.72,8,24.988,40.998000000000005,35.887,3.966,105.646,109.103,65.0,55.0,29.6,100.1,67.4,88.5,96.7,88.4,95.7,92.4,95.1,10.42,5,5,5,104.541
26.74,8,24.694000000000003,40.816,36.107,3.963,105.73100000000001,109.086,65.0,55.0,29.6,100.1,67.4,88.5,96.7,88.4,95.7,92.4,95.1,10.1,5,5,5,104.539
26.76,8,25.034000000000002,40.372,35.918000000000006,4.078,105.624,108.928,65.0,55.0,29.6,100.1,67.4,88.5,96.7,88.4,95.7,92.4,95.1,8.889,5,5,5,104.54
26.78,8,24.262,40.749,36.023,4.27,105.495,108.98100000000001,65.0,55.0,29.6,100.1,67.4,88.5,96.7,88.4,95.7,92.4,95.1,9.5,5,5,5,104.539
26.8,8,24.69,40.692,35.977,4.289,105.624,108.98100000000001,65.0,55.0,29.6,100.1,67.4,88.5,96.7,88.4,95.7,92.4,95.1,10.131,5,5,5,104.542
26.82,8,24.408,40.921,36.168000000000006,4.536,105.51700000000001,108.98100000000001,65.0,55.0,29.6,100.1,67.4,88.5,96.7,88.4,95.7,92.4,95.1,9.347,5,5,5,104.53200000000001
26.84,8,25.06,40.678000000000004,35.993,5.185,105.47399999999999,108.911,65.0,55.0,29.6,100.1,67.4,88.5,96.7,88.4,95.7,92.4,95.1,8.279,5,5,5,104.539
26.86,8,24.311,40.961,36.18,4.933,105.38799999999999,108.963,65.0,55.0,29.6,100.1,67.4,88.5,96.7,88.4,95.7,92.4,95.1,8.858,5,5,5,104.541
26.88,8,24.864,40.554,35.828,5.053,105.603,108.85799999999999,65.0,55.0,29.6,100.1,67.4,88.5,96.7,88.4,95.7,92.4,95.1,9.371,5,5,5,104.536
26.9,8,24.22,40.467,36.120999999999995,5.468,105.603,108.85799999999999,65.0,55.0,29.6,100.1,67.4,88.5,96.7,88.4,95.7,92.4,95.1,9.225999999999999,5,5,5,104.542
26.92,8,24.544,40.641999999999996,36.073,6.261,105.344,108.89299999999999,65.0,55.0,29.6,100.1,67.4,88.5,96.7,88.4,95.7,92.4,95.1,9.25,5,5,5,104.539
26.94,8,24.805999999999997,40.522,35.947,6.512,105.56,108.84100000000001,65.0,55.0,29.6,100.1,67.4,88.5,96.7,88.4,95.7,92.4,95.1,8.949,5,5,5,104.538
26.96,8,24.203,40.188,35.943,6.069,105.667,108.99799999999999,65.0,55.0,29.6,100.1,67.4,88.5,96.7,88.4,95.7,92.4,95.1,9.017,5,5,5,104.539
26.98,8,24.64,40.802,36.120000000000005,6.927,105.344,109.016,65.0,55.0,29.6,100.1,67.4,88.5,96.7,88.4,95.7,92.4,95.1,9.274000000000001,5,5,5,104.54
27.0,8,24.52,40.085,36.303,7.6739999999999995,105.495,108.928,65.0,55.0,29.6,100.1,67.4,88.5,96.7,88.4,95.7,92.4,95.1,9.243,5,5,5,104.538
27.02,8,24.248,40.64,36.284000000000006,7.606,105.646,108.823,65.0,55.0,29.6,100.1,67.4,88.5,96.7,88.4,95.7,92.4,95.1,8.781,5,5,5,104.54
27.04,8,24.314,40.211,36.096000000000004,7.63,105.171,108.946,65.0,55.0,29.6,100.1,67.4,88.5,96.7,88.4,95.7,92.4,95.1,9.141,5,5,5,104.541
27.06,8,23.973,40.549,36.297,7.156000000000001,105.28,108.876,65.0,55.0,29.6,100.1,67.4,88.5,96.7,88.4,95.7,92.4,95.1,9.709,5,5,5,104.538
27.08,8,24.104,40.003,36.225,6.877,105.323,108.61200000000001,65.0,55.0,29.6,100.1,67.4,88.5,96.7,88.4,95.7,92.4,95.1,9.423,5,5,5,104.537
27.1,8,24.371,40.694,36.155,5.843,105.28,108.647,65.0,55.0,29.6,100.1,67.4,88.5,96.7,88.4,95.7,92.4,95.1,8.902,5,5,5,104.53200000000001
27.12,8,24.024,40.598,36.135999999999996,4.896,105.45200000000001,108.665,65.0,55.0,29.6,100.1,67.4,88.5,96.7,88.4,95.7,92.4,95.1,9.259,5,5,5,104.53299999999999
27.14,8,23.98,40.844,36.309,4.111,105.258,108.57700000000001,65.0,55.0,29.6,100.1,67.4,88.5,96.7,88.4,95.7,92.4,95.1,10.207,5,5,5,104.529
27.16,8,24.147000000000002,39.948,36.278999999999996,3.964,105.28,108.788,65.0,55.0,29.6,100.1,67.4,88.5,96.7,88.4,95.7,92.4,95.1,9.943000000000001,5,5,5,104.529
27.18,8,24.004,40.361999999999995,36.208,3.963,105.28,108.4,65.0,55.0,29.6,100.1,67.4,88.5,96.7,88.4,95.7,92.4,95.1,8.684,5,5,5,104.535
27.2,8,23.708,39.583,36.007,3.963,105.10600000000001,108.365,65.0,55.0,29.6,100.1,67.4,88.5,96.7,88.4,95.7,92.4,95.1,9.363,5,5,5,104.54
27.22,8,24.004,39.924,36.285,3.963,105.15,108.506,65.0,55.0,29.6,100.1,67.4,88.5,96.7,88.4,95.7,92.4,95.1,10.222000000000001,5,5,5,104.537
27.24,8,23.675,39.544000000000004,36.133,3.963,105.10600000000001,108.488,65.0,55.0,29.6,100.1,67.4,88.5,96.7,88.4,95.7,92.4,95.1,8.708,5,5,5,104.539
27.26,8,23.923,39.89,36.221000000000004,4.254,105.12799999999999,108.488,65.0,55.0,29.6,100.1,67.4,88.5,96.7,88.4,95.7,92.4,95.1,8.114,5,5,5,104.54
27.28,8,23.518,40.143,36.238,4.189,105.15,108.18700000000001,65.0,55.0,29.6,100.1,67.4,88.5,96.7,88.4,95.7,92.4,95.1,8.433,5,5,5,104.542
27.3,8,23.948,39.795,36.253,4.82,104.932,108.559,65.0,55.0,29.6,100.1,67.4,88.5,96.7,88.4,95.7,92.4,95.1,8.396,5,5,5,104.542
27.32,8,23.873,39.961,35.946,5.105,105.041,108.329,65.0,55.0,29.6,100.1,67.4,88.5,96.7,88.4,95.7,92.4,95.1,8.226,5,5,5,104.54
27.34,8,23.993,39.959,36.079,5.305,104.932,108.382,65.0,55.0,29.6,100.1,67.4,88.5,96.7,88.4,95.7,92.4,95.1,8.202,5,5,5,104.541
27.36,8,23.334,39.907,36.274,4.894,104.99700000000001,108.311,65.0,55.0,29.6,100.1,67.4,88.5,96.7,88.4,95.7,92.4,95.1,8.268,5,5,5,104.535
27.38,8,23.676,39.812,36.111999999999995,4.888,104.866,108.24,65.0,55.0,29.6,100.1,67.4,88.5,96.7,88.4,95.7,92.4,95.1,8.273,5,5,5,104.53299999999999
27.4,8,23.616,39.621,36.165,5.038,104.99700000000001,108.258,65.0,55.0,29.6,100.1,67.4,88.5,96.7,88.4,95.7,92.4,95.1,8.407,5,5,5,104.539
27.42,8,23.558,39.992,36.327,5.071,104.845,108.258,65.0,55.0,29.6,100.1,67.4,88.5,96.7,88.4,95.7,92.4,95.1,8.032,5,5,5,104.536
27.44,8,23.465999999999998,39.81,36.114000000000004,4.903,104.669,108.559,65.0,55.0,29.6,100.1,67.4,88.5,96.7,88.4,95.7,92.4,95.1,7.984,5,5,5,104.536
27.46,8,23.649,39.801,36.120999999999995,5.138,104.757,108.223,65.0,55.0,29.6,100.1,67.4,88.5,96.7,88.4,95.7,92.4,95.1,8.251000000000001,5,5,5,104.53200000000001
27.48,8,23.336,39.78,36.141999999999996,4.933,104.735,108.152,65.0,55.0,29.6,100.1,67.4,88.5,96.7,88.4,95.7,92.4,95.1,8.436,5,5,5,104.53399999999999
27.5,8,23.218,40.57,36.295,5.132,104.647,108.24,65.0,55.0,29.6,100.1,67.4,88.5,96.7,88.4,95.7,92.4,95.1,8.004999999999999,5,5,5,104.53399999999999
27.52,8,23.202,39.323,36.152,4.956,104.823,108.169,65.0,55.0,29.6,100.1,67.4,88.5,96.7,88.4,95.7,92.4,95.1,7.6739999999999995,5,5,5,104.53200000000001
27.54,8,23.335,39.525,36.263999999999996,4.946,104.691,107.93799999999999,65.0,55.0,29.6,100.1,67.4,88.5,96.7,88.4,95.7,92.4,95.1,8.218,5,5,5,104.538
27.56,8,23.567999999999998,39.544000000000004,36.230999999999995,5.018,104.713,108.152,65.0,55.0,29.6,100.1,67.4,88.5,96.7,88.4,95.7,92.4,95.1,8.767,5,5,5,104.537
27.58,8,23.702,39.993,36.243,4.641,104.779,108.27600000000001,65.0,55.0,29.6,100.1,67.4,88.5,96.7,88.4,95.7,92.4,95.1,8.272,5,5,5,104.53399999999999
27.6,8,23.26,39.86,36.209,5.066,104.647,108.205,64.7,54.9,29.7,100.5,67.5,88.5,96.7,88.4,95.7,92.4,95.1,7.3469999999999995,5,5,5,104.53
27.62,8,23.399,40.039,36.35,5.22,104.669,108.134,64.7,54.9,29.7,100.5,67.5,88.5,96.7,88.4,95.7,92.4,95.1,8.206,5,5,5,104.53399999999999
27.64,8,22.791,39.588,36.268,4.847,104.603,108.169,64.7,54.9,29.7,100.5,67.5,88.5,96.7,88.4,95.7,92.4,95.1,8.605,5,5,5,104.53200000000001
27.66,8,23.111,39.281,36.359,4.866,104.757,107.955,64.7,54.9,29.7,100.5,67.5,88.5,96.7,88.4,95.7,92.4,95.1,8.094,5,5,5,104.537
27.68,8,22.688,39.483000000000004,36.379000000000005,4.952,104.537,107.884,64.7,54.9,29.7,100.5,67.5,88.5,96.7,88.4,95.7,92.4,95.1,8.275,5,5,5,104.53
27.7,8,23.36,39.75,36.274,4.737,104.471,107.955,64.7,54.9,29.7,100.5,67.5,88.5,96.7,88.4,95.7,92.4,95.1,8.897,5,5,5,104.529
27.72,8,22.563,39.251,36.247,4.788,104.383,108.009,64.7,54.9,29.7,100.5,67.5,88.5,96.7,88.4,95.7,92.4,95.1,7.837,5,5,5,104.535
27.74,8,23.048,39.471,36.337,4.604,104.493,107.884,64.7,54.9,29.7,100.5,67.5,88.5,96.7,88.4,95.7,92.4,95.1,8.908,5,5,5,104.531
27.76,8,22.986,38.998000000000005,36.062,4.579,104.647,108.08,64.7,54.9,29.7,100.5,67.5,88.5,96.7,88.4,95.7,92.4,95.1,9.174,5,5,5,104.52799999999999
27.78,8,23.049,39.457,36.289,4.8,104.338,107.83,64.7,54.9,29.7,100.5,67.5,88.5,96.7,88.4,95.7,92.4,95.1,8.918,5,5,5,104.531
27.8,8,22.6,39.561,36.342,4.422,104.471,107.991,64.7,54.9,29.7,100.5,67.5,88.5,96.7,88.4,95.7,92.4,95.1,9.931999999999999,5,5,5,104.537
27.82,8,23.108,39.028,36.065,4.737,104.228,107.991,64.7,54.9,29.7,100.5,67.5,88.5,96.7,88.4,95.7,92.4,95.1,9.368,5,5,5,104.535
27.84,8,22.726,39.273,36.105999999999995,4.781,104.316,107.884,64.7,54.9,29.7,100.5,67.5,88.5,96.7,88.4,95.7,92.4,95.1,9.51,5,5,5,104.536
27.86,8,22.725,39.413000000000004,36.376999999999995,4.798,104.338,107.866,64.7,54.9,29.7,100.5,67.5,88.5,96.7,88.4,95.7,92.4,95.1,9.675,5,5,5,104.53299999999999
27.88,8,22.74,39.153,36.285,4.785,104.405,107.758,64.7,54.9,29.7,100.5,67.5,88.5,96.7,88.4,95.7,92.4,95.1,8.866,5,5,5,104.537
27.9,8,22.218,39.168,36.224000000000004,4.75,104.471,107.723,64.7,54.9,29.7,100.5,67.5,88.5,96.7,88.4,95.7,92.4,95.1,9.905000000000001,5,5,5,104.53200000000001
27.92,8,22.778,39.07,36.111000000000004,4.988,104.25,107.81200000000001,64.7,54.9,29.7,100.5,67.5,88.5,96.7,88.4,95.7,92.4,95.1,9.609,5,5,5,104.539
27.94,8,22.906,38.955999999999996,36.323,4.712,104.383,107.74,64.7,54.9,29.7,100.5,67.5,88.5,96.7,88.4,95.7,92.4,95.1,9.656,5,5,5,104.53299999999999
27.96,8,22.402,38.909,36.369,4.627,104.361,107.705,64.7,54.9,29.7,100.5,67.5,88.5,96.7,88.4,95.7,92.4,95.1,10.347999999999999,5,5,5,104.536
27.98,8,22.809,39.0,36.379999999999995,4.892,104.338,107.633,64.7,54.9,29.7,100.5,67.5,88.5,96.7,88.4,95.7,92.4,95.1,9.721,5,5,5,104.53399999999999
28.0,8,22.573,38.586999999999996,36.30800000000001,5.062,104.205,107.579,64.7,54.9,29.7,100.5,67.5,88.5,96.7,88.4,95.7,92.4,95.1,10.164,5,5,5,104.536
28.02,8,22.715999999999998,38.632,36.263000000000005,5.274,104.25,107.561,64.7,54.9,29.7,100.5,67.5,88.5,96.7,88.4,95.7,92.4,95.1,10.424,5,5,5,104.53
28.04,8,22.586,39.115,36.229,5.021,104.205,107.507,64.7,54.9,29.7,100.5,67.5,88.5,96.7,88.4,95.7,92.4,95.1,9.574,5,5,5,104.53299999999999
28.06,8,22.209,38.894,36.499,5.516,104.027,107.38,64.7,54.9,29.7,100.5,67.5,88.5,96.7,88.4,95.7,92.4,95.1,10.592,5,5,5,104.537
28.08,8,22.168,38.891999999999996,36.156,5.951,104.116,107.54299999999999,64.7,54.9,29.7,100.5,67.5,88.5,96.7,88.4,95.7,92.4,95.1,10.309999999999999,5,5,5,104.537
28.1,8,22.325,38.772,36.340999999999994,5.213,104.072,107.615,64.7,54.9,29.7,100.5,67.5,88.5,96.7,88.4,95.7,92.4,95.1,9.998999999999999,5,5,5,104.535
28.12,8,22.298,38.196999999999996,36.08,4.66,104.294,107.59700000000001,64.7,54.9,29.7,100.5,67.5,88.5,96.7,88.4,95.7,92.4,95.1,10.86,5,5,5,104.53299999999999
28.14,8,22.662,39.167,36.304,4.743,104.005,107.434,64.7,54.9,29.7,100.5,67.5,88.5,96.7,88.4,95.7,92.4,95.1,9.674,5,5,5,104.53299999999999
28.16,8,22.503,38.558,36.199,4.748,104.072,107.344,64.7,54.9,29.7,100.5,67.5,88.5,96.7,88.4,95.7,92.4,95.1,10.17,5,5,5,104.53200000000001
28.18,8,22.701,38.684,36.266999999999996,5.097,104.072,107.47,64.7,54.9,29.7,100.5,67.5,88.5,96.7,88.4,95.7,92.4,95.1,10.65,5,5,5,104.53
28.2,8,21.987000000000002,38.23,36.126,5.012,104.04899999999999,107.398,64.7,54.9,29.7,100.5,67.5,88.5,96.7,88.4,95.7,92.4,95.1,9.718,5,5,5,104.535
28.22,8,22.209,38.696,36.346000000000004,4.648,104.005,107.488,64.7,54.9,29.7,100.5,67.5,88.5,96.7,88.4,95.7,92.4,95.1,11.013,5,5,5,104.539
28.24,8,21.783,38.714,36.217,4.758,103.848,107.434,64.7,54.9,29.7,100.5,67.5,88.5,96.7,88.4,95.7,92.4,95.1,10.452000000000002,5,5,5,104.53
28.26,8,22.262999999999998,38.903,36.435,4.815,103.915,107.25299999999999,64.7,54.9,29.7,100.5,67.5,88.5,96.7,88.4,95.7,92.4,95.1,10.152999999999999,5,5,5,104.536
28.28,8,22.384,38.503,36.008,5.276,103.93799999999999,107.416,64.7,54.9,29.7,100.5,67.5,88.5,96.7,88.4,95.7,92.4,95.1,10.939,5,5,5,104.53399999999999
28.3,8,22.319000000000003,38.736,36.439,5.034,103.758,107.271,64.7,54.9,29.7,100.5,67.5,88.5,96.7,88.4,95.7,92.4,95.1,9.661999999999999,5,5,5,104.535
28.32,8,21.869,38.859,36.328,4.749,103.915,107.14399999999999,64.7,54.9,29.7,100.5,67.5,88.5,96.7,88.4,95.7,92.4,95.1,10.392,5,5,5,104.53
28.34,8,21.72,38.936,36.39,5.174,104.027,107.36200000000001,64.7,54.9,29.7,100.5,67.5,88.5,96.7,88.4,95.7,92.4,95.1,10.531,5,5,5,104.53200000000001
28.36,8,22.119,38.679,36.233000000000004,5.046,103.736,107.235,64.7,54.9,29.7,100.5,67.5,88.5,96.7,88.4,95.7,92.4,95.1,10.031,5,5,5,104.53299999999999
28.38,8,22.109,38.416,36.345,4.785,104.04899999999999,107.30799999999999,64.7,54.9,29.7,100.5,67.5,88.5,96.7,88.4,95.7,92.4,95.1,10.992,5,5,5,104.539
28.4,8,21.531,38.436,36.248000000000005,4.942,103.62299999999999,107.29,64.7,54.9,29.7,100.5,67.5,88.5,96.7,88.4,95.7,92.4,95.1,10.587,5,5,5,104.535
28.42,8,22.145,38.293,36.376,4.838,103.848,107.235,64.7,54.9,29.7,100.5,67.5,88.5,96.7,88.4,95.7,92.4,95.1,10.367,5,5,5,104.535
28.44,8,22.393,38.402,36.293000000000006,4.933,103.848,107.181,64.7,54.9,29.7,100.5,67.5,88.5,96.7,88.4,95.7,92.4,95.1,10.796,5,5,5,104.539
28.46,8,21.95,38.232,36.266999999999996,5.032,103.803,106.999,64.7,54.9,29.7,100.5,67.5,88.5,96.7,88.4,95.7,92.4,95.1,9.588000000000001,5,5,5,104.53399999999999
28.48,8,21.824,38.222,36.233000000000004,4.778,103.803,107.14399999999999,64.7,54.9,29.7,100.5,67.5,88.5,96.7,88.4,95.7,92.4,95.1,10.331,5,5,5,104.541
28.5,8,21.902,38.391,36.370999999999995,4.973,103.42,107.25299999999999,64.7,54.9,29.7,100.5,67.5,88.5,96.7,88.4,95.7,92.4,95.1,10.32,5,5,5,104.536
28.52,8,21.747,37.983000000000004,36.156,4.807,103.601,107.035,64.7,54.9,29.7,100.5,67.5,88.5,96.7,88.4,95.7,92.4,95.1,10.018,5,5,5,104.53399999999999
28.54,8,21.979,37.946999999999996,36.469,4.922,103.51,106.962,64.7,54.9,29.7,100.5,67.5,88.5,96.7,88.4,95.7,92.4,95.1,11.142,5,5,5,104.535
28.56,8,21.807000000000002,37.851,36.372,5.141,103.53299999999999,107.053,64.7,54.9,29.7,100.5,67.5,88.5,96.7,88.4,95.7,92.4,95.1,10.305,5,5,5,104.535
28.58,8,22.045,37.946,36.383,4.932,103.66799999999999,107.126,64.7,54.9,29.7,100.5,67.5,88.5,96.7,88.4,95.7,92.4,95.1,10.366,5,5,5,104.535
28.6,8,21.555999999999997,37.954,36.191,4.898,103.758,106.90700000000001,64.7,54.9,29.7,100.5,67.5,88.5,96.7,88.4,95.7,92.4,95.1,10.829,5,5,5,104.535
28.62,8,21.683,37.891,36.438,4.917,103.736,107.126,64.7,54.9,29.7,100.5,67.5,88.5,96.7,88.4,95.7,92.4,95.1,9.735,5,5,5,104.539
28.64,8,21.711,37.93,36.131,5.089,103.488,107.181,64.7,54.9,29.7,100.5,67.5,88.5,96.7,88.4,95.7,92.4,95.1,10.547999999999998,5,5,5,104.542
28.66,8,21.555999999999997,37.759,36.373000000000005,4.673,103.352,107.09,64.7,54.9,29.7,100.5,67.5,88.5,96.7,88.4,95.7,92.4,95.1,9.831,5,5,5,104.535
28.68,8,21.463,38.191,36.05,4.519,103.57799999999999,106.816,64.7,54.9,29.7,100.5,67.5,88.5,96.7,88.4,95.7,92.4,95.1,11.364,5,5,5,104.538
28.7,8,21.715,38.442,36.394000000000005,4.499,103.51,106.834,64.7,54.9,29.7,100.5,67.5,88.5,96.7,88.4,95.7,92.4,95.1,10.5,5,5,5,104.538
28.72,8,21.817,37.648,36.158,5.2,103.51,106.743,64.7,54.9,29.7,100.5,67.5,88.5,96.7,88.4,95.7,92.4,95.1,11.538,5,5,5,104.536
28.74,8,21.577,38.287,36.251999999999995,4.923,103.758,106.852,64.7,54.9,29.7,100.5,67.5,88.5,96.7,88.4,95.7,92.4,95.1,11.16,5,5,5,104.536
28.76,8,21.55,37.936,36.047,4.954,103.51,106.852,64.7,54.9,29.7,100.5,67.5,88.5,96.7,88.4,95.7,92.4,95.1,11.573,5,5,5,104.53399999999999
28.78,8,21.504,37.854,36.314,5.066,103.238,106.669,64.7,54.9,29.7,100.5,67.5,88.5,96.7,88.4,95.7,92.4,95.1,11.620000000000001,5,5,5,104.537
28.8,8,21.675,37.596,36.195,4.509,103.646,106.962,64.7,54.9,29.7,100.5,67.5,88.5,96.7,88.4,95.7,92.4,95.1,11.494,5,5,5,104.54299999999999
28.82,8,21.682000000000002,37.687,36.272,4.869,103.601,106.743,64.7,54.9,29.7,100.5,67.5,88.5,96.7,88.4,95.7,92.4,95.1,12.463999999999999,5,5,5,104.536
28.84,8,21.258,37.615,36.092,4.912,103.443,106.79799999999999,64.7,54.9,29.7,100.5,67.5,88.5,96.7,88.4,95.7,92.4,95.1,11.227,5,5,5,104.54
28.86,8,21.642,37.854,36.402,4.823,103.238,106.743,64.7,54.9,29.7,100.5,67.5,88.5,96.7,88.4,95.7,92.4,95.1,12.656,5,5,5,104.542
28.88,8,21.621,38.084,35.995000000000005,4.755,103.306,106.76100000000001,64.7,54.9,29.7,100.5,67.5,88.5,96.7,88.4,95.7,92.4,95.1,11.764,5,5,5,104.535
28.9,8,21.273,37.975,36.369,5.062,103.352,106.779,64.7,54.9,29.7,100.5,67.5,88.5,96.7,88.4,95.7,92.4,95.1,12.533,5,5,5,104.53200000000001
28.92,8,21.49,38.033,36.322,5.152,103.215,106.632,64.7,54.9,29.7,100.5,67.5,88.5,96.7,88.4,95.7,92.4,95.1,12.281,5,5,5,104.538
28.94,8,21.651,37.582,36.206,5.039,103.124,106.87100000000001,64.7,54.9,29.7,100.5,67.5,88.5,96.7,88.4,95.7,92.4,95.1,12.577000000000002,5,5,5,104.537
28.96,8,21.24,37.711999999999996,36.198,4.679,103.352,106.522,64.7,54.9,29.7,100.5,67.5,88.5,96.7,88.4,95.7,92.4,95.1,12.391,5,5,5,104.525
28.98,8,21.315,38.013000000000005,36.328,4.671,103.443,106.68799999999999,64.7,54.9,29.7,100.5,67.5,88.5,96.7,88.4,95.7,92.4,95.1,12.428,5,5,5,104.53299999999999
29.0,8,21.179000000000002,37.269,36.288,4.751,103.329,106.65100000000001,64.7,54.9,29.7,100.5,67.5,88.5,96.7,88.4,95.7,92.4,95.1,13.237,5,5,5,104.527
29.02,8,21.162,37.366,36.314,4.746,103.28399999999999,106.559,64.7,54.9,29.7,100.5,67.5,88.5,96.7,88.4,95.7,92.4,95.1,11.86,5,5,5,104.53299999999999
29.04,8,21.279,37.77,36.159000000000006,4.907,103.306,106.632,64.7,54.9,29.7,100.5,67.5,88.5,96.7,88.4,95.7,92.4,95.1,13.3,5,5,5,104.53399999999999
29.06,8,21.115,37.47,36.287,5.082,103.306,106.559,64.7,54.9,29.7,100.5,67.5,88.5,96.7,88.4,95.7,92.4,95.1,12.227,5,5,5,104.53299999999999
29.08,8,21.03,37.069,36.143,5.238,103.28399999999999,106.68799999999999,64.7,54.9,29.7,100.5,67.5,88.5,96.7,88.4,95.7,92.4,95.1,13.191,5,5,5,104.53299999999999
29.1,8,21.077,37.454,36.322,4.959,103.28399999999999,106.522,64.7,54.9,29.7,100.5,67.5,88.5,96.7,88.4,95.7,92.4,95.1,12.592,5,5,5,104.531
29.12,8,20.988,37.336,35.971000000000004,4.968,102.98700000000001,106.448,64.7,54.9,29.7,100.5,67.5,88.5,96.7,88.4,95.7,92.4,95.1,13.037,5,5,5,104.53299999999999
29.14,8,21.393,37.454,36.196,5.025,103.352,106.559,64.7,54.9,29.7,100.5,67.5,88.5,96.7,88.4,95.7,92.4,95.1,12.738,5,5,5,104.535
29.16,8,20.977,37.211999999999996,36.158,5.263,103.26100000000001,106.669,64.7,54.9,29.7,100.5,67.5,88.5,96.7,88.4,95.7,92.4,95.1,12.662,5,5,5,104.538
29.18,8,20.965,37.622,36.202,4.898,103.26100000000001,106.57700000000001,64.7,54.9,29.7,100.5,67.5,88.5,96.7,88.4,95.7,92.4,95.1,13.56,5,5,5,104.535
29.2,8,21.153,37.411,36.022,4.899,103.26100000000001,106.46700000000001,64.7,54.9,29.7,100.5,67.5,88.5,96.7,88.4,95.7,92.4,95.1,12.07,5,5,5,104.53399999999999
29.22,8,20.464,37.724000000000004,36.435,5.037,103.101,106.374,64.7,54.9,29.7,100.5,67.5,88.5,96.7,88.4,95.7,92.4,95.1,13.538,5,5,5,104.537
29.24,8,20.537,37.418,36.198,5.14,103.07799999999999,106.43,64.7,54.9,29.7,100.5,67.5,88.5,96.7,88.4,95.7,92.4,95.1,12.647,5,5,5,104.537
29.26,8,20.737000000000002,37.368,36.223,4.799,103.101,106.43,64.7,54.9,29.7,100.5,67.5,88.5,96.7,88.4,95.7,92.4,95.1,13.181000000000001,5,5,5,104.539
29.28,8,20.715,37.073,36.074,5.027,102.941,106.43,64.7,54.9,29.7,100.5,67.5,88.5,96.7,88.4,95.7,92.4,95.1,12.812000000000001,5,5,5,104.535
29.3,8,20.898,37.277,36.221000000000004,4.81,103.101,106.337,64.7,54.9,29.7,100.5,67.5,88.5,96.7,88.4,95.7,92.4,95.1,13.068,5,5,5,104.535
29.32,8,20.834000000000003,37.315,36.306,4.81,102.87200000000001,106.374,64.7,54.9,29.7,100.5,67.5,88.5,96.7,88.4,95.7,92.4,95.1,12.962,5,5,5,104.535
29.34,8,20.64,37.389,36.269999999999996,4.934,102.87200000000001,106.485,64.7,54.9,29.7,100.5,67.5,88.5,96.7,88.4,95.7,92.4,95.1,12.787,5,5,5,104.536
29.36,8,20.59,37.035,36.218,4.711,102.803,106.522,64.7,54.9,29.7,100.5,67.5,88.5,96.7,88.4,95.7,92.4,95.1,13.822000000000001,5,5,5,104.536
29.38,8,20.531,36.922,36.148,4.796,103.101,106.208,64.7,54.9,29.7,100.5,67.5,88.5,96.7,88.4,95.7,92.4,95.1,12.337,5,5,5,104.536
29.4,8,20.615000000000002,37.205,36.204,4.704,102.82600000000001,106.189,64.7,54.9,29.7,100.5,67.5,88.5,96.7,88.4,95.7,92.4,95.1,13.647,5,5,5,104.536
29.42,8,20.512,36.988,36.061,4.848,102.91799999999999,106.17,64.7,54.9,29.7,100.5,67.5,88.5,96.7,88.4,95.7,92.4,95.1,12.556000000000001,5,5,5,104.539
29.44,8,20.506999999999998,37.056999999999995,36.209,5.554,102.803,106.226,64.7,54.9,29.7,100.5,67.5,88.5,96.7,88.4,95.7,92.4,95.1,13.346,5,5,5,104.537
29.46,8,20.595999999999997,37.541,36.126999999999995,4.706,102.87200000000001,106.115,64.7,54.9,29.7,100.5,67.5,88.5,96.7,88.4,95.7,92.4,95.1,12.787,5,5,5,104.535
29.48,8,20.464,36.881,36.147,4.737,102.734,106.208,64.7,54.9,29.7,100.5,67.5,88.5,96.7,88.4,95.7,92.4,95.1,13.17,5,5,5,104.536
29.5,8,20.175,37.101,36.304,5.096,102.82600000000001,106.152,64.7,54.9,29.7,100.5,67.5,88.5,96.7,88.4,95.7,92.4,95.1,12.934000000000001,5,5,5,104.53
29.52,8,20.359,37.155,36.128,4.792,102.78,106.04,64.7,54.9,29.7,100.5,67.5,88.5,96.7,88.4,95.7,92.4,95.1,12.722000000000001,5,5,5,104.53299999999999
29.54,8,20.432000000000002,36.985,36.193,4.903,102.964,105.816,64.7,54.9,29.7,100.5,67.5,88.5,96.7,88.4,95.7,92.4,95.1,13.67,5,5,5,104.531
29.56,8,20.333,36.75,36.128,4.635,102.664,105.96600000000001,64.7,54.9,29.7,100.5,67.5,88.5,96.7,88.4,95.7,92.4,95.1,12.196000000000002,5,5,5,104.529
29.58,8,20.09,37.038000000000004,36.303,5.045,102.87200000000001,106.022,64.7,54.9,29.7,100.5,67.5,88.5,96.7,88.4,95.7,92.4,95.1,13.533999999999999,5,5,5,104.53
29.6,8,20.335,36.807,35.976,4.984,102.84899999999999,106.07700000000001,64.7,54.9,29.8,100.9,67.6,88.5,96.7,88.4,95.7,92.4,95.1,12.605,5,5,5,104.535
29.62,8,19.990000000000002,36.986999999999995,36.169,4.775,102.78,106.00299999999999,64.7,54.9,29.8,100.9,67.6,88.5,96.7,88.4,95.7,92.35,95.1,13.258,5,5,5,104.53200000000001
29.64,8,20.029000000000003,36.839,36.150999999999996,4.812,102.757,105.984,64.7,54.9,29.8,100.9,67.6,88.5,96.7,88.4,95.7,92.28399999999999,95.1,12.876000000000001,5,5,5,104.531
29.66,8,19.97,36.965999999999994,36.361000000000004,4.78,102.757,106.152,64.7,54.9,29.8,100.9,67.6,88.5,96.7,88.4,95.7,92.247,95.1,12.894,5,5,5,104.53200000000001
29.68,8,19.908,36.415,36.266999999999996,4.607,102.711,105.947,64.7,54.9,29.8,100.9,67.6,88.5,96.7,88.4,95.7,92.227,95.1,13.252,5,5,5,104.53
29.7,8,20.325,37.256,36.109,4.933,102.479,105.835,64.7,54.9,29.8,100.9,67.6,88.5,96.7,88.4,95.65,92.215,95.1,13.014,5,5,5,104.537
29.72,8,20.183,36.78,35.884,5.04,102.664,105.685,64.7,54.9,29.8,100.9,67.6,88.5,96.7,88.4,95.584,92.208,95.1,12.968,5,5,5,104.537
29.74,8,20.269,36.730999999999995,36.271,4.491,102.82600000000001,106.00299999999999,64.7,54.9,29.8,100.9,67.6,88.5,96.7,88.4,95.547,92.205,95.1,13.724,5,5,5,104.538
29.76,8,20.033,36.214,36.333,4.686,102.618,105.984,64.7,54.9,29.8,100.9,67.6,88.5,96.7,88.4,95.527,92.203,95.1,12.428,5,5,5,104.53399999999999
29.78,8,20.656,36.876,36.147,5.051,102.54899999999999,105.947,64.7,54.9,29.8,100.9,67.6,88.5,96.7,88.4,95.515,92.20100000000001,95.1,13.762,5,5,5,104.536
29.8,8,20.235,36.68300000000001,36.046,4.976,102.456,105.79700000000001,64.7,54.9,29.8,100.9,67.6,88.5,96.7,88.4,95.508,92.20100000000001,95.1,12.873999999999999,5,5,5,104.537
29.82,8,20.406,36.353,36.234,4.572,102.363,105.984,64.7,54.9,29.8,100.9,67.6,88.5,96.7,88.4,95.505,92.2,95.1,13.267999999999999,5,5,5,104.538
29.84,8,19.911,36.503,36.195,4.907,102.456,105.928,64.7,54.9,29.8,100.9,67.6,88.5,96.7,88.4,95.503,92.2,95.1,13.185,5,5,5,104.53399999999999
29.86,8,20.045,36.665,36.079,5.187,102.479,105.685,64.7,54.9,29.8,100.9,67.6,88.5,96.7,88.4,95.501,92.2,95.1,13.023,5,5,5,104.53399999999999
29.88,8,19.703,36.269000000000005,36.04,5.024,102.595,105.87200000000001,64.7,54.9,29.8,100.9,67.6,88.5,96.7,88.4,95.501,92.2,95.1,14.019,5,5,5,104.536
29.9,8,19.991,36.61,36.260000000000005,4.846,102.43299999999999,105.835,64.7,54.9,29.8,100.9,67.6,88.5,96.7,88.4,95.5,92.2,95.1,12.536000000000001,5,5,5,104.539
29.92,8,19.711,35.822,36.133,5.118,102.43299999999999,105.891,64.7,54.9,29.8,100.9,67.6,88.5,96.7,88.4,95.5,92.2,95.1,13.747,5,5,5,104.537
29.94,8,19.819000000000003,36.122,36.194,5.021,102.456,105.79700000000001,64.7,54.9,29.8,100.9,67.6,88.5,96.7,88.4,95.5,92.2,95.1,12.864,5,5,5,104.535
29.96,8,19.503,36.668000000000006,36.105000000000004,4.856,102.43299999999999,105.647,64.7,54.9,29.8,100.9,67.6,88.5,96.7,88.4,95.5,92.2,95.1,13.527999999999999,5,5,5,104.536
29.98,8,19.708,36.81699999999999,36.236000000000004,4.954,102.572,105.76,64.7,54.9,29.8,100.9,67.6,88.5,96.7,88.4,95.5,92.2,95.1,13.13,5,5,5,104.535
30.0,8,20.067,36.037,36.081,4.874,102.641,105.647,64.7,54.9,29.8,100.9,67.6,88.5,96.7,88.4,95.5,92.2,95.1,13.022,5,5,5,104.539
30.02,8,19.874000000000002,36.209,36.042,4.7,102.43299999999999,105.666,64.7,54.9,29.8,100.9,67.6,88.5,96.7,88.4,95.5,92.2,95.1,13.772,5,5,5,104.537
30.04,8,19.793,36.284000000000006,36.096999999999994,4.763,102.50200000000001,105.87200000000001,64.7,54.9,29.8,100.9,67.6,88.5,96.7,88.4,95.5,92.2,95.1,12.64,5,5,5,104.539
30.06,8,19.691,36.114999999999995,36.239999999999995,4.859,102.363,105.572,64.7,54.9,29.8,100.9,67.6,88.5,96.7,88.4,95.5,92.2,95.1,13.745,5,5,5,104.53200000000001
30.08,8,19.588,35.97,36.093,4.557,102.29299999999999,105.62899999999999,64.7,54.9,29.8,100.9,67.6,88.5,96.7,88.4,95.5,92.2,95.1,12.945,5,5,5,104.538
30.1,8,19.796,36.266999999999996,36.257,4.713,102.29299999999999,105.516,64.7,54.9,29.8,100.9,67.6,88.5,96.7,88.4,95.5,92.2,95.1,13.511000000000001,5,5,5,104.53200000000001
30.12,8,19.297,36.234,36.239000000000004,4.728,102.29299999999999,105.289,64.7,54.9,29.8,100.9,67.6,88.5,96.7,88.4,95.5,92.2,95.1,13.152999999999999,5,5,5,104.537
30.14,8,19.828,36.337,36.153999999999996,4.676,102.339,105.62899999999999,64.7,54.9,29.8,100.9,67.6,88.5,96.7,88.4,95.5,92.2,95.1,13.067,5,5,5,104.541
30.16,8,19.268,35.688,36.135999999999996,4.709,102.40899999999999,105.572,64.7,54.9,29.8,100.9,67.6,88.5,96.7,88.4,95.5,92.2,95.1,13.859,5,5,5,104.539
30.18,8,19.641,36.314,36.224000000000004,4.858,102.43299999999999,105.741,64.7,54.9,29.8,100.9,67.6,88.5,96.7,88.4,95.5,92.2,95.1,12.549,5,5,5,104.544
30.2,8,19.636,35.952,35.965,4.749,102.363,105.854,64.7,54.9,29.8,100.9,67.6,88.5,96.7,88.4,95.5,92.2,95.1,13.565,5,5,5,104.53399999999999
30.22,8,19.293,36.348,36.172,4.962,102.223,105.72200000000001,64.7,54.9,29.8,100.9,67.6,88.5,96.7,88.4,95.5,92.2,95.1,12.912,5,5,5,104.541
30.24,8,19.874000000000002,36.163,35.967,4.984,102.43299999999999,105.61,64.7,54.9,29.8,100.9,67.6,88.5,96.7,88.4,95.5,92.2,95.1,13.264,5,5,5,104.536
30.26,8,19.905,35.868,35.980000000000004,4.783,102.176,105.478,64.7,54.9,29.8,100.9,67.6,88.5,96.7,88.4,95.5,92.2,95.1,13.051,5,5,5,104.54
30.28,8,19.618000000000002,36.19,36.045,4.784,102.059,105.289,64.7,54.9,29.8,100.9,67.6,88.5,96.7,88.4,95.5,92.2,95.1,12.992,5,5,5,104.541
30.3,8,19.39,36.150999999999996,36.138000000000005,4.982,101.965,105.421,64.7,54.9,29.8,100.9,67.6,88.5,96.7,88.4,95.5,92.2,95.1,13.783999999999999,5,5,5,104.53200000000001
30.32,8,19.069000000000003,35.97,36.045,4.92,102.012,105.384,64.7,54.9,29.8,100.9,67.6,88.5,96.7,88.4,95.5,92.2,95.1,12.454,5,5,5,104.538
30.34,8,19.21,35.932,35.868,4.646,102.059,105.32700000000001,64.7,54.9,29.8,100.9,67.6,88.5,96.7,88.4,95.5,92.2,95.1,13.662,5,5,5,104.538
30.36,8,18.669,35.628,36.289,4.952,102.29299999999999,105.30799999999999,64.7,54.9,29.8,100.9,67.6,88.5,96.7,88.4,95.5,92.2,95.1,12.844999999999999,5,5,5,104.539
30.38,8,19.355,35.788,36.069,4.757,102.059,105.402,64.7,54.9,29.8,100.9,67.6,88.5,96.7,88.4,95.5,92.2,95.1,13.269,5,5,5,104.54
30.4,8,19.169,35.648,36.019999999999996,4.612,102.035,105.53399999999999,64.7,54.9,29.8,100.9,67.6,88.5,96.7,88.4,95.5,92.2,95.1,13.095,5,5,5,104.539
30.42,8,19.32,36.224000000000004,36.150999999999996,4.777,102.035,105.384,64.7,54.9,29.8,100.9,67.6,88.5,96.7,88.4,95.5,92.2,95.1,12.928,5,5,5,104.54299999999999
30.44,8,18.787,35.667,36.238,4.668,101.75200000000001,105.44,64.7,54.9,29.8,100.9,67.6,88.5,96.7,88.4,95.5,92.2,95.1,13.592,5,5,5,104.535
30.46,8,19.408,35.96,36.104,4.659,102.10600000000001,105.175,64.7,54.9,29.8,100.9,67.6,88.5,96.7,88.4,95.5,92.2,95.1,12.455,5,5,5,104.537
30.48,8,19.036,36.311,35.961,4.88,101.965,105.27,64.7,54.9,29.8,100.9,67.6,88.5,96.7,88.4,95.5,92.2,95.1,13.558,5,5,5,104.53299999999999
30.5,8,19.191,36.158,36.086,4.608,101.87,105.137,64.7,54.9,29.8,100.9,67.6,88.5,96.7,88.4,95.5,92.2,95.1,12.763,5,5,5,104.542
30.52,8,19.189999999999998,35.760000000000005,36.001,4.969,102.012,105.27,64.7,54.9,29.8,100.9,67.6,88.5,96.7,88.4,95.5,92.2,95.1,13.373,5,5,5,104.539
30.54,8,18.973,35.714,36.18300000000001,4.667,101.965,105.137,64.7,54.9,29.8,100.9,67.6,88.5,96.7,88.4,95.5,92.2,95.1,13.051,5,5,5,104.535
30.56,8,19.352,35.956,36.077,5.0,101.823,105.289,64.7,54.9,29.8,100.9,67.6,88.5,96.7,88.4,95.5,92.2,95.1,12.725999999999999,5,5,5,104.539
30.58,8,19.130000000000003,35.934,36.193,5.05,101.89399999999999,105.289,64.7,54.9,29.8,100.9,67.6,88.5,96.7,88.4,95.5,92.2,95.1,13.685,5,5,5,104.53
30.6,8,18.881999999999998,36.009,36.043000000000006,4.642,101.75200000000001,105.194,64.7,54.9,29.8,100.9,67.6,88.5,96.7,88.4,95.5,92.2,95.1,12.395,5,5,5,104.536
30.62,8,18.860999999999997,35.493,36.104,4.553,101.75200000000001,105.194,64.7,54.9,29.8,100.9,67.6,88.5,96.7,88.4,95.5,92.2,95.1,13.519,5,5,5,104.531
30.64,8,19.226,35.758,35.975,4.979,101.79899999999999,105.137,64.7,54.9,29.8,100.9,67.6,88.5,96.7,88.4,95.5,92.2,95.1,12.786000000000001,5,5,5,104.53299999999999
30.66,8,19.314999999999998,35.773,36.08,4.865,101.77600000000001,105.118,64.7,54.9,29.8,100.9,67.6,88.5,96.7,88.4,95.5,92.2,95.1,13.138,5,5,5,104.538
30.68,8,19.255000000000003,35.211,35.969,4.6129999999999995,101.79899999999999,105.061,64.7,54.9,29.8,100.9,67.6,88.5,96.7,88.4,95.5,92.2,95.1,12.394,5,5,5,104.54
30.7,8,19.247,35.624,36.039,5.027,101.728,105.023,64.7,54.9,29.8,100.9,67.6,88.5,96.7,88.4,95.5,92.2,95.1,13.933,5,5,5,104.54
30.72,8,18.891,35.638999999999996,35.923,4.913,101.941,105.118,64.7,54.9,29.8,100.9,67.6,88.5,96.7,88.35,95.5,92.2,95.1,12.635,5,5,5,104.54299999999999
30.74,8,19.103,35.658,36.05,5.313,101.634,105.156,64.7,54.9,29.8,100.9,67.6,88.5,96.7,88.28399999999999,95.5,92.2,95.1,13.419,5,5,5,104.54700000000001
30.76,8,18.872999999999998,35.709,36.134,4.98,102.012,104.947,64.7,54.9,29.8,100.9,67.6,88.5,96.7,88.247,95.5,92.2,95.1,13.149,5,5,5,104.539
30.78,8,19.074,35.193,35.917,5.223,101.75200000000001,105.09899999999999,64.7,54.9,29.8,100.9,67.6,88.5,96.7,88.227,95.5,92.2,95.1,12.911000000000001,5,5,5,104.541
30.8,8,18.517000000000003,35.446,36.102,5.445,101.77600000000001,105.175,64.7,54.9,29.8,100.9,67.6,88.5,96.7,88.215,95.5,92.2,95.1,13.775,5,5,5,104.54299999999999
30.82,8,18.834000000000003,35.129999999999995,36.224000000000004,5.048,101.79899999999999,105.137,64.7,54.9,29.8,100.9,67.6,88.5,96.7,88.208,95.5,92.2,95.1,12.844999999999999,5,5,5,104.546
30.84,8,18.458,34.826,36.044,5.162,101.586,104.985,64.7,54.9,29.8,100.9,67.6,88.5,96.7,88.205,95.5,92.2,95.1,13.491,5,5,5,104.538
30.86,8,18.848,35.475,36.075,5.181,101.515,104.90799999999999,64.7,54.9,29.8,100.9,67.6,88.5,96.7,88.203,95.5,92.2,95.1,13.151,5,5,5,104.54299999999999
30.88,8,19.039,35.260999999999996,35.807,5.003,101.681,104.928,64.7,54.9,29.8,100.9,67.6,88.5,96.7,88.20100000000001,95.5,92.2,95.1,13.495,5,5,5,104.542
30.9,8,18.720999999999997,35.633,36.05,4.994,101.56200000000001,105.042,64.7,54.9,29.8,100.9,67.6,88.5,96.7,88.20100000000001,95.5,92.2,95.1,13.79,5,5,5,104.541
30.92,8,18.576,35.527,35.824,4.941,101.586,104.90799999999999,64.7,54.9,29.8,100.9,67.6,88.5,96.7,88.2,95.5,92.2,95.1,12.616,5,5,5,104.538
30.94,8,18.672,35.305,36.04,4.897,101.395,104.81299999999999,64.7,54.9,29.8,100.9,67.6,88.5,96.7,88.2,95.5,92.2,95.1,13.941,5,5,5,104.54
30.96,8,18.788,35.43300000000001,36.126,5.118,101.491,104.889,64.7,54.9,29.8,100.9,67.6,88.5,96.7,88.2,95.5,92.2,95.1,13.138,5,5,5,104.537
30.98,8,18.982,35.501999999999995,35.956999999999994,4.916,101.491,104.96600000000001,64.7,54.9,29.8,100.9,67.6,88.5,96.7,88.2,95.5,92.2,95.1,13.496,5,5,5,104.539
31.0,8,18.906,34.845,36.048,5.17,101.323,104.985,64.7,54.9,29.8,100.9,67.6,88.5,96.7,88.2,95.5,92.2,95.1,13.477,5,5,5,104.538
31.02,8,18.514000000000003,35.167,36.423,5.073,101.46700000000001,104.889,64.7,54.9,29.8,100.9,67.6,88.5,96.7,88.2,95.5,92.2,95.1,12.812000000000001,5,5,5,104.539
31.04,8,18.652,35.435,35.963,4.996,101.586,104.755,64.7,54.9,29.8,100.9,67.6,88.5,96.7,88.2,95.5,92.2,95.1,13.967,5,5,5,104.538
31.06,8,18.752000000000002,35.316,35.894999999999996,4.792,101.443,104.947,64.7,54.9,29.8,100.9,67.6,88.5,96.7,88.2,95.5,92.2,95.1,12.981,5,5,5,104.535
31.08,8,18.378,34.984,35.992,5.044,101.34700000000001,104.698,64.7,54.9,29.8,100.9,67.6,88.5,96.7,88.2,95.5,92.2,95.1,13.52,5,5,5,104.539
31.1,8,18.217,35.629000000000005,36.128,4.906,101.25200000000001,104.81299999999999,64.7,54.9,29.8,100.9,67.6,88.5,96.7,88.2,95.5,92.2,95.1,13.305,5,5,5,104.541
31.12,8,18.469,34.961,35.906,5.098,101.34700000000001,104.90799999999999,64.7,54.9,29.8,100.9,67.6,88.5,96.7,88.2,95.5,92.2,95.1,13.07,5,5,5,104.537
31.14,8,18.852,35.06699999999999,36.08,5.103,101.37100000000001,104.928,64.7,54.9,29.8,100.9,67.6,88.5,96.7,88.2,95.5,92.2,95.1,14.014,5,5,5,104.541
31.16,8,18.792,35.235,36.018,4.932,101.538,104.679,64.7,54.9,29.8,100.9,67.6,88.5,96.7,88.2,95.5,92.2,95.1,12.887,5,5,5,104.54
31.18,8,18.552999999999997,35.225,36.046,4.748,101.323,104.65899999999999,64.7,54.9,29.8,100.9,67.6,88.5,96.7,88.2,95.5,92.2,95.1,13.925,5,5,5,104.538
31.2,8,18.747999999999998,35.402,36.120999999999995,4.953,101.37100000000001,104.81299999999999,64.7,54.9,29.8,100.9,67.6,88.5,96.7,88.2,95.5,92.2,95.1,13.187000000000001,5,5,5,104.538
31.22,8,18.695,35.024,35.902,4.882,101.10700000000001,104.602,64.7,54.9,29.8,100.9,67.6,88.5,96.7,88.2,95.5,92.2,95.1,13.54,5,5,5,104.538
31.24,8,18.16,34.955,36.028999999999996,4.598,101.204,104.505,64.7,54.9,29.8,100.9,67.6,88.5,96.7,88.2,95.5,92.2,95.1,13.922,5,5,5,104.537
31.26,8,18.391,35.474000000000004,36.086,4.61,101.18,104.46700000000001,64.7,54.9,29.8,100.9,67.6,88.5,96.7,88.2,95.5,92.2,95.1,12.752,5,5,5,104.535
31.28,8,18.348,34.86,35.822,4.806,101.25200000000001,104.71700000000001,64.7,54.9,29.8,100.9,67.6,88.5,96.7,88.2,95.5,92.2,95.1,13.771,5,5,5,104.53299999999999
31.3,8,18.633,34.864999999999995,36.043000000000006,5.021,101.228,104.525,64.7,54.9,29.8,100.9,67.6,88.5,96.7,88.2,95.5,92.2,95.1,13.151,5,5,5,104.536
31.32,8,18.703,34.896,35.994,4.627,101.34700000000001,104.486,64.7,54.9,29.8,100.9,67.6,88.5,96.7,88.2,95.5,92.2,95.1,13.601,5,5,5,104.535
31.34,8,17.92,35.238,35.976,4.808,101.3,104.698,64.7,54.9,29.8,100.9,67.6,88.5,96.7,88.2,95.5,92.2,95.1,13.648,5,5,5,104.53200000000001
31.39,18,18.086,34.376,35.943,4.891,101.228,104.56299999999999,64.7,54.9,29.8,100.9,67.6,88.5,96.7,88.2,95.5,92.2,95.1,13.168,5,5,5,104.53200000000001
31.44,18,18.381999999999998,34.260000000000005,36.096999999999994,4.716,101.27600000000001,104.56299999999999,64.7,54.9,29.8,100.9,67.6,88.5,96.7,88.2,95.5,92.2,95.1,13.397,5,5,5,104.537
31.49,18,18.293,34.456999999999994,35.851,4.953,101.155,104.46700000000001,64.7,54.9,29.8,100.9,67.6,88.5,96.7,88.2,95.5,92.2,95.1,13.395,5,5,5,104.53399999999999
31.54,18,18.1,34.749,36.019000000000005,5.526,100.98700000000001,104.602,64.7,54.9,29.8,100.9,67.6,88.5,96.7,88.2,95.5,92.2,95.1,13.297,5,5,5,104.54
31.59,18,18.305999999999997,34.602,35.995000000000005,4.976,101.204,104.428,64.7,54.9,29.8,100.9,67.6,88.5,96.7,88.2,95.5,92.2,95.1,13.829,5,5,5,104.542
31.64,18,17.997,34.872,35.965999999999994,43.15,101.204,104.351,64.7,54.9,29.9,101.1,67.8,88.5,96.7,88.2,95.5,92.2,95.1,13.414,5,5,5,104.538
31.69,18,17.914,34.669,36.078,54.021,101.035,104.428,64.7,54.9,29.9,101.1,67.8,88.5,96.675,88.2,95.5,92.2,95.1,13.395,5,5,5,104.537
31.74,18,17.907,34.158,35.119,62.751999999999995,101.035,104.505,64.7,54.9,29.9,101.1,67.8,88.5,96.542,88.2,95.5,92.2,95.1,13.383,5,5,5,104.538
31.79,18,17.558,34.429,34.751,79.4,100.962,104.331,64.7,54.9,29.9,101.1,67.8,88.5,96.51,88.2,95.5,92.2,95.1,13.073,5,5,5,104.541
31.84,18,17.343,34.434,34.658,100.425,101.083,104.31200000000001,64.7,54.9,29.9,101.1,67.8,88.5,96.502,88.2,95.5,92.2,95.1,12.807,5,5,5,104.53399999999999
31.89,18,17.689999999999998,34.385999999999996,34.676,120.71,100.866,104.486,64.7,54.9,29.9,101.1,67.8,88.5,96.501,88.2,95.5,92.2,95.1,12.538,5,5,5,104.535
31.94,18,17.252000000000002,34.475,34.525,139.548,100.962,104.234,64.7,54.9,29.9,101.1,67.8,88.5,96.5,88.2,95.5,92.2,95.1,11.928999999999998,5,5,5,104.537
31.99,18,17.246,34.166,34.486999999999995,154.077,100.79299999999999,104.001,64.7,54.9,29.9,101.1,67.8,88.5,96.5,88.2,95.5,92.2,95.1,11.675,5,5,5,104.531
32.04,18,17.384,34.049,34.516,164.96,100.72,104.137,64.7,54.9,29.9,101.1,67.8,88.5,96.5,88.2,95.5,92.2,95.1,11.119,5,5,5,104.53299999999999
32.09,18,17.489,34.354,34.312,173.44799999999998,100.696,104.079,64.7,54.9,29.9,101.1,67.8,88.5,96.5,88.2,95.5,92.2,95.1,11.125,5,5,5,104.538
32.14,18,17.587,34.213,34.364000000000004,177.72299999999998,100.866,103.94200000000001,64.7,54.9,29.9,101.1,67.8,88.5,96.5,88.2,95.5,92.2,95.1,11.481,5,5,5,104.541
32.19,18,17.576999999999998,34.027,34.446,178.03599999999997,100.72,103.92299999999999,64.7,54.9,29.9,101.1,67.8,88.5,96.5,88.2,95.5,92.2,95.1,11.386,5,5,5,104.54
32.24,18,17.423000000000002,33.861999999999995,34.449,176.23,100.62200000000001,103.786,64.7,54.9,29.9,101.1,67.8,88.5,96.5,88.2,95.5,92.2,95.1,11.509,5,5,5,104.541
32.29,18,17.244,34.235,34.406,173.142,100.696,103.94200000000001,64.7,54.9,29.9,101.1,67.8,88.5,96.5,88.2,95.5,92.2,95.1,12.306000000000001,5,5,5,104.54
32.34,18,17.344,33.963,34.348,175.312,100.72,103.86399999999999,64.7,54.9,29.9,101.1,67.8,88.5,96.5,88.2,95.5,92.2,95.1,11.922999999999998,5,5,5,104.542
32.39,18,17.165,33.734,34.334,174.606,100.62200000000001,103.884,64.7,54.9,29.9,101.1,67.8,88.5,96.5,88.2,95.5,92.2,95.1,11.585,5,5,5,104.541
32.44,18,16.939,33.653000000000006,34.346999999999994,172.83700000000002,100.427,103.86399999999999,64.7,54.9,29.9,101.1,67.8,88.5,96.5,88.2,95.5,92.2,94.998,11.844,5,5,5,104.542
32.49,18,17.320999999999998,33.763999999999996,34.2,174.604,100.45100000000001,103.884,64.7,54.9,29.9,101.1,67.8,88.5,96.5,88.2,95.5,92.2,94.923,11.519,5,5,5,104.537
32.54,10,17.228,33.854,34.329,145.093,100.427,103.962,64.7,54.9,29.9,101.1,67.8,88.5,96.5,88.2,95.5,92.2,94.906,10.809000000000001,5,5,5,104.535
32.59,10,16.603,33.620000000000005,34.233000000000004,100.594,100.54899999999999,103.884,64.7,54.9,29.9,101.1,67.8,88.5,96.5,88.2,95.5,92.2,94.90100000000001,10.824,5,5,5,104.535
32.64,10,16.923000000000002,33.485,34.05800000000001,61.945,100.353,103.609,64.7,54.9,29.9,101.1,67.8,88.5,96.5,88.2,95.5,92.2,94.9,11.245000000000001,5,5,5,104.539
32.69,10,16.891,33.881,34.334,33.72,100.081,103.31299999999999,64.7,54.9,29.9,101.1,67.8,88.5,96.5,88.2,95.5,92.2,94.9,11.152999999999999,5,5,5,104.54299999999999
32.74,10,17.116,33.928,34.251,32.229,99.95700000000001,103.471,64.7,54.9,29.9,101.1,67.8,88.5,96.5,88.2,95.5,92.2,94.9,10.58,5,5,5,104.53200000000001
32.79,10,16.898,33.244,34.202,50.339,100.18,103.51,64.7,54.9,29.9,101.1,67.8,88.5,96.5,88.2,95.5,92.2,94.9,10.033000000000001,5,5,5,104.53399999999999
32.84,10,16.298000000000002,33.851,34.135000000000005,62.532,100.304,103.62899999999999,64.7,54.9,29.9,101.1,67.8,88.5,96.5,88.2,95.5,92.2,94.9,9.381,5,5,5,104.539
32.89,10,17.027,33.108000000000004,34.03,64.57,100.23,103.57,64.7,54.9,29.9,101.1,67.8,88.5,96.5,88.2,95.5,92.2,94.9,9.963000000000001,5,5,5,104.54
32.94,10,17.3,34.085,34.239000000000004,60.419,100.279,103.431,64.7,54.9,29.9,101.1,67.8,88.5,96.5,88.2,95.5,92.2,94.9,8.663,5,5,5,104.542
32.99,10,17.637,34.085,34.685,70.715,100.156,103.471,64.7,54.9,29.9,101.1,67.8,88.5,96.5,88.2,95.5,92.2,94.9,9.059000000000001,5,5,5,104.539
33.04,10,16.974,34.131,34.976,77.47800000000001,100.18,103.471,64.7,54.9,29.9,101.1,67.8,88.5,96.5,88.2,95.5,92.2,94.9,8.827,5,5,5,104.54700000000001
33.09,10,16.227,34.305,34.891,77.778,100.007,103.352,64.7,54.9,29.9,101.1,67.8,88.5,96.5,88.2,95.5,92.2,94.9,8.737,5,5,5,104.54799999999999
33.14,10,14.847999999999999,33.334,34.123000000000005,68.80799999999999,100.353,103.273,64.7,54.9,29.9,101.1,67.8,88.5,96.5,88.2,95.5,92.2,94.9,8.575,5,5,5,104.552
33.19,10,11.809999999999999,31.494,30.982,46.088,100.156,103.23299999999999,64.7,54.9,29.9,101.1,67.8,88.5,96.5,88.2,95.431,92.2,94.9,8.767,5,5,5,104.553
33.24,10,7.455,27.546999999999997,27.156999999999996,27.886,99.883,103.431,64.7,54.9,29.9,101.1,67.8,88.5,96.5,88.2,95.331,92.2,94.9,8.573,5,5,5,104.554
33.29,10,5.314,20.345,18.863,13.651,99.73299999999999,103.23299999999999,64.7,54.9,29.9,101.1,67.8,88.5,96.5,88.2,95.307,92.2,94.9,7.813000000000001,5,5,5,104.557
33.34,10,5.346,12.011,7.959,18.324,99.381,103.014,64.7,54.9,29.9,101.1,67.8,88.5,96.5,88.2,95.30199999999999,92.2,94.9,9.029,5,5,5,104.555
33.39,10,5.505,5.585,5.001,35.9,99.583,102.512,64.7,54.9,29.9,101.1,67.8,88.5,96.5,88.2,95.3,92.131,94.9,8.345,5,5,5,104.552
33.44,10,5.736,5.566,5.002,62.55,99.507,102.126,64.7,54.9,29.9,101.1,67.8,88.5,96.384,88.2,95.3,92.031,94.9,8.676,5,5,5,104.54700000000001
33.49,10,5.467,5.438,5.0,61.303999999999995,99.53200000000001,102.20700000000001,64.7,54.9,29.9,101.1,67.8,88.5,96.32,88.113,95.3,92.007,94.9,8.465,5,5,5,104.545
33.54,10,5.397,5.457,5.0,61.133,99.833,102.228,64.7,54.9,29.9,101.1,67.8,88.363,96.305,88.027,95.3,92.002,94.9,8.428,5,5,5,104.544
33.59,10,5.441,5.551,5.001,62.746,99.507,102.41,64.7,54.9,29.9,101.1,67.8,88.315,96.301,88.006,95.3,92.0,94.9,8.561,5,5,5,104.54799999999999
33.64,10,5.55,5.567,5.001,63.988,99.53200000000001,102.24799999999999,64.9,54.9,29.9,101.0,67.9,88.304,96.3,88.001,95.3,92.0,94.9,8.619,5,5,5,104.54899999999999
33.69,10,5.526,5.432,5.0,63.881,99.60799999999999,102.289,64.9,54.9,29.9,101.0,67.9,88.301,96.3,88.0,95.3,92.0,94.9,8.531,5,5,5,104.54299999999999
33.74,10,5.417,5.68,5.015,63.745,99.60799999999999,102.289,64.9,54.9,29.9,101.0,67.9,88.3,96.3,88.0,95.3,92.0,94.9,8.461,5,5,5,104.54899999999999
33.79,10,5.687,5.473,5.0,65.036,99.758,102.26799999999999,64.9,54.9,29.9,101.0,67.9,88.3,96.3,88.0,95.3,92.0,94.9,8.201,5,5,5,104.545
33.84,10,5.41,5.558,5.0,100.381,99.583,102.289,64.9,54.9,29.9,101.0,67.9,88.3,96.3,88.0,95.3,92.0,94.9,7.9830000000000005,5,5,5,104.54700000000001
33.89,10,5.385,5.534,5.0,120.704,99.65799999999999,102.26799999999999,64.9,54.9,29.9,101.0,67.9,88.3,96.3,88.0,95.3,92.0,94.9,7.751,5,5,5,104.538
33.94,10,5.415,5.676,5.16,131.144,99.85799999999999,102.59200000000001,64.9,54.9,29.9,101.0,67.9,88.3,96.3,88.0,95.3,92.0,94.9,8.485,5,5,5,104.541
33.99,10,5.676,5.447,5.004,141.41,99.65799999999999,102.41,64.9,54.9,29.9,101.0,67.9,88.3,96.3,88.0,95.3,92.0,94.9,7.103,5,5,5,104.538
34.04,10,5.509,5.484,5.0,149.873,99.432,102.065,64.9,54.9,29.9,101.0,67.9,88.3,96.3,88.0,95.3,92.0,94.9,7.737,5,5,5,104.536
34.09,10,5.551,5.432,5.021,154.97799999999998,99.85799999999999,102.329,64.9,54.9,29.9,101.0,67.9,88.3,96.3,88.0,95.3,92.0,94.9,7.636,5,5,5,104.536
34.14,10,5.828,5.667,5.0,158.44,99.73299999999999,102.41,64.9,54.9,29.9,101.0,67.9,88.3,96.3,88.0,95.3,92.0,94.9,7.662,5,5,5,104.541
34.19,10,5.403,5.553,5.0,160.986,99.708,102.572,64.9,54.9,29.9,101.0,67.9,88.3,96.3,88.0,95.3,92.0,94.9,7.904999999999999,5,5,5,104.541
34.24,10,5.589,5.551,5.0,157.342,99.708,102.26799999999999,64.9,54.9,29.9,101.0,67.9,88.3,96.3,88.0,95.3,92.0,94.9,7.772,5,5,5,104.542
34.29,10,5.571,5.436,5.0,117.699,99.708,102.289,64.9,54.9,29.9,101.0,67.9,88.3,96.3,88.0,95.3,92.0,94.9,8.272,5,5,5,104.539
34.34,10,5.727,5.5600000000000005,5.0,74.334,99.708,102.228,64.9,54.9,29.9,101.0,67.9,88.3,96.3,88.0,95.3,92.0,94.9,7.978999999999999,5,5,5,104.546
34.39,10,5.723,5.486,5.004,53.666000000000004,99.432,102.41,64.9,54.9,29.9,101.0,67.9,88.3,96.3,88.0,95.3,92.0,94.9,7.828,5,5,5,104.544
34.44,10,5.388,5.486,5.001,30.945999999999998,99.15299999999999,101.695,64.9,54.9,29.9,101.0,67.9,88.3,96.3,88.0,95.3,92.0,94.9,7.868,5,5,5,104.545
34.49,11,5.484,5.432,5.0,16.347,99.381,102.167,64.9,54.9,29.9,101.0,67.9,88.3,96.3,88.0,95.3,92.0,94.9,8.458,5,5,5,104.539
34.54,11,5.478,5.484,5.0,9.001000000000001,99.583,102.35,64.9,54.9,29.9,101.0,67.9,88.3,96.3,88.0,95.155,92.0,94.9,7.02,5,5,5,104.542
34.59,11,5.7509999999999994,5.49,5.0,6.304,99.381,102.105,64.9,54.9,29.9,101.0,67.9,88.3,96.3,88.0,95.113,92.0,94.9,7.75,5,5,5,104.539
34.64,11,5.561,5.464,5.0,5.5440000000000005,99.381,101.819,64.9,54.9,29.9,101.0,67.9,88.3,96.3,88.0,95.10300000000001,92.0,94.9,7.728999999999999,5,5,5,104.544
34.69,11,5.381,5.431,5.0,5.179,99.35600000000001,101.86,64.9,54.9,29.9,101.0,67.9,88.3,96.3,88.0,95.101,92.0,94.9,7.837,5,5,5,104.541
34.74,11,5.859,5.516,5.0,5.034,99.33,101.757,64.9,54.9,29.9,101.0,67.9,88.3,96.3,88.0,95.1,92.0,94.9,7.947,5,5,5,104.545
34.79,11,5.508,5.462,5.004,5.077,99.381,101.777,64.9,54.9,29.9,101.0,67.9,88.3,96.3,88.0,95.1,92.0,94.9,8.661999999999999,5,5,5,104.54299999999999
34.84,11,5.508,5.482,5.0,5.013,99.35600000000001,102.024,64.9,54.9,29.9,101.0,67.9,88.3,96.3,88.0,95.1,92.0,94.755,7.478,5,5,5,104.546
34.89,11,5.456,5.558,5.0,5.017,99.28,102.044,64.9,54.9,29.9,101.0,67.9,88.3,96.3,88.0,95.1,92.0,94.71300000000001,8.495000000000001,5,5,5,104.544
34.94,11,5.457,5.599,5.027,5.012,99.557,102.126,64.9,54.9,29.9,101.0,67.9,88.3,96.3,88.0,95.1,92.0,94.703,8.155,5,5,5,104.546
34.99,11,5.605,5.453,5.051,5.017,99.28,102.00299999999999,64.9,54.9,29.9,101.0,67.9,88.3,96.3,88.0,95.1,92.0,94.70100000000001,8.256,5,5,5,104.54299999999999
35.04,11,5.443,5.556,5.051,4.675,99.406,101.98299999999999,64.9,54.9,29.9,101.0,67.9,88.3,96.3,88.0,95.1,92.0,94.7,8.201,5,5,5,104.54700000000001
35.09,11,5.587,5.474,5.01,18.601,99.432,102.044,64.9,54.9,29.9,101.0,67.9,88.3,96.3,88.0,95.1,92.0,94.7,8.454,5,5,5,104.545
35.14,11,5.421,5.472,5.03,39.708,99.381,101.90100000000001,64.9,54.9,29.9,101.0,67.9,88.3,96.3,88.0,95.1,92.0,94.7,8.203,5,5,5,104.551
35.19,11,5.718,5.448,5.016,52.18,99.633,102.228,64.9,54.9,29.9,101.0,67.9,88.3,96.3,88.0,95.1,92.0,94.7,8.339,5,5,5,104.54299999999999
35.24,11,6.82,5.59,5.115,66.725,99.33,101.921,64.9,54.9,29.9,101.0,67.9,88.3,96.3,88.0,95.1,92.0,94.7,8.379,5,5,5,104.545
35.29,11,5.573,5.816,5.011,79.587,99.60799999999999,102.309,64.9,54.9,29.9,101.0,67.9,88.3,96.3,88.0,95.1,92.0,94.7,7.638999999999999,5,5,5,104.54700000000001
35.34,11,5.627,5.605,5.0,62.147,99.381,102.167,64.9,54.9,29.9,101.0,67.9,88.3,96.3,88.0,95.1,92.0,94.7,8.572,5,5,5,104.54299999999999
35.39,11,5.881,5.467,5.039,43.84,99.02600000000001,102.044,64.9,54.9,29.9,101.0,67.9,88.3,96.3,88.0,95.1,92.0,94.7,8.048,5,5,5,104.54700000000001
35.44,11,5.647,5.531,5.0,43.161,98.35600000000001,101.757,64.9,54.9,29.9,101.0,67.9,88.3,96.3,88.0,95.1,92.0,94.7,8.322,5,5,5,104.54700000000001
35.49,11,5.407,5.46,5.005,44.830999999999996,97.885,101.23899999999999,64.9,54.9,29.9,101.0,67.9,88.3,96.3,88.0,95.1,91.855,94.7,8.251999999999999,5,5,5,104.551
35.54,12,5.709,5.507,5.0,71.954,97.727,101.509,64.9,54.9,29.9,101.0,67.9,88.3,96.3,88.0,95.1,91.813,94.7,8.474,5,5,5,104.551
35.59,12,5.96,5.474,5.0,58.181999999999995,97.75299999999999,101.59200000000001,64.9,54.9,29.9,101.0,67.9,88.3,96.19800000000001,88.0,95.1,91.803,94.7,8.18,5,5,5,104.544
35.64,12,5.7780000000000005,5.585,5.0,31.53,97.7,101.59200000000001,65.0,55.0,29.9,100.8,68.0,88.3,96.123,88.0,95.1,91.801,94.7,8.279,5,5,5,104.54799999999999
35.69,12,5.291,5.527,5.0,16.942,97.647,101.571,65.0,55.0,29.9,100.8,68.0,88.3,96.10600000000001,88.0,95.1,91.8,94.7,8.197,5,5,5,104.544
35.74,12,5.617,5.645,5.018,9.146,97.779,101.488,65.0,55.0,29.9,100.8,68.0,88.3,96.101,87.913,95.1,91.8,94.7,9.463000000000001,5,5,5,104.54299999999999
35.79,12,5.843,5.641,5.0,6.39,97.779,101.447,65.0,55.0,29.9,100.8,68.0,88.3,96.1,87.827,95.1,91.8,94.7,10.67,5,5,5,104.544
35.84,12,5.522,5.646,5.01,5.153,97.56700000000001,101.633,65.0,55.0,29.9,100.8,68.0,88.3,96.1,87.806,95.1,91.8,94.7,11.204,5,5,5,104.541
35.89,12,5.424,5.569,5.038,4.908,97.727,101.36399999999999,65.0,55.0,29.9,100.8,68.0,88.3,96.1,87.801,95.1,91.8,94.7,11.638,5,5,5,104.538
35.94,12,5.849,5.588,5.053,5.164,97.62100000000001,101.447,65.0,55.0,29.9,100.8,68.0,88.3,96.1,87.8,95.1,91.8,94.7,10.771,5,5,5,104.541
35.99,12,5.57,5.552,5.002,5.028,97.964,101.90100000000001,65.0,55.0,29.9,100.8,68.0,88.3,96.1,87.8,95.1,91.8,94.7,11.582999999999998,5,5,5,104.54299999999999
36.04,12,5.868,5.51,5.069,5.113,97.964,101.839,65.0,55.0,29.9,100.8,68.0,88.3,96.1,87.8,95.1,91.8,94.7,12.543,5,5,5,104.539
36.09,12,5.735,5.558,5.014,4.871,98.12100000000001,101.98299999999999,65.0,55.0,29.9,100.8,68.0,88.3,96.1,87.8,95.1,91.8,94.7,12.422,5,5,5,104.546
36.14,12,6.054,5.603,5.0,5.238,97.381,101.633,65.0,55.0,29.9,100.8,68.0,88.3,96.1,87.8,95.1,91.8,94.7,11.969999999999999,5,5,5,104.545
36.19,12,5.636,5.537,5.002,5.193,97.031,101.134,65.0,55.0,29.9,100.8,68.0,88.3,96.1,87.8,95.1,91.8,94.7,12.077000000000002,5,5,5,104.542
36.24,12,5.853,5.798,5.001,5.386,97.594,100.417,65.0,55.0,29.9,100.8,68.0,88.25,96.1,87.8,95.1,91.8,94.7,12.288,5,5,5,104.544
36.29,12,5.61,5.682,5.048,5.132,95.143,95.319,65.0,55.0,29.9,100.8,68.0,88.13600000000001,96.1,87.8,95.1,91.8,94.7,13.062999999999999,5,5,5,104.542
36.34,12,5.643,5.589,5.024,5.41,93.683,95.319,65.0,55.0,29.9,100.8,68.0,88.108,96.1,87.8,95.1,91.8,94.7,12.826,5,5,5,104.544
36.39,12,5.741,5.491,5.016,5.33,93.503,93.437,65.0,55.0,29.9,100.8,68.0,88.102,96.1,87.8,95.1,91.8,94.7,11.856,5,5,5,104.546
36.44,12,5.793,5.489,5.0,5.219,93.322,92.918,65.0,55.0,29.9,100.8,68.0,88.1,96.1,87.8,95.1,91.8,94.7,12.193,5,5,5,104.546
36.49,12,5.444,5.772,5.028,5.313,93.352,92.734,65.0,55.0,29.9,100.8,68.0,88.1,96.1,87.8,95.1,91.8,94.7,12.948,5,5,5,104.544
36.54,12,5.944,5.505,5.034,5.448,93.262,92.734,65.0,55.0,29.9,100.8,68.0,88.1,96.1,87.8,95.1,91.8,94.7,12.746,5,5,5,104.54299999999999
36.59,12,5.721,5.644,5.007,5.442,93.352,92.681,65.0,55.0,29.9,100.8,68.0,88.1,96.1,87.8,95.1,91.8,94.7,12.814,5,5,5,104.546
36.64,12,5.543,5.574,5.0,5.284,93.232,92.575,65.0,55.0,29.9,100.8,68.0,88.1,96.1,87.8,95.1,91.8,94.7,11.979,5,5,5,104.54
36.69,12,5.657,5.522,5.038,5.5600000000000005,93.383,92.54899999999999,65.0,55.0,29.9,100.8,68.0,88.1,96.1,87.8,95.1,91.8,94.7,13.383,5,5,5,104.539
36.74,12,5.479,5.582,5.059,5.427,93.322,92.891,65.0,55.0,29.9,100.8,68.0,88.1,96.1,87.8,95.1,91.8,94.7,14.321,5,5,5,104.54
36.79,12,5.819,5.537,5.0,5.204,93.262,92.363,65.0,55.0,29.9,100.8,68.0,88.1,96.1,87.8,95.1,91.8,94.7,15.372,5,5,5,104.546
36.84,12,5.7219999999999995,5.583,5.068,5.049,93.20100000000001,92.628,65.0,55.0,29.9,100.8,68.0,88.1,96.1,87.8,95.1,91.8,94.7,16.192,5,5,5,104.541
36.89,12,5.758,5.626,5.0,4.693,93.20100000000001,92.469,65.0,55.0,29.9,100.8,68.0,88.1,96.1,87.8,95.1,91.8,94.7,17.456,5,5,5,104.54299999999999
36.94,12,5.804,5.577,5.0,4.843,92.988,92.602,65.0,55.0,29.9,100.8,68.0,88.1,96.1,87.8,95.1,91.8,94.7,17.783,5,5,5,104.54299999999999
36.99,12,5.799,5.6,5.031,4.879,93.262,92.443,65.0,55.0,29.9,100.8,68.0,88.1,96.1,87.8,95.1,91.8,94.7,18.119999999999997,5,5,5,104.546
37.04,12,5.789,5.614,5.065,4.783,93.383,92.336,65.0,55.0,29.9,100.8,68.0,88.1,96.1,87.8,95.1,91.8,94.7,18.159,5,5,5,104.541
37.09,12,5.774,5.456,5.054,5.051,93.232,92.31,65.0,55.0,29.9,100.8,68.0,88.1,96.1,87.8,95.1,91.8,94.7,17.334000000000003,5,5,5,104.541
37.14,12,5.659,5.721,5.023,4.557,93.533,92.681,65.0,55.0,29.9,100.8,68.0,88.1,96.1,87.8,95.1,91.8,94.7,16.549,5,5,5,104.54899999999999
37.19,12,5.867,5.623,5.001,12.55,93.04899999999999,92.39,65.0,55.0,29.9,100.8,68.0,88.1,96.1,87.8,95.1,91.8,94.7,16.805,5,5,5,104.545
37.24,12,5.925,5.608,5.058,30.112,93.473,92.123,65.0,55.0,29.9,100.8,68.0,88.1,96.1,87.8,95.1,91.8,94.7,17.046,5,5,5,104.545
37.29,12,5.745,5.454,5.001,56.285,93.443,92.256,65.0,55.0,29.9,100.8,68.0,88.1,96.1,87.8,95.1,91.8,94.7,17.682000000000002,5,5,5,104.545
37.34,12,5.624,5.51,5.156,72.28699999999999,93.11,91.745,65.0,55.0,29.9,100.8,68.0,88.1,96.1,87.8,94.947,91.8,94.7,17.961,5,5,5,104.54299999999999
37.39,12,5.611,5.481,5.085,95.44200000000001,92.958,91.88,65.0,55.0,29.9,100.8,68.0,88.1,96.1,87.8,94.911,91.8,94.7,18.0,5,5,5,104.546
