SampleTime,Phase,Sensor1,Sensor2,Sensor3,IJ,Sensor5,Sensor6,MouldTemp1,MouldTemp2,MouldTemp3,MouldTemp4,MouldTemp5,MouldTemp9,MouldTemp10,MouldTemp11,MouldTemp12,MouldTemp13,MouldTemp14,Sensor8,MouldFlow1,MouldFlow2,MouldFlow3,SP
0.0,1,5.711,6.88,5.656,99.37200000000001,93.375,92.12899999999999,65.1,55.1,29.5,99.3,68.2,88.1,96.0,87.7,95.0,91.9,94.8,17.551,5,5,5,104.47
0.05,1,5.551,6.66,5.561,68.829,93.469,92.185,65.1,55.1,29.5,99.3,68.2,88.1,96.0,87.7,95.0,91.9,94.8,17.347,5,5,5,104.46600000000001
0.1,1,5.693,6.03,5.589,40.102,92.547,91.342,65.1,55.1,29.5,99.3,68.2,88.1,96.0,87.7,95.0,91.9,94.8,16.470999999999997,5,5,5,104.462
0.15,1,5.503,6.24,5.546,32.6,92.514,91.626,65.1,55.1,29.5,99.3,68.2,88.1,96.0,87.7,95.0,91.9,94.8,16.547,5,5,5,104.46700000000001
0.2,1,5.538,6.527,5.624,18.063,93.123,92.32300000000001,65.1,55.1,29.5,99.3,68.2,88.1,96.0,87.7,95.0,91.85,94.8,16.7,5,5,5,104.46799999999999
0.25,1,5.604,6.443,5.679,35.135000000000005,93.154,92.074,65.1,55.1,29.5,99.3,68.2,88.1,96.0,87.7,95.0,91.736,94.8,17.115000000000002,5,5,5,104.464
0.3,1,5.492,6.204,5.7829999999999995,35.962,93.281,92.461,65.1,55.1,29.5,99.3,68.2,88.1,96.0,87.7,95.0,91.708,94.8,18.047,5,5,5,104.463
0.35,1,5.406,6.454,5.093,37.08,93.563,92.652,65.1,55.1,29.5,99.3,68.2,88.1,96.0,87.7,95.0,91.702,94.8,18.002000000000002,5,5,5,104.461
0.4,1,5.431,6.327,5.54,48.8,93.75,92.68,65.1,55.1,29.5,99.3,68.2,88.1,96.0,87.7,95.0,91.7,94.8,18.241,5,5,5,104.461
0.45,1,5.456,6.433,5.629,60.288999999999994,93.595,92.734,65.1,55.1,29.5,99.3,68.2,88.1,95.847,87.7,95.0,91.7,94.8,17.857,5,5,5,104.462
0.5,1,5.414,6.381,5.491,64.752,93.563,92.57,65.1,55.1,29.5,99.3,68.2,88.1,95.811,87.7,95.0,91.7,94.8,16.879,5,5,5,104.464
0.55,1,5.61,6.507,5.046,60.193999999999996,93.688,93.275,65.1,55.1,29.5,99.3,68.2,88.1,95.803,87.7,95.0,91.7,94.8,17.034,5,5,5,104.459
0.6,1,5.582,6.619,5.46,57.629,93.905,93.622,65.1,55.1,29.5,99.3,68.2,88.013,95.801,87.7,95.0,91.7,94.8,17.317999999999998,5,5,5,104.45700000000001
0.65,1,5.37,6.834,5.608,48.542,93.905,93.807,65.1,55.1,29.5,99.3,68.2,87.92699999999999,95.8,87.7,95.0,91.7,94.8,18.442,5,5,5,104.458
0.7,1,5.482,6.258,5.648,27.979,94.183,93.88600000000001,65.1,55.1,29.5,99.3,68.2,87.906,95.8,87.7,95.0,91.7,94.8,18.422,5,5,5,104.462
0.75,1,5.522,6.035,5.636,13.521,94.669,94.044,65.1,55.1,29.5,99.3,68.2,87.902,95.8,87.7,95.0,91.7,94.8,18.981,5,5,5,104.465
0.8,1,5.455,6.62,5.713,19.365000000000002,94.79,94.331,65.1,55.1,29.5,99.3,68.2,87.9,95.8,87.7,95.0,91.7,94.8,18.663,5,5,5,104.465
0.85,1,5.554,6.479,5.607,30.213,94.73,94.279,65.1,55.1,29.5,99.3,68.2,87.9,95.8,87.7,95.0,91.7,94.8,19.391,5,5,5,104.463
0.9,1,5.404,6.383,5.484,29.28,94.73,94.148,65.1,55.1,29.5,99.3,68.2,87.9,95.8,87.7,95.0,91.7,94.775,19.060000000000002,5,5,5,104.461
0.95,1,5.482,6.59,5.67,23.383,94.94,94.253,65.1,55.1,29.5,99.3,68.2,87.9,95.8,87.7,95.0,91.7,94.642,19.665,5,5,5,104.463
1.0,1,5.551,6.514,5.482,24.785999999999998,94.76,94.20100000000001,65.1,55.1,29.5,99.3,68.2,87.9,95.8,87.7,95.0,91.7,94.61,19.207,5,5,5,104.465
1.05,1,5.485,6.467,5.041,27.859,94.94,94.435,65.1,55.1,29.5,99.3,68.2,87.9,95.8,87.7,95.0,91.7,94.602,19.741,5,5,5,104.46600000000001
1.1,1,5.686,6.1259999999999994,5.662,27.146,94.76,94.486,65.1,55.1,29.5,99.3,68.2,87.9,95.8,87.7,95.0,91.7,94.601,19.368000000000002,5,5,5,104.463
1.15,1,5.429,6.162,5.041,27.136999999999997,94.91,94.435,65.1,55.1,29.5,99.3,68.2,87.9,95.8,87.7,95.0,91.7,94.6,19.836,5,5,5,104.463
1.2,1,5.477,6.283,5.562,27.749000000000002,94.7,94.40899999999999,65.1,55.1,29.5,99.3,68.2,87.9,95.8,87.631,95.0,91.7,94.6,19.309,5,5,5,104.458
1.25,1,5.3870000000000005,6.558,5.037,27.804000000000002,94.97,94.331,65.1,55.1,29.5,99.3,68.2,87.9,95.8,87.531,95.0,91.7,94.6,19.884999999999998,5,5,5,104.463
1.3,1,5.452,6.76,5.475,27.804000000000002,94.94,94.795,65.1,55.1,29.5,99.3,68.2,87.9,95.8,87.507,95.0,91.7,94.6,19.465,5,5,5,104.462
1.35,1,5.299,6.506,5.116,27.629,95.209,94.616,65.1,55.1,29.5,99.3,68.2,87.9,95.8,87.502,95.0,91.7,94.6,19.848,5,5,5,104.45700000000001
1.4,1,5.39,6.612,5.687,27.328000000000003,95.475,94.975,65.1,55.1,29.5,99.3,68.2,87.9,95.8,87.5,95.0,91.7,94.6,19.264000000000003,5,5,5,104.461
1.45,1,5.383,6.28,5.53,27.528000000000002,95.50399999999999,95.07600000000001,65.1,55.1,29.5,99.3,68.2,87.9,95.8,87.5,95.0,91.7,94.6,20.03,5,5,5,104.46600000000001
1.5,1,5.432,6.875,5.7620000000000005,27.16,95.357,95.153,65.1,55.1,29.5,99.3,68.2,87.9,95.8,87.5,95.0,91.7,94.6,19.528,5,5,5,104.463
1.55,1,5.343,6.416,5.7379999999999995,27.059,95.416,94.821,65.1,55.1,29.5,99.3,68.2,87.9,95.8,87.5,95.0,91.7,94.6,20.04,5,5,5,104.464
1.6,1,5.469,6.246,5.595,26.776,95.357,95.48100000000001,65.1,55.1,29.5,99.3,68.2,87.9,95.8,87.5,95.0,91.7,94.6,19.444000000000003,5,5,5,104.465
1.65,1,5.449,6.351,5.606,27.033,95.445,95.127,65.1,55.1,29.5,99.3,68.2,87.9,95.8,87.5,95.0,91.7,94.6,20.342,5,5,5,104.464
1.7,1,5.378,6.533,5.753,26.831,95.298,95.127,65.1,55.1,29.5,99.3,68.2,87.9,95.8,87.5,95.0,91.7,94.6,19.204,5,5,5,104.464
1.75,1,5.354,6.233,5.566,26.831999999999997,95.50399999999999,95.73100000000001,65.1,55.1,29.5,99.3,68.2,87.9,95.8,87.5,95.0,91.7,94.6,20.324,5,5,5,104.463
1.8,1,5.327,6.5969999999999995,5.688,26.695,95.50399999999999,95.60600000000001,65.1,55.1,29.5,99.3,68.2,87.9,95.8,87.5,94.884,91.7,94.6,19.22,5,5,5,104.465
1.85,1,5.307,6.248,5.634,26.555,95.65100000000001,95.656,65.1,55.1,29.5,99.3,68.2,87.9,95.8,87.5,94.82,91.7,94.6,20.109,5,5,5,104.462
1.9,1,5.44,6.495,5.467,26.428,95.85600000000001,95.85600000000001,65.1,55.1,29.5,99.3,68.2,87.9,95.8,87.5,94.805,91.7,94.6,19.179000000000002,5,5,5,104.465
1.95,1,5.307,6.414,5.035,26.473000000000003,95.73899999999999,95.93,65.1,55.1,29.5,99.3,68.2,87.9,95.8,87.5,94.801,91.7,94.6,20.102,5,5,5,104.46700000000001
2.0,1,5.517,6.3,5.473,26.331999999999997,95.768,95.906,64.9,55.1,29.5,99.3,68.4,87.9,95.8,87.5,94.8,91.7,94.6,19.14,5,5,5,104.461
2.05,1,5.396,5.997,5.04,26.252,95.681,96.03,64.9,55.1,29.5,99.3,68.4,87.9,95.75,87.5,94.8,91.7,94.6,20.047,5,5,5,104.464
2.1,1,5.507,6.332,5.459,24.938,95.943,95.93,64.9,55.1,29.5,99.3,68.4,87.9,95.63600000000001,87.5,94.8,91.7,94.6,19.195,5,5,5,104.46
2.15,1,5.371,6.219,5.036,24.904,95.972,95.98,64.9,55.1,29.5,99.3,68.4,87.9,95.608,87.5,94.8,91.7,94.6,20.124000000000002,5,5,5,104.47200000000001
2.2,1,5.599,6.676,5.616,24.207,96.001,95.506,64.9,55.1,29.5,99.3,68.4,87.9,95.602,87.5,94.8,91.7,94.6,19.380000000000003,5,5,5,104.463
2.25,1,5.461,6.698,5.078,25.541999999999998,95.972,95.881,64.9,55.1,29.5,99.3,68.4,87.9,95.6,87.5,94.8,91.7,94.6,20.214,5,5,5,104.463
2.3,1,5.571,6.665,5.889,25.164,95.85600000000001,95.831,64.9,55.1,29.5,99.3,68.4,87.9,95.6,87.5,94.8,91.7,94.6,19.32,5,5,5,104.461
2.35,1,5.522,6.545,5.674,24.857,95.943,95.93,64.9,55.1,29.5,99.3,68.4,87.9,95.6,87.5,94.8,91.7,94.6,20.405,5,5,5,104.46700000000001
2.4,1,5.645,6.694,5.76,24.66,95.681,95.706,64.9,55.1,29.5,99.3,68.4,87.9,95.6,87.5,94.8,91.7,94.6,19.274,5,5,5,104.456
2.45,1,5.336,6.422,5.032,41.518,95.593,95.431,64.9,55.1,29.5,99.3,68.4,87.9,95.6,87.5,94.8,91.7,94.6,20.250999999999998,5,5,5,104.464
2.5,1,5.628,6.147,5.451,67.752,95.53399999999999,95.229,64.9,55.1,29.5,99.3,68.4,87.9,95.6,87.5,94.8,91.60600000000001,94.6,19.363,5,5,5,104.461
2.55,1,5.573,6.186,5.032,103.896,95.681,95.631,64.9,55.1,29.5,99.3,68.4,87.9,95.6,87.5,94.8,91.449,94.6,20.28,5,5,5,104.462
2.6,1,5.641,6.305,5.456,137.19299999999998,95.73899999999999,95.431,64.9,55.1,29.5,99.3,68.4,87.9,95.6,87.5,94.8,91.41199999999999,94.6,20.228,5,5,5,104.458
2.65,1,5.34,5.974,5.03,162.994,95.65100000000001,95.556,64.9,55.1,29.5,99.3,68.4,87.9,95.6,87.5,94.8,91.403,94.6,19.469,5,5,5,104.45
2.7,1,5.415,6.252,5.449,177.855,95.681,95.681,64.9,55.1,29.5,99.3,68.4,87.9,95.6,87.5,94.8,91.40100000000001,94.6,20.6,5,5,5,104.45200000000001
2.75,1,5.386,6.386,5.029,181.33,95.797,95.631,64.9,55.1,29.5,99.3,68.4,87.9,95.6,87.5,94.8,91.4,94.6,19.387999999999998,5,5,5,104.459
2.8,1,5.448,6.594,5.444,178.085,95.71,95.556,64.9,55.1,29.5,99.3,68.4,87.9,95.6,87.5,94.8,91.4,94.6,20.295,5,5,5,104.45700000000001
2.85,1,5.447,6.4399999999999995,5.029,164.57,95.71,95.355,64.9,55.1,29.5,99.3,68.4,87.9,95.6,87.5,94.8,91.4,94.6,19.21,5,5,5,104.45700000000001
2.9,1,5.414,6.279,5.441,136.621,95.681,95.431,64.9,55.1,29.5,99.3,68.4,87.9,95.6,87.5,94.8,91.4,94.6,20.157,5,5,5,104.46
2.95,1,5.434,6.601,5.028,104.678,95.622,95.38,64.9,55.1,29.5,99.3,68.4,87.9,95.6,87.5,94.8,91.4,94.6,19.182000000000002,5,5,5,104.458
3.0,1,5.462,6.2,5.439,77.12899999999999,95.593,95.556,64.9,55.1,29.5,99.3,68.4,87.9,95.6,87.5,94.8,91.4,94.6,20.383,5,5,5,104.459
3.05,1,5.3629999999999995,6.2379999999999995,5.028,58.121,95.416,95.631,64.9,55.1,29.5,99.3,68.4,87.9,95.6,87.5,94.8,91.4,94.6,19.357,5,5,5,104.45700000000001
3.1,14,5.522,5.866,5.434,101.616,95.71,95.656,64.9,55.1,29.5,99.3,68.4,87.9,95.6,87.347,94.8,91.4,94.6,20.259,5,5,5,104.46
3.15,14,5.542,5.925,5.501,111.939,95.73899999999999,95.556,64.9,55.1,29.5,99.3,68.4,87.9,95.6,87.311,94.8,91.4,94.6,19.278,5,5,5,104.462
3.2,14,5.411,6.3100000000000005,5.435,83.72,95.298,95.506,64.9,55.1,29.5,99.3,68.4,87.9,95.6,87.303,94.8,91.4,94.6,20.406,5,5,5,104.455
3.25,14,5.487,6.125,5.027,63.303000000000004,95.119,94.847,64.9,55.1,29.5,99.3,68.4,87.9,95.6,87.301,94.8,91.4,94.6,19.074,5,5,5,104.46
3.3,14,5.427,6.236,5.431,44.048,94.396,94.227,64.9,55.1,29.5,99.3,68.4,87.9,95.6,87.3,94.8,91.4,94.6,20.386,5,5,5,104.458
3.35,14,5.381,6.147,5.027,39.898,95.238,94.872,64.9,55.1,29.5,99.3,68.4,87.9,95.6,87.3,94.8,91.4,94.6,19.201,5,5,5,104.461
3.4,14,5.482,6.553,5.431,48.332,95.06,94.847,64.9,55.1,29.5,99.3,68.4,87.9,95.6,87.3,94.8,91.4,94.6,20.408,5,5,5,104.45700000000001
3.45,14,5.55,5.753,5.027,58.415,95.475,94.923,64.9,55.1,29.5,99.3,68.4,87.747,95.6,87.3,94.8,91.4,94.6,19.142000000000003,5,5,5,104.45700000000001
3.5,14,5.497,6.4350000000000005,5.623,84.294,95.298,95.07600000000001,64.9,55.1,29.5,99.3,68.4,87.711,95.6,87.3,94.8,91.4,94.6,20.165,5,5,5,104.45200000000001
3.55,14,5.517,6.164,5.55,107.29899999999999,95.298,95.431,64.9,55.1,29.5,99.3,68.4,87.703,95.6,87.3,94.8,91.4,94.6,19.232,5,5,5,104.459
3.6,14,5.57,5.731,5.561,127.921,95.475,95.38,64.9,55.1,29.5,99.3,68.4,87.70100000000001,95.6,87.3,94.8,91.4,94.6,19.877000000000002,5,5,5,104.45299999999999
3.65,14,5.323,5.982,5.635,145.811,95.475,94.923,64.9,55.1,29.5,99.3,68.4,87.7,95.6,87.3,94.8,91.4,94.6,20.234,5,5,5,104.45700000000001
3.7,14,5.36,6.176,5.63,159.57399999999998,95.209,95.025,64.9,55.1,29.5,99.3,68.4,87.7,95.6,87.3,94.8,91.4,94.6,19.566,5,5,5,104.455
3.75,14,5.396,6.11,5.442,169.382,95.327,94.975,64.9,55.1,29.5,99.3,68.4,87.7,95.6,87.3,94.8,91.4,94.6,20.207,5,5,5,104.458
3.8,14,5.369,5.808,5.603,176.63400000000001,95.53399999999999,95.279,64.9,55.1,29.5,99.3,68.4,87.7,95.6,87.3,94.8,91.4,94.6,19.859,5,5,5,104.45200000000001
3.85,14,5.3629999999999995,6.276,5.633,178.893,95.209,95.203,64.9,55.1,29.5,99.3,68.4,87.7,95.6,87.3,94.8,91.4,94.455,20.326,5,5,5,104.45700000000001
3.9,14,5.531,6.211,5.403,176.707,95.06,95.07600000000001,64.9,55.1,29.5,99.3,68.4,87.7,95.6,87.3,94.8,91.4,94.413,19.871,5,5,5,104.45100000000001
3.95,14,5.74,6.269,5.023,173.709,95.50399999999999,95.051,64.9,55.1,29.5,99.3,68.4,87.7,95.484,87.3,94.8,91.4,94.403,20.57,5,5,5,104.462
4.0,14,5.343,6.445,5.398,175.203,95.327,94.693,64.8,55.0,29.5,100.0,68.3,87.7,95.42,87.3,94.64699999999999,91.4,94.40100000000001,19.872,5,5,5,104.456
4.05,14,5.366,6.406,5.023,174.717,95.149,94.975,64.8,55.0,29.5,100.0,68.3,87.7,95.405,87.3,94.611,91.4,94.4,20.509999999999998,5,5,5,104.461
4.1,14,5.411,6.436,5.595,172.252,95.268,95.178,64.8,55.0,29.5,100.0,68.3,87.7,95.40100000000001,87.3,94.60300000000001,91.4,94.4,19.662,5,5,5,104.45100000000001
4.15,14,5.521,6.161,5.431,174.354,95.445,94.975,64.8,55.0,29.5,100.0,68.3,87.7,95.4,87.3,94.601,91.4,94.4,20.222,5,5,5,104.459
4.17,3,5.335,6.241,5.5809999999999995,173.90200000000002,95.179,94.486,64.8,55.0,29.5,100.0,68.3,87.7,95.4,87.3,94.6,91.4,94.4,19.078,5,5,5,104.449
4.19,3,5.519,6.297,5.487,172.342,94.699,94.797,64.8,55.0,29.5,100.0,68.3,87.7,95.4,87.3,94.6,91.4,94.4,19.718,5,5,5,104.456
4.21,3,5.332,6.058,5.656,157.507,94.88,95.303,64.8,55.0,29.5,100.0,68.3,87.7,95.4,87.3,94.6,91.4,94.4,19.441,5,5,5,104.454
4.23,3,5.408,6.266,5.495,139.141,95.0,95.503,64.8,55.0,29.5,100.0,68.3,87.7,95.4,87.3,94.6,91.4,94.4,19.227,5,5,5,104.45200000000001
4.25,3,5.678,6.205,5.578,122.441,94.699,95.60300000000001,64.8,55.0,29.5,100.0,68.3,87.7,95.4,87.3,94.6,91.4,94.4,19.436,5,5,5,104.45
4.27,3,5.424,6.768,5.527,103.88799999999999,95.03,95.403,64.8,55.0,29.5,100.0,68.3,87.7,95.4,87.3,94.6,91.4,94.4,19.320999999999998,5,5,5,104.45
4.29,3,5.362,6.679,5.54,89.948,94.97,95.252,64.8,55.0,29.5,100.0,68.3,87.7,95.4,87.3,94.6,91.4,94.4,19.813,5,5,5,104.45200000000001
4.31,3,5.338,6.54,5.126,93.91,94.729,95.227,64.8,55.0,29.5,100.0,68.3,87.7,95.4,87.3,94.6,91.4,94.4,19.439,5,5,5,104.45100000000001
4.33,3,5.413,6.342,5.105,84.575,95.268,95.503,64.8,55.0,29.5,100.0,68.3,87.7,95.4,87.3,94.6,91.4,94.4,19.311,5,5,5,104.133
4.35,3,5.369,5.731,5.098,78.579,95.0,95.278,64.8,55.0,29.5,100.0,68.3,87.7,95.4,87.3,94.6,91.4,94.4,19.158,5,5,5,103.337
4.37,3,5.433,6.505,5.115,60.13,94.97,95.428,64.8,55.0,29.5,100.0,68.3,87.7,95.4,87.3,94.6,91.4,94.4,19.33,5,5,5,102.102
4.39,3,5.352,6.423,5.108,58.836999999999996,94.729,95.227,64.8,55.0,29.5,100.0,68.3,87.7,95.4,87.3,94.6,91.4,94.4,19.238,5,5,5,100.818
4.41,3,5.478,6.926,5.157,48.35,95.149,95.47800000000001,64.8,55.0,29.5,100.0,68.3,87.7,95.4,87.3,94.6,91.4,94.4,19.176,5,5,5,99.272
4.43,3,5.335,6.559,5.156,41.166,94.97,95.378,64.8,55.0,29.5,100.0,68.3,87.7,95.4,87.3,94.6,91.4,94.4,19.134999999999998,5,5,5,98.11200000000001
4.45,3,5.325,6.686,5.156,40.868,95.268,95.303,64.8,55.0,29.5,100.0,68.3,87.7,95.4,87.3,94.6,91.4,94.4,19.256999999999998,5,5,5,97.02600000000001
4.47,3,5.316,6.486,5.157,46.173,95.357,95.17699999999999,64.8,55.0,29.5,100.0,68.3,87.7,95.4,87.3,94.6,91.4,94.4,19.117,5,5,5,96.109
4.49,3,5.3,6.306,5.157,50.625,94.82,95.202,64.8,55.0,29.5,100.0,68.3,87.7,95.4,87.3,94.6,91.4,94.4,19.159,5,5,5,95.20100000000001
4.51,3,5.416,6.428,5.148,54.785,94.91,95.152,64.8,55.0,29.5,100.0,68.3,87.7,95.4,87.3,94.6,91.4,94.4,19.18,5,5,5,94.294
4.53,3,5.451,6.196,5.147,57.593,95.03,95.503,64.8,55.0,29.5,100.0,68.3,87.7,95.4,87.3,94.6,91.4,94.4,19.227,5,5,5,93.443
4.55,3,5.367,6.373,5.067,61.992,94.88,95.17699999999999,64.8,55.0,29.5,100.0,68.3,87.7,95.4,87.3,94.6,91.4,94.4,19.083,5,5,5,92.537
4.57,3,5.477,5.927,5.17,65.66,94.729,95.47800000000001,64.8,55.0,29.5,100.0,68.3,87.7,95.4,87.3,94.6,91.4,94.4,19.965,5,5,5,91.665
4.59,3,5.304,5.845,5.153,69.795,95.12,95.403,64.8,55.0,29.5,100.0,68.3,87.7,95.4,87.3,94.6,91.4,94.4,19.851,5,5,5,90.839
4.61,3,5.328,5.925,5.152,74.48899999999999,95.03,95.378,64.8,55.0,29.5,100.0,68.3,87.7,95.4,87.3,94.6,91.4,94.4,20.027,5,5,5,89.99600000000001
4.63,3,5.342,5.7490000000000006,5.153,77.211,94.699,95.101,64.8,55.0,29.5,100.0,68.3,87.7,95.4,87.3,94.6,91.4,94.4,19.853,5,5,5,89.175
4.65,3,5.479,5.971,5.151,80.421,95.179,95.328,64.8,55.0,29.5,100.0,68.3,87.7,95.4,87.3,94.6,91.4,94.4,19.985,5,5,5,88.444
4.67,3,5.438,6.0440000000000005,5.152,85.086,95.23899999999999,95.126,64.8,55.0,29.5,100.0,68.3,87.7,95.4,87.3,94.6,91.4,94.4,20.011,5,5,5,87.755
4.69,3,5.308,6.027,5.151,84.685,94.91,95.578,64.8,55.0,29.5,100.0,68.3,87.7,95.4,87.3,94.6,91.4,94.4,19.967,5,5,5,86.947
4.71,3,5.298,6.024,5.152,85.042,95.09,95.752,64.8,55.0,29.5,100.0,68.3,87.7,95.4,87.3,94.6,91.4,94.4,19.942,5,5,5,86.092
4.73,3,5.386,6.286,5.151,83.892,94.94,96.171,64.8,55.0,29.5,100.0,68.3,87.7,95.4,87.3,94.6,91.4,94.4,19.937,5,5,5,85.215
4.75,3,5.367,6.275,5.149,83.529,94.91,96.657,64.8,55.0,29.5,100.0,68.3,87.7,95.4,87.3,94.6,91.4,94.4,19.749000000000002,5,5,5,84.332
4.77,3,5.303,6.223,5.15,81.972,94.91,97.137,64.8,55.0,29.5,100.0,68.3,87.7,95.4,87.3,94.6,91.4,94.4,19.871,5,5,5,83.46600000000001
4.79,3,5.3,6.0120000000000005,5.15,81.20100000000001,95.09,98.079,64.8,55.0,29.5,100.0,68.3,87.7,95.4,87.3,94.6,91.4,94.4,19.854,5,5,5,82.543
4.81,3,5.298,6.005,5.15,80.108,95.06,99.20100000000001,64.8,55.0,29.5,100.0,68.3,87.7,95.4,87.3,94.6,91.4,94.4,19.924,5,5,5,81.666
4.83,3,5.297,6.343,5.148,79.767,94.82,100.85600000000001,64.8,55.0,29.5,100.0,68.3,87.7,95.4,87.3,94.6,91.4,94.4,19.619999999999997,5,5,5,80.782
4.85,3,5.3,6.426,5.149,79.321,94.79,103.102,64.8,55.0,29.5,100.0,68.3,87.7,95.4,87.3,94.6,91.4,94.4,19.794,5,5,5,79.889
4.87,3,5.311,6.286,5.148,79.419,95.12,106.25,64.8,55.0,29.5,100.0,68.3,87.7,95.4,87.3,94.6,91.4,94.4,19.636,5,5,5,79.054
4.89,3,5.413,6.252,5.147,79.249,94.97,111.809,64.8,55.0,29.5,100.0,68.3,87.7,95.4,87.3,94.6,91.4,94.4,19.738,5,5,5,78.14699999999999
4.91,3,5.388,6.415,5.146,79.73100000000001,95.328,121.852,64.8,55.0,29.5,100.0,68.3,87.7,95.4,87.3,94.6,91.4,94.4,19.661,5,5,5,77.307
4.93,3,5.346,6.974,5.145,79.625,95.298,134.977,64.8,55.0,29.5,100.0,68.3,87.7,95.4,87.3,94.6,91.4,94.4,19.842,5,5,5,76.47399999999999
4.95,3,5.324,6.756,5.145,79.98,95.594,157.583,64.8,55.0,29.5,100.0,68.3,87.7,95.4,87.3,94.6,91.4,94.4,19.804000000000002,5,5,5,75.62100000000001
4.97,3,5.342,6.883,5.146,79.982,95.74,232.41,64.8,55.0,29.5,100.0,68.3,87.7,95.4,87.3,94.6,91.4,94.4,19.875,5,5,5,74.795
4.99,3,5.399,7.683999999999999,5.146,80.49,96.92,242.763,64.8,55.0,29.5,100.0,68.3,87.7,95.4,87.3,94.6,91.4,94.4,19.811,5,5,5,73.923
5.01,3,5.36,7.748,5.144,80.581,98.76299999999999,238.201,64.8,55.0,29.5,100.0,68.3,87.7,95.4,87.3,94.6,91.4,94.4,20.0,5,5,5,73.09899999999999
5.03,3,5.517,8.075,5.143,80.76899999999999,100.84299999999999,235.983,64.8,55.0,29.5,100.0,68.3,87.7,95.4,87.3,94.6,91.4,94.4,19.936,5,5,5,72.225
5.05,3,5.328,8.339,5.143,81.059,103.545,235.042,64.8,55.0,29.5,100.0,68.3,87.7,95.4,87.3,94.6,91.331,94.4,19.975,5,5,5,71.40100000000001
5.07,3,5.365,8.555,5.142,81.227,106.984,234.604,64.8,55.0,29.5,100.0,68.3,87.7,95.4,87.3,94.6,91.274,94.4,19.949,5,5,5,70.541
5.09,3,5.375,8.870000000000001,5.142,81.774,110.89299999999999,234.804,64.8,55.0,29.5,100.0,68.3,87.7,95.4,87.3,94.6,91.242,94.4,20.092,5,5,5,69.709
5.11,3,5.435,8.94,5.141,82.08,116.087,235.017,64.8,55.0,29.5,100.0,68.3,87.7,95.4,87.3,94.6,91.223,94.4,20.047,5,5,5,68.86699999999999
5.13,3,5.566,10.224,5.141,82.501,122.249,234.917,64.8,55.0,29.5,100.0,68.3,87.7,95.4,87.3,94.6,91.21300000000001,94.4,20.004,5,5,5,68.024
5.15,3,5.369,10.579,5.14,82.336,130.793,234.61599999999999,64.8,55.0,29.5,100.0,68.3,87.7,95.4,87.21300000000001,94.6,91.207,94.4,20.122999999999998,5,5,5,67.15299999999999
5.17,3,5.715,10.873,5.14,82.933,141.382,234.166,64.8,55.0,29.5,100.0,68.3,87.7,95.4,87.163,94.6,91.204,94.4,20.008,5,5,5,66.333
5.19,3,5.358,10.752,5.139,81.685,151.694,233.43,64.8,55.0,29.5,100.0,68.3,87.7,95.312,87.13600000000001,94.6,91.202,94.4,20.043,5,5,5,65.43199999999999
5.21,3,5.535,11.834,5.138,79.73,164.78,232.46,64.8,55.0,29.5,100.0,68.3,87.7,95.263,87.12,94.6,91.20100000000001,94.4,20.076999999999998,5,5,5,64.52000000000001
5.23,3,5.458,12.154,5.138,77.045,192.83599999999998,231.44299999999998,64.8,55.0,29.5,100.0,68.3,87.7,95.236,87.111,94.6,91.20100000000001,94.4,19.984,5,5,5,63.553999999999995
5.25,3,5.639,12.756,5.138,75.234,245.80900000000003,230.331,64.8,55.0,29.5,100.0,68.3,87.7,95.22,87.10600000000001,94.6,91.2,94.4,20.062,5,5,5,62.629
5.27,3,5.442,13.551,5.138,73.45,241.167,229.345,64.8,55.0,29.5,100.0,68.3,87.7,95.211,87.104,94.6,91.2,94.4,20.097,5,5,5,61.684
5.29,3,5.602,13.969,5.137,72.655,238.08900000000003,228.313,64.8,55.0,29.5,100.0,68.3,87.7,95.206,87.102,94.6,91.2,94.4,20.075,5,5,5,60.769
5.31,3,5.606,14.135,5.138,71.953,235.896,227.334,64.8,55.0,29.5,100.0,68.3,87.7,95.204,87.101,94.6,91.2,94.4,20.078,5,5,5,59.873000000000005
5.33,3,6.309,14.769,5.138,72.054,233.995,226.21099999999998,64.8,55.0,29.5,100.0,68.3,87.7,95.202,87.101,94.6,91.2,94.4,20.124000000000002,5,5,5,58.99
5.35,3,5.883,15.265999999999998,5.139,71.992,232.27900000000002,225.517,64.8,55.0,29.5,100.0,68.3,87.7,95.20100000000001,87.1,94.6,91.2,94.4,20.082,5,5,5,58.138000000000005
5.37,3,5.996,15.717,5.14,71.831,230.72099999999998,224.05,64.8,55.0,29.5,100.0,68.3,87.7,95.20100000000001,87.1,94.6,91.2,94.4,20.125999999999998,5,5,5,57.262
5.39,3,6.106,16.171,5.14,71.85300000000001,229.38,223.373,64.8,55.0,29.5,100.0,68.3,87.7,95.2,87.1,94.6,91.2,94.4,20.134999999999998,5,5,5,56.425
5.41,3,6.389,16.802,5.139,72.442,228.292,223.965,64.8,55.0,29.5,100.0,68.3,87.7,95.2,87.1,94.6,91.2,94.4,20.104,5,5,5,55.538000000000004
5.43,3,6.549,16.985,5.139,72.118,227.269,224.062,64.8,55.0,29.5,100.0,68.3,87.7,95.2,87.1,94.6,91.2,94.4,20.335,5,5,5,54.721000000000004
5.45,3,6.184,17.509,5.14,72.433,226.08900000000003,223.771,64.8,55.0,29.5,100.0,68.3,87.7,95.2,87.1,94.6,91.2,94.4,20.130000000000003,5,5,5,53.85
5.47,3,6.356,18.309,5.143,73.016,224.90099999999998,223.53,64.8,55.0,29.5,100.0,68.3,87.7,95.2,87.1,94.6,91.2,94.4,20.03,5,5,5,53.006
5.49,3,6.883,18.547,5.145,73.041,223.924,223.39700000000002,64.8,55.0,29.5,100.0,68.3,87.7,95.2,87.1,94.6,91.2,94.4,20.105,5,5,5,52.161
5.51,3,6.611,18.468,5.149,72.399,223.33900000000003,223.34799999999998,64.8,55.0,29.5,100.0,68.3,87.7,95.2,87.1,94.6,91.2,94.4,19.898,5,5,5,51.305
5.53,3,7.356,19.087,5.149,70.60600000000001,222.865,223.24,64.8,55.0,29.5,100.0,68.3,87.7,95.2,87.1,94.6,91.2,94.4,19.919,5,5,5,50.516999999999996
5.55,3,7.034000000000001,19.458,10.634,69.827,222.452,222.95,64.8,55.0,29.5,100.0,68.3,87.7,95.2,87.1,94.6,91.2,94.4,19.96,5,5,5,49.821999999999996
5.57,3,7.0809999999999995,19.833,11.058,69.452,222.25799999999998,222.456,64.8,55.0,29.5,100.0,68.3,87.7,95.2,87.1,94.6,91.2,94.4,20.48,5,5,5,49.109
5.59,3,7.318,20.41,11.15,69.206,222.31799999999998,221.75799999999998,64.8,55.0,29.5,100.0,68.3,87.7,95.2,87.1,94.6,91.2,94.4,20.325,5,5,5,48.429
5.61,3,6.88,20.066,10.635,69.69800000000001,222.63400000000001,220.96599999999998,64.8,55.0,29.5,100.0,68.3,87.7,95.2,87.1,94.6,91.2,94.4,20.34,5,5,5,47.733000000000004
5.63,3,7.776,20.081,10.593,69.141,222.731,220.127,64.8,55.0,29.5,100.0,68.3,87.7,95.2,87.1,94.6,91.2,94.4,20.603,5,5,5,47.051
5.65,3,7.661,20.014000000000003,10.783,70.37899999999999,222.452,219.21900000000002,64.8,55.0,29.5,100.0,68.3,87.7,95.2,87.1,94.6,91.2,94.4,20.482,5,5,5,46.37
5.67,3,7.721,20.887,11.036000000000001,69.502,222.015,218.278,64.8,55.0,29.5,100.0,68.3,87.7,95.2,87.1,94.6,91.2,94.4,20.625,5,5,5,45.681999999999995
5.69,3,8.233,21.357,12.412,70.821,221.93,217.41099999999997,64.8,55.0,29.5,100.0,68.3,87.7,95.2,87.1,94.575,91.2,94.4,20.377000000000002,5,5,5,45.016999999999996
5.71,3,8.582,20.901,11.422,69.736,221.882,216.62900000000002,64.8,55.0,29.5,100.0,68.3,87.7,95.2,87.1,94.542,91.2,94.4,20.28,5,5,5,44.338
5.73,3,10.253,21.916,12.475999999999999,71.024,221.93,215.88299999999998,64.8,55.0,29.5,100.0,68.3,87.7,95.2,87.1,94.524,91.2,94.4,20.172,5,5,5,43.675
5.75,3,13.683,24.134,14.681000000000001,65.596,221.676,215.317,64.8,55.0,29.5,100.0,68.3,87.7,95.2,87.1,94.513,91.2,94.4,20.084000000000003,5,5,5,43.055
5.77,3,16.454,25.489,15.642000000000001,66.58500000000001,220.95,214.727,64.8,55.0,29.5,100.0,68.3,87.7,95.2,87.1,94.508,91.2,94.4,19.930999999999997,5,5,5,42.635
5.79,3,18.552,26.296,16.14,64.69300000000001,220.00799999999998,214.127,64.8,55.0,29.5,100.0,68.3,87.7,95.2,87.1,94.50399999999999,91.2,94.312,20.023,5,5,5,42.215
5.81,4,18.741,27.378,16.643,64.90899999999999,219.321,213.528,64.8,55.0,29.5,100.0,68.3,87.7,95.2,87.1,94.502,91.2,94.263,20.099,5,5,5,41.848
5.83,4,19.131999999999998,27.909000000000002,17.107999999999997,59.44,218.78,212.942,64.8,55.0,29.5,100.0,68.3,87.7,95.2,87.1,94.501,91.2,94.236,19.963,5,5,5,41.486999999999995
5.85,4,19.879,28.794,17.706,54.733000000000004,217.903,212.357,64.8,55.0,29.5,100.0,68.3,87.7,95.2,87.1,94.501,91.2,94.22,19.994,5,5,5,41.325
5.87,4,20.758,28.255,17.902,55.486999999999995,216.515,211.702,64.8,55.0,29.5,100.0,68.3,87.7,95.2,87.1,94.5,91.2,94.211,20.243000000000002,5,5,5,41.400999999999996
5.89,4,21.128,28.813000000000002,19.545,52.21,215.28599999999997,211.13099999999997,64.8,55.0,29.5,100.0,68.3,87.7,95.2,87.1,94.5,91.2,94.206,19.855,5,5,5,41.412
5.91,4,20.951,28.71,21.764,51.2,214.43,210.53599999999997,64.8,55.0,29.5,100.0,68.3,87.7,95.2,87.1,94.5,91.2,94.204,19.841,5,5,5,41.434
5.93,4,20.883,29.348000000000003,22.304000000000002,49.395,213.812,209.92,64.8,55.0,29.5,100.0,68.3,87.7,95.2,87.1,94.5,91.2,94.202,20.08,5,5,5,41.43300000000001
5.95,4,21.075,29.82,23.948,47.46,213.326,209.34,64.8,55.0,29.5,100.0,68.3,87.7,95.2,87.1,94.5,91.2,94.20100000000001,19.897,5,5,5,41.45
5.97,4,20.944000000000003,28.594,23.434,46.681999999999995,212.852,208.748,64.8,55.0,29.5,100.7,68.3,87.7,95.2,87.1,94.5,91.2,94.20100000000001,19.956,5,5,5,41.467
5.99,4,21.011,28.695999999999998,22.819000000000003,44.845,212.332,208.17,64.8,55.0,29.5,100.7,68.3,87.7,95.2,87.1,94.5,91.2,94.2,20.16,5,5,5,41.480000000000004
6.01,4,20.880000000000003,27.95,22.594,44.73,211.84799999999998,207.60299999999998,64.8,55.0,29.5,100.7,68.3,87.7,95.2,87.1,94.5,91.2,94.2,20.055999999999997,5,5,5,41.475
6.03,4,21.1,28.296,24.3,43.464,211.41099999999997,207.142,64.8,55.0,29.5,100.7,68.3,87.7,95.2,87.1,94.5,91.2,94.2,19.945999999999998,5,5,5,41.474000000000004
6.05,4,22.525,28.906,25.683000000000003,43.366,211.02200000000002,206.727,64.8,55.0,29.5,100.7,68.3,87.7,95.2,87.1,94.5,91.2,94.2,20.103,5,5,5,41.484
6.07,4,23.265,28.886999999999997,26.272,43.05,210.551,206.301,64.8,55.0,29.5,100.7,68.3,87.65,95.2,87.1,94.5,91.2,94.2,20.165999999999997,5,5,5,41.476
6.09,4,23.234,30.031999999999996,26.881999999999998,42.92,210.081,205.829,64.8,55.0,29.5,100.7,68.3,87.584,95.2,87.1,94.5,91.2,94.2,20.241,5,5,5,41.479
6.11,4,24.258,30.028000000000002,27.164,42.997,209.588,205.38099999999997,64.8,55.0,29.5,100.7,68.3,87.547,95.2,87.1,94.5,91.2,94.2,20.2,5,5,5,41.492
6.13,4,23.846,30.083000000000002,27.48,42.966,209.083,204.899,64.8,55.0,29.5,100.7,68.3,87.527,95.2,87.1,94.5,91.2,94.2,20.109,5,5,5,41.483000000000004
6.15,4,24.185,29.98,27.831,43.111999999999995,208.731,204.475,64.8,55.0,29.5,100.7,68.3,87.515,95.2,87.1,94.5,91.2,94.2,20.227,5,5,5,41.476
6.17,4,25.488000000000003,30.340999999999998,27.662,42.994,208.28599999999997,204.063,64.8,55.0,29.5,100.7,68.3,87.508,95.2,87.1,94.5,91.2,94.2,20.201,5,5,5,41.458
6.19,4,26.098000000000003,31.208000000000002,27.772,42.925,207.83,203.65099999999998,64.8,55.0,29.5,100.7,68.3,87.505,95.2,87.1,94.5,91.2,94.2,20.325,5,5,5,41.441
6.21,4,26.406,31.235,27.964000000000002,43.174,207.41,203.25099999999998,64.8,55.0,29.5,100.7,68.3,87.503,95.2,87.1,94.5,91.2,94.2,20.201,5,5,5,41.422
6.23,4,26.866,30.853,28.219,43.442,206.919,202.84099999999998,64.8,55.0,29.5,100.7,68.3,87.501,95.2,87.1,94.5,91.2,94.2,20.192999999999998,5,5,5,41.385000000000005
6.25,4,27.177,31.715,28.575,43.482,206.453,202.43,64.8,55.0,29.5,100.7,68.3,87.501,95.2,87.1,94.5,91.2,94.2,20.276,5,5,5,41.315
6.27,4,27.99,31.125,28.566999999999997,43.796,205.99900000000002,202.043,64.8,55.0,29.5,100.7,68.3,87.5,95.2,87.1,94.5,91.2,94.2,20.172,5,5,5,41.265
6.29,4,28.213,31.725,28.575,43.94,205.55700000000002,201.667,64.8,55.0,29.5,100.7,68.3,87.5,95.2,87.1,94.5,91.2,94.2,20.228,5,5,5,41.213
6.31,4,27.906,32.092,29.046,44.486,205.092,201.28099999999998,64.8,55.0,29.5,100.7,68.3,87.5,95.2,87.1,94.5,91.2,94.2,20.185000000000002,5,5,5,41.18
6.33,4,28.439,32.547,28.983,44.288000000000004,204.662,200.90599999999998,64.8,55.0,29.5,100.7,68.3,87.5,95.2,87.1,94.5,91.2,94.2,20.256,5,5,5,41.14
6.35,4,28.695,33.344,29.372,45.289,204.21,200.50900000000001,64.8,55.0,29.5,100.7,68.3,87.5,95.2,87.1,94.5,91.2,94.2,20.304000000000002,5,5,5,41.087
6.37,4,29.254,32.499,29.281999999999996,45.631,203.769,200.112,64.8,55.0,29.5,100.7,68.3,87.5,95.2,87.1,94.5,91.2,94.2,20.039,5,5,5,40.984
6.39,4,29.113000000000003,33.126999999999995,29.546,46.107,203.34099999999998,199.795,64.8,55.0,29.5,100.7,68.3,87.5,95.2,87.1,94.5,91.2,94.2,20.199,5,5,5,40.927
6.41,4,29.218000000000004,33.354,29.855,46.961999999999996,202.924,199.455,64.8,55.0,29.5,100.7,68.3,87.5,95.2,87.1,94.5,91.2,94.2,20.184,5,5,5,40.858000000000004
6.43,4,29.58,33.236999999999995,29.986,45.684,202.50799999999998,199.093,64.8,55.0,29.5,100.7,68.3,87.5,95.2,87.1,94.5,91.2,94.2,19.903,5,5,5,40.786
6.45,4,29.37,33.852,30.124000000000002,42.24,202.162,198.731,64.8,55.0,29.5,100.7,68.3,87.5,95.2,87.1,94.5,91.2,94.2,20.173000000000002,5,5,5,40.768
6.47,4,29.456999999999997,34.206,30.35,41.648,201.7,198.40400000000002,64.8,55.0,29.5,100.7,68.3,87.5,95.2,87.1,94.5,91.2,94.2,20.372,5,5,5,40.852
6.49,4,29.706999999999997,34.717,30.586,39.203,201.285,198.077,64.8,55.0,29.5,100.7,68.3,87.5,95.2,87.1,94.5,91.2,94.2,20.192,5,5,5,40.986000000000004
6.51,4,29.893,34.493,30.375,37.498000000000005,200.882,197.705,64.8,55.0,29.5,100.7,68.3,87.5,95.2,87.1,94.5,91.2,94.2,20.194000000000003,5,5,5,41.149
6.53,4,30.3,34.045,30.406999999999996,35.259,200.502,197.355,64.8,55.0,29.5,100.7,68.3,87.5,95.2,87.1,94.5,91.2,94.2,20.357,5,5,5,41.293000000000006
6.55,4,30.154,34.198,30.498,33.480999999999995,200.076,196.995,64.8,55.0,29.5,100.7,68.3,87.5,95.2,87.1,94.5,91.2,94.2,19.411,5,5,5,41.464
6.57,4,30.359,34.282,30.316999999999997,32.577,199.709,196.646,64.8,55.0,29.5,100.7,68.3,87.5,95.2,87.1,94.5,91.2,94.2,19.149,5,5,5,41.595
6.59,4,30.581,34.107,30.116999999999997,35.056,199.30700000000002,196.275,64.8,55.0,29.5,100.7,68.3,87.5,95.2,87.1,94.5,91.2,94.2,18.783,5,5,5,41.712
6.61,4,30.13,34.05800000000001,29.676,33.079,198.928,195.87099999999998,64.8,55.0,29.5,100.7,68.3,87.5,95.2,87.1,94.5,91.2,94.2,19.046,5,5,5,41.714
6.63,4,30.36,33.364999999999995,29.732,36.16,198.55,195.546,64.8,55.0,29.5,100.7,68.3,87.5,95.2,87.1,94.5,91.2,94.2,19.259999999999998,5,5,5,41.706
6.65,4,30.445,33.663,29.343000000000004,35.855000000000004,198.172,195.22099999999998,64.8,55.0,29.5,100.7,68.3,87.5,95.2,87.1,94.5,91.2,94.2,19.188,5,5,5,41.66
6.67,4,29.872,33.866,28.846,37.298,197.805,194.862,64.8,55.0,29.5,100.7,68.3,87.5,95.2,87.1,94.5,91.2,94.2,19.168,5,5,5,41.592
6.69,4,30.046,32.719,27.659000000000002,37.419000000000004,197.428,194.50400000000002,64.8,55.0,29.5,100.7,68.3,87.5,95.2,87.1,94.5,91.2,94.2,19.214,5,5,5,41.509
6.71,4,29.87,33.292,27.578000000000003,37.952,197.07299999999998,194.179,64.8,55.0,29.5,100.7,68.3,87.5,95.2,87.1,94.5,91.2,94.2,19.220999999999997,5,5,5,41.461
6.73,4,29.684,33.081,27.176,39.239000000000004,196.71900000000002,193.9,64.8,55.0,29.5,100.7,68.3,87.5,95.2,87.1,94.5,91.2,94.2,19.246,5,5,5,41.364000000000004
6.75,4,29.842,33.134,27.113000000000003,39.988,196.35299999999998,193.53099999999998,64.8,55.0,29.5,100.7,68.3,87.5,95.2,87.1,94.5,91.2,94.2,19.143,5,5,5,41.238
6.77,4,30.035,32.598,26.479,41.148,196.011,193.229,64.8,55.0,29.5,100.7,68.3,87.5,95.2,87.1,94.5,91.2,94.2,19.083,5,5,5,41.15
6.79,4,29.776999999999997,32.632,26.018,42.607,195.657,192.93900000000002,64.8,55.0,29.5,100.7,68.3,87.5,95.2,87.1,94.5,91.2,94.2,19.243000000000002,5,5,5,40.991
6.81,4,29.348000000000003,33.456999999999994,25.965,44.111999999999995,195.315,192.649,64.8,55.0,29.5,100.7,68.3,87.5,95.2,87.1,94.5,91.2,94.2,19.206,5,5,5,40.874
6.83,4,29.149,33.028000000000006,26.348000000000003,38.336,194.97400000000002,192.33700000000002,64.8,55.0,29.5,100.7,68.3,87.5,95.2,87.1,94.5,91.2,94.2,19.051,5,5,5,40.781
6.85,4,29.055,32.375,26.038,42.216,194.655,192.081,64.8,55.0,29.5,100.7,68.3,87.5,95.2,87.1,94.5,91.2,94.2,19.04,5,5,5,40.831
6.87,4,29.051,33.315,26.351999999999997,38.906,194.30200000000002,191.78,64.8,55.0,29.5,100.7,68.3,87.5,95.2,87.1,94.5,91.2,94.2,18.994999999999997,5,5,5,40.873000000000005
6.89,4,29.726,32.9,28.811,42.271,193.995,191.602,64.8,55.0,29.5,100.7,68.3,87.5,95.2,87.1,94.5,91.2,94.2,19.112000000000002,5,5,5,40.941
6.91,4,29.476,33.101,28.808000000000003,40.941,193.688,191.268,64.8,55.0,29.5,100.7,68.3,87.5,95.2,87.1,94.5,91.2,94.2,19.189999999999998,5,5,5,40.887
6.93,4,29.605,33.265,28.811,43.041,193.358,190.979,64.8,55.0,29.5,100.7,68.3,87.5,95.2,87.1,94.5,91.2,94.2,19.130000000000003,5,5,5,40.83
6.95,4,29.558000000000003,32.938,28.873,43.419000000000004,193.074,190.713,64.8,55.0,29.5,100.7,68.3,87.5,95.2,87.1,94.5,91.2,94.2,19.149,5,5,5,40.772
6.97,4,29.333000000000002,33.519999999999996,28.61,43.902,192.77900000000002,190.49099999999999,64.8,55.0,29.5,100.7,68.3,87.5,95.113,87.1,94.5,91.2,94.2,19.128,5,5,5,40.688
6.99,4,29.688000000000002,33.061,28.624000000000002,46.615,192.46099999999998,190.202,64.8,55.0,29.5,100.7,68.3,87.5,95.063,87.1,94.5,91.2,94.2,19.215,5,5,5,40.644999999999996
7.01,4,29.164,33.370999999999995,28.955,45.76,192.178,189.93599999999998,64.8,55.0,29.5,100.7,68.3,87.5,95.036,87.1,94.5,91.2,94.2,19.134999999999998,5,5,5,40.611000000000004
7.03,4,29.506,33.492,29.096,46.823,191.894,189.703,64.8,55.0,29.5,100.7,68.3,87.5,95.02,87.1,94.5,91.2,94.2,19.117,5,5,5,40.525999999999996
7.05,4,29.517,33.427,28.828000000000003,42.148,191.577,189.481,64.8,55.0,29.5,100.7,68.3,87.5,95.01100000000001,87.1,94.5,91.2,94.2,19.102,5,5,5,40.426
7.07,4,29.438000000000002,33.955,29.248,49.236000000000004,191.317,189.204,64.8,55.0,29.5,100.7,68.3,87.5,95.006,87.1,94.5,91.2,94.2,19.070999999999998,5,5,5,40.406
7.09,4,29.849,34.109,29.38,42.993,191.02200000000002,188.96,64.8,55.0,29.5,100.7,68.3,87.5,95.00399999999999,87.1,94.5,91.2,94.2,19.011,5,5,5,40.269000000000005
7.11,4,29.936,34.090999999999994,29.205,48.523999999999994,190.739,188.761,64.8,55.0,29.5,100.7,68.3,87.5,95.002,87.1,94.5,91.2,94.2,19.184,5,5,5,40.164
7.13,4,29.857,33.971999999999994,29.451999999999998,42.191,190.479,188.517,64.8,55.0,29.5,100.7,68.3,87.5,95.001,87.1,94.5,91.2,94.2,18.956,5,5,5,40.012
7.15,4,30.395,34.569,29.669,45.711999999999996,190.24099999999999,188.31799999999998,64.8,55.0,29.5,100.7,68.3,87.5,95.001,87.1,94.5,91.2,94.2,18.845999999999997,5,5,5,40.120999999999995
7.17,4,30.081999999999997,34.438,29.548000000000002,38.664,189.97,188.08599999999998,64.8,55.0,29.5,100.7,68.3,87.5,95.0,87.1,94.5,91.2,94.2,19.163,5,5,5,40.179
7.19,4,30.449,35.187,29.02,40.845,189.699,187.854,64.8,55.0,29.5,100.7,68.3,87.5,95.0,87.1,94.5,91.2,94.2,19.172,5,5,5,40.394999999999996
7.21,4,30.484,35.236999999999995,29.073,35.71,189.43900000000002,187.655,64.8,55.0,29.5,100.7,68.3,87.5,95.0,87.1,94.5,91.2,94.2,19.094,5,5,5,40.508
7.23,4,30.688000000000002,35.336,29.19,36.545,189.179,187.39,64.8,55.0,29.5,100.7,68.3,87.5,95.0,87.05,94.5,91.2,94.2,19.186,5,5,5,40.684
7.25,4,30.747,34.815,29.136999999999997,33.394999999999996,188.919,187.125,64.8,55.0,29.5,100.7,68.3,87.5,95.0,86.984,94.5,91.2,94.2,19.146,5,5,5,40.828
7.27,4,31.046,35.643,28.82,37.193000000000005,188.66,186.882,64.8,55.0,29.5,100.7,68.3,87.5,95.0,86.947,94.5,91.15,94.2,18.855,5,5,5,40.934
7.29,4,31.186,35.204,29.596999999999998,34.751,188.389,186.628,64.8,55.0,29.5,100.7,68.3,87.5,95.0,86.92699999999999,94.5,91.084,94.2,19.134999999999998,5,5,5,40.937
7.31,4,30.881999999999998,34.819,29.973000000000003,37.065,188.16299999999998,186.39700000000002,64.8,55.0,29.5,100.7,68.3,87.5,95.0,86.915,94.5,91.047,94.2,19.113,5,5,5,40.916
7.33,4,31.005,34.852,29.750999999999998,37.867,187.87,186.11,64.8,55.0,29.5,100.7,68.3,87.5,95.0,86.908,94.5,91.027,94.2,19.225,5,5,5,40.866
7.35,4,31.011,34.427,29.840999999999998,32.994,187.588,185.86700000000002,64.8,55.0,29.5,100.7,68.3,87.5,95.0,86.905,94.5,91.015,94.2,19.127000000000002,5,5,5,40.845
7.37,4,31.468000000000004,34.869,29.548000000000002,39.097,187.34,185.636,64.8,55.0,29.5,100.7,68.3,87.5,95.0,86.903,94.5,91.008,94.2,18.897,5,5,5,40.914
7.39,4,30.787,34.883,29.389,33.998000000000005,187.12599999999998,185.38299999999998,64.8,55.0,29.5,100.7,68.3,87.5,95.0,86.902,94.5,91.005,94.2,19.23,5,5,5,40.868
7.41,4,30.858,34.254999999999995,29.171999999999997,40.085,186.822,185.13,64.8,55.0,29.5,100.7,68.3,87.5,95.0,86.90100000000001,94.5,91.003,94.2,19.14,5,5,5,40.849000000000004
7.43,4,31.118000000000002,34.329,28.961,38.211,186.585,184.899,64.8,55.0,29.5,100.7,68.3,87.5,95.0,86.9,94.5,91.001,94.2,19.093,5,5,5,40.738
7.45,4,30.485,34.348,28.936999999999998,41.599000000000004,186.326,184.668,64.8,55.0,29.5,100.7,68.3,87.5,95.0,86.9,94.5,91.001,94.2,19.148,5,5,5,40.644000000000005
7.47,4,30.268,34.503,28.709,41.400999999999996,186.12400000000002,184.437,64.8,55.0,29.5,100.7,68.3,87.5,95.0,86.9,94.5,91.0,94.2,18.976,5,5,5,40.512
7.49,4,30.662,34.016999999999996,27.674,43.719,185.82,184.217,64.8,55.0,29.5,100.7,68.3,87.5,95.0,86.9,94.5,91.0,94.2,19.2,5,5,5,40.409000000000006
7.51,4,30.721,34.483000000000004,28.288,39.338,185.572,184.019,64.8,55.0,29.5,100.7,68.3,87.5,95.0,86.9,94.5,91.0,94.2,18.814,5,5,5,40.235
7.53,4,30.618000000000002,34.525,28.647,41.418,185.33599999999998,183.799,64.8,55.0,29.5,100.7,68.3,87.5,95.0,86.9,94.5,91.0,94.2,18.925,5,5,5,40.266
7.55,4,30.549,34.357,28.820999999999998,37.731,185.1,183.602,64.8,55.0,29.5,100.7,68.3,87.5,95.0,86.9,94.5,91.0,94.2,19.634,5,5,5,40.32
7.57,4,30.28,34.045,28.213,39.893,184.852,183.382,64.8,55.0,29.5,100.7,68.3,87.5,95.0,86.9,94.5,91.0,94.2,19.326,5,5,5,40.482
7.59,4,30.191,33.822,28.754,39.441,184.61599999999999,183.18400000000003,64.8,55.0,29.5,100.7,68.3,87.5,95.0,86.9,94.5,91.0,94.2,19.319000000000003,5,5,5,40.510999999999996
7.61,4,30.351,34.223,28.854,40.561,184.392,182.976,64.8,55.0,29.5,100.7,68.3,87.5,95.0,86.9,94.5,91.0,94.2,19.404000000000003,5,5,5,40.512
7.63,4,30.974,34.57,28.61,41.673,184.22299999999998,182.778,64.8,55.0,29.5,100.7,68.3,87.5,95.0,86.9,94.5,91.0,94.2,19.497999999999998,5,5,5,40.432
7.65,4,30.998,33.974000000000004,28.384,42.663000000000004,183.942,182.55900000000003,64.8,55.0,29.5,100.7,68.3,87.5,95.0,86.9,94.5,91.0,94.2,19.578,5,5,5,40.353
7.67,4,30.776,34.215,28.516,43.736999999999995,183.695,182.362,64.8,55.0,29.5,100.7,68.3,87.5,95.0,86.9,94.5,91.0,94.2,19.484,5,5,5,40.233000000000004
7.69,4,30.706,34.191,27.933000000000003,44.928000000000004,183.482,182.16400000000002,64.8,55.0,29.5,100.7,68.3,87.5,95.0,86.9,94.5,91.0,94.2,19.409,5,5,5,40.119
7.71,4,30.295,34.391999999999996,28.326,45.965,183.27900000000002,181.97799999999998,64.8,55.0,29.5,100.7,68.3,87.5,95.0,86.9,94.5,91.0,94.2,19.500999999999998,5,5,5,39.994
7.73,4,30.666999999999998,34.523,28.375,40.618,183.032,181.748,64.8,55.0,29.5,100.7,68.3,87.5,95.0,86.9,94.5,91.0,94.2,19.442999999999998,5,5,5,39.9
7.75,4,30.936,34.971999999999994,28.91,45.955999999999996,182.797,181.59400000000002,64.8,55.0,29.5,100.7,68.3,87.5,95.0,86.9,94.5,91.0,94.2,19.317,5,5,5,39.946
7.77,4,30.697,35.424,29.035,40.588,182.628,181.419,64.8,55.0,29.5,100.7,68.3,87.5,95.0,86.9,94.431,91.0,94.2,19.511,5,5,5,39.962
7.79,4,30.293000000000003,34.789,29.122,46.675,182.38099999999997,181.24400000000003,64.8,55.0,29.5,100.7,68.3,87.5,95.0,86.9,94.374,91.0,94.2,19.561,5,5,5,40.083
7.81,4,30.645,34.743,28.566999999999997,42.005,182.19099999999997,181.06900000000002,64.8,55.0,29.5,100.7,68.3,87.5,95.0,86.9,94.342,91.0,94.2,19.511,5,5,5,40.045
7.83,4,30.473000000000003,35.206999999999994,28.961,42.306,181.977,180.872,64.8,55.0,29.5,100.7,68.3,87.5,95.0,86.9,94.32300000000001,91.0,94.2,19.413,5,5,5,40.004000000000005
7.85,4,30.5,35.379000000000005,28.886,42.852,181.798,180.68599999999998,64.8,55.0,29.5,100.7,68.3,87.5,95.0,86.9,94.313,91.0,94.2,19.517000000000003,5,5,5,39.999
7.87,4,31.066999999999997,35.221999999999994,28.898000000000003,43.025,181.57299999999998,180.47799999999998,64.8,55.0,29.5,100.7,68.3,87.5,95.0,86.9,94.307,91.0,94.2,19.52,5,5,5,39.977
7.89,4,30.717,35.388000000000005,29.803,45.133,181.34900000000002,180.292,64.8,55.0,29.5,100.7,68.3,87.5,95.0,86.9,94.304,91.0,94.2,19.496,5,5,5,39.905
7.91,4,31.343000000000004,35.167,29.471999999999998,45.521,181.125,180.11700000000002,64.8,55.0,29.5,100.7,68.3,87.5,95.0,86.9,94.30199999999999,91.0,94.2,19.592,5,5,5,39.805
7.93,4,30.759,35.421,30.348000000000003,46.143,180.957,179.953,64.8,55.0,29.5,100.7,68.3,87.5,95.0,86.9,94.301,91.0,94.2,19.630000000000003,5,5,5,39.753
7.95,4,31.179000000000002,35.778000000000006,30.308000000000003,41.527,180.766,179.734,64.8,55.0,29.5,100.7,68.3,87.5,95.0,86.9,94.301,91.0,94.2,19.43,5,5,5,39.760999999999996
7.97,4,31.203000000000003,35.718,30.487,43.361999999999995,180.542,179.592,64.8,55.0,29.6,100.7,68.2,87.5,95.0,86.9,94.3,91.0,94.2,19.419,5,5,5,39.876999999999995
7.99,4,31.559,35.507,30.699,38.221,180.351,179.395,64.8,55.0,29.6,100.7,68.2,87.5,95.0,86.9,94.3,91.0,94.2,19.45,5,5,5,39.986999999999995
8.01,4,31.127,35.97,30.285,39.64,180.149,179.24200000000002,64.8,55.0,29.6,100.7,68.2,87.5,95.0,86.9,94.3,91.0,94.2,19.497,5,5,5,40.178
8.03,4,30.781,35.952,30.906999999999996,38.277,179.959,179.013,64.8,55.0,29.6,100.7,68.2,87.5,95.0,86.9,94.3,91.0,94.2,19.282,5,5,5,40.277
8.05,4,31.153000000000002,35.993,30.616,38.330999999999996,179.735,178.827,64.8,55.0,29.6,100.7,68.2,87.5,95.0,86.9,94.3,91.0,94.2,19.537,5,5,5,40.278000000000006
8.07,4,31.326999999999998,36.283,30.313000000000002,33.418000000000006,179.56599999999997,178.674,64.8,55.0,29.6,100.7,68.2,87.5,95.0,86.9,94.3,91.0,94.2,19.394,5,5,5,40.277
8.09,4,30.980999999999998,35.372,30.429000000000002,34.727,179.387,178.47799999999998,64.8,55.0,29.6,100.7,68.2,87.5,95.0,86.9,94.3,91.0,94.2,19.573,5,5,5,40.452
8.11,4,31.500999999999998,35.701,30.230999999999998,32.302,179.141,178.27,64.8,55.0,29.6,100.7,68.2,87.5,95.0,86.9,94.3,91.0,94.2,19.557000000000002,5,5,5,40.593
8.13,4,31.488000000000003,35.945,30.28,37.476,178.928,178.041,64.8,55.0,29.6,100.7,68.2,87.5,95.0,86.9,94.3,91.0,94.2,19.474,5,5,5,40.691
8.15,4,31.201999999999998,36.241,30.296,35.45,178.782,177.888,64.8,55.0,29.6,100.7,68.2,87.5,95.0,86.9,94.3,91.0,94.2,19.544,5,5,5,40.676
8.17,4,31.096,35.71,30.043000000000003,37.379,178.513,177.659,64.8,55.0,29.6,100.7,68.2,87.5,95.0,86.9,94.3,91.0,94.2,19.641,5,5,5,40.629999999999995
8.19,4,31.359,35.428,29.886,38.14,178.334,177.463,64.8,55.0,29.6,100.7,68.2,87.5,95.0,86.9,94.3,91.0,94.2,19.633,5,5,5,40.531
8.21,4,31.011999999999997,35.102,30.101,39.56,178.121,177.299,64.8,55.0,29.6,100.7,68.2,87.5,95.0,86.9,94.3,91.0,94.2,19.625,5,5,5,40.431
8.23,4,31.699,34.845,30.397,40.446999999999996,177.93,177.092,64.8,55.0,29.6,100.7,68.2,87.5,95.0,86.9,94.3,91.0,94.2,19.796,5,5,5,40.322
8.25,4,31.471,35.182,30.164,41.611999999999995,177.70600000000002,176.885,64.8,55.0,29.6,100.7,68.2,87.5,95.0,86.9,94.3,91.0,94.2,19.595,5,5,5,40.16
8.27,4,31.018,35.394000000000005,28.795,43.431,177.516,176.732,64.8,55.0,29.6,100.7,68.2,87.5,95.0,86.9,94.3,91.0,94.2,19.586,5,5,5,40.042
8.29,4,30.926,35.361999999999995,29.666999999999998,44.202,177.325,176.547,64.8,55.0,29.6,100.7,68.2,87.5,95.0,86.9,94.3,91.0,94.2,19.564,5,5,5,39.894999999999996
8.31,4,31.156999999999996,35.111999999999995,29.839000000000002,45.854,177.157,176.394,64.8,55.0,29.6,100.7,68.2,87.5,95.0,86.9,94.3,91.0,94.2,19.649,5,5,5,39.741
8.33,4,30.836,35.295,29.805999999999997,45.7,176.933,176.22,64.8,55.0,29.6,100.7,68.2,87.5,95.0,86.9,94.3,91.0,94.2,19.593,5,5,5,39.65
8.35,4,30.875,35.271,30.2,43.094,176.687,176.078,64.8,55.0,29.6,100.7,68.2,87.5,95.0,86.9,94.3,91.0,94.2,19.448,5,5,5,39.585
8.37,4,31.173000000000002,35.108000000000004,30.228,42.611,176.496,175.904,64.8,55.0,29.6,100.7,68.2,87.5,95.0,86.9,94.3,91.0,94.2,19.689,5,5,5,39.658
8.39,4,30.976,35.391999999999996,30.311999999999998,40.34,176.351,175.72899999999998,64.8,55.0,29.6,100.7,68.2,87.5,95.0,86.9,94.3,91.0,94.2,19.646,5,5,5,39.751
8.41,4,30.74,35.069,30.404,40.128,176.115,175.54399999999998,64.8,55.0,29.6,100.7,68.2,87.5,95.0,86.9,94.3,91.0,94.2,19.59,5,5,5,39.857
8.43,4,31.27,35.693,30.601999999999997,42.117,175.981,175.41299999999998,64.8,55.0,29.6,100.7,68.2,87.5,95.0,86.9,94.3,91.0,94.2,19.525,5,5,5,39.944
8.45,4,30.81,35.870999999999995,30.605999999999998,41.298,175.82399999999998,175.25,64.8,55.0,29.6,100.7,68.2,87.5,95.0,86.9,94.3,91.0,94.2,19.609,5,5,5,39.902
8.47,4,31.355,35.400999999999996,30.274,43.503,175.645,175.076,64.8,55.0,29.6,100.7,68.2,87.5,95.0,86.9,94.3,91.0,94.2,19.517000000000003,5,5,5,39.833
8.49,4,30.676,35.546,30.694000000000003,43.6,175.421,174.923,64.8,55.0,29.6,100.7,68.2,87.5,95.0,86.9,94.3,91.0,94.2,19.456,5,5,5,39.75
8.51,4,30.719,35.782,30.795,45.159,175.241,174.782,64.8,55.0,29.6,100.7,68.2,87.5,95.0,86.9,94.3,91.0,94.2,19.490000000000002,5,5,5,39.681
8.53,4,30.024,36.06,31.685,46.148999999999994,175.07299999999998,174.585,64.8,55.0,29.6,100.7,68.2,87.5,95.0,86.9,94.3,91.0,94.2,19.485999999999997,5,5,5,39.588
8.55,4,30.967,35.114999999999995,31.502,47.532,174.88299999999998,174.433,64.8,55.0,29.6,100.7,68.2,87.5,95.0,86.9,94.3,91.0,94.2,20.218,5,5,5,39.462
8.57,4,31.205,35.203,31.566999999999997,47.993,174.715,174.27,64.8,55.0,29.6,100.7,68.2,87.5,95.0,86.9,94.3,91.0,94.2,20.176,5,5,5,39.372
8.59,4,31.17,36.012,32.062,48.92,174.58,174.172,64.8,55.0,29.6,100.7,68.2,87.5,95.0,86.9,94.3,91.0,94.2,20.326,5,5,5,39.285
8.61,4,31.250999999999998,35.649,32.004999999999995,49.026,174.345,173.94299999999998,64.8,55.0,29.6,100.7,68.2,87.5,95.0,86.9,94.3,91.0,94.2,19.999000000000002,5,5,5,39.2
8.63,4,31.287,36.528999999999996,32.17,45.787,174.17700000000002,173.812,64.8,55.0,29.6,100.7,68.2,87.5,95.0,86.9,94.3,91.0,94.2,20.171,5,5,5,39.109
8.65,4,31.398000000000003,36.706999999999994,32.335,45.921,173.975,173.68200000000002,64.8,55.0,29.6,100.7,68.2,87.5,95.0,86.9,94.3,91.0,94.2,20.177,5,5,5,39.114000000000004
8.67,4,31.011,36.463,32.791,44.001999999999995,173.795,173.54,64.8,55.0,29.6,100.7,68.2,87.5,95.0,86.9,94.3,91.0,94.2,20.174,5,5,5,39.196
8.69,4,31.349,36.573,32.675,40.185,173.638,173.388,64.8,55.0,29.6,100.7,68.2,87.5,95.0,86.9,94.3,91.0,94.2,20.225,5,5,5,39.245999999999995
8.71,4,31.814,36.409000000000006,32.845,40.023,173.493,173.257,64.8,55.0,29.6,100.7,68.2,87.5,95.0,86.9,94.3,91.0,94.2,20.192,5,5,5,39.402
8.73,4,31.655,36.303,32.939,37.141,173.30200000000002,173.083,64.8,55.0,29.6,100.7,68.2,87.5,95.0,86.9,94.3,91.0,94.2,20.250999999999998,5,5,5,39.578
8.75,4,31.659000000000002,37.007,33.045,36.804,173.145,172.942,64.8,55.0,29.6,100.7,68.2,87.5,95.0,86.9,94.3,91.0,94.2,20.087,5,5,5,39.759
8.77,4,31.701999999999998,37.404,32.81699999999999,35.282,172.954,172.746,64.8,55.0,29.6,100.7,68.2,87.5,95.0,86.9,94.3,91.0,94.2,20.387999999999998,5,5,5,39.912
8.79,4,31.498,37.054,33.148,34.562,172.797,172.572,64.8,55.0,29.6,100.7,68.2,87.5,95.0,86.9,94.3,91.0,94.2,20.275,5,5,5,40.073
8.81,4,31.545,37.045,32.748000000000005,35.887,172.506,172.387,64.8,55.0,29.6,100.7,68.2,87.5,95.0,86.9,94.3,91.0,94.2,20.125999999999998,5,5,5,40.259
8.83,4,31.889,36.918000000000006,32.629000000000005,35.531,172.438,172.224,64.8,55.0,29.6,100.7,68.2,87.5,95.0,86.9,94.3,91.0,94.2,20.337,5,5,5,40.284000000000006
8.85,4,31.805,36.274,32.648,36.126999999999995,172.281,172.071,64.8,55.0,29.6,100.7,68.2,87.5,95.0,86.9,94.3,91.0,94.2,20.033,5,5,5,40.289
8.87,4,31.725,36.84,32.569,35.61,172.14700000000002,171.875,64.8,55.0,29.6,100.7,68.2,87.5,95.0,86.9,94.3,91.0,94.2,20.266,5,5,5,40.199
8.89,4,31.677,36.128,32.228,37.354,171.844,171.69,64.8,55.0,29.6,100.7,68.2,87.5,95.0,86.9,94.3,91.0,94.2,20.124000000000002,5,5,5,40.198
8.91,4,31.956,36.602,32.141999999999996,32.504000000000005,171.731,171.53799999999998,64.8,55.0,29.6,100.7,68.2,87.5,95.0,86.9,94.3,91.0,94.2,20.064999999999998,5,5,5,40.259
8.93,4,31.646,36.56,31.903000000000002,33.417,171.586,171.364,64.8,55.0,29.6,100.7,68.2,87.5,95.0,86.9,94.3,91.0,94.2,20.32,5,5,5,40.384
8.95,4,31.831,36.408,31.711,31.147,171.339,171.179,64.8,55.0,29.6,100.7,68.2,87.5,95.0,86.9,94.3,91.0,94.2,20.274,5,5,5,40.509
8.97,4,31.743000000000002,36.153000000000006,31.733,32.153000000000006,171.181,171.02700000000002,64.8,55.0,29.6,100.7,68.2,87.5,95.0,86.9,94.3,91.0,94.2,20.118000000000002,5,5,5,40.682
8.99,4,31.34,36.259,31.615,28.031999999999996,171.002,170.842,64.8,55.0,29.6,100.7,68.2,87.5,95.0,86.9,94.3,91.0,94.2,20.165999999999997,5,5,5,40.812
9.01,4,31.377,35.789,31.154,31.228,170.856,170.64600000000002,64.8,55.0,29.6,100.7,68.2,87.5,95.0,86.9,94.3,91.0,94.2,20.239,5,5,5,40.965
9.03,4,31.485,35.816,30.964000000000002,30.505,170.654,170.461,64.8,55.0,29.6,100.7,68.2,87.5,95.0,86.9,94.3,91.0,94.2,20.110999999999997,5,5,5,41.05
9.05,4,31.638,35.374,30.546,31.914,170.474,170.32,64.8,55.0,29.6,100.7,68.2,87.5,95.0,86.9,94.3,91.0,94.2,20.152,5,5,5,41.004000000000005
9.07,4,31.396,35.293000000000006,30.463,31.676,170.305,170.113,64.8,55.0,29.6,100.7,68.2,87.5,95.0,86.9,94.3,91.0,94.2,20.58,5,5,5,40.93300000000001
9.09,4,31.259,35.675,30.283,26.594,170.125,169.928,64.8,55.0,29.6,100.7,68.2,87.5,95.0,86.9,94.3,91.0,94.2,20.363,5,5,5,40.888999999999996
9.11,4,31.648000000000003,35.361000000000004,29.86,29.258000000000003,169.912,169.765,64.8,55.0,29.6,100.7,68.2,87.5,95.0,86.9,94.3,91.0,94.2,20.415,5,5,5,40.989999999999995
9.13,4,31.005,35.355999999999995,29.745,30.891,169.743,169.558,64.8,55.0,29.6,100.7,68.2,87.5,95.0,86.9,94.3,91.0,94.2,20.622,5,5,5,41.072
9.15,4,31.019000000000002,34.855999999999995,29.432,28.988000000000003,169.563,169.395,64.8,55.0,29.6,100.7,68.2,87.5,95.0,86.9,94.3,91.0,94.2,20.336,5,5,5,41.039
9.17,4,30.918000000000003,34.388000000000005,28.203000000000003,35.383,169.428,169.221,64.8,55.0,29.6,100.7,68.2,87.5,95.0,86.9,94.3,91.0,94.2,20.106,5,5,5,40.979
9.19,4,31.064,34.549,28.230999999999998,29.398000000000003,169.17,169.047,64.8,55.0,29.6,100.7,68.2,87.5,95.0,86.9,94.3,91.0,94.2,20.348,5,5,5,40.854
9.21,4,30.516,34.1,28.561999999999998,32.811,169.001,168.895,64.8,55.0,29.6,100.7,68.2,87.5,95.0,86.9,94.3,91.0,94.2,20.17,5,5,5,40.867
9.23,4,30.311,34.101,27.948,27.629,168.877,168.731,64.8,55.0,29.6,100.7,68.2,87.5,95.0,86.9,94.3,91.0,94.2,20.351,5,5,5,40.898
9.25,4,30.101999999999997,34.004999999999995,27.991,30.820999999999998,168.674,168.579,64.8,55.0,29.6,100.7,68.2,87.5,95.0,86.9,94.3,91.0,94.2,20.143,5,5,5,41.0
9.27,4,30.27,34.034000000000006,27.773000000000003,26.8,168.528,168.394,64.8,55.0,29.6,100.7,68.2,87.5,95.0,86.9,94.3,91.0,94.2,20.444000000000003,5,5,5,41.1
9.29,4,30.456,33.337,27.725,32.126,168.314,168.19799999999998,64.8,55.0,29.6,100.7,68.2,87.5,95.0,86.9,94.3,91.0,94.2,20.08,5,5,5,41.165
9.31,4,30.421999999999997,33.471000000000004,27.596,29.574,168.145,168.06799999999998,64.8,55.0,29.6,100.7,68.2,87.5,95.0,86.9,94.3,91.0,94.2,20.284,5,5,5,41.123000000000005
9.33,4,29.843000000000004,32.997,27.605999999999998,34.311,167.965,167.904,64.8,55.0,29.6,100.7,68.2,87.5,95.0,86.9,94.3,91.0,94.2,20.576999999999998,5,5,5,40.993
9.35,4,30.0,33.046,27.410999999999998,33.724000000000004,167.785,167.763,64.8,55.0,29.6,100.7,68.2,87.5,95.0,86.9,94.3,91.0,94.2,20.426,5,5,5,40.846000000000004
9.37,4,29.81,33.251999999999995,27.436,36.973,167.571,167.621,64.8,55.0,29.6,100.7,68.2,87.5,95.0,86.9,94.3,91.0,94.2,20.442,5,5,5,40.719
9.39,4,29.465999999999998,33.168000000000006,27.351,37.884,167.435,167.447,64.8,55.0,29.6,100.7,68.2,87.5,95.0,86.9,94.3,91.0,94.2,20.433,5,5,5,40.518
9.41,4,29.654,32.885000000000005,27.456999999999997,40.025999999999996,167.255,167.317,64.8,55.0,29.6,100.7,68.2,87.5,95.0,86.9,94.3,91.0,94.2,20.456,5,5,5,40.319
9.43,4,29.485,33.126999999999995,27.375999999999998,40.885999999999996,167.086,167.186,64.8,55.0,29.6,100.7,68.2,87.5,95.0,86.9,94.3,91.0,94.2,20.628,5,5,5,40.073
9.45,4,29.254,33.301,27.502,42.974000000000004,166.905,166.957,64.8,55.0,29.6,100.7,68.2,87.5,95.0,86.9,94.3,91.0,94.2,20.754,5,5,5,39.852
9.47,4,28.869,33.042,27.829,44.639,166.736,166.881,64.8,55.0,29.6,100.7,68.2,87.5,95.0,86.9,94.3,91.0,94.2,20.427,5,5,5,39.665
9.49,4,28.697,33.376,27.714000000000002,45.825,166.589,166.827,64.8,55.0,29.6,100.7,68.2,87.5,95.0,86.9,94.3,91.0,94.2,20.387,5,5,5,39.394000000000005
9.51,4,29.264,33.429,27.945999999999998,47.309,166.408,166.65200000000002,64.8,55.0,29.6,100.7,68.2,87.5,95.0,86.9,94.3,91.0,94.2,20.67,5,5,5,39.202
9.53,4,28.594,33.643,28.241,49.483000000000004,166.284,166.565,64.8,55.0,29.6,100.7,68.2,87.5,95.0,86.9,94.3,91.0,94.2,20.131999999999998,5,5,5,38.988
9.55,4,28.77,33.528999999999996,28.754,51.911,166.115,166.5,64.8,55.0,29.6,100.7,68.2,87.5,95.0,86.9,94.3,91.0,94.2,19.583,5,5,5,38.81699999999999
9.57,4,28.561999999999998,34.18,29.025,53.963,165.957,166.358,64.8,55.0,29.6,100.7,68.2,87.5,95.0,86.9,94.3,91.0,94.2,19.82,5,5,5,38.669
9.59,4,28.808000000000003,34.55800000000001,29.515,55.106,165.821,166.315,64.8,55.0,29.6,100.7,68.2,87.5,95.0,86.9,94.3,91.0,94.2,19.674,5,5,5,38.464
9.61,4,29.233,34.618,29.788,55.747,165.685,166.22799999999998,64.8,55.0,29.6,100.7,68.2,87.5,95.0,86.9,94.3,91.0,94.2,19.491,5,5,5,38.278000000000006
9.63,4,29.016,35.269000000000005,30.293000000000003,56.104,165.561,166.151,64.8,55.0,29.6,100.7,68.2,87.5,95.0,86.9,94.3,91.0,94.2,19.372999999999998,5,5,5,38.129999999999995
9.65,4,29.198,36.108000000000004,31.05,56.494,165.403,166.086,64.8,55.0,29.6,100.7,68.2,87.5,95.0,86.9,94.3,91.0,94.2,19.512999999999998,5,5,5,37.961
9.67,4,29.488000000000003,36.661,31.555,56.37,165.29,165.988,64.8,55.0,29.6,100.7,68.2,87.5,95.0,86.9,94.3,91.0,94.2,19.532,5,5,5,37.794
9.69,4,29.559,36.568,32.353,56.909,165.19899999999998,165.933,64.8,55.0,29.6,100.7,68.2,87.5,95.0,86.9,94.3,91.0,94.2,19.433,5,5,5,37.652
9.71,4,29.522,37.603,33.102,57.325,165.041,165.879,64.8,55.0,29.6,100.7,68.2,87.5,95.0,86.9,94.3,91.0,94.2,19.575,5,5,5,37.543000000000006
9.73,4,29.816999999999997,38.699,33.539,56.606,164.916,165.792,64.8,55.0,29.6,100.7,68.2,87.5,95.0,86.9,94.3,91.0,94.2,19.497999999999998,5,5,5,37.402
9.75,4,29.948,39.618,34.565,57.985,164.803,165.716,64.8,55.0,29.6,100.7,68.2,87.5,95.0,86.9,94.3,91.0,94.2,19.500999999999998,5,5,5,37.334
9.77,4,30.465,39.713,35.78,57.787,164.678,165.639,64.8,55.0,29.6,100.7,68.2,87.5,95.0,86.9,94.3,91.0,94.2,19.447000000000003,5,5,5,37.227
9.79,4,30.787,40.976,36.623000000000005,58.528999999999996,164.565,165.509,64.8,55.0,29.6,100.7,68.2,87.5,95.0,86.9,94.3,91.0,94.2,19.532,5,5,5,37.153999999999996
9.81,4,30.943,41.715,37.297,57.931999999999995,164.452,165.465,64.8,55.0,29.6,100.7,68.2,87.5,95.0,86.9,94.3,91.0,94.2,19.539,5,5,5,37.125
9.83,4,31.453000000000003,42.385,38.102,58.08,164.316,165.30100000000002,64.8,55.0,29.6,100.7,68.2,87.5,95.0,86.9,94.3,91.0,94.2,19.538,5,5,5,37.113
9.85,4,32.339,42.798,38.884,58.001999999999995,164.202,165.192,64.8,55.0,29.6,100.7,68.2,87.5,95.0,86.9,94.3,91.0,94.2,19.552999999999997,5,5,5,37.045
9.87,4,32.803,43.879,39.416,56.55,164.055,165.094,64.8,55.0,29.6,100.7,68.2,87.5,95.0,86.9,94.3,91.0,94.2,19.462,5,5,5,37.001
9.89,4,32.85,44.037,39.846,52.68600000000001,163.976,164.985,64.8,55.0,29.6,100.7,68.2,87.5,95.0,86.9,94.3,91.08800000000001,94.2,19.478,5,5,5,37.032
9.91,4,33.919,44.363,40.409,52.975,163.851,164.887,64.8,55.0,29.6,100.7,68.2,87.5,95.0,86.9,94.3,91.137,94.2,19.457,5,5,5,37.18
9.93,4,33.735,44.779,40.675,49.066,163.749,164.724,64.8,55.0,29.6,100.7,68.2,87.5,95.0,86.9,94.3,91.164,94.2,19.561,5,5,5,37.339
9.95,4,34.538,45.805,40.571999999999996,51.211999999999996,163.613,164.582,64.8,55.0,29.6,100.7,68.2,87.5,95.0,86.9,94.388,91.18,94.2,19.536,5,5,5,37.525
9.97,4,34.909000000000006,45.475,40.973,50.075,163.465,164.47299999999998,64.9,55.0,29.6,100.8,68.1,87.5,95.0,86.9,94.437,91.189,94.2,19.378,5,5,5,37.573
9.99,4,35.263000000000005,45.580999999999996,41.205999999999996,50.247,163.374,164.35299999999998,64.9,55.0,29.6,100.8,68.1,87.5,95.0,86.9,94.464,91.194,94.2,19.422,5,5,5,37.575
10.01,4,35.157,46.218999999999994,40.985,50.15,163.249,164.189,64.9,55.0,29.6,100.8,68.1,87.5,95.0,86.9,94.48,91.196,94.2,19.447000000000003,5,5,5,37.579
10.03,4,35.533,46.32899999999999,40.82,51.364,163.113,164.058,64.9,55.0,29.6,100.8,68.1,87.5,95.0,86.9,94.48899999999999,91.19800000000001,94.2,19.545,5,5,5,37.571
10.05,4,35.611000000000004,46.111999999999995,40.621,51.17,162.954,163.938,64.9,55.0,29.6,100.8,68.1,87.5,95.0,86.9,94.494,91.199,94.2,19.344,5,5,5,37.564
10.07,4,36.638000000000005,46.683,40.957,50.457,162.851,163.775,64.9,55.0,29.6,100.8,68.1,87.5,95.0,86.9,94.49600000000001,91.199,94.2,19.437,5,5,5,37.54
10.09,4,36.414,45.857,41.061,49.692,162.681,163.63299999999998,64.9,55.0,29.6,100.8,68.1,87.5,95.0,86.9,94.498,91.2,94.2,19.43,5,5,5,37.535
10.11,4,36.488,46.629,41.346,43.366,162.579,163.48,64.9,55.0,29.6,100.8,68.1,87.5,95.0,86.9,94.499,91.2,94.2,19.881,5,5,5,37.603
10.13,4,36.706999999999994,46.118,41.385,46.817,162.39600000000002,163.327,64.9,55.0,29.6,100.8,68.1,87.5,95.0,86.9,94.499,91.2,94.2,19.754,5,5,5,37.846999999999994
10.15,4,37.538000000000004,46.604,41.535,43.265,162.283,163.196,64.9,55.0,29.6,100.8,68.1,87.5,95.0,86.9,94.5,91.2,94.2,19.711,5,5,5,37.969
10.17,4,37.245,46.534,41.618,48.312,162.112,163.01,64.9,55.0,29.6,100.8,68.1,87.5,95.0,86.9,94.5,91.2,94.2,19.607999999999997,5,5,5,38.105000000000004
10.19,4,37.815,46.18899999999999,41.529,44.891,161.987,162.89,64.9,55.0,29.6,100.8,68.1,87.5,95.0,86.9,94.5,91.2,94.2,19.662,5,5,5,38.06
10.21,4,37.684,46.208,41.505,47.994,161.838,162.77,64.9,55.0,29.6,100.8,68.1,87.5,95.0,86.9,94.5,91.2,94.2,19.914,5,5,5,38.042
10.23,4,37.903,45.808,41.535,45.609,161.838,162.606,64.9,55.0,29.6,100.8,68.1,87.5,95.069,86.9,94.5,91.2,94.2,19.905,5,5,5,38.05
10.25,4,37.431999999999995,45.922,41.393,47.551,161.553,162.431,64.9,55.0,29.6,100.8,68.1,87.5,95.126,86.9,94.5,91.2,94.2,19.894,5,5,5,38.065
10.27,4,37.888000000000005,46.423,41.568000000000005,43.946999999999996,161.394,162.289,64.9,55.0,29.6,100.8,68.1,87.5,95.158,86.9,94.5,91.2,94.2,20.197000000000003,5,5,5,38.039
10.29,4,37.971,45.568000000000005,41.204,42.359,161.257,162.14700000000002,64.9,55.0,29.6,100.8,68.1,87.5,95.17699999999999,86.9,94.5,91.2,94.2,19.6,5,5,5,38.049
10.31,4,38.351,46.01,41.44,39.179,161.07399999999998,162.02700000000002,64.9,55.0,29.6,100.8,68.1,87.5,95.187,86.9,94.5,91.2,94.2,19.301,5,5,5,38.201
10.33,4,37.847,46.011,41.194,41.253,160.971,161.874,64.9,55.0,29.6,100.8,68.1,87.5,95.193,86.9,94.5,91.2,94.2,19.481,5,5,5,38.379000000000005
10.35,4,37.891,45.691,41.193000000000005,38.027,160.82299999999998,161.71,64.9,55.0,29.6,100.8,68.1,87.5,95.196,86.9,94.5,91.2,94.2,19.48,5,5,5,38.521
10.37,4,38.035,45.816,41.038000000000004,38.12,160.686,161.545,64.9,55.0,29.6,100.8,68.1,87.5,95.19800000000001,86.9,94.5,91.2,94.2,19.329,5,5,5,38.719
10.39,4,38.733000000000004,46.177,40.62,38.626,160.457,161.316,64.9,55.0,29.6,100.8,68.1,87.5,95.199,86.9,94.5,91.2,94.2,19.339,5,5,5,38.866
10.41,4,38.075,46.104,40.759,38.749,160.377,161.239,64.9,55.0,29.6,100.8,68.1,87.5,95.199,86.9,94.5,91.2,94.2,19.354,5,5,5,38.909000000000006
10.43,4,38.104,45.864000000000004,40.628,40.428000000000004,160.217,161.108,64.9,55.0,29.6,100.8,68.1,87.5,95.2,86.9,94.5,91.2,94.2,19.375999999999998,5,5,5,38.852
10.45,4,37.74,45.284,40.429,37.626,160.08,160.954,64.9,55.0,29.6,100.8,68.1,87.5,95.2,86.9,94.5,91.2,94.2,19.461,5,5,5,38.801
10.47,4,38.368,45.580999999999996,40.075,43.134,159.91899999999998,160.812,64.9,55.0,29.6,100.8,68.1,87.5,95.2,86.9,94.5,91.2,94.2,19.456,5,5,5,38.838
10.49,4,38.56,45.146,39.61,40.936,159.793,160.626,64.9,55.0,29.6,100.8,68.1,87.5,95.2,86.9,94.5,91.2,94.2,19.409,5,5,5,38.777
10.51,4,38.663000000000004,44.919000000000004,39.7,43.905,159.656,160.549,64.9,55.0,29.6,100.8,68.1,87.5,95.2,86.9,94.5,91.2,94.2,19.796,5,5,5,38.693
10.53,4,38.078,44.482,39.544000000000004,43.425,159.495,160.374,64.9,55.0,29.6,100.8,68.1,87.5,95.2,86.9,94.5,91.2,94.2,19.833,5,5,5,38.619
10.55,4,38.111999999999995,44.454,39.339,43.671,159.346,160.19799999999998,64.9,55.0,29.6,100.8,68.1,87.5,95.2,86.9,94.5,91.2,94.2,19.484,5,5,5,38.492
10.57,4,37.916,44.575,39.385,45.025,159.231,160.089,64.9,55.0,29.6,100.8,68.1,87.5,95.2,86.9,94.5,91.2,94.2,19.649,5,5,5,38.407
10.59,4,38.179,44.409,39.165,42.05,159.025,159.968,64.9,55.0,29.6,100.8,68.1,87.5,95.2,86.9,94.5,91.2,94.2,19.156,5,5,5,38.28
10.61,4,38.047,44.24,39.28,44.599000000000004,158.898,159.792,64.9,55.0,29.6,100.8,68.1,87.5,95.2,86.9,94.5,91.2,94.2,19.215,5,5,5,38.294
10.63,4,37.830999999999996,44.111,39.266,42.461999999999996,158.761,159.705,64.9,55.0,29.6,100.8,68.1,87.5,95.2,86.9,94.5,91.2,94.2,19.414,5,5,5,38.294
10.65,4,37.741,43.671,39.333,48.79600000000001,158.623,159.54,64.9,55.0,29.6,100.8,68.1,87.5,95.2,86.9,94.5,91.2,94.2,19.33,5,5,5,38.259
10.67,4,38.134,43.921,38.945,47.05,158.46200000000002,159.452,64.9,55.0,29.6,100.8,68.1,87.5,95.2,86.9,94.5,91.2,94.2,19.262999999999998,5,5,5,38.153999999999996
10.69,4,37.805,44.058,39.131,49.292,158.30100000000002,159.276,64.9,55.0,29.6,100.8,68.1,87.5,95.2,86.9,94.5,91.2,94.2,19.27,5,5,5,38.047
10.71,4,38.007,44.103,39.05,48.625,158.185,159.145,64.9,55.0,29.6,100.8,68.1,87.5,95.2,86.9,94.5,91.2,94.2,19.429000000000002,5,5,5,37.96
10.73,4,37.578,44.065,39.214,49.91,158.024,159.046,64.9,55.0,29.6,100.8,68.1,87.5,95.2,86.9,94.5,91.2,94.2,19.359,5,5,5,37.891
10.75,4,37.629,44.548,39.336,49.888000000000005,157.909,158.892,64.9,55.0,29.6,100.8,68.1,87.5,95.2,86.9,94.5,91.2,94.2,19.425,5,5,5,37.756
10.77,4,37.815,43.669000000000004,39.073,50.508,157.736,158.782,64.9,55.0,29.6,100.8,68.1,87.5,95.2,86.9,94.5,91.2,94.2,19.531,5,5,5,37.647
10.79,4,38.056,44.018,39.193000000000005,48.426,157.586,158.584,64.9,55.0,29.6,100.8,68.1,87.5,95.2,86.9,94.5,91.2,94.2,19.295,5,5,5,37.603
10.81,4,37.172,44.203,39.195,46.691,157.459,158.507,64.9,55.0,29.6,100.8,68.1,87.5,95.2,86.9,94.5,91.2,94.2,19.339,5,5,5,37.605000000000004
10.83,4,37.609,43.876,39.466,47.461000000000006,157.298,158.408,64.9,55.0,29.6,100.8,68.1,87.5,95.2,86.95,94.5,91.2,94.2,19.214,5,5,5,37.703
10.85,4,37.402,44.159,39.521,43.633,157.136,158.276,64.9,55.0,29.6,100.8,68.1,87.5,95.2,87.016,94.5,91.2,94.2,19.463,5,5,5,37.870999999999995
10.87,4,37.754,44.268,39.433,42.94,157.009,158.144,64.9,55.0,29.6,100.8,68.1,87.5,95.2,87.053,94.5,91.2,94.2,19.417,5,5,5,38.047
10.89,4,37.626,43.618,39.508,41.179,156.893,158.023,64.9,55.0,29.6,100.8,68.1,87.5,95.2,87.07300000000001,94.5,91.2,94.2,19.357,5,5,5,38.218
10.91,4,37.407,44.468,39.68,41.17,156.77700000000002,157.869,64.9,55.0,29.6,100.8,68.1,87.5,95.2,87.085,94.5,91.2,94.2,19.293,5,5,5,38.379000000000005
10.93,4,37.622,44.047,39.457,39.477,156.569,157.759,64.9,55.0,29.6,100.8,68.1,87.5,95.2,87.092,94.5,91.2,94.2,19.296,5,5,5,38.474000000000004
10.95,4,37.766999999999996,43.77,39.48,35.89,156.477,157.627,64.9,55.0,29.6,100.8,68.1,87.5,95.2,87.095,94.5,91.2,94.2,19.423000000000002,5,5,5,38.56699999999999
10.97,4,37.574,43.794000000000004,39.49,37.749,156.372,157.483,64.9,55.0,29.6,100.8,68.1,87.5,95.2,87.097,94.5,91.2,94.2,19.357999999999997,5,5,5,38.781
10.99,4,37.85,44.803000000000004,39.484,34.870000000000005,156.21,157.384,64.9,55.0,29.6,100.8,68.1,87.5,95.2,87.098,94.5,91.2,94.2,19.425,5,5,5,38.943
11.01,4,37.74,44.056999999999995,39.14,34.932,156.094,157.186,64.9,55.0,29.6,100.8,68.1,87.5,95.2,87.09899999999999,94.5,91.2,94.2,19.411,5,5,5,39.1
11.03,4,37.784,44.291,38.953,32.039,155.955,157.08700000000002,64.9,55.0,29.6,100.8,68.1,87.5,95.2,87.1,94.5,91.2,94.2,19.451,5,5,5,39.247
11.05,4,37.44,43.865,38.85,32.089,155.792,156.921,64.9,55.0,29.6,100.8,68.1,87.5,95.2,87.1,94.5,91.2,94.2,19.423000000000002,5,5,5,39.417
11.07,4,37.632,43.544000000000004,38.536,30.524,155.653,156.778,64.9,55.0,29.6,100.8,68.1,87.5,95.2,87.1,94.5,91.2,94.2,19.326,5,5,5,39.620000000000005
11.09,4,37.595,43.686,38.008,30.666,155.514,156.612,64.9,55.0,29.6,100.8,68.1,87.5,95.2,87.1,94.5,91.2,94.2,19.364,5,5,5,39.783
11.11,4,37.416,43.006,37.554,32.510000000000005,155.316,156.446,64.9,55.0,29.6,100.8,68.1,87.5,95.2,87.1,94.5,91.2,94.2,19.228,5,5,5,39.884
11.13,4,37.181999999999995,42.693000000000005,37.321,32.157,155.22299999999998,156.369,64.9,55.0,29.6,100.8,68.1,87.5,95.2,87.1,94.5,91.2,94.2,19.311,5,5,5,39.89
11.15,4,36.956999999999994,42.347,37.079,33.638000000000005,155.095,156.203,64.9,55.0,29.6,100.8,68.1,87.5,95.2,87.1,94.5,91.2,94.2,19.275,5,5,5,39.846999999999994
11.17,4,37.11,42.933,36.557,34.68300000000001,154.93200000000002,156.06,64.9,55.0,29.6,100.8,68.1,87.5,95.2,87.1,94.5,91.2,94.2,19.458,5,5,5,39.788
11.19,4,36.385000000000005,42.06,36.289,34.191,154.769,155.94899999999998,64.9,55.0,29.6,100.8,68.1,87.5,95.2,87.1,94.5,91.2,94.2,19.255000000000003,5,5,5,39.706999999999994
11.21,4,36.635999999999996,42.385,35.986999999999995,28.368000000000002,154.61700000000002,155.739,64.9,55.0,29.6,100.8,68.1,87.5,95.2,87.1,94.5,91.2,94.2,19.114,5,5,5,39.782
11.23,4,36.572,41.72,35.75,36.282,154.524,155.70600000000002,64.9,55.0,29.6,100.8,68.1,87.5,95.2,87.1,94.5,91.2,94.2,19.288,5,5,5,39.760999999999996
11.25,4,36.32,41.501,35.682,35.131,154.372,155.495,64.9,55.0,29.6,100.8,68.1,87.5,95.2,87.1,94.5,91.2,94.2,19.453,5,5,5,39.724000000000004
11.27,4,36.809,41.260999999999996,35.027,37.705999999999996,154.232,155.385,64.9,55.0,29.6,100.8,68.1,87.5,95.2,87.1,94.5,91.2,94.2,19.317999999999998,5,5,5,39.489000000000004
11.29,4,36.697,40.894,35.254999999999995,42.702,154.127,155.241,64.9,55.0,29.6,100.8,68.1,87.5,95.2,87.1,94.5,91.2,94.2,19.326,5,5,5,39.379999999999995
11.31,4,36.53,41.259,34.775,37.941,153.986,155.15200000000002,64.9,55.0,29.6,100.8,68.1,87.5,95.2,87.1,94.5,91.2,94.2,19.381,5,5,5,39.191
11.33,4,36.364999999999995,40.971,34.986999999999995,43.295,153.82299999999998,154.997,64.9,55.0,29.6,100.8,68.1,87.5,95.2,87.1,94.5,91.2,94.2,19.396,5,5,5,39.086
11.35,4,36.197,41.211,34.843,40.376999999999995,153.741,154.89700000000002,64.9,55.0,29.6,100.8,68.1,87.5,95.2,87.1,94.5,91.2,94.2,19.352,5,5,5,38.844
11.37,4,36.159000000000006,40.858000000000004,34.766999999999996,45.354,153.6,154.764,64.9,55.0,29.6,100.8,68.1,87.5,95.2,87.1,94.5,91.2,94.2,19.488,5,5,5,38.688
11.39,4,36.218,40.732,34.644000000000005,44.216,153.46,154.642,64.9,55.0,29.6,100.8,68.1,87.5,95.2,87.1,94.5,91.2,94.2,19.36,5,5,5,38.451
11.41,4,35.477,40.793,34.917,48.068000000000005,153.249,154.52,64.9,55.0,29.6,100.8,68.1,87.5,95.2,87.1,94.5,91.28699999999999,94.2,19.319000000000003,5,5,5,38.29
11.43,4,35.126,40.673,34.931,42.821999999999996,153.119,154.453,64.9,55.0,29.6,100.8,68.1,87.5,95.2,87.1,94.5,91.337,94.2,19.45,5,5,5,38.098
11.45,4,36.176,41.047,35.092,45.802,152.99,154.309,64.9,55.0,29.6,100.8,68.1,87.5,95.2,87.1,94.5,91.36399999999999,94.2,19.185000000000002,5,5,5,38.092
11.47,4,35.249,41.323,35.230000000000004,42.351,152.873,154.231,64.9,55.0,29.6,100.8,68.1,87.5,95.2,87.1,94.5,91.38,94.2,19.305999999999997,5,5,5,38.137
11.49,4,35.907,40.524,35.269000000000005,43.722,152.755,154.153,64.9,55.0,29.6,100.8,68.1,87.5,95.2,87.1,94.5,91.389,94.2,19.375,5,5,5,38.25
11.51,4,35.634,40.816,35.468,40.208,152.614,154.042,64.9,55.0,29.6,100.8,68.1,87.5,95.2,87.1,94.5,91.39399999999999,94.2,19.457,5,5,5,38.319
11.53,4,35.839,41.015,35.43,40.396,152.47299999999998,153.875,64.9,55.0,29.6,100.8,68.1,87.5,95.28699999999999,87.1,94.5,91.396,94.2,20.259,5,5,5,38.493
11.55,4,35.503,41.102,35.635000000000005,40.477,152.332,153.664,64.9,55.0,29.6,100.8,68.1,87.5,95.337,87.1,94.5,91.398,94.2,20.363,5,5,5,38.635999999999996
11.57,4,35.344,40.984,35.684,41.471,152.155,153.608,64.9,55.0,29.6,100.8,68.1,87.5,95.36399999999999,87.1,94.5,91.399,94.2,20.347,5,5,5,38.681
11.59,4,35.214,41.388000000000005,35.675,33.028000000000006,152.119,153.519,64.9,55.0,29.6,100.8,68.1,87.5,95.38,87.1,94.5,91.399,94.2,20.262999999999998,5,5,5,38.681
11.61,4,35.04,40.888000000000005,35.598,38.195,151.942,153.41899999999998,64.9,55.0,29.6,100.8,68.1,87.5,95.389,87.1,94.5,91.4,94.2,20.285,5,5,5,38.907
11.63,4,35.525999999999996,40.955999999999996,35.725,38.474000000000004,151.73,153.352,64.9,55.0,29.6,100.8,68.1,87.5,95.39399999999999,87.1,94.5,91.4,94.2,20.23,5,5,5,38.982
11.65,4,35.423,41.205999999999996,35.459,38.596,151.671,153.174,64.9,55.0,29.6,100.8,68.1,87.5,95.396,87.1,94.5,91.4,94.2,20.177,5,5,5,39.078
11.67,4,35.092,41.277,35.499,35.712,151.6,153.085,64.9,55.0,29.6,100.8,68.1,87.5,95.398,87.1,94.525,91.4,94.2,20.141,5,5,5,39.016
11.69,4,35.069,40.876999999999995,35.248000000000005,33.286,151.458,152.96200000000002,64.9,55.0,29.6,100.8,68.1,87.5,95.399,87.1,94.558,91.4,94.2,20.239,5,5,5,39.088
11.71,4,35.016999999999996,40.99,35.364999999999995,33.405,151.351,152.817,64.9,55.0,29.6,100.8,68.1,87.5,95.399,87.1,94.57600000000001,91.4,94.2,20.124000000000002,5,5,5,39.257
11.73,4,34.848,41.09,35.283,35.747,151.162,152.639,64.9,55.0,29.6,100.8,68.1,87.5,95.4,87.1,94.587,91.4,94.2,20.124000000000002,5,5,5,39.407
11.75,4,34.956,40.899,35.212,34.75,151.079,152.572,64.9,55.0,29.6,100.8,68.1,87.5,95.4,87.1,94.592,91.4,94.2,20.177999999999997,5,5,5,39.441
11.77,4,34.629999999999995,40.23,34.931,36.888000000000005,150.925,152.44899999999998,64.9,55.0,29.6,100.8,68.1,87.5,95.4,87.1,94.596,91.4,94.2,20.252000000000002,5,5,5,39.376999999999995
11.79,4,34.980999999999995,40.382,34.868,36.552,150.81799999999998,152.315,64.9,55.0,29.6,100.8,68.1,87.5,95.4,87.1,94.598,91.4,94.2,20.176,5,5,5,39.291
11.81,4,34.715999999999994,40.433,34.704,32.536,150.628,152.14700000000002,64.9,55.0,29.6,100.8,68.1,87.5,95.4,87.1,94.59899999999999,91.4,94.2,20.237000000000002,5,5,5,39.235
11.83,4,34.738,40.400999999999996,34.588,42.897,150.58100000000002,152.08,64.9,55.0,29.6,100.8,68.1,87.5,95.4,87.1,94.59899999999999,91.4,94.2,20.209000000000003,5,5,5,39.278000000000006
11.85,4,34.786,40.361,34.418000000000006,38.897,150.42600000000002,151.991,64.9,55.0,29.6,100.8,68.1,87.5,95.4,87.1,94.6,91.4,94.25,20.29,5,5,5,39.083
11.87,4,34.309,40.065,34.173,42.614000000000004,150.319,151.89,64.9,55.0,29.6,100.8,68.1,87.5,95.4,87.1,94.6,91.4,94.316,20.107999999999997,5,5,5,38.937
11.89,4,34.113,40.809,34.459,41.99,150.188,151.7,64.9,55.0,29.6,100.8,68.1,87.5,95.4,87.1,94.6,91.4,94.35300000000001,20.208,5,5,5,38.679
11.91,4,34.291,39.827,34.357,44.78,150.05700000000002,151.61,64.9,55.0,29.6,100.8,68.1,87.5,95.4,87.1,94.6,91.4,94.373,20.131,5,5,5,38.499
11.93,4,34.326,40.293,34.324,45.424,149.938,151.487,64.9,55.0,29.6,100.8,68.1,87.5,95.4,87.1,94.6,91.4,94.385,19.954,5,5,5,38.323
11.95,4,33.93300000000001,39.851,34.315,47.975,149.795,151.442,64.9,55.0,29.6,100.8,68.1,87.5,95.4,87.1,94.6,91.4,94.392,19.942,5,5,5,38.228
11.97,4,34.118,40.131,34.516999999999996,48.573,149.675,151.308,65.1,55.0,29.6,100.8,68.0,87.5,95.4,87.1,94.6,91.4,94.395,20.648,5,5,5,38.042
11.99,4,34.194,39.988,34.405,50.908,149.532,151.24,65.1,55.0,29.6,100.8,68.0,87.5,95.4,87.1,94.6,91.4,94.39699999999999,20.753,5,5,5,37.89
12.01,4,33.961,40.435,34.774,50.9,149.437,151.061,65.1,55.0,29.6,100.8,68.0,87.5,95.4,87.1,94.6,91.4,94.398,20.523,5,5,5,37.652
12.03,4,33.434,39.859,34.968,52.494,149.329,150.971,65.1,55.0,29.6,100.8,68.0,87.5,95.4,87.1,94.6,91.4,94.399,20.58,5,5,5,37.523
12.05,4,33.699,40.475,35.155,54.236000000000004,149.197,150.92600000000002,65.1,55.0,29.6,100.8,68.0,87.5,95.4,87.1,94.6,91.4,94.4,20.609,5,5,5,37.346000000000004
12.07,4,33.669,40.246,35.178,55.993,149.054,150.803,65.1,55.0,29.6,100.8,68.0,87.5,95.4,87.1,94.6,91.4,94.4,20.564999999999998,5,5,5,37.148
12.09,4,33.439,40.724000000000004,35.504000000000005,57.386,148.958,150.735,65.1,55.0,29.6,100.8,68.0,87.5,95.4,87.1,94.6,91.4,94.4,20.576,5,5,5,37.016
12.11,4,33.283,40.395,35.396,58.56,148.838,150.713,65.1,55.0,29.6,100.8,68.0,87.5,95.4,87.1,94.6,91.4,94.4,20.551,5,5,5,36.833
12.13,4,33.664,40.864000000000004,35.893,59.836999999999996,148.718,150.612,65.1,55.0,29.6,100.8,68.0,87.5,95.4,87.1,94.6,91.4,94.4,20.482999999999997,5,5,5,36.723
12.15,4,33.461,41.589,35.93,60.93600000000001,148.586,150.51,65.1,55.0,29.6,100.8,68.0,87.5,95.4,87.1,94.6,91.4,94.4,20.544,5,5,5,36.564
12.17,4,33.2,41.802,36.42,61.676,148.47799999999998,150.42,65.1,55.0,29.6,100.8,68.0,87.5,95.4,87.169,94.6,91.4,94.4,20.439999999999998,5,5,5,36.417
12.19,4,32.727,42.326,36.965999999999994,61.873000000000005,148.345,150.387,65.1,55.0,29.6,100.8,68.0,87.5,95.4,87.226,94.6,91.4,94.4,20.544,5,5,5,36.303
12.21,4,33.225,42.308,37.13,63.123999999999995,148.237,150.297,65.1,55.0,29.6,100.8,68.0,87.5,95.4,87.258,94.6,91.4,94.4,20.203,5,5,5,36.14
12.23,4,33.335,42.925,37.382,64.22200000000001,148.105,150.218,65.1,55.0,29.6,100.8,68.0,87.5,95.4,87.277,94.6,91.4,94.4,20.282,5,5,5,35.986000000000004
12.25,4,33.287,43.638000000000005,37.772,64.815,148.04399999999998,150.15,65.1,55.0,29.6,100.8,68.0,87.5,95.4,87.28699999999999,94.6,91.4,94.4,20.314,5,5,5,35.795
12.27,4,33.073,43.99,37.934,66.497,147.912,150.083,65.1,55.0,29.6,100.8,68.0,87.5,95.4,87.293,94.6,91.4,94.4,20.282,5,5,5,35.620000000000005
12.29,4,33.312,44.559,38.285,67.363,147.791,150.03799999999998,65.1,55.0,29.6,100.8,68.0,87.5,95.4,87.296,94.6,91.4,94.4,20.241,5,5,5,35.43300000000001
12.31,4,33.007,45.249,38.915,68.593,147.719,149.993,65.1,55.0,29.6,100.8,68.0,87.5,95.4,87.298,94.6,91.4,94.4,20.509,5,5,5,35.269000000000005
12.33,4,33.608000000000004,45.691,39.221,69.535,147.634,149.936,65.1,55.0,29.6,100.8,68.0,87.5,95.4,87.29899999999999,94.6,91.4,94.4,20.277,5,5,5,35.128
12.35,4,33.031,46.243,39.751,70.899,147.489,149.846,65.1,55.0,29.6,100.8,68.0,87.5,95.4,87.29899999999999,94.6,91.4,94.4,20.328,5,5,5,34.963
12.37,4,33.482,46.942,40.317,71.457,147.417,149.767,65.1,55.0,29.6,100.8,68.0,87.5,95.4,87.3,94.6,91.4,94.4,20.399,5,5,5,34.824
12.39,4,33.486999999999995,48.268,40.689,72.628,147.308,149.711,65.1,55.0,29.6,100.8,68.0,87.5,95.4,87.3,94.6,91.4,94.4,20.326,5,5,5,34.706999999999994
12.41,4,33.557,48.88,41.292,73.679,147.259,149.643,65.1,55.0,29.6,100.8,68.0,87.5,95.4,87.3,94.6,91.4,94.4,20.422,5,5,5,34.542
12.43,4,33.869,50.04600000000001,41.674,73.692,147.114,149.621,65.1,55.0,29.6,100.8,68.0,87.5,95.4,87.3,94.6,91.4,94.4,20.419,5,5,5,34.45
12.45,4,34.227,51.42100000000001,42.196,74.316,147.029,149.553,65.1,55.0,29.6,100.8,68.0,87.5,95.4,87.3,94.6,91.4,94.4,20.381,5,5,5,34.31699999999999
12.47,4,34.224000000000004,51.93899999999999,42.55,74.67399999999999,146.969,149.485,65.1,55.0,29.6,100.8,68.0,87.5,95.4,87.3,94.6,91.4,94.4,20.598,5,5,5,34.268
12.49,4,34.361000000000004,52.771,43.121,72.88600000000001,146.872,149.384,65.1,55.0,29.6,100.8,68.0,87.5,95.4,87.3,94.6,91.4,94.4,20.466,5,5,5,34.185
12.51,4,34.756,53.396,43.411,72.92,146.799,149.237,65.1,55.0,29.6,100.8,68.0,87.5,95.4,87.3,94.6,91.4,94.4,20.82,5,5,5,34.167
12.53,4,34.991,53.923,43.71,70.919,146.556,149.101,65.1,55.0,29.6,100.8,68.0,87.5,95.4,87.3,94.6,91.4,94.4,19.592,5,5,5,34.172
12.55,4,35.001,54.909,44.116,70.363,146.495,149.033,65.1,55.0,29.6,100.8,68.0,87.5,95.469,87.3,94.6,91.4,94.4,19.622999999999998,5,5,5,34.188
12.57,4,35.510000000000005,55.316,44.571999999999996,68.52600000000001,146.434,148.977,65.1,55.0,29.6,100.8,68.0,87.5,95.52600000000001,87.3,94.6,91.4,94.4,19.375,5,5,5,34.224000000000004
12.59,4,35.340999999999994,56.356,44.9,69.345,146.385,148.898,65.1,55.0,29.6,100.8,68.0,87.5,95.558,87.3,94.6,91.4,94.4,19.4,5,5,5,34.254999999999995
12.61,4,35.748000000000005,56.562,45.135999999999996,67.904,146.312,148.80700000000002,65.1,55.0,29.6,100.8,68.0,87.5,95.577,87.3,94.6,91.4,94.4,19.511,5,5,5,34.251999999999995
12.63,4,36.272,57.216,45.412,66.574,146.203,148.649,65.1,55.0,29.6,100.8,68.0,87.5,95.587,87.3,94.6,91.4,94.4,19.617,5,5,5,34.253
12.65,4,36.667,57.242,45.538000000000004,66.12100000000001,146.142,148.60299999999998,65.1,55.0,29.6,100.8,68.0,87.5,95.593,87.3,94.6,91.4,94.4,19.502000000000002,5,5,5,34.268
12.67,4,36.956999999999994,57.534,45.841,64.596,146.069,148.49,65.1,55.0,29.6,100.8,68.0,87.5,95.596,87.3,94.6,91.4,94.4,19.637999999999998,5,5,5,34.319
12.69,4,37.16,58.795,45.981,64.28,145.983,148.411,65.1,55.0,29.6,100.8,68.0,87.5,95.598,87.3,94.6,91.4,94.4,19.606,5,5,5,34.43300000000001
12.71,4,37.168,59.052,46.278,62.696000000000005,145.91,148.309,65.1,55.0,29.6,100.8,68.0,87.5,95.59899999999999,87.3,94.6,91.4,94.4,19.570999999999998,5,5,5,34.510999999999996
12.73,4,37.585,59.036,46.382,61.911,145.702,148.161,65.1,55.0,29.6,100.8,68.0,87.5,95.59899999999999,87.3,94.6,91.4,94.4,19.747,5,5,5,34.568
12.75,4,37.671,58.903999999999996,46.373999999999995,62.075,145.702,148.07,65.1,55.0,29.6,100.8,68.0,87.58800000000001,95.6,87.3,94.6,91.469,94.4,19.516,5,5,5,34.638000000000005
12.77,4,38.055,59.67100000000001,46.683,59.718,145.60399999999998,147.911,65.1,55.0,29.6,100.8,68.0,87.637,95.6,87.3,94.6,91.52600000000001,94.4,19.601,5,5,5,34.685
12.79,4,38.395,59.419,46.56100000000001,60.533,145.543,147.85399999999998,65.1,55.0,29.6,100.8,68.0,87.664,95.6,87.3,94.6,91.558,94.4,19.425,5,5,5,34.75
12.81,4,39.006,59.711000000000006,46.81,58.857,145.458,147.763,65.1,55.0,29.6,100.8,68.0,87.68,95.6,87.3,94.6,91.577,94.4,19.529000000000003,5,5,5,34.80800000000001
12.83,4,39.150999999999996,60.317,46.79,59.133,145.372,147.616,65.1,55.0,29.6,100.8,68.0,87.689,95.6,87.3,94.6,91.587,94.4,19.509999999999998,5,5,5,34.89
12.85,4,38.971,60.317,46.898999999999994,57.769,145.188,147.422,65.1,55.0,29.6,100.8,68.0,87.694,95.6,87.3,94.6,91.593,94.4,19.491,5,5,5,34.915
12.87,4,39.565,59.653,47.049,57.355,145.077,147.342,65.1,55.0,29.6,100.8,68.0,87.696,95.6,87.3,94.6,91.596,94.4,19.552,5,5,5,34.982
12.89,4,39.544000000000004,59.835,46.995,56.882,145.041,147.308,65.1,55.0,29.6,100.8,68.0,87.69800000000001,95.6,87.3,94.6,91.598,94.4,19.271,5,5,5,35.061
12.91,4,40.073,60.195,46.75899999999999,56.52,144.955,147.183,65.1,55.0,29.6,100.8,68.0,87.699,95.6,87.3,94.6,91.59899999999999,94.4,19.395,5,5,5,35.077
12.93,4,40.167,60.038000000000004,47.093,56.25899999999999,144.795,147.023,65.1,55.0,29.6,100.8,68.0,87.699,95.6,87.3,94.6,91.59899999999999,94.4,19.467,5,5,5,35.135000000000005
12.95,4,39.993,60.184,46.931000000000004,56.978,144.80700000000002,146.955,65.1,55.0,29.6,100.8,68.0,87.7,95.6,87.3,94.6,91.6,94.4,19.548000000000002,5,5,5,35.182
12.97,4,40.681999999999995,60.515,46.958999999999996,57.435,144.733,146.863,65.1,55.0,29.6,100.8,68.0,87.7,95.6,87.3,94.6,91.6,94.4,19.515,5,5,5,35.208
12.99,4,41.078,60.192,46.963,59.269,144.623,146.704,65.1,55.0,29.6,100.8,68.0,87.7,95.6,87.3,94.6,91.6,94.4,19.595,5,5,5,35.19199999999999
13.01,4,41.111,59.977,46.898999999999994,59.668,144.512,146.635,65.1,55.0,29.6,100.8,68.0,87.7,95.6,87.3,94.6,91.6,94.4,19.475,5,5,5,35.129000000000005
13.03,4,41.125,59.937,46.8,60.976000000000006,144.438,146.486,65.1,55.0,29.6,100.8,68.0,87.7,95.6,87.3,94.688,91.6,94.4,19.389000000000003,5,5,5,35.06699999999999
13.05,4,41.305,60.29600000000001,46.65,61.148999999999994,144.30200000000002,146.395,65.1,55.0,29.6,100.8,68.0,87.7,95.6,87.3,94.737,91.6,94.4,19.311,5,5,5,35.001
13.07,4,41.457,59.948,46.931000000000004,63.446999999999996,144.24,146.315,65.1,55.0,29.6,100.8,68.0,87.7,95.6,87.3,94.764,91.6,94.4,19.409,5,5,5,34.923
13.09,4,41.564,59.635,46.676,62.858000000000004,144.092,146.143,65.1,55.0,29.6,100.8,68.0,87.7,95.6,87.3,94.78,91.6,94.4,19.532,5,5,5,34.846999999999994
13.11,4,41.972,59.913000000000004,46.733000000000004,65.104,143.993,146.05100000000002,65.1,55.0,29.6,100.8,68.0,87.7,95.6,87.3,94.789,91.6,94.4,19.519,5,5,5,34.794
13.13,4,42.135999999999996,59.95,46.658,64.485,143.844,145.937,65.1,55.0,29.6,100.8,68.0,87.7,95.6,87.3,94.794,91.6,94.4,19.467,5,5,5,34.7
13.15,4,41.996,59.82,46.836000000000006,66.208,143.82,145.845,65.1,55.0,29.6,100.8,68.0,87.7,95.6,87.3,94.796,91.6,94.4,19.442999999999998,5,5,5,34.579
13.17,4,41.721,59.93899999999999,46.97,66.872,143.721,145.684,65.1,55.0,29.6,100.8,68.0,87.7,95.6,87.3,94.798,91.6,94.4,19.502000000000002,5,5,5,34.513000000000005
13.19,4,41.86,60.16,47.098,67.614,143.621,145.661,65.1,55.0,29.6,100.8,68.0,87.7,95.6,87.3,94.79899999999999,91.6,94.4,19.528,5,5,5,34.419
13.21,4,42.415,60.056000000000004,46.91,69.067,143.497,145.569,65.1,55.0,29.6,100.8,68.0,87.7,95.6,87.3,94.79899999999999,91.6,94.4,19.614,5,5,5,34.322
13.23,4,42.542,60.226000000000006,46.952,68.842,143.398,145.43200000000002,65.1,55.0,29.6,100.8,68.0,87.7,95.6,87.3,94.8,91.6,94.4,19.575,5,5,5,34.265
13.25,4,42.525,60.172,46.972,70.097,143.261,145.39700000000002,65.1,55.0,29.6,100.8,68.0,87.7,95.6,87.3,94.8,91.6,94.4,19.569000000000003,5,5,5,34.211
13.27,4,42.665,60.336000000000006,46.995,69.85300000000001,143.162,145.259,65.1,55.0,29.6,100.8,68.0,87.7,95.6,87.3,94.8,91.6,94.4,19.627000000000002,5,5,5,34.096999999999994
13.29,4,42.333,60.75,47.206,71.529,143.037,145.144,65.1,55.0,29.6,100.8,68.0,87.7,95.6,87.3,94.8,91.6,94.4,19.679000000000002,5,5,5,34.052
13.31,4,42.738,60.875,46.998000000000005,71.405,142.98700000000002,145.109,65.1,55.0,29.6,100.8,68.0,87.7,95.6,87.3,94.8,91.6,94.45,19.564999999999998,5,5,5,33.982
13.33,4,42.856,60.958999999999996,46.883,73.056,142.863,144.937,65.1,55.0,29.6,100.8,68.0,87.7,95.6,87.3,94.8,91.6,94.516,19.5,5,5,5,33.962
13.35,4,42.606,61.136,47.01,72.42399999999999,142.788,144.891,65.1,55.0,29.6,100.8,68.0,87.7,95.6,87.3,94.8,91.6,94.553,19.715,5,5,5,33.873000000000005
13.37,4,42.522,61.537,47.2,73.343,142.675,144.81,65.1,55.0,29.6,100.8,68.0,87.7,95.6,87.35,94.8,91.6,94.57300000000001,19.592,5,5,5,33.86
13.39,4,42.839,61.6,47.295,72.98100000000001,142.6,144.70600000000002,65.1,55.0,29.6,100.8,68.0,87.7,95.6,87.416,94.8,91.6,94.585,19.636,5,5,5,33.827
13.41,4,42.732,61.693999999999996,47.293,71.443,142.463,144.54399999999998,65.1,55.0,29.6,100.8,68.0,87.7,95.6,87.453,94.8,91.6,94.592,19.645,5,5,5,33.777
13.43,4,43.091,61.452,47.357,72.736,142.35,144.56799999999998,65.1,55.0,29.6,100.8,68.0,87.7,95.6,87.473,94.8,91.6,94.595,19.476,5,5,5,33.749
13.45,4,43.313,61.836999999999996,47.24100000000001,72.992,142.3,144.441,65.1,55.0,29.6,100.8,68.0,87.7,95.6,87.485,94.8,91.6,94.597,19.61,5,5,5,33.736000000000004
13.47,4,43.046,62.36600000000001,47.28,72.943,142.125,144.34799999999998,65.1,55.0,29.6,100.8,68.0,87.7,95.6,87.492,94.8,91.6,94.598,19.544,5,5,5,33.728
13.49,4,43.077,62.2,47.305,72.505,142.04899999999998,144.256,65.1,55.0,29.6,100.8,68.0,87.7,95.669,87.495,94.8,91.6,94.59899999999999,19.725,5,5,5,33.712
13.51,4,43.693000000000005,62.148999999999994,47.385,72.34899999999999,141.999,144.128,65.1,55.0,29.6,100.8,68.0,87.7,95.726,87.497,94.8,91.6,94.6,19.367,5,5,5,33.689
13.53,4,43.791,62.474,47.352,71.857,141.861,144.105,65.1,55.0,29.6,100.8,68.0,87.7,95.758,87.499,94.8,91.6,94.6,19.16,5,5,5,33.678
13.55,4,43.36,62.746,47.605,71.626,141.798,143.966,65.1,55.0,29.6,100.8,68.0,87.7,95.777,87.499,94.8,91.6,94.6,19.212,5,5,5,33.677
13.57,4,43.488,63.376000000000005,47.559,71.085,141.66,143.885,65.1,55.0,29.6,100.8,68.0,87.7,95.78699999999999,87.5,94.8,91.6,94.6,19.219,5,5,5,33.678
13.59,4,43.746,63.506,47.537,70.972,141.584,143.746,65.1,55.0,29.6,100.8,68.0,87.7,95.793,87.5,94.8,91.6,94.6,19.028,5,5,5,33.668000000000006
13.61,4,43.894,63.57899999999999,47.46,69.59,141.382,143.583,65.1,55.0,29.6,100.8,68.0,87.7,95.796,87.5,94.8,91.6,94.6,19.040999999999997,5,5,5,33.671
13.63,4,43.978,63.64,47.428999999999995,68.225,141.345,143.572,65.1,55.0,29.6,100.8,68.0,87.7,95.798,87.5,94.8,91.6,94.6,19.009999999999998,5,5,5,33.697
13.65,4,43.629,63.545,47.527,67.141,141.20600000000002,143.34,65.1,55.0,29.6,100.8,68.0,87.7,95.79899999999999,87.5,94.8,91.6,94.6,19.051,5,5,5,33.763999999999996
13.67,4,43.991,63.65,47.397,67.564,141.155,143.409,65.1,55.0,29.6,100.8,68.0,87.7,95.79899999999999,87.5,94.8,91.6,94.6,19.149,5,5,5,33.839
13.69,4,44.349000000000004,64.364,47.727,66.136,141.054,143.316,65.1,55.0,29.6,100.8,68.0,87.7,95.8,87.5,94.8,91.6,94.6,19.134999999999998,5,5,5,33.839
13.71,4,44.221,64.02000000000001,47.718,66.46600000000001,141.01600000000002,143.247,65.1,55.0,29.6,100.8,68.0,87.7,95.8,87.5,94.8,91.6,94.6,19.23,5,5,5,33.842
13.73,4,44.55,64.22800000000001,47.482,66.127,140.95299999999997,143.188,65.1,55.0,29.6,100.8,68.0,87.7,95.8,87.5,94.8,91.6,94.6,19.238,5,5,5,33.838
13.75,4,44.271,64.248,47.398,65.952,140.86399999999998,143.06,65.1,55.0,29.6,100.8,68.0,87.7,95.8,87.5,94.8,91.6,94.6,19.224,5,5,5,33.843
13.77,4,44.6,64.27000000000001,47.558,65.021,140.712,142.839,65.1,55.0,29.6,100.8,68.0,87.7,95.8,87.5,94.8,91.6,94.6,19.194000000000003,5,5,5,33.846000000000004
13.79,4,44.89,64.519,47.601000000000006,64.494,140.496,142.73399999999998,65.1,55.0,29.6,100.8,68.0,87.7,95.8,87.5,94.8,91.6,94.6,19.006,5,5,5,33.885000000000005
13.81,4,44.824,64.952,47.49100000000001,63.641999999999996,140.50900000000001,142.629,65.1,55.0,29.6,100.8,68.0,87.7,95.8,87.5,94.8,91.6,94.6,19.115000000000002,5,5,5,33.958
13.83,4,44.766,64.803,47.657,63.185,140.394,142.582,65.1,55.0,29.6,100.8,68.0,87.7,95.8,87.5,94.8,91.6,94.6,19.115000000000002,5,5,5,34.034000000000006
13.85,4,44.923,64.202,47.652,62.038000000000004,140.356,142.512,65.1,55.0,29.6,100.8,68.0,87.7,95.8,87.5,94.8,91.6,94.6,19.240000000000002,5,5,5,34.105000000000004
13.87,4,45.234,64.68199999999999,47.773999999999994,61.461999999999996,140.178,142.337,65.1,55.0,29.6,100.8,68.0,87.7,95.8,87.5,94.8,91.6,94.6,19.163,5,5,5,34.225
13.89,4,44.705999999999996,65.093,47.488,59.768,140.063,142.314,65.1,55.0,29.6,100.8,68.0,87.7,95.8,87.5,94.8,91.6,94.6,19.110999999999997,5,5,5,34.259
13.91,4,45.082,65.339,47.617,59.629,139.961,142.173,65.1,55.0,29.6,100.8,68.0,87.7,95.8,87.5,94.8,91.6,94.6,19.040999999999997,5,5,5,34.333
13.93,4,45.024,64.708,47.788000000000004,58.266000000000005,139.85899999999998,142.00900000000001,65.1,55.0,29.6,100.8,68.0,87.7,95.8,87.5,94.8,91.6,94.6,19.011,5,5,5,34.42
13.95,4,45.516,65.12100000000001,47.608999999999995,58.412,139.718,141.962,65.1,55.0,29.6,100.8,68.0,87.7,95.8,87.5,94.8,91.6,94.6,19.025,5,5,5,34.495999999999995
13.97,4,44.879,65.019,47.453,57.3,139.68,141.74,65.2,55.1,29.7,100.8,67.9,87.7,95.8,87.5,94.8,91.6,94.6,19.122,5,5,5,34.553
13.99,4,45.179,64.891,47.493,57.328,139.654,141.76299999999998,65.2,55.1,29.7,100.8,67.9,87.7,95.8,87.5,94.8,91.6,94.6,19.144,5,5,5,34.611999999999995
14.01,4,45.262,64.801,47.5,56.184,139.449,141.587,65.2,55.1,29.7,100.8,67.9,87.7,95.8,87.5,94.8,91.6,94.6,19.101,5,5,5,34.687
14.03,4,45.207,64.713,47.483000000000004,55.963,139.346,141.505,65.2,55.1,29.7,100.8,67.9,87.7,95.8,87.5,94.8,91.6,94.6,19.1,5,5,5,34.741
14.05,4,45.5,65.24199999999999,47.378,55.556999999999995,139.269,141.411,65.2,55.1,29.7,100.8,67.9,87.7,95.8,87.5,94.8,91.6,94.6,19.216,5,5,5,34.803
14.07,4,45.705999999999996,65.18100000000001,47.306000000000004,55.979,139.282,141.387,65.2,55.1,29.7,100.8,67.9,87.7,95.8,87.5,94.8,91.6,94.6,19.155,5,5,5,34.812
14.09,4,45.3,64.86699999999999,47.318999999999996,57.026,139.167,141.293,65.2,55.1,29.7,100.8,67.9,87.7,95.8,87.5,94.8,91.6,94.6,19.298000000000002,5,5,5,34.846000000000004
14.11,4,45.478,64.979,47.248999999999995,56.39,139.128,141.211,65.2,55.1,29.7,100.8,67.9,87.7,95.8,87.5,94.8,91.65,94.6,19.333,5,5,5,34.834
14.13,4,45.291,64.63499999999999,47.13399999999999,57.799,139.025,141.163,65.2,55.1,29.7,100.8,67.9,87.7,95.8,87.5,94.8,91.71600000000001,94.6,19.148,5,5,5,34.829
14.15,4,45.491,64.37,47.16,56.828,138.89600000000002,140.98700000000002,65.2,55.1,29.7,100.8,67.9,87.7,95.8,87.5,94.8,91.753,94.6,19.305999999999997,5,5,5,34.824
14.17,4,45.361,64.854,47.178000000000004,58.452,138.72899999999998,140.916,65.2,55.1,29.7,100.8,67.9,87.7,95.8,87.5,94.8,91.773,94.6,19.288,5,5,5,34.835
14.19,4,46.091,64.99100000000001,47.034,58.985,138.67700000000002,140.762,65.2,55.1,29.7,100.8,67.9,87.7,95.8,87.5,94.8,91.785,94.6,19.277,5,5,5,34.8
14.21,4,45.754,64.132,47.122,60.181000000000004,138.599,140.668,65.2,55.1,29.7,100.8,67.9,87.7,95.8,87.5,94.8,91.792,94.6,19.191,5,5,5,34.741
14.23,4,45.522,64.19399999999999,46.836999999999996,61.162,138.50900000000001,140.55,65.2,55.1,29.7,100.8,67.9,87.7,95.8,87.5,94.8,91.795,94.6,19.149,5,5,5,34.649
14.25,4,45.756,64.22,46.678999999999995,63.086000000000006,138.38,140.47899999999998,65.2,55.1,29.7,100.8,67.9,87.7,95.8,87.5,94.8,91.797,94.6,19.082,5,5,5,34.554
14.27,4,45.716,64.575,46.871,63.9,138.341,140.361,65.2,55.1,29.7,100.8,67.9,87.7,95.8,87.5,94.8,91.79899999999999,94.6,19.183,5,5,5,34.501
14.29,4,45.563,64.062,46.93899999999999,64.357,138.211,140.325,65.2,55.1,29.7,100.8,67.9,87.7,95.8,87.5,94.8,91.79899999999999,94.6,19.207,5,5,5,34.381
14.31,4,45.744,64.16399999999999,46.887,65.753,138.17200000000003,140.218,65.2,55.1,29.7,100.8,67.9,87.7,95.8,87.5,94.8,91.8,94.6,19.192,5,5,5,34.301
14.33,4,45.772,64.236,46.95,65.235,137.964,140.05200000000002,65.2,55.1,29.7,100.8,67.9,87.7,95.8,87.5,94.8,91.8,94.6,19.155,5,5,5,34.257
14.35,4,45.968999999999994,64.16300000000001,46.826,66.938,137.938,140.029,65.2,55.1,29.7,100.8,67.9,87.7,95.8,87.5,94.825,91.8,94.6,19.185000000000002,5,5,5,34.138999999999996
14.37,4,45.861,63.772,46.756,68.167,137.88600000000002,139.934,65.2,55.1,29.7,100.8,67.9,87.7,95.8,87.5,94.902,91.8,94.6,19.153,5,5,5,34.057
14.39,4,46.075,64.19800000000001,46.746,68.315,137.808,139.803,65.2,55.1,29.7,100.8,67.9,87.7,95.8,87.5,94.945,91.8,94.6,19.256,5,5,5,33.965999999999994
14.41,4,45.845,64.394,46.852,69.638,137.691,139.696,65.2,55.1,29.7,100.8,67.9,87.7,95.8,87.5,94.969,91.8,94.6,19.179000000000002,5,5,5,33.885000000000005
14.43,4,45.816,64.62899999999999,46.986999999999995,69.185,137.613,139.625,65.2,55.1,29.7,100.8,67.9,87.7,95.8,87.5,94.982,91.8,94.6,19.235,5,5,5,33.818
14.45,4,45.888000000000005,64.173,46.757,71.13600000000001,137.45600000000002,139.541,65.2,55.1,29.7,100.8,67.9,87.7,95.8,87.55,94.99,91.8,94.6,19.143,5,5,5,33.744
14.47,4,45.955,64.38399999999999,46.684,71.37,137.352,139.494,65.2,55.1,29.7,100.8,67.9,87.78699999999999,95.8,87.616,94.994,91.8,94.6,19.265,5,5,5,33.684
14.49,4,45.628,64.13499999999999,46.633,72.39699999999999,137.32600000000002,139.42200000000003,65.2,55.1,29.7,100.8,67.9,87.837,95.8,87.653,94.997,91.8,94.6,19.088,5,5,5,33.632
14.51,4,45.617,64.708,46.943000000000005,73.107,137.18200000000002,139.315,65.2,55.1,29.7,100.8,67.9,87.86399999999999,95.8,87.673,94.998,91.8,94.6,20.735999999999997,5,5,5,33.593
14.53,4,45.976000000000006,64.527,46.651,72.90899999999999,137.077,139.279,65.2,55.1,29.7,100.8,67.9,87.88,95.8,87.685,94.999,91.8,94.6,20.578,5,5,5,33.562
14.55,4,45.759,64.356,46.766000000000005,72.896,137.025,139.184,65.2,55.1,29.7,100.8,67.9,87.889,95.8,87.692,94.999,91.8,94.6,20.453,5,5,5,33.509
14.57,4,46.136,64.084,46.503,72.583,136.89299999999997,139.11200000000002,65.2,55.1,29.7,100.8,67.9,87.89399999999999,95.8,87.695,95.0,91.8,94.6,20.500999999999998,5,5,5,33.473
14.59,4,46.153999999999996,63.897,46.66,72.895,136.788,139.005,65.2,55.1,29.7,100.8,67.9,87.896,95.8,87.697,95.0,91.8,94.6,20.536,5,5,5,33.479
14.61,4,45.543,64.502,46.585,73.223,136.696,138.993,65.2,55.1,29.7,100.8,67.9,87.898,95.8,87.699,95.0,91.8,94.6,20.482,5,5,5,33.469
14.63,4,46.117,64.582,46.615,72.753,136.591,138.921,65.2,55.1,29.7,100.8,67.9,87.899,95.8,87.699,95.0,91.8,94.6,20.48,5,5,5,33.441
14.65,4,45.285,64.382,46.563,72.78699999999999,136.551,138.777,65.2,55.1,29.7,100.8,67.9,87.899,95.887,87.7,95.0,91.8,94.6,20.414,5,5,5,33.412
14.67,4,45.813,64.52799999999999,46.503,72.331,136.42000000000002,138.73000000000002,65.2,55.1,29.7,100.8,67.9,87.9,95.937,87.7,95.0,91.8,94.6,20.161,5,5,5,33.407
14.69,4,45.554,64.785,46.417,71.795,136.314,138.68200000000002,65.2,55.1,29.7,100.8,67.9,87.9,95.964,87.7,95.0,91.8,94.6,20.214,5,5,5,33.403000000000006
14.71,4,45.416,65.00899999999999,46.582,71.325,136.208,138.574,65.2,55.1,29.7,100.8,67.9,87.9,95.98,87.7,95.0,91.8,94.6,20.411,5,5,5,33.407
14.73,4,45.143,64.203,46.409,71.192,136.155,138.49,65.2,55.1,29.7,100.8,67.9,87.9,95.98899999999999,87.7,95.0,91.8,94.6,20.282,5,5,5,33.397
14.75,4,45.189,64.917,46.381,69.18,135.86399999999998,138.286,65.2,55.1,29.7,100.8,67.9,87.9,95.994,87.7,95.0,91.8,94.6,20.389000000000003,5,5,5,33.388000000000005
14.77,4,45.236999999999995,64.925,46.245,69.732,135.784,138.118,65.2,55.1,29.7,100.8,67.9,87.9,95.99600000000001,87.7,95.0,91.8,94.6,20.191,5,5,5,33.43300000000001
14.79,4,45.5,64.581,46.211999999999996,67.792,135.877,138.166,65.2,55.1,29.7,100.8,67.9,87.9,95.998,87.7,95.0,91.8,94.6,20.192999999999998,5,5,5,33.454
14.81,4,45.802,64.988,46.025,68.447,135.811,138.25,65.2,55.1,29.7,100.8,67.9,87.9,95.999,87.7,95.0,91.8,94.64399999999999,20.311,5,5,5,33.47
14.83,4,45.764,65.886,46.167,66.594,135.625,138.05700000000002,65.2,55.1,29.7,100.8,67.9,87.9,95.999,87.7,95.0,91.8,94.668,20.427,5,5,5,33.471999999999994
14.85,4,45.529,65.434,46.138000000000005,66.059,135.54500000000002,137.973,65.2,55.1,29.7,100.8,67.9,87.9,96.0,87.7,95.0,91.8,94.682,20.252000000000002,5,5,5,33.485
14.87,4,45.782,65.30699999999999,46.295,66.102,135.385,137.829,65.2,55.1,29.7,100.8,67.9,87.9,96.0,87.7,95.0,91.8,94.69,20.203,5,5,5,33.577
14.89,4,45.766,65.161,45.997,65.675,135.385,137.901,65.2,55.1,29.7,100.8,67.9,87.9,96.0,87.7,95.0,91.8,94.694,20.3,5,5,5,33.614000000000004
14.91,4,45.311,65.69200000000001,46.095,65.219,135.35899999999998,137.817,65.2,55.1,29.7,100.8,67.9,87.9,96.0,87.7,95.0,91.8,94.697,20.089,5,5,5,33.616
14.93,4,45.601,65.535,46.223,65.356,135.292,137.73200000000003,65.2,55.1,29.7,100.8,67.9,87.9,96.0,87.7,95.0,91.8,94.69800000000001,20.228,5,5,5,33.617
14.95,4,45.873000000000005,66.209,46.161,65.646,135.199,137.563,65.2,55.1,29.7,100.8,67.9,87.9,96.0,87.7,95.0,91.8,94.699,20.339,5,5,5,33.619
14.97,4,45.431,65.689,46.058,63.79,134.998,137.539,65.2,55.1,29.7,100.8,67.9,87.9,96.0,87.7,95.0,91.8,94.699,20.064,5,5,5,33.618
14.99,4,45.696999999999996,65.775,46.196000000000005,65.386,134.89100000000002,137.37,65.2,55.1,29.7,100.8,67.9,87.9,96.0,87.7,95.0,91.8,94.7,20.250999999999998,5,5,5,33.673
15.01,4,45.486,65.84100000000001,46.06100000000001,64.907,134.89100000000002,137.382,65.2,55.1,29.7,100.8,67.9,87.9,96.0,87.7,95.0,91.8,94.7,20.18,5,5,5,33.712
15.03,4,45.756,66.075,46.137,65.391,134.784,137.23700000000002,65.2,55.1,29.7,100.8,67.9,87.9,96.0,87.7,95.0,91.8,94.7,20.128,5,5,5,33.713
15.05,4,45.411,65.661,46.122,63.06399999999999,134.60899999999998,137.067,65.2,55.1,29.7,100.8,67.9,87.9,96.0,87.7,95.0,91.8,94.7,20.316,5,5,5,33.715999999999994
15.07,4,45.895,65.958,45.995,63.98,134.542,136.958,65.2,55.1,29.7,100.8,67.9,87.9,96.0,87.7,95.0,91.8,94.7,20.177,5,5,5,33.765
15.09,4,45.842,66.02000000000001,45.863,61.763999999999996,134.461,136.934,65.2,55.1,29.7,100.8,67.9,87.9,96.0,87.7,95.0,91.8,94.7,20.287,5,5,5,33.839
15.11,4,46.104,65.984,45.775999999999996,64.149,134.394,136.92200000000003,65.2,55.1,29.7,100.8,67.9,87.9,96.0,87.7,95.0,91.8,94.7,20.441,5,5,5,33.900999999999996
15.13,4,45.849000000000004,66.029,45.934,61.876999999999995,134.44799999999998,136.8,65.2,55.1,29.7,100.8,67.9,87.9,96.0,87.7,95.0,91.8,94.7,20.3,5,5,5,33.913
15.15,4,46.073,65.838,45.783,63.11600000000001,134.29899999999998,136.776,65.2,55.1,29.7,100.8,67.9,87.9,96.0,87.7,95.0,91.8,94.7,20.522,5,5,5,33.912
15.17,4,45.626999999999995,65.718,45.658,62.985,134.219,136.70299999999997,65.2,55.1,29.7,100.8,67.9,87.9,96.0,87.7,95.0,91.8,94.7,20.889000000000003,5,5,5,33.913
15.19,4,46.028,66.411,45.817,62.615,133.921,136.496,65.2,55.1,29.7,100.8,67.9,87.9,96.0,87.7,95.0,91.8,94.7,21.484,5,5,5,33.909000000000006
15.21,4,45.73,65.779,45.791,61.41,133.82600000000002,136.374,65.2,55.1,29.7,100.8,67.9,87.9,96.0,87.7,95.0,91.8,94.7,21.262,5,5,5,33.93
15.23,4,45.765,65.564,45.905,60.826,133.84,136.32600000000002,65.2,55.1,29.7,100.8,67.9,87.9,96.0,87.7,95.0,91.8,94.7,21.006,5,5,5,33.964
15.25,4,45.696,65.392,45.679,60.437,133.84,136.277,65.2,55.1,29.7,100.8,67.9,87.9,96.0,87.7,95.0,91.8,94.7,21.08,5,5,5,34.028000000000006
15.27,4,45.510999999999996,65.832,45.685,61.599,133.75900000000001,136.313,65.2,55.1,29.7,100.8,67.9,87.9,96.0,87.7,95.0,91.8,94.7,20.567999999999998,5,5,5,34.043000000000006
15.29,4,45.233000000000004,65.465,45.751,62.065,133.691,136.204,65.2,55.1,29.7,100.8,67.9,87.9,96.0,87.7,95.0,91.8,94.7,20.422,5,5,5,34.046
15.31,4,45.51,65.945,45.698,62.408,133.582,136.106,65.2,55.1,29.7,100.8,67.9,87.9,96.0,87.7,95.0,91.8,94.7,20.633,5,5,5,34.052
15.33,4,45.445,65.71000000000001,45.650999999999996,63.321000000000005,133.501,135.98399999999998,65.2,55.1,29.7,100.8,67.9,87.9,96.0,87.7,95.0,91.8,94.7,20.512999999999998,5,5,5,34.037
15.35,4,45.634,65.53,45.678000000000004,64.407,133.41899999999998,135.972,65.2,55.1,29.7,100.8,67.9,87.9,96.0,87.7,95.0,91.8,94.7,20.441,5,5,5,33.997
15.37,4,45.865,65.282,45.326,65.16300000000001,133.36399999999998,135.849,65.2,55.1,29.7,100.8,67.9,87.9,96.0,87.7,95.0,91.8,94.7,19.947000000000003,5,5,5,33.961
15.39,4,45.501,65.773,45.403,65.81700000000001,133.228,135.69,65.2,55.1,29.7,100.8,67.9,87.9,96.0,87.7,95.0,91.8,94.7,20.355,5,5,5,33.925
15.41,4,45.764,65.842,45.425,67.082,133.20100000000002,135.714,65.2,55.1,29.7,100.8,67.9,87.9,96.0,87.7,95.0,91.8,94.7,20.039,5,5,5,33.858000000000004
15.43,4,46.208,65.84899999999999,45.429,66.30199999999999,133.13299999999998,135.629,65.2,55.1,29.7,100.8,67.9,87.9,96.0,87.7,95.0,91.8,94.7,20.232,5,5,5,33.827
15.45,4,45.543,65.675,45.391999999999996,67.982,133.037,135.51799999999997,65.2,55.1,29.7,100.8,67.9,87.9,96.0,87.7,95.0,91.8,94.7,20.02,5,5,5,33.775
15.47,4,45.477,66.082,45.3,67.954,132.941,135.42000000000002,65.2,55.1,29.7,100.8,67.9,87.9,96.0,87.7,95.0,91.8,94.7,20.004,5,5,5,33.727
15.49,4,45.441,65.9,45.585,68.80600000000001,132.88600000000002,135.371,65.2,55.1,29.7,100.8,67.9,87.9,96.0,87.7,95.0,91.8,94.7,20.566,5,5,5,33.679
15.51,4,45.633,65.608,45.292,68.887,132.76299999999998,135.26,65.2,55.1,29.7,100.8,67.9,87.9,96.0,87.7,95.0,91.8,94.7,19.969,5,5,5,33.629999999999995
15.53,4,45.681999999999995,65.707,45.467,69.145,132.68099999999998,135.211,65.2,55.1,29.7,100.8,67.9,87.9,96.0,87.7,95.0,91.8,94.7,20.630000000000003,5,5,5,33.587
15.55,4,45.349000000000004,65.456,45.383,70.312,132.58499999999998,135.17399999999998,65.2,55.1,29.7,100.8,67.9,87.9,96.0,87.7,95.0,91.8,94.7,20.394,5,5,5,33.543000000000006
15.57,4,45.422,65.553,45.32,70.232,132.51600000000002,135.088,65.2,55.1,29.7,100.8,67.9,87.9,96.0,87.7,95.0,91.8,94.7,20.258,5,5,5,33.474000000000004
15.59,4,45.555,66.08,45.243,70.321,132.406,134.977,65.2,55.1,29.7,100.8,67.9,87.9,96.0,87.7,95.0,91.8,94.7,20.67,5,5,5,33.479
15.61,4,45.233000000000004,66.109,45.176,71.187,132.351,134.903,65.2,55.1,29.7,100.8,67.9,87.9,96.0,87.78699999999999,95.0,91.8,94.7,19.92,5,5,5,33.46
15.63,4,45.633,65.94200000000001,45.117,70.691,132.26799999999997,134.878,65.2,55.1,29.7,100.8,67.9,87.9,96.0,87.837,95.0,91.8,94.7,20.040999999999997,5,5,5,33.412
15.65,4,45.010999999999996,65.786,45.171,71.671,132.144,134.86599999999999,65.2,55.1,29.7,100.8,67.9,87.9,96.0,87.86399999999999,95.0,91.8,94.7,19.766,5,5,5,33.400999999999996
15.67,4,45.294000000000004,65.58500000000001,45.21,71.445,132.061,134.755,65.2,55.1,29.7,100.8,67.9,87.9,96.0,87.88,95.0,91.8,94.7,19.913,5,5,5,33.376
15.69,4,45.324,65.375,45.088,72.665,131.978,134.68099999999998,65.2,55.1,29.7,100.8,67.9,87.9,96.0,87.889,95.0,91.8,94.7,19.714,5,5,5,33.375
15.71,4,44.943000000000005,66.03800000000001,45.121,71.666,131.909,134.532,65.2,55.1,29.7,100.8,67.9,87.9,96.0,87.89399999999999,95.0,91.8,94.7,19.704,5,5,5,33.358000000000004
15.73,4,45.226,65.763,44.995,72.267,131.812,134.458,65.2,55.1,29.7,100.8,67.9,87.9,96.0,87.896,95.0,91.875,94.7,19.884,5,5,5,33.346000000000004
15.75,4,45.167,65.473,44.889,71.807,131.798,134.39600000000002,65.2,55.1,29.7,100.8,67.9,87.9,96.0,87.898,95.0,91.973,94.7,19.849,5,5,5,33.339
15.77,4,45.054,65.536,44.913000000000004,71.938,131.659,134.371,65.2,55.1,29.7,100.8,67.9,87.9,96.0,87.899,95.0,92.029,94.7,19.839,5,5,5,33.334
15.79,4,44.94,65.908,44.898,71.671,131.64499999999998,134.20999999999998,65.2,55.1,29.7,100.8,67.9,87.9,96.0,87.899,95.0,92.06,94.7,19.979,5,5,5,33.337
15.81,4,44.622,65.656,44.861999999999995,71.279,131.478,134.111,65.2,55.1,29.7,100.8,67.9,87.9,96.0,87.9,95.0,92.077,94.7,20.127000000000002,5,5,5,33.336
15.83,4,45.214,65.969,44.899,71.57300000000001,131.409,134.148,65.2,55.1,29.7,100.8,67.9,87.9,96.0,87.9,95.0,92.087,94.7,20.072000000000003,5,5,5,33.336
15.85,4,45.148,65.498,44.791,70.91,131.339,134.04899999999998,65.2,55.1,29.7,100.8,67.9,87.9,96.0,87.9,95.0,92.093,94.7,20.174,5,5,5,33.328
15.87,4,44.971,65.61600000000001,44.733000000000004,70.67699999999999,131.29700000000003,133.874,65.2,55.1,29.7,100.8,67.9,87.9,96.0,87.9,95.0,92.096,94.7,20.082,5,5,5,33.325
15.89,4,44.887,65.88300000000001,44.76,70.309,131.144,133.937,65.2,55.1,29.7,100.8,67.9,87.9,96.069,87.9,95.0,92.098,94.7,20.037,5,5,5,33.325
15.91,4,45.014,65.926,44.732,70.007,131.13,133.812,65.2,55.1,29.7,100.8,67.9,87.9,96.126,87.9,95.0,92.09899999999999,94.7,20.055,5,5,5,33.322
15.93,4,44.786,65.544,44.688,69.615,131.06,133.712,65.2,55.1,29.7,100.8,67.9,87.9,96.158,87.9,95.025,92.09899999999999,94.7,20.177,5,5,5,33.315
15.95,4,45.001,65.811,44.736,69.17699999999999,130.83499999999998,133.63799999999998,65.2,55.1,29.7,100.8,67.9,87.9,96.17699999999999,87.9,95.102,92.1,94.7,20.143,5,5,5,33.315
15.97,4,44.723,65.53399999999999,44.68,67.925,130.73700000000002,133.575,65.2,55.1,29.7,100.5,67.8,87.9,96.187,87.9,95.145,92.1,94.7,19.98,5,5,5,33.32
15.99,4,44.584,66.18100000000001,44.736999999999995,66.774,130.611,133.375,65.2,55.1,29.7,100.5,67.8,87.9,96.193,87.9,95.169,92.1,94.7,19.738,5,5,5,33.359
16.01,4,44.876999999999995,65.71100000000001,44.534,64.84700000000001,130.526,133.363,65.2,55.1,29.7,100.5,67.8,87.9,96.196,87.9,95.182,92.1,94.7,19.851,5,5,5,33.426
16.03,4,45.01,66.399,44.594,66.512,130.442,133.213,65.2,55.1,29.7,100.5,67.8,87.9,96.19800000000001,87.9,95.19,92.1,94.7,19.786,5,5,5,33.493
16.05,4,44.988,65.861,44.416,64.148,130.498,133.325,65.2,55.1,29.7,100.5,67.8,87.9,96.199,87.9,95.194,92.1,94.7,20.07,5,5,5,33.508
16.07,4,44.859,65.965,44.537,65.81,130.428,133.163,65.2,55.1,29.7,100.5,67.8,87.9,96.199,87.9,95.197,92.1,94.7,19.973,5,5,5,33.519000000000005
16.09,4,44.716,66.171,44.552,64.99600000000001,130.35700000000003,133.188,65.2,55.1,29.7,100.5,67.8,87.9,96.2,87.9,95.19800000000001,92.1,94.7,20.021,5,5,5,33.519999999999996
16.11,4,45.241,65.83,44.205,65.68,130.23000000000002,133.05,65.2,55.1,29.7,100.5,67.8,87.9,96.2,87.9,95.199,92.1,94.7,19.982999999999997,5,5,5,33.512
16.13,4,44.516,65.83600000000001,44.463,65.688,130.173,132.962,65.2,55.1,29.7,100.5,67.8,87.9,96.2,87.9,95.199,92.1,94.7,19.954,5,5,5,33.519999999999996
16.15,4,44.953,66.168,44.306999999999995,64.463,130.046,132.98700000000002,65.2,55.1,29.7,100.5,67.8,87.9,96.2,87.9,95.2,92.1,94.7,19.874000000000002,5,5,5,33.516
16.17,4,44.838,65.82300000000001,44.34,64.795,129.904,132.711,65.2,55.1,29.7,100.5,67.8,87.9,96.2,87.9,95.2,92.1,94.7,19.768,5,5,5,33.563
16.19,4,44.934,66.248,44.202,62.354,129.70499999999998,132.559,65.2,55.1,29.7,100.5,67.8,87.9,96.2,87.9,95.2,92.1,94.7,19.729,5,5,5,33.576
16.21,4,44.555,65.957,44.34,64.845,129.81900000000002,132.69799999999998,65.2,55.1,29.7,100.5,67.8,87.9,96.2,87.9,95.2,92.1,94.7,20.099,5,5,5,33.641
16.23,4,44.580999999999996,65.75999999999999,44.3,63.668,129.805,132.648,65.2,55.1,29.7,100.5,67.8,87.9,96.2,87.9,95.2,92.1,94.7,20.157,5,5,5,33.638000000000005
16.25,4,44.321,66.05699999999999,44.064,64.003,129.72,132.58499999999998,65.2,55.1,29.7,100.5,67.8,87.9,96.2,87.9,95.2,92.1,94.7,19.961,5,5,5,33.637
16.27,4,44.652,66.036,44.125,64.529,129.62,132.48399999999998,65.2,55.1,29.7,100.5,67.8,87.9,96.2,87.9,95.2,92.1,94.7,19.919,5,5,5,33.641
16.29,4,44.171,65.935,44.175,65.753,129.563,132.496,65.2,55.1,29.7,100.5,67.8,87.987,96.2,87.9,95.2,92.1,94.7,19.944000000000003,5,5,5,33.641999999999996
16.31,4,44.714,66.02199999999999,44.116,67.197,129.449,132.39600000000002,65.2,55.1,29.7,100.5,67.8,88.03699999999999,96.2,87.9,95.2,92.1,94.7,19.994999999999997,5,5,5,33.647
16.33,4,44.598,65.926,44.113,66.58699999999999,129.363,132.30700000000002,65.2,55.1,29.7,100.5,67.8,88.064,96.2,87.9,95.2,92.1,94.7,20.125,5,5,5,33.608000000000004
16.35,4,44.652,65.685,43.952,66.809,129.33499999999998,132.231,65.2,55.1,29.7,100.5,67.8,88.08,96.2,87.9,95.2,92.1,94.7,20.036,5,5,5,33.585
16.37,4,44.493,65.81800000000001,44.105,67.252,129.23399999999998,132.13,65.2,55.1,29.7,100.5,67.8,88.089,96.2,87.9,95.2,92.1,94.7,19.933,5,5,5,33.572
16.39,4,44.297,66.003,43.853,68.207,129.17700000000002,132.054,65.2,55.1,29.7,100.5,67.8,88.094,96.2,87.9,95.2,92.1,94.7,19.985999999999997,5,5,5,33.536
16.41,4,43.955999999999996,66.291,43.94,67.87100000000001,129.048,132.01600000000002,65.2,55.1,29.7,100.5,67.8,88.096,96.2,87.9,95.2,92.1,94.7,20.05,5,5,5,33.489000000000004
16.43,4,44.346,65.752,43.8,68.779,129.062,132.004,65.2,55.1,29.7,100.5,67.8,88.098,96.2,87.9,95.2,92.1,94.7,19.862000000000002,5,5,5,33.465
16.45,4,44.229,65.803,43.732,69.391,128.89,131.813,65.2,55.1,29.7,100.5,67.8,88.09899999999999,96.2,87.9,95.2,92.1,94.7,20.180999999999997,5,5,5,33.475
16.47,4,44.236999999999995,66.11500000000001,43.626,68.799,128.847,131.73700000000002,65.2,55.1,29.7,100.5,67.8,88.09899999999999,96.2,87.9,95.2,92.1,94.7,20.211,5,5,5,33.447
16.49,4,43.817,65.911,44.029,69.068,128.76100000000002,131.686,65.2,55.1,29.7,100.5,67.8,88.1,96.2,87.9,95.2,92.1,94.7,19.7,5,5,5,33.414
16.51,4,44.533,65.39,43.821999999999996,69.018,128.73200000000003,131.63600000000002,65.2,55.1,29.7,100.5,67.8,88.1,96.2,87.9,95.2,92.1,94.7,19.131,5,5,5,33.4
16.53,4,44.255,65.951,43.571999999999996,70.456,128.64499999999998,131.54700000000003,65.2,55.1,29.7,100.5,67.8,88.1,96.2,87.9,95.2,92.1,94.7,19.137,5,5,5,33.385999999999996
16.55,4,44.387,65.588,43.885,70.041,128.515,131.52100000000002,65.2,55.1,29.7,100.5,67.8,88.1,96.2,87.9,95.2,92.1,94.78699999999999,18.9,5,5,5,33.374
16.57,4,44.149,65.65,43.722,70.719,128.44299999999998,131.483,65.2,55.1,29.7,100.5,67.8,88.1,96.2,87.9,95.2,92.1,94.837,19.023,5,5,5,33.357
16.59,4,44.071999999999996,65.917,43.716,70.557,128.429,131.407,65.2,55.1,29.7,100.5,67.8,88.1,96.2,87.9,95.2,92.1,94.86399999999999,18.872999999999998,5,5,5,33.346999999999994
16.61,4,43.76,65.982,43.586,70.954,128.269,131.279,65.2,55.1,29.7,100.5,67.8,88.1,96.2,87.9,95.2,92.1,94.88,19.134999999999998,5,5,5,33.339
16.63,4,44.106,65.69,43.804,70.37899999999999,128.269,131.17700000000002,65.2,55.1,29.7,100.5,67.8,88.1,96.2,87.9,95.2,92.1,94.889,19.009999999999998,5,5,5,33.305
16.65,4,43.74,65.744,43.6,70.755,128.153,131.19,65.2,55.1,29.7,100.5,67.8,88.1,96.2,87.9,95.2,92.1,94.89399999999999,19.000999999999998,5,5,5,33.293000000000006
16.67,4,44.113,66.298,43.585,70.384,128.08100000000002,131.126,65.2,55.1,29.7,100.5,67.8,88.1,96.2,87.9,95.2,92.1,94.896,19.095999999999997,5,5,5,33.296
16.69,4,43.846,65.588,43.399,70.5,128.00799999999998,131.036,65.2,55.1,29.7,100.5,67.8,88.1,96.2,87.9,95.2,92.1,94.898,19.145,5,5,5,33.294
16.71,4,43.949,65.80699999999999,43.74,69.92699999999999,127.789,130.947,65.2,55.1,29.7,100.5,67.8,88.1,96.2,87.9,95.2,92.1,94.899,19.035,5,5,5,33.284000000000006
16.73,4,43.836,65.446,43.382,67.753,127.61399999999999,130.755,65.2,55.1,29.7,100.5,67.8,88.1,96.2,87.9,95.2,92.1,94.899,18.945999999999998,5,5,5,33.304
16.75,4,43.505,66.05699999999999,43.469,66.16,127.68700000000001,130.81900000000002,65.2,55.1,29.7,100.5,67.8,88.1,96.2,87.9,95.2,92.1,94.9,19.014000000000003,5,5,5,33.348
16.77,4,43.363,65.626,43.625,66.636,127.40899999999999,130.485,65.2,55.1,29.7,100.5,67.8,88.1,96.2,87.9,95.2,92.1,94.9,18.634999999999998,5,5,5,33.41
16.79,4,43.372,65.41399999999999,43.264,65.402,127.541,130.66500000000002,65.2,55.1,29.7,100.5,67.8,88.1,96.2,87.9,95.2,92.1,94.9,18.93,5,5,5,33.44199999999999
16.81,4,43.328,65.577,43.376,66.38399999999999,127.541,130.69,65.2,55.1,29.7,100.5,67.8,88.1,96.2,87.9,95.2,92.1,94.9,19.032,5,5,5,33.449
16.83,4,43.531,65.503,43.378,65.345,127.512,130.54899999999998,65.2,55.1,29.7,100.5,67.8,88.1,96.2,87.9,95.2,92.1,94.9,19.11,5,5,5,33.449
16.85,4,43.754,65.61,43.404,66.265,127.38,130.472,65.2,55.1,29.7,100.5,67.8,88.1,96.2,87.9,95.2,92.1,94.9,19.164,5,5,5,33.445
16.87,4,43.398,66.199,43.288000000000004,64.934,127.17399999999999,130.33100000000002,65.2,55.1,29.7,100.5,67.8,88.1,96.2,87.9,95.2,92.1,94.9,18.852,5,5,5,33.447
16.89,4,43.569,66.10499999999999,43.257,63.732,127.012,130.202,65.2,55.1,29.7,100.5,67.8,88.1,96.2,87.9,95.2,92.1,94.9,19.125999999999998,5,5,5,33.459
16.91,4,43.243,65.763,43.321999999999996,63.66,126.99700000000001,130.227,65.2,55.1,29.7,100.5,67.8,88.1,96.2,87.9,95.2,92.1,94.9,19.112000000000002,5,5,5,33.510999999999996
16.93,4,42.923,65.707,43.311,62.108999999999995,127.056,130.202,65.2,55.1,29.7,100.5,67.8,88.1,96.2,87.9,95.2,92.1,94.9,19.229,5,5,5,33.590999999999994
16.95,4,43.135999999999996,65.85300000000001,43.285,63.455,126.89399999999999,130.08499999999998,65.2,55.1,29.7,100.5,67.8,88.1,96.2,87.9,95.2,92.1,94.9,19.199,5,5,5,33.688
16.97,4,43.216,65.543,43.265,61.711999999999996,126.76100000000001,129.93,65.2,55.1,29.7,100.5,67.8,88.1,96.2,87.9,95.2,92.1,94.9,19.217,5,5,5,33.717
16.99,4,43.223,65.338,43.281,63.415,126.89399999999999,130.06,65.2,55.1,29.7,100.5,67.8,88.1,96.2,87.9,95.2,92.1,94.9,19.441,5,5,5,33.747
17.01,4,42.606,65.68,42.998000000000005,62.325,126.85,129.95600000000002,65.2,55.1,29.7,100.5,67.8,88.1,96.2,87.9,95.2,92.1,94.9,19.583,5,5,5,33.754000000000005
17.03,4,42.624,65.405,43.214,63.214,126.71600000000001,129.86599999999999,65.2,55.1,29.7,100.5,67.8,88.1,96.2,87.9,95.2,92.1,94.9,19.497999999999998,5,5,5,33.751999999999995
17.05,4,43.075,65.486,43.162,64.083,126.67200000000001,129.801,65.2,55.1,29.7,100.5,67.8,88.1,96.2,87.9,95.2,92.1,94.9,19.809,5,5,5,33.747
17.07,4,42.723,65.697,43.084,64.346,126.583,129.723,65.2,55.1,29.7,100.5,67.8,88.1,96.2,87.9,95.2,92.1,94.9,19.831,5,5,5,33.736999999999995
17.09,4,42.324,65.064,42.983000000000004,63.43,126.435,129.51600000000002,65.2,55.1,29.7,100.5,67.8,88.1,96.2,87.9,95.2,92.1,94.9,19.656,5,5,5,33.732
17.11,4,42.641999999999996,65.697,42.986,64.438,126.449,129.555,65.2,55.1,29.7,100.5,67.8,88.1,96.2,87.9,95.2,92.1,94.9,19.898,5,5,5,33.732
17.13,4,42.714,65.584,42.946999999999996,63.831,126.405,129.593,65.2,55.1,29.7,100.5,67.8,88.1,96.2,87.95,95.2,92.1,94.9,19.892000000000003,5,5,5,33.734
17.15,4,42.967,66.002,42.832,64.924,126.301,129.425,65.2,55.1,29.7,100.5,67.8,88.1,96.2,88.016,95.2,92.1,94.9,20.045,5,5,5,33.717
17.17,4,42.687,65.16499999999999,43.114000000000004,65.281,126.181,129.399,65.2,55.1,29.7,100.5,67.8,88.1,96.2,88.053,95.2,92.1,94.9,20.008,5,5,5,33.698
17.19,4,42.900999999999996,65.88,42.96,66.346,126.166,129.38600000000002,65.2,55.1,29.7,100.5,67.8,88.1,96.2,88.07300000000001,95.2,92.1,94.9,20.052,5,5,5,33.650999999999996
17.21,4,42.298,65.61,43.031,66.516,126.06200000000001,129.333,65.2,55.1,29.7,100.5,67.8,88.1,96.2,88.085,95.2,92.1,94.9,20.125999999999998,5,5,5,33.605999999999995
17.23,4,42.949,65.39699999999999,42.681,67.065,126.04700000000001,129.255,65.2,55.1,29.7,100.5,67.8,88.1,96.2,88.092,95.2,92.1,94.9,20.084000000000003,5,5,5,33.583
17.25,4,42.433,65.41300000000001,42.836999999999996,67.40299999999999,125.98700000000001,129.151,65.2,55.1,29.7,100.5,67.8,88.1,96.2,88.095,95.2,92.1,94.9,19.954,5,5,5,33.539
17.27,4,42.909,65.608,42.959,67.441,125.852,129.06,65.2,55.1,29.7,100.5,67.8,88.1,96.2,88.097,95.2,92.1,94.9,19.999000000000002,5,5,5,33.482
17.29,4,42.497,65.429,42.797,68.042,125.822,129.02100000000002,65.2,55.1,29.7,100.5,67.8,88.1,96.2,88.098,95.2,92.1,94.9,19.939999999999998,5,5,5,33.468
17.31,4,42.659,65.476,42.764,67.075,125.73200000000001,128.86399999999998,65.2,55.1,29.7,100.5,67.8,88.1,96.2,88.09899999999999,95.2,92.1,94.9,20.092,5,5,5,33.468
17.33,4,42.094,64.959,42.821999999999996,66.42699999999999,125.56700000000001,128.64100000000002,65.2,55.1,29.7,100.5,67.8,88.1,96.2,88.1,95.2,92.1,94.9,19.985999999999997,5,5,5,33.465999999999994
17.35,4,42.318000000000005,65.39,42.806,65.35300000000001,125.416,128.54899999999998,65.2,55.1,29.7,100.5,67.8,88.1,96.2,88.1,95.2,92.1,94.9,19.854,5,5,5,33.463
17.37,4,42.21,65.658,42.633,65.112,125.507,128.615,65.2,55.1,29.7,100.5,67.8,88.1,96.2,88.1,95.2,92.1,94.9,19.941,5,5,5,33.493
17.39,4,42.162,65.50999999999999,42.801,64.71199999999999,125.58200000000001,128.733,65.2,55.1,29.7,100.5,67.8,88.1,96.28699999999999,88.1,95.2,92.1,94.9,20.174,5,5,5,33.503
17.41,4,42.004,65.611,42.681999999999995,64.584,125.32600000000001,128.602,65.2,55.1,29.7,100.5,67.8,88.1,96.337,88.1,95.2,92.1,94.9,20.074,5,5,5,33.506
17.43,4,42.056,65.201,42.788000000000004,66.658,125.311,128.497,65.2,55.1,29.7,100.5,67.8,88.1,96.36399999999999,88.1,95.2,92.1,94.9,19.98,5,5,5,33.5
17.45,4,42.135,65.595,42.721,66.078,125.295,128.589,65.2,55.1,29.7,100.5,67.8,88.1,96.38,88.1,95.2,92.1,94.9,20.069000000000003,5,5,5,33.498000000000005
17.47,4,41.844,65.237,42.665,66.85499999999999,125.295,128.51,65.2,55.1,29.7,100.5,67.8,88.1,96.389,88.1,95.2,92.1,94.9,20.333,5,5,5,33.492
17.49,4,41.823,65.30799999999999,42.716,67.144,125.11399999999999,128.32600000000002,65.2,55.1,29.7,100.5,67.8,88.1,96.39399999999999,88.1,95.2,92.1,94.9,19.404000000000003,5,5,5,33.476
17.51,4,42.169000000000004,65.58699999999999,42.524,67.191,124.993,128.26,65.2,55.1,29.7,100.5,67.8,88.1,96.396,88.1,95.2,92.1,94.9,18.664,5,5,5,33.469
17.53,4,41.944,65.407,42.51,67.58,124.962,128.26,65.2,55.1,29.7,100.5,67.8,88.1,96.398,88.1,95.2,92.1,94.9,18.610999999999997,5,5,5,33.477
17.55,4,42.051,65.059,42.437,67.803,124.90100000000001,128.26,65.2,55.1,29.7,100.5,67.8,88.1,96.399,88.1,95.2,92.1,94.9,18.91,5,5,5,33.458
17.57,4,42.119,64.945,42.431999999999995,68.654,124.825,128.168,65.2,55.1,29.7,100.5,67.8,88.1,96.399,88.1,95.2,92.1,94.9,18.95,5,5,5,33.443
17.59,4,41.774,65.525,42.555,68.737,124.749,128.102,65.2,55.1,29.7,100.5,67.8,88.1,96.4,88.1,95.2,92.1,94.9,17.939,5,5,5,33.412
17.61,4,41.973,64.872,42.491,69.111,124.719,127.93,65.2,55.1,29.7,100.5,67.8,88.1,96.4,88.1,95.2,92.1,94.9,17.572000000000003,5,5,5,33.394000000000005
17.63,4,41.921,65.09,42.678000000000004,68.947,124.65799999999999,127.87700000000001,65.2,55.1,29.7,100.5,67.8,88.1,96.4,88.1,95.2,92.1,94.9,18.026,5,5,5,33.384
17.65,4,41.699,64.67699999999999,42.553000000000004,69.33800000000001,124.59700000000001,127.87700000000001,65.2,55.1,29.7,100.5,67.8,88.1,96.4,88.1,95.2,92.1,94.9,18.039,5,5,5,33.376
17.67,4,41.802,64.743,42.291,69.863,124.505,127.78399999999999,65.2,55.1,29.7,100.5,67.8,88.1,96.4,88.1,95.2,92.1,94.9,18.231,5,5,5,33.36
17.69,4,42.07,65.36699999999999,42.403,70.086,124.428,127.758,65.2,55.1,29.7,100.5,67.8,88.1,96.4,88.1,95.2,92.1,94.9,17.695999999999998,5,5,5,33.324
17.71,4,42.145,65.327,42.405,70.312,124.29,127.73100000000001,65.2,55.1,29.7,100.5,67.8,88.1,96.4,88.1,95.2,92.1,94.9,17.074,5,5,5,33.309
17.73,4,41.501999999999995,64.625,42.439,69.929,124.336,127.59899999999999,65.2,55.1,29.7,100.5,67.8,88.1,96.4,88.1,95.2,92.1,94.9,18.086,5,5,5,33.296
17.75,4,41.513000000000005,65.219,42.45,70.342,124.275,127.705,65.2,55.1,29.7,100.5,67.8,88.1,96.4,88.1,95.225,92.1,94.9,18.392000000000003,5,5,5,33.285
17.77,4,41.216,64.892,42.266,70.236,124.18299999999999,127.572,65.2,55.1,29.7,100.5,67.8,88.1,96.4,88.1,95.30199999999999,92.1,94.9,18.038,5,5,5,33.275
17.79,4,41.774,65.09100000000001,42.41,70.482,124.214,127.439,65.2,55.1,29.7,100.5,67.8,88.1,96.4,88.1,95.345,92.1,94.9,16.969,5,5,5,33.253
17.81,4,41.64,65.191,42.146,70.13,124.12100000000001,127.413,65.2,55.1,29.7,100.5,67.8,88.1,96.4,88.1,95.369,92.1,94.9,16.915,5,5,5,33.241
17.83,4,41.393,65.281,42.213,70.26,124.029,127.38600000000001,65.2,55.1,29.7,100.5,67.8,88.1,96.4,88.1,95.382,92.1,94.9,17.765,5,5,5,33.234
17.85,4,41.371,64.65899999999999,42.408,69.789,123.96700000000001,127.37299999999999,65.2,55.1,29.7,100.5,67.8,88.1,96.4,88.1,95.39,92.1,94.9,17.993000000000002,5,5,5,33.233000000000004
17.87,4,41.3,65.206,42.358000000000004,70.331,123.89,127.333,65.2,55.1,29.7,100.5,67.8,88.1,96.4,88.1,95.39399999999999,92.1,94.9,17.264000000000003,5,5,5,33.236999999999995
17.89,4,41.168,65.077,42.204,70.059,123.829,127.24,65.2,55.1,29.7,100.5,67.8,88.1,96.4,88.1,95.39699999999999,92.1,94.9,16.558,5,5,5,33.224000000000004
17.91,4,41.272,65.204,42.269,70.337,123.78200000000001,127.17299999999999,65.2,55.1,29.7,100.5,67.8,88.1,96.4,88.1,95.398,92.1,94.9,16.45,5,5,5,33.22
17.93,4,41.037,65.07300000000001,42.207,70.072,123.76700000000001,127.12,65.2,55.1,29.7,100.5,67.8,88.1,96.4,88.1,95.399,92.1,94.9,17.496,5,5,5,33.215
17.95,4,41.29,65.029,42.147,69.824,123.705,127.053,65.2,55.1,29.7,100.5,67.8,88.1,96.4,88.1,95.399,92.1,94.9,17.706,5,5,5,33.213
17.97,4,41.193000000000005,64.594,41.926,69.405,123.62700000000001,127.0,65.2,55.2,29.7,100.3,67.8,88.1,96.4,88.1,95.4,92.1,94.9,17.15,5,5,5,33.213
17.99,4,40.988,65.27000000000001,42.227,69.52,123.51899999999999,126.93299999999999,65.2,55.2,29.7,100.3,67.8,88.1,96.4,88.1,95.4,92.1,94.9,16.64,5,5,5,33.214
18.01,4,41.007,64.737,42.098,69.827,123.50299999999999,126.906,65.2,55.2,29.7,100.3,67.8,88.1,96.4,88.1,95.4,92.1,94.9,16.576,5,5,5,33.215999999999994
18.03,4,40.575,64.981,42.102,69.748,123.488,126.87899999999999,65.2,55.2,29.7,100.3,67.8,88.1,96.4,88.1,95.4,92.1,94.9,17.430999999999997,5,5,5,33.198
18.05,4,40.847,65.408,42.028,69.798,123.39399999999999,126.81200000000001,65.2,55.2,29.7,100.3,67.8,88.1,96.4,88.1,95.4,92.1,94.9,17.622,5,5,5,33.197
18.07,4,41.012,64.81700000000001,42.014,69.337,123.25399999999999,126.745,65.2,55.2,29.7,100.3,67.8,88.1,96.4,88.1,95.4,92.1,94.9,16.783,5,5,5,33.197
18.09,4,40.84,64.982,41.928000000000004,69.075,123.176,126.65100000000001,65.2,55.2,29.7,100.3,67.8,88.1,96.4,88.1,95.4,92.1,94.9,16.46,5,5,5,33.197
18.11,4,40.911,64.588,41.878,69.225,123.06700000000001,126.571,65.2,55.2,29.7,100.3,67.8,88.1,96.4,88.1,95.4,92.1,94.9,16.691,5,5,5,33.197
18.13,4,40.883,65.359,41.683,69.266,123.036,126.53,65.2,55.2,29.7,100.3,67.8,88.1,96.4,88.1,95.4,92.1,94.9,17.076999999999998,5,5,5,33.193
18.15,4,40.374,65.234,41.9,69.404,122.94200000000001,126.436,65.2,55.2,29.7,100.3,67.8,88.1,96.4,88.1,95.4,92.1,94.9,17.521,5,5,5,33.202
18.17,4,40.679,64.72399999999999,41.938,69.608,122.926,126.45,65.2,55.2,29.7,100.3,67.8,88.1,96.4,88.1,95.4,92.15,94.9,16.633,5,5,5,33.194
18.19,4,40.553000000000004,64.929,41.874,69.304,122.895,126.302,65.2,55.2,29.7,100.3,67.8,88.1,96.4,88.1,95.4,92.21600000000001,94.9,16.319000000000003,5,5,5,33.19199999999999
18.21,4,40.556999999999995,64.697,41.782,69.32,122.801,126.275,65.2,55.2,29.7,100.3,67.8,88.1,96.4,88.1,95.4,92.253,94.9,16.848,5,5,5,33.196
18.23,4,40.381,64.661,41.812,68.697,122.691,126.302,65.2,55.2,29.7,100.3,67.8,88.1,96.4,88.1,95.4,92.273,94.9,17.481,5,5,5,33.193
18.25,4,40.05,64.971,41.884,68.856,122.62799999999999,126.167,65.2,55.2,29.7,100.3,67.8,88.1,96.4,88.1,95.4,92.285,94.9,17.378,5,5,5,33.197
18.27,4,40.287,64.453,41.755,69.161,122.53299999999999,126.113,65.2,55.2,29.7,100.3,67.8,88.1,96.4,88.1,95.4,92.292,94.9,16.653,5,5,5,33.196
18.29,4,40.205,64.305,41.709,69.03699999999999,122.61200000000001,126.086,65.2,55.2,29.7,100.3,67.8,88.1,96.4,88.1,95.4,92.295,94.9,16.267000000000003,5,5,5,33.196
18.31,4,40.255,64.53800000000001,41.81,69.185,122.50200000000001,126.086,65.2,55.2,29.7,100.3,67.8,88.1,96.4,88.1,95.4,92.297,94.9,16.826999999999998,5,5,5,33.193
18.33,4,40.387,64.53800000000001,41.715,68.892,122.47,126.01799999999999,65.2,55.2,29.7,100.3,67.8,88.1,96.4,88.1,95.4,92.29899999999999,94.9,17.293,5,5,5,33.193
18.35,4,40.186,65.291,41.73,68.896,122.359,125.85600000000001,65.2,55.2,29.7,100.3,67.8,88.1,96.4,88.1,95.4,92.29899999999999,94.9,17.344,5,5,5,33.19199999999999
18.37,4,39.78,64.888,41.841,68.89,122.28,125.84200000000001,65.2,55.2,29.7,100.3,67.8,88.1,96.4,88.1,95.4,92.3,94.9,16.532,5,5,5,33.195
18.39,4,40.103,64.265,41.699,69.074,122.296,125.883,65.2,55.2,29.7,100.3,67.8,88.1,96.4,88.1,95.4,92.3,94.9,16.258,5,5,5,33.196
18.41,4,40.039,64.473,41.474000000000004,69.047,122.15299999999999,125.734,65.2,55.2,29.7,100.3,67.8,88.1,96.4,88.1,95.4,92.3,94.9,16.945,5,5,5,33.193
18.43,4,39.87,64.57,41.477,69.256,122.10600000000001,125.734,65.2,55.2,29.7,100.3,67.8,88.1,96.4,88.1,95.4,92.3,94.9,17.389000000000003,5,5,5,33.186
18.45,4,39.738,64.386,41.616,68.36,121.915,125.679,65.2,55.2,29.7,100.3,67.8,88.1,96.4,88.1,95.4,92.3,94.9,17.058,5,5,5,33.191
18.47,4,39.84,64.226,41.650999999999996,68.787,121.883,125.652,65.2,55.2,29.7,100.3,67.8,88.1,96.4,88.1,95.4,92.3,94.9,16.426,5,5,5,33.178
18.49,4,39.95,64.321,41.354,68.049,121.915,125.625,65.2,55.2,29.7,100.3,67.8,88.1,96.4,88.1,95.4,92.3,94.9,17.198,5,5,5,33.179
18.51,4,39.882,63.924,41.608000000000004,68.61500000000001,121.835,125.557,65.2,55.2,29.7,100.3,67.8,88.1,96.4,88.1,95.4,92.3,94.9,16.133,5,5,5,33.178
18.53,4,39.938,64.487,41.5,68.7,121.756,125.435,65.2,55.2,29.7,100.3,67.8,88.188,96.4,88.1,95.4,92.3,94.9,16.476,5,5,5,33.176
18.55,4,39.549,64.489,41.361999999999995,68.61,121.66,125.516,65.2,55.2,29.7,100.3,67.8,88.237,96.4,88.1,95.4,92.3,94.9,16.756,5,5,5,33.179
18.57,4,39.510999999999996,64.937,41.523,69.102,121.58,125.367,65.2,55.2,29.7,100.3,67.8,88.264,96.4,88.1,95.4,92.3,94.9,15.811,5,5,5,33.181
18.59,4,39.495,64.506,41.391,68.97,121.61200000000001,125.31200000000001,65.2,55.2,29.7,100.3,67.8,88.28,96.4,88.1,95.4,92.3,94.9,15.64,5,5,5,33.187
18.61,4,39.42,64.59899999999999,41.407,68.96600000000001,121.46700000000001,125.175,65.2,55.2,29.7,100.3,67.8,88.289,96.4,88.1,95.4,92.3,94.9,16.403,5,5,5,33.186
18.63,4,39.509,64.217,41.47,69.035,121.53200000000001,125.20299999999999,65.2,55.2,29.7,100.3,67.8,88.294,96.4,88.1,95.4,92.3,94.9,15.7,5,5,5,33.186
18.65,4,39.766,64.015,41.229,69.25399999999999,121.419,125.162,65.2,55.2,29.7,100.3,67.8,88.296,96.4,88.1,95.4,92.3,94.9,15.171,5,5,5,33.187
18.67,4,39.488,65.12899999999999,41.352,69.344,121.323,125.052,65.2,55.2,29.7,100.3,67.8,88.298,96.4,88.1,95.4,92.3,94.9,16.09,5,5,5,33.189
18.69,4,39.444,64.50800000000001,41.409,69.346,121.307,124.99799999999999,65.2,55.2,29.7,100.3,67.8,88.29899999999999,96.4,88.1,95.4,92.3,94.9,15.831,5,5,5,33.19
18.71,4,39.326,64.576,41.412,69.125,121.21,124.943,65.2,55.2,29.7,100.3,67.8,88.29899999999999,96.4,88.1,95.4,92.3,94.987,15.107000000000001,5,5,5,33.191
18.73,4,38.844,64.301,41.299,69.148,121.226,124.861,65.2,55.2,29.7,100.3,67.8,88.3,96.4,88.1,95.4,92.3,95.03699999999999,16.042,5,5,5,33.186
18.75,4,39.591,63.883,41.114000000000004,69.043,121.146,124.77799999999999,65.2,55.2,29.7,100.3,67.8,88.3,96.4,88.1,95.4,92.3,95.064,16.219,5,5,5,33.191
18.77,4,38.815,64.578,41.555,69.457,121.113,124.73700000000001,65.2,55.2,29.7,100.3,67.8,88.3,96.4,88.1,95.4,92.3,95.08,15.186,5,5,5,33.191
18.79,4,38.727,64.364,41.365,69.63600000000001,121.0,124.682,65.2,55.2,29.7,100.3,67.8,88.3,96.4,88.1,95.4,92.3,95.089,15.731,5,5,5,33.184
18.81,4,39.335,63.96,41.309,69.449,120.854,124.62700000000001,65.2,55.2,29.7,100.3,67.8,88.3,96.4,88.1,95.4,92.3,95.094,16.219,5,5,5,33.179
18.83,4,38.944,64.32,41.44,69.497,120.87100000000001,124.59899999999999,65.2,55.2,29.7,100.3,67.8,88.3,96.4,88.1,95.4,92.3,95.096,15.206,5,5,5,33.181
18.85,4,39.099000000000004,63.945,41.245,69.377,120.741,124.59899999999999,65.2,55.2,29.7,100.3,67.8,88.3,96.4,88.1,95.4,92.3,95.098,15.28,5,5,5,33.177
18.87,4,38.875,64.24600000000001,41.14,69.072,120.676,124.586,65.2,55.2,29.7,100.3,67.8,88.3,96.4,88.1,95.4,92.3,95.09899999999999,16.227,5,5,5,33.175
18.89,4,38.665,64.32,41.238,69.543,120.611,124.462,65.2,55.2,29.7,100.3,67.8,88.3,96.4,88.1,95.4,92.3,95.09899999999999,15.21,5,5,5,33.177
18.91,4,39.041,64.377,41.271,69.315,120.529,124.351,65.2,55.2,29.7,100.3,67.8,88.3,96.4,88.1,95.4,92.3,95.1,14.91,5,5,5,33.18
18.93,4,38.674,64.035,41.207,69.583,120.62700000000001,124.351,65.2,55.2,29.7,100.3,67.8,88.3,96.4,88.1,95.4,92.3,95.1,15.956,5,5,5,33.17
18.95,4,38.609,64.55,41.161,69.251,120.611,124.31,65.2,55.2,29.7,100.3,67.8,88.3,96.4,88.1,95.4,92.3,95.1,15.215,5,5,5,33.171
18.97,4,38.974000000000004,63.949,40.953,69.043,120.448,124.227,65.2,55.2,29.7,100.3,67.8,88.3,96.4,88.1,95.4,92.3,95.1,14.774,5,5,5,33.171
18.99,4,38.854,63.982,40.984,68.388,120.529,124.116,65.2,55.2,29.7,100.3,67.8,88.3,96.4,88.1,95.4,92.3,95.1,15.797,5,5,5,33.17
19.01,4,38.126999999999995,64.485,40.988,68.55199999999999,120.448,124.14399999999999,65.2,55.2,29.7,100.3,67.8,88.3,96.4,88.1,95.4,92.3,95.1,15.71,5,5,5,33.166
19.03,4,38.609,63.815,41.021,68.72800000000001,120.31700000000001,124.116,65.2,55.2,29.7,100.3,67.8,88.3,96.4,88.1,95.4,92.3,95.1,14.732999999999999,5,5,5,33.17
19.05,4,38.33,64.324,41.273,69.164,120.235,124.005,65.2,55.2,29.7,100.3,67.8,88.3,96.4,88.169,95.4,92.3,95.1,15.454,5,5,5,33.172
19.07,4,38.54,63.81399999999999,41.076,69.751,120.104,123.839,65.2,55.2,29.7,100.3,67.8,88.3,96.4,88.226,95.4,92.3,95.1,16.055999999999997,5,5,5,33.172
19.09,4,38.68,64.268,40.875,69.217,119.94,123.89399999999999,65.2,55.2,29.7,100.3,67.8,88.3,96.4,88.258,95.4,92.3,95.1,14.937000000000001,5,5,5,33.173
19.11,4,38.597,63.961999999999996,41.009,68.186,120.038,123.853,65.2,55.2,29.7,100.3,67.8,88.3,96.4,88.277,95.4,92.3,95.1,15.293,5,5,5,33.174
19.13,4,37.596,63.791000000000004,41.064,68.607,120.055,123.713,65.2,55.2,29.7,100.3,67.8,88.3,96.4,88.28699999999999,95.4,92.3,95.1,15.614,5,5,5,33.172
19.15,4,38.283,63.805,40.979,69.278,119.85700000000001,123.7,65.2,55.2,29.7,100.3,67.8,88.3,96.4,88.293,95.4,92.3,95.1,14.81,5,5,5,33.169
19.17,4,38.497,63.489,41.001,69.191,119.85700000000001,123.741,65.2,55.2,29.7,100.3,67.8,88.3,96.4,88.296,95.4,92.3,95.1,14.84,5,5,5,33.173
19.19,4,38.365,64.168,41.035,68.939,119.824,123.602,65.2,55.2,29.7,100.3,67.8,88.3,96.4,88.298,95.4,92.3,95.1,15.623,5,5,5,33.165
19.21,4,38.282,63.805,40.86,69.207,119.708,123.602,65.2,55.2,29.7,100.3,67.8,88.3,96.4,88.29899999999999,95.4,92.3,95.1,15.044,5,5,5,33.159000000000006
19.23,4,37.931,63.718999999999994,40.836999999999996,69.165,119.725,123.50399999999999,65.2,55.2,29.7,100.3,67.8,88.3,96.4,88.29899999999999,95.4,92.3,95.1,14.675,5,5,5,33.158
19.25,4,37.847,64.03800000000001,40.897,69.45,119.559,123.42,65.2,55.2,29.7,100.3,67.8,88.3,96.4,88.3,95.4,92.3,95.1,15.575,5,5,5,33.158
19.27,4,38.047,63.585,40.946999999999996,69.509,119.51,123.37799999999999,65.2,55.2,29.7,100.3,67.8,88.3,96.4,88.3,95.4,92.3,95.1,15.285,5,5,5,33.156
19.29,4,37.83,63.463,40.772,69.801,119.39299999999999,123.309,65.2,55.2,29.7,100.3,67.8,88.3,96.4,88.3,95.4,92.3,95.1,14.562000000000001,5,5,5,33.157
19.31,6,37.836999999999996,63.791000000000004,40.824,69.721,119.244,123.281,65.2,55.2,29.7,100.3,67.8,88.3,96.4,88.3,95.4,92.3,95.1,15.732999999999999,5,5,5,33.144000000000005
19.33,6,37.714,63.375,40.747,64.958,119.32700000000001,123.154,65.2,55.2,29.7,100.3,67.8,88.3,96.4,88.3,95.4,92.3,95.1,15.639000000000001,5,5,5,33.138000000000005
19.35,6,37.639,63.477,40.729,64.453,119.277,123.084,65.2,55.2,29.7,100.3,67.8,88.3,96.4,88.3,95.4,92.3,95.1,14.954,5,5,5,33.266999999999996
19.37,6,37.409,63.622,40.668,50.215,119.21,123.0,65.2,55.2,29.7,100.3,67.8,88.3,96.487,88.3,95.4,92.3,95.1,15.527000000000001,5,5,5,34.046
19.39,6,37.473,63.647,40.661,38.782,119.07700000000001,122.97200000000001,65.2,55.2,29.7,100.3,67.8,88.3,96.53699999999999,88.3,95.4,92.3,95.1,15.79,5,5,5,35.69199999999999
19.41,6,37.554,63.66,40.707,31.498,119.06,123.02799999999999,65.2,55.2,29.7,100.3,67.8,88.3,96.564,88.3,95.4,92.3,95.1,15.081,5,5,5,37.42
19.43,6,37.294000000000004,63.083999999999996,40.573,26.073,119.14399999999999,122.87299999999999,65.2,55.2,29.7,100.3,67.8,88.3,96.58,88.3,95.4,92.3,95.1,15.045,5,5,5,38.853
19.45,6,37.654,63.193000000000005,40.611999999999995,52.346000000000004,119.09299999999999,122.859,65.2,55.2,29.7,100.3,67.8,88.3,96.589,88.3,95.4,92.3,95.1,15.763,5,5,5,39.965
19.47,6,37.643,62.511,39.844,45.742,119.06,122.71799999999999,65.2,55.2,29.7,100.3,67.8,88.3,96.594,88.3,95.4,92.3,95.1,15.014,5,5,5,40.649
19.49,6,37.492,62.198,39.989000000000004,54.178999999999995,119.04299999999999,122.435,65.2,55.2,29.7,100.3,67.8,88.3,96.596,88.3,95.4,92.3,95.1,15.511,5,5,5,41.158
19.51,6,37.488,61.391999999999996,40.163000000000004,54.42100000000001,119.04299999999999,122.279,65.2,55.2,29.7,100.3,67.8,88.3,96.598,88.3,95.4,92.3,95.1,16.156,5,5,5,41.543000000000006
19.53,6,37.792,60.701,40.391999999999996,58.425,118.96,122.052,65.2,55.2,29.7,100.3,67.8,88.3,96.59899999999999,88.3,95.4,92.3,95.1,15.636,5,5,5,41.799
19.55,6,37.545,60.121,40.296,58.976000000000006,118.90899999999999,121.90899999999999,65.2,55.2,29.7,100.3,67.8,88.3,96.59899999999999,88.3,95.4,92.3,95.1,15.262,5,5,5,41.945
19.57,6,37.359,59.717,40.398,56.011,118.792,121.68,65.2,55.2,29.7,100.3,67.8,88.3,96.6,88.3,95.4,92.3,95.1,15.242,5,5,5,42.118
19.59,6,37.339,58.83,40.417,57.528,118.775,121.609,65.2,55.2,29.7,100.3,67.8,88.3,96.6,88.3,95.4,92.3,95.1,16.165,5,5,5,42.319
19.61,6,37.541,58.43600000000001,40.522,59.843999999999994,118.708,121.48,65.2,55.2,29.7,100.3,67.8,88.3,96.6,88.3,95.4,92.3,95.1,16.418,5,5,5,42.492
19.63,6,37.397,57.138999999999996,40.62,56.788999999999994,118.65700000000001,121.42200000000001,65.2,55.2,29.7,100.3,67.8,88.3,96.6,88.3,95.4,92.3,95.1,16.085,5,5,5,42.645
19.65,6,37.35,57.346000000000004,40.715,58.369,118.522,121.37899999999999,65.2,55.2,29.7,100.3,67.8,88.3,96.6,88.3,95.4,92.3,95.1,15.704,5,5,5,42.785
19.67,6,37.259,56.498000000000005,40.71,58.486000000000004,118.59,121.249,65.2,55.2,29.7,100.3,67.8,88.3,96.6,88.3,95.4,92.3,95.1,15.645,5,5,5,42.954
19.69,6,37.501999999999995,56.20399999999999,40.62,57.531000000000006,118.539,121.29299999999999,65.2,55.2,29.7,100.3,67.8,88.3,96.6,88.3,95.4,92.3,95.1,16.348,5,5,5,43.09
19.71,6,37.172,55.611999999999995,40.607,60.935,118.387,121.249,65.2,55.2,29.7,100.3,67.8,88.3,96.6,88.3,95.4,92.3,95.1,16.841,5,5,5,43.241
19.73,6,37.4,55.714,40.582,60.405,118.336,121.134,65.2,55.2,29.7,100.3,67.8,88.3,96.6,88.3,95.4,92.3,95.1,16.259,5,5,5,43.399
19.75,6,37.328,54.66,40.471,58.268,118.37,121.06200000000001,65.2,55.2,29.7,100.3,67.8,88.3,96.6,88.3,95.4,92.3,95.1,16.064999999999998,5,5,5,43.556999999999995
19.77,6,37.199,55.286,40.605,59.269,118.234,121.04700000000001,65.2,55.2,29.7,100.3,67.8,88.3,96.6,88.3,95.4,92.3,95.1,15.890999999999998,5,5,5,43.717
19.79,6,36.982,55.218999999999994,40.676,59.443999999999996,118.2,120.946,65.2,55.2,29.7,100.3,67.8,88.3,96.6,88.3,95.4,92.3,95.1,16.732,5,5,5,43.868
19.81,6,37.475,54.756,40.654,61.022,118.132,120.961,65.2,55.2,29.7,100.3,67.8,88.3,96.6,88.3,95.4,92.3,95.1,17.106,5,5,5,44.029
19.83,6,36.907,54.011,40.571999999999996,63.092,118.098,120.975,65.2,55.2,29.7,100.3,67.8,88.3,96.6,88.3,95.4,92.3,95.1,16.305999999999997,5,5,5,44.18
19.85,6,37.031,54.56,40.535,59.751999999999995,118.04700000000001,120.874,65.2,55.2,29.7,100.3,67.8,88.3,96.6,88.3,95.4,92.3,95.1,16.076,5,5,5,44.326
19.87,6,37.054,54.299,40.496,60.255,117.979,120.917,65.2,55.2,29.7,100.3,67.8,88.3,96.6,88.3,95.4,92.3,95.1,16.247999999999998,5,5,5,44.523
19.89,6,36.711,54.501000000000005,40.678000000000004,59.75899999999999,117.979,120.845,65.2,55.2,29.7,100.3,67.8,88.3,96.6,88.3,95.4,92.3,95.1,16.831,5,5,5,44.645
19.91,6,36.79,54.125,40.519,60.81,117.87700000000001,120.758,65.2,55.2,29.7,100.3,67.8,88.3,96.6,88.3,95.4,92.3,95.1,17.025,5,5,5,44.811
19.93,6,36.851,53.888999999999996,40.403,61.645,117.86,120.83,65.2,55.2,29.7,100.3,67.8,88.3,96.6,88.3,95.4,92.3,95.1,16.367,5,5,5,44.97
19.95,6,36.435,54.295,40.416,62.05,117.791,120.772,65.2,55.2,29.7,100.3,67.8,88.3,96.6,88.3,95.4,92.3,95.1,16.172,5,5,5,45.14
19.97,6,36.823,54.373000000000005,40.265,59.542,117.757,120.641,65.1,55.1,29.7,100.1,67.6,88.3,96.6,88.3,95.4,92.3,95.1,16.334000000000003,5,5,5,45.273
19.99,6,36.766,54.062,40.445,59.435,117.603,120.641,65.1,55.1,29.7,100.1,67.6,88.3,96.6,88.3,95.4,92.3,95.1,16.944000000000003,5,5,5,45.448
20.01,6,36.609,54.018,40.262,60.519,117.62,120.569,65.1,55.1,29.7,100.1,67.6,88.3,96.6,88.3,95.4,92.3,95.1,17.130000000000003,5,5,5,45.599000000000004
20.03,6,36.209,53.93600000000001,40.399,62.833999999999996,117.431,120.54,65.1,55.1,29.7,100.1,67.6,88.3,96.6,88.3,95.4,92.3,95.1,16.521,5,5,5,45.78
20.05,6,36.349000000000004,53.472,40.374,59.537,117.448,120.46700000000001,65.1,55.1,29.7,100.1,67.6,88.3,96.6,88.3,95.4,92.3,95.1,16.187,5,5,5,45.927
20.07,6,36.419,53.43899999999999,40.179,61.653,117.51700000000001,120.39399999999999,65.1,55.1,29.7,100.1,67.6,88.3,96.6,88.3,95.4,92.3,95.1,16.262999999999998,5,5,5,46.069
20.09,6,36.733000000000004,53.49100000000001,40.172,61.735,117.431,120.39399999999999,65.1,55.1,29.7,100.1,67.6,88.3,96.6,88.3,95.4,92.3,95.1,16.898,5,5,5,46.217
20.11,6,36.262,53.497,40.288000000000004,61.507,117.36200000000001,120.365,65.1,55.1,29.7,100.1,67.6,88.3,96.6,88.3,95.4,92.3,95.1,17.29,5,5,5,46.385999999999996
20.13,6,36.178,53.085,40.268,65.175,117.275,120.321,65.1,55.1,29.7,100.1,67.6,88.3,96.6,88.3,95.4,92.3,95.1,16.584000000000003,5,5,5,46.510999999999996
20.15,6,35.936,52.725,40.4,63.201,117.275,120.292,65.1,55.1,29.7,100.1,67.6,88.3,96.6,88.3,95.4,92.3,95.1,16.127000000000002,5,5,5,46.68
20.17,6,35.763000000000005,53.163999999999994,40.286,61.839,117.085,120.189,65.1,55.1,29.7,100.1,67.6,88.3,96.6,88.3,95.4,92.3,95.1,16.699,5,5,5,46.838
20.19,6,36.157,52.753,40.304,63.93600000000001,117.17200000000001,120.145,65.1,55.1,29.7,100.1,67.6,88.3,96.6,88.3,95.4,92.3,95.1,17.122999999999998,5,5,5,46.979
20.21,6,36.132,53.00899999999999,40.129,62.368,117.085,120.131,65.1,55.1,29.7,100.1,67.6,88.3,96.6,88.3,95.4,92.3,95.1,17.067999999999998,5,5,5,47.09
20.23,6,35.693,53.138000000000005,40.064,64.38399999999999,117.05,120.145,65.1,55.1,29.7,100.1,67.6,88.3,96.6,88.3,95.4,92.3,95.1,16.569000000000003,5,5,5,47.265
20.25,6,35.754999999999995,52.958999999999996,40.263000000000005,65.57,116.89399999999999,120.072,65.1,55.1,29.7,100.1,67.6,88.3,96.6,88.3,95.4,92.3,95.1,16.156,5,5,5,47.403
20.27,6,36.039,52.523,40.164,63.276,116.84200000000001,119.969,65.1,55.1,29.7,100.1,67.6,88.3,96.6,88.3,95.4,92.3,95.1,16.547,5,5,5,47.54
20.29,6,35.78,52.727,40.173,63.687,116.84200000000001,120.01299999999999,65.1,55.1,29.7,100.1,67.6,88.3,96.6,88.3,95.4,92.3,95.1,17.119999999999997,5,5,5,47.656
20.31,6,35.563,52.648999999999994,40.22,63.836000000000006,116.807,119.80799999999999,65.1,55.1,29.7,100.1,67.6,88.3,96.6,88.3,95.4,92.3,95.1,17.092,5,5,5,47.803000000000004
20.33,6,35.702,52.966,40.199,64.467,116.755,119.734,65.1,55.1,29.7,100.1,67.6,88.3,96.6,88.3,95.4,92.3,95.1,16.461,5,5,5,47.925
20.35,6,35.258,53.231,39.992,66.457,116.72,119.77799999999999,65.1,55.1,29.7,100.1,67.6,88.3,96.6,88.3,95.4,92.3,95.1,16.267000000000003,5,5,5,48.049
20.37,6,35.455,52.677,40.004,63.816,116.685,119.719,65.1,55.1,29.7,100.1,67.6,88.3,96.6,88.3,95.425,92.3,95.1,16.8,5,5,5,48.189
20.39,6,35.495000000000005,52.403,40.101,64.412,116.51,119.66,65.1,55.1,29.7,100.1,67.6,88.3,96.6,88.3,95.458,92.3,95.1,17.189,5,5,5,48.273
20.41,6,35.518,52.501000000000005,40.023,63.361999999999995,116.45700000000001,119.631,65.1,55.1,29.7,100.1,67.6,88.3,96.6,88.3,95.476,92.3,95.1,17.349,5,5,5,48.417
20.43,6,34.995999999999995,52.528999999999996,40.01,64.281,116.42200000000001,119.616,65.1,55.1,29.7,100.1,67.6,88.3,96.6,88.3,95.487,92.3,95.1,16.402,5,5,5,48.548
20.45,6,35.129000000000005,52.523,39.946999999999996,65.85,116.369,119.557,65.1,55.1,29.7,100.1,67.6,88.3,96.6,88.3,95.492,92.3,95.1,16.086,5,5,5,48.695
20.47,6,35.314,51.986000000000004,39.907,65.369,116.352,119.45299999999999,65.1,55.1,29.7,100.1,67.6,88.3,96.6,88.3,95.49600000000001,92.3,95.1,16.552,5,5,5,48.775
20.49,6,35.215,52.28,40.021,63.373999999999995,116.352,119.29,65.1,55.1,29.7,100.1,67.6,88.3,96.6,88.3,95.498,92.3,95.1,16.347,5,5,5,48.907
20.51,6,35.204,52.38399999999999,39.985,63.368,116.24600000000001,119.335,65.1,55.1,29.7,100.1,67.6,88.3,96.6,88.3,95.499,92.3,95.1,15.342,5,5,5,49.035
20.53,6,35.084,52.073,39.814,62.961000000000006,116.211,119.39399999999999,65.1,55.1,29.7,100.1,67.6,88.3,96.6,88.3,95.499,92.3,95.1,15.821,5,5,5,49.175
20.55,6,34.699,52.387,40.001999999999995,66.382,116.264,119.32,65.1,55.1,29.7,100.1,67.6,88.3,96.6,88.3,95.5,92.3,95.1,15.299000000000001,5,5,5,49.268
20.57,6,34.644999999999996,51.617,39.885999999999996,62.053000000000004,116.15799999999999,119.24600000000001,65.1,55.1,29.7,100.1,67.6,88.3,96.6,88.3,95.5,92.3,95.1,15.575,5,5,5,49.385
20.59,6,35.093,52.098,39.995,63.43600000000001,116.12299999999999,119.26100000000001,65.1,55.1,29.7,100.1,67.6,88.3,96.6,88.3,95.5,92.3,95.1,14.594,5,5,5,49.494
20.61,6,35.006,52.095,39.961,64.44800000000001,115.999,119.305,65.1,55.1,29.7,100.1,67.6,88.3,96.6,88.3,95.5,92.3,95.1,15.101,5,5,5,49.611999999999995
20.63,6,34.917,52.31100000000001,39.765,63.253,115.85700000000001,119.186,65.1,55.1,29.7,100.1,67.6,88.3,96.6,88.3,95.5,92.3,95.1,14.392999999999999,5,5,5,49.729
20.65,6,34.738,51.621,39.938,66.392,115.875,119.14200000000001,65.1,55.1,29.7,100.1,67.6,88.3,96.6,88.3,95.5,92.3,95.1,14.639,5,5,5,49.856
20.67,6,34.648,52.032,39.994,66.52199999999999,115.89200000000001,119.21600000000001,65.1,55.1,29.7,100.1,67.6,88.3,96.6,88.3,95.5,92.3,95.1,13.988,5,5,5,49.952
20.69,6,34.296,51.975,39.846,63.776,115.73299999999999,119.21600000000001,65.1,55.1,29.7,100.1,67.6,88.3,96.6,88.3,95.5,92.3,95.1,14.496,5,5,5,50.067
20.71,6,34.485,52.034,39.783,65.31899999999999,115.786,119.11200000000001,65.1,55.1,29.7,100.1,67.6,88.3,96.6,88.3,95.5,92.3,95.1,13.79,5,5,5,50.177
20.73,6,34.69,51.456,39.748000000000005,64.19200000000001,115.697,119.008,65.1,55.1,29.7,100.1,67.6,88.3,96.6,88.3,95.5,92.3,95.1,13.872,5,5,5,50.28
20.75,6,34.653999999999996,51.559,39.796,66.00999999999999,115.715,118.93299999999999,65.1,55.1,29.7,100.1,67.6,88.3,96.6,88.3,95.5,92.3,95.1,13.496,5,5,5,50.402
20.77,6,34.102,51.403999999999996,39.644,68.87899999999999,115.554,118.90299999999999,65.1,55.1,29.7,100.1,67.6,88.3,96.6,88.3,95.5,92.3,95.1,13.701,5,5,5,50.52
20.79,6,34.385999999999996,51.708,39.959,65.487,115.661,118.859,65.1,55.1,29.7,100.1,67.6,88.3,96.6,88.3,95.5,92.3,95.1,13.419,5,5,5,50.601
20.81,6,34.306,51.67,39.716,65.372,115.501,118.79899999999999,65.1,55.1,29.7,100.1,67.6,88.3,96.6,88.3,95.5,92.3,95.1,13.59,5,5,5,50.715
20.83,6,34.105999999999995,51.534,39.781,64.925,115.447,118.78399999999999,65.1,55.1,29.7,100.1,67.6,88.3,96.6,88.3,95.5,92.3,95.1,13.419,5,5,5,50.804
20.85,6,34.498000000000005,51.198,39.613,65.973,115.501,118.76899999999999,65.1,55.1,29.7,100.1,67.6,88.3,96.6,88.3,95.5,92.3,95.1,13.037,5,5,5,50.903
20.87,6,34.328,51.902,39.814,67.71600000000001,115.39299999999999,118.814,65.1,55.1,29.7,100.1,67.6,88.3,96.6,88.3,95.5,92.3,95.1,13.451,5,5,5,50.979
20.89,6,33.894000000000005,51.563,39.683,66.691,115.35700000000001,118.76899999999999,65.1,55.1,29.7,100.1,67.6,88.3,96.6,88.3,95.5,92.3,95.1,12.51,5,5,5,51.083
20.91,6,33.792,51.57899999999999,39.696999999999996,66.107,115.35700000000001,118.75399999999999,65.1,55.1,29.7,100.1,67.6,88.3,96.6,88.3,95.5,92.3,95.1,13.479,5,5,5,51.137
20.93,6,33.579,51.395,39.895,65.775,115.286,118.664,65.1,55.1,29.7,100.1,67.6,88.3,96.6,88.3,95.5,92.3,95.1,12.248,5,5,5,51.233000000000004
20.95,6,33.81699999999999,51.732,39.539,65.854,115.088,118.559,65.1,55.1,29.7,100.1,67.6,88.3,96.6,88.3,95.5,92.3,95.1,13.602,5,5,5,51.332
20.97,6,33.931,50.89,39.72,69.315,115.16,118.514,65.1,55.1,29.7,100.1,67.6,88.3,96.6,88.3,95.5,92.3,95.1,12.18,5,5,5,51.413000000000004
20.99,6,33.81,51.461000000000006,39.654,67.81899999999999,115.178,118.514,65.1,55.1,29.7,100.1,67.6,88.3,96.6,88.3,95.5,92.3,95.1,13.41,5,5,5,51.513999999999996
21.01,6,33.688,51.468999999999994,39.417,66.767,115.088,118.529,65.1,55.1,29.7,100.1,67.6,88.3,96.6,88.3,95.5,92.3,95.1,12.181000000000001,5,5,5,51.611000000000004
21.03,6,33.789,50.965,39.791,66.822,115.03399999999999,118.499,65.1,55.1,29.7,100.1,67.6,88.3,96.6,88.3,95.5,92.3,95.1,13.312999999999999,5,5,5,51.726000000000006
21.05,6,33.83,50.988,39.71,65.25800000000001,115.03399999999999,118.37899999999999,65.1,55.1,29.7,100.1,67.6,88.3,96.6,88.3,95.5,92.3,95.1,12.253,5,5,5,51.835
21.07,6,33.659000000000006,51.153999999999996,39.483000000000004,68.908,114.962,118.36399999999999,65.1,55.1,29.7,100.1,67.6,88.3,96.6,88.3,95.5,92.3,95.1,13.328,5,5,5,51.925
21.09,6,33.454,50.812,39.719,67.43299999999999,114.99799999999999,118.34899999999999,65.1,55.1,29.7,100.1,67.6,88.3,96.6,88.3,95.5,92.3,95.1,12.198,5,5,5,52.036
21.11,6,33.094,50.858999999999995,39.552,67.47200000000001,114.835,118.37899999999999,65.1,55.1,29.7,100.1,67.6,88.3,96.6,88.3,95.5,92.3,95.1,13.282,5,5,5,52.147
21.13,6,33.238,51.218999999999994,39.718,68.005,114.87100000000001,118.228,65.1,55.1,29.7,100.1,67.6,88.3,96.6,88.3,95.5,92.3,95.1,12.174,5,5,5,52.269
21.15,6,33.144999999999996,50.513000000000005,39.461999999999996,66.72800000000001,114.79899999999999,118.288,65.1,55.1,29.7,100.1,67.6,88.3,96.6,88.3,95.5,92.3,95.1,13.187000000000001,5,5,5,52.417
21.17,6,33.133,50.626999999999995,39.699,69.665,114.762,118.213,65.1,55.1,29.7,100.1,67.6,88.3,96.6,88.3,95.5,92.3,95.1,12.238,5,5,5,52.542
21.19,6,33.055,50.308,39.478,72.02600000000001,114.781,118.198,65.1,55.1,29.7,100.1,67.6,88.3,96.6,88.3,95.5,92.3,95.1,13.18,5,5,5,52.68600000000001
21.21,6,33.263999999999996,51.052,39.658,68.637,114.65299999999999,118.213,65.1,55.1,29.7,100.1,67.6,88.3,96.6,88.3,95.5,92.3,95.1,12.234,5,5,5,52.833999999999996
21.23,6,33.135000000000005,50.313,39.564,69.26,114.65299999999999,118.06200000000001,65.1,55.1,29.7,100.1,67.6,88.3,96.6,88.3,95.5,92.3,95.1,13.059,5,5,5,52.963
21.25,6,33.228,50.891000000000005,39.611999999999995,68.63,114.52600000000001,117.986,65.1,55.1,29.7,100.1,67.6,88.3,96.6,88.3,95.5,92.3,95.1,12.422999999999998,5,5,5,53.102
21.27,6,33.025,50.965,39.645,69.725,114.56200000000001,117.941,65.1,55.1,29.7,100.1,67.6,88.3,96.6,88.3,95.5,92.3,95.1,13.087,5,5,5,53.277
21.29,6,32.900999999999996,50.36,39.619,72.06,114.417,117.789,65.1,55.1,29.7,100.1,67.6,88.3,96.6,88.3,95.5,92.3,95.1,12.635,5,5,5,53.428000000000004
21.31,6,33.438,49.723,39.695,69.58800000000001,114.398,117.865,65.1,55.1,29.7,100.1,67.6,88.3,96.6,88.3,95.5,92.3,95.1,13.035,5,5,5,53.599
21.33,6,33.211,49.93600000000001,39.602,70.188,114.27,117.865,65.1,55.1,29.7,100.1,67.6,88.3,96.6,88.3,95.5,92.3,95.1,12.495000000000001,5,5,5,53.742
21.35,6,32.834,50.298,39.677,68.58,114.288,117.774,65.1,55.1,29.7,100.1,67.6,88.3,96.6,88.3,95.5,92.3,95.1,13.025,5,5,5,53.911
21.37,6,32.611999999999995,50.232,39.546,69.334,114.234,117.667,65.1,55.1,29.7,100.1,67.6,88.3,96.6,88.3,95.5,92.3,95.1,12.531,5,5,5,54.068000000000005
21.39,6,32.849000000000004,50.097,39.429,73.316,114.307,117.561,65.1,55.1,29.7,100.1,67.6,88.3,96.6,88.3,95.5,92.3,95.1,12.864,5,5,5,54.233999999999995
21.41,6,32.512,50.489,39.559,71.903,114.16,117.57600000000001,65.1,55.1,29.7,100.1,67.6,88.3,96.6,88.3,95.5,92.3,95.1,12.515,5,5,5,54.367
21.43,6,32.958,50.166000000000004,39.524,69.08,114.105,117.62200000000001,65.1,55.1,29.7,100.1,67.6,88.3,96.6,88.3,95.5,92.3,95.1,12.788,5,5,5,54.515
21.45,6,32.754999999999995,49.7,39.493,70.214,114.05,117.57600000000001,65.1,55.1,29.7,100.1,67.6,88.3,96.6,88.3,95.5,92.3,95.1,12.551,5,5,5,54.678999999999995
21.47,6,32.775999999999996,50.143,39.358000000000004,68.56700000000001,113.958,117.469,65.1,55.1,29.7,100.1,67.6,88.3,96.6,88.3,95.5,92.3,95.1,12.581,5,5,5,54.875
21.49,6,31.875999999999998,49.731,39.424,72.994,113.995,117.469,65.1,55.1,29.7,100.1,67.6,88.3,96.6,88.3,95.5,92.3,95.1,12.93,5,5,5,55.00899999999999
21.51,6,32.549,50.324,39.513000000000005,71.131,113.976,117.40799999999999,65.1,55.1,29.7,100.1,67.6,88.3,96.6,88.3,95.5,92.3,95.1,12.737,5,5,5,55.163000000000004
21.53,6,32.423,50.417,39.275999999999996,70.096,113.773,117.39299999999999,65.1,55.1,29.7,100.1,67.6,88.3,96.6,88.3,95.5,92.3,95.1,13.416,5,5,5,55.321999999999996
21.55,6,32.508,49.906000000000006,39.418,71.068,113.792,117.39299999999999,65.1,55.1,29.7,100.1,67.6,88.3,96.6,88.3,95.5,92.3,95.1,12.896,5,5,5,55.503
21.57,6,32.051,50.417,39.383,68.498,113.755,117.286,65.1,55.1,29.7,100.1,67.6,88.3,96.6,88.3,95.5,92.3,95.1,13.363999999999999,5,5,5,55.656000000000006
21.59,6,32.53,50.188,39.478,72.259,113.82799999999999,117.36200000000001,65.1,55.1,29.7,100.1,67.6,88.3,96.6,88.3,95.5,92.3,95.1,12.991,5,5,5,55.818000000000005
21.61,6,32.003,49.437,39.437,73.15899999999999,113.68,117.301,65.1,55.1,29.7,100.1,67.6,88.3,96.6,88.3,95.5,92.3,95.1,12.635,5,5,5,55.98
21.63,6,32.593,50.117,39.454,69.876,113.53200000000001,117.24,65.1,55.1,29.7,100.1,67.6,88.3,96.6,88.3,95.5,92.3,95.1,13.106,5,5,5,56.153999999999996
21.65,6,32.510999999999996,49.599,39.264,71.086,113.45700000000001,117.086,65.1,55.1,29.7,100.1,67.6,88.3,96.6,88.3,95.5,92.3,95.1,12.201,5,5,5,56.313
21.67,6,32.05,49.669,39.228,70.095,113.625,117.178,65.1,55.1,29.7,100.1,67.6,88.3,96.6,88.3,95.5,92.3,95.1,13.202,5,5,5,56.478
21.69,6,31.8,49.401,39.272,71.544,113.45700000000001,116.994,65.1,55.1,29.7,100.1,67.6,88.387,96.6,88.3,95.5,92.3,95.1,11.949,5,5,5,56.652
21.71,6,31.798000000000002,49.772,39.43,74.248,113.45700000000001,117.055,65.1,55.1,29.7,100.1,67.6,88.437,96.6,88.3,95.5,92.3,95.1,13.472000000000001,5,5,5,56.828
21.73,6,31.645,49.608000000000004,39.492,72.331,113.45700000000001,117.025,65.1,55.1,29.7,100.1,67.6,88.464,96.6,88.3,95.5,92.3,95.1,11.885,5,5,5,56.988
21.75,6,31.861,49.507,39.354,71.737,113.345,116.932,65.1,55.1,29.7,100.1,67.6,88.48,96.6,88.3,95.5,92.3,95.1,13.439,5,5,5,57.175
21.77,6,31.874000000000002,49.635,39.365,70.883,113.345,116.932,65.1,55.1,29.7,100.1,67.6,88.48899999999999,96.6,88.3,95.5,92.3,95.1,11.857,5,5,5,57.352
21.79,6,31.747,49.166000000000004,39.258,71.90100000000001,113.345,116.824,65.1,55.1,29.7,100.1,67.6,88.494,96.6,88.3,95.5,92.3,95.1,13.25,5,5,5,57.534
21.81,6,31.666999999999998,49.93899999999999,39.132,74.301,113.32700000000001,116.824,65.1,55.1,29.7,100.1,67.6,88.49600000000001,96.6,88.3,95.5,92.3,95.1,11.808,5,5,5,57.718999999999994
21.83,6,31.733,49.868,39.086,72.678,113.25200000000001,116.917,65.1,55.1,29.7,100.1,67.6,88.498,96.6,88.3,95.5,92.3,95.1,13.354,5,5,5,57.891999999999996
21.85,6,31.531999999999996,49.273999999999994,39.329,72.006,113.065,116.809,65.1,55.1,29.7,100.1,67.6,88.499,96.6,88.3,95.5,92.3,95.1,11.946000000000002,5,5,5,58.086999999999996
21.87,6,31.98,49.24100000000001,39.213,71.346,113.177,116.809,65.1,55.1,29.7,100.1,67.6,88.499,96.6,88.3,95.5,92.3,95.1,13.347999999999999,5,5,5,58.246
21.89,6,31.555,49.263000000000005,39.248000000000005,70.937,113.196,116.73200000000001,65.1,55.1,29.7,100.1,67.6,88.5,96.6,88.3,95.5,92.3,95.1,12.062999999999999,5,5,5,58.433
21.91,6,31.676,48.896,39.275,75.438,113.102,116.59200000000001,65.1,55.1,29.7,100.1,67.6,88.5,96.6,88.3,95.5,92.3,95.1,13.244,5,5,5,58.608999999999995
21.93,6,31.706,49.148999999999994,39.254,74.266,113.14,116.639,65.1,55.1,29.7,100.1,67.6,88.5,96.6,88.3,95.5,92.3,95.1,12.378,5,5,5,58.758
21.95,6,31.578000000000003,49.50899999999999,39.107,71.446,112.98899999999999,116.639,65.1,55.1,29.7,100.1,67.6,88.5,96.6,88.3,95.5,92.3,95.1,13.36,5,5,5,58.956
21.97,6,31.245,49.17100000000001,39.18,72.99,112.971,116.499,65.0,55.0,29.7,99.9,67.5,88.5,96.6,88.3,95.5,92.3,95.1,12.367999999999999,5,5,5,59.119
21.99,6,31.073,49.097,39.163000000000004,69.735,113.027,116.42200000000001,65.0,55.0,29.7,99.9,67.5,88.5,96.6,88.3,95.5,92.3,95.1,13.413,5,5,5,59.266000000000005
22.01,6,31.349,49.49,39.204,73.533,113.008,116.32799999999999,65.0,55.0,29.7,99.9,67.5,88.5,96.6,88.3,95.5,92.3,95.1,12.523,5,5,5,59.446000000000005
22.03,6,31.451999999999998,49.042,38.972,73.227,112.85700000000001,116.375,65.0,55.0,29.7,99.9,67.5,88.5,96.6,88.3,95.5,92.3,95.1,12.933,5,5,5,59.61600000000001
22.05,6,30.842,49.136,39.181,71.707,112.876,116.375,65.0,55.0,29.7,99.9,67.5,88.5,96.6,88.3,95.5,92.3,95.1,12.488,5,5,5,59.783
22.07,6,31.259,48.733999999999995,39.11,71.71600000000001,112.78200000000001,116.31299999999999,65.0,55.0,29.7,99.9,67.5,88.5,96.6,88.3,95.5,92.3,95.1,13.027000000000001,5,5,5,59.952
22.09,6,30.683000000000003,48.994,39.179,70.243,112.725,116.406,65.0,55.0,29.7,99.9,67.5,88.5,96.6,88.3,95.5,92.3,95.1,12.475,5,5,5,60.141999999999996
22.11,6,30.186,49.6,39.035,72.297,112.744,116.235,65.0,55.0,29.7,99.9,67.5,88.5,96.6,88.3,95.5,92.3,95.1,13.193,5,5,5,60.31399999999999
22.13,6,30.563000000000002,48.968999999999994,39.119,75.54899999999999,112.706,116.18799999999999,65.0,55.0,29.7,99.9,67.5,88.5,96.6,88.3,95.5,92.3,95.1,12.719,5,5,5,60.508
22.15,6,30.728,48.672,39.169000000000004,71.654,112.631,116.28200000000001,65.0,55.0,29.7,99.9,67.5,88.5,96.6,88.3,95.5,92.3,95.1,12.783999999999999,5,5,5,60.69
22.17,6,30.784000000000002,48.323,39.155,71.931,112.61200000000001,116.17200000000001,65.0,55.0,29.7,99.9,67.5,88.5,96.6,88.3,95.5,92.3,95.1,12.568,5,5,5,60.87
22.19,6,30.996,48.675,39.098,71.684,112.555,115.969,65.0,55.0,29.7,99.9,67.5,88.5,96.6,88.3,95.5,92.3,95.1,12.752,5,5,5,61.032
22.21,6,30.398000000000003,48.42,38.959,72.779,112.536,116.079,65.0,55.0,29.7,99.9,67.5,88.5,96.6,88.3,95.5,92.3,95.1,12.544,5,5,5,61.228
22.23,6,30.366,48.485,38.951,73.888,112.536,116.126,65.0,55.0,29.7,99.9,67.5,88.5,96.6,88.3,95.5,92.3,95.1,12.617,5,5,5,61.383
22.25,6,30.675,48.26,38.894,72.596,112.479,116.094,65.0,55.0,29.7,99.9,67.5,88.5,96.6,88.3,95.5,92.3,95.1,12.876000000000001,5,5,5,61.541000000000004
22.27,6,30.541,48.61,39.010999999999996,73.115,112.25,115.969,65.0,55.0,29.7,99.9,67.5,88.5,96.6,88.3,95.5,92.3,95.1,12.552,5,5,5,61.72
22.29,6,30.276,48.233999999999995,38.938,71.18,112.345,116.016,65.0,55.0,29.7,99.9,67.5,88.5,96.6,88.3,95.5,92.3,95.1,12.682,5,5,5,61.915
22.31,6,30.619,48.516000000000005,38.977,71.89399999999999,112.288,116.0,65.0,55.0,29.7,99.9,67.5,88.5,96.6,88.3,95.5,92.3,95.125,12.622,5,5,5,62.097
22.33,6,30.023000000000003,48.099,39.015,76.55199999999999,112.26899999999999,115.859,65.0,55.0,29.7,99.9,67.5,88.5,96.6,88.3,95.5,92.3,95.202,12.792000000000002,5,5,5,62.29
22.35,6,30.26,48.418,38.961999999999996,74.641,112.23100000000001,115.734,65.0,55.0,29.7,99.9,67.5,88.5,96.6,88.3,95.5,92.3,95.245,12.344999999999999,5,5,5,62.481
22.37,6,30.081,48.088,38.88,72.32600000000001,112.17299999999999,115.71799999999999,65.0,55.0,29.7,99.9,67.5,88.5,96.6,88.3,95.5,92.3,95.26899999999999,13.106,5,5,5,62.656000000000006
22.39,6,30.134,47.977,38.99,73.528,112.154,115.749,65.0,55.0,29.7,99.9,67.5,88.5,96.6,88.387,95.5,92.3,95.282,11.915,5,5,5,62.818999999999996
22.41,6,30.113000000000003,48.17,38.714,70.64699999999999,112.288,115.781,65.0,55.0,29.7,99.9,67.5,88.5,96.6,88.437,95.5,92.3,95.29,13.1,5,5,5,63.015
22.43,6,30.307,48.736000000000004,38.871,75.524,111.962,115.749,65.0,55.0,29.7,99.9,67.5,88.5,96.6,88.464,95.5,92.3,95.294,11.863,5,5,5,63.202
22.45,6,29.866999999999997,47.967,38.891999999999996,75.08800000000001,112.23100000000001,115.79700000000001,65.0,55.0,29.7,99.9,67.5,88.5,96.6,88.48,95.5,92.3,95.297,12.919,5,5,5,63.372
22.47,6,30.197,48.236000000000004,39.02,72.23,111.943,115.624,65.0,55.0,29.7,99.9,67.5,88.5,96.6,88.48899999999999,95.5,92.3,95.298,12.192,5,5,5,63.537
22.49,6,29.881,47.383,38.812,73.452,112.135,115.639,65.0,55.0,29.7,99.9,67.5,88.5,96.6,88.494,95.5,92.3,95.29899999999999,12.523,5,5,5,63.714
22.51,6,29.932,48.095,38.7,70.324,112.001,115.59200000000001,65.0,55.0,29.7,99.9,67.5,88.5,96.6,88.49600000000001,95.5,92.3,95.29899999999999,11.422999999999998,5,5,5,63.881
22.53,6,29.441,47.739,38.897,73.141,111.84700000000001,115.57600000000001,65.0,55.0,29.7,99.9,67.5,88.5,96.6,88.498,95.5,92.3,95.3,10.690000000000001,5,5,5,64.049
22.55,6,29.744,48.364,38.908,75.355,111.77,115.339,65.0,55.0,29.7,99.9,67.5,88.5,96.6,88.499,95.5,92.3,95.3,11.126000000000001,5,5,5,64.235
22.57,6,29.824,47.973,38.664,71.24,111.84700000000001,115.49700000000001,65.0,55.0,29.7,99.9,67.5,88.5,96.6,88.499,95.5,92.3,95.3,11.716000000000001,5,5,5,64.412
22.59,6,29.461,47.92,38.898,71.919,111.80799999999999,115.355,65.0,55.0,29.7,99.9,67.5,88.5,96.6,88.5,95.5,92.3,95.3,10.606,5,5,5,64.59
22.61,6,29.729,47.92,38.727,70.387,111.712,115.48200000000001,65.0,55.0,29.7,99.9,67.5,88.5,96.6,88.5,95.5,92.3,95.3,9.744,5,5,5,64.738
22.63,6,29.868000000000002,47.915,38.806999999999995,72.314,111.75,115.339,65.0,55.0,29.7,99.9,67.5,88.5,96.6,88.5,95.5,92.3,95.3,10.431000000000001,5,5,5,64.951
22.65,6,29.877,47.397,38.549,75.945,111.712,115.46600000000001,65.0,55.0,29.7,99.9,67.5,88.5,96.6,88.5,95.5,92.3,95.3,10.902999999999999,5,5,5,65.122
22.67,6,29.795,48.166000000000004,38.834,72.064,111.538,115.212,65.0,55.0,29.7,99.9,67.5,88.5,96.6,88.5,95.5,92.3,95.3,9.811,5,5,5,65.28999999999999
22.69,6,29.454,47.45,38.826,72.208,111.51799999999999,115.244,65.0,55.0,29.7,99.9,67.5,88.5,96.6,88.5,95.5,92.3,95.3,9.261,5,5,5,65.47399999999999
22.71,6,29.147,48.288000000000004,38.795,71.318,111.51799999999999,115.133,65.0,55.0,29.7,99.9,67.5,88.5,96.6,88.5,95.5,92.3,95.3,9.797,5,5,5,65.639
22.73,6,29.276999999999997,47.825,38.845,72.03699999999999,111.479,115.197,65.0,55.0,29.7,99.9,67.5,88.5,96.6,88.5,95.5,92.3,95.3,10.344,5,5,5,65.82300000000001
22.75,6,29.334,47.482,38.766,75.17,111.46,115.197,65.0,55.0,29.7,99.9,67.5,88.5,96.6,88.5,95.5,92.3,95.3,9.456,5,5,5,65.99199999999999
22.77,6,29.101,47.375,38.667,72.223,111.557,115.117,65.0,55.0,29.7,99.9,67.5,88.5,96.6,88.5,95.5,92.3,95.3,8.996,5,5,5,66.168
22.79,6,29.496,47.353,38.732,72.36,111.363,115.006,65.0,55.0,29.7,99.9,67.5,88.5,96.6,88.5,95.5,92.3,95.3,9.447,5,5,5,66.36600000000001
22.81,6,29.085,47.731,38.760999999999996,72.835,111.44,114.89399999999999,65.0,55.0,29.7,99.9,67.5,88.5,96.6,88.5,95.5,92.3,95.3,9.994,5,5,5,66.516
22.83,6,29.354,47.883,38.589,71.153,111.226,115.022,65.0,55.0,29.7,99.9,67.5,88.5,96.6,88.5,95.5,92.3,95.3,9.119,5,5,5,66.69200000000001
22.85,6,28.883000000000003,47.383,38.809,76.465,111.363,115.053,65.0,55.0,29.7,99.9,67.5,88.5,96.6,88.5,95.5,92.3,95.3,8.785,5,5,5,66.889
22.87,6,28.844,47.868,38.747,75.297,111.363,114.814,65.0,55.0,29.7,99.9,67.5,88.5,96.6,88.5,95.5,92.3,95.3,9.056000000000001,5,5,5,67.09
22.89,6,29.29,47.013000000000005,38.702,72.182,111.18700000000001,114.83,65.0,55.0,29.7,99.9,67.5,88.5,96.6,88.5,95.5,92.3,95.3,9.615,5,5,5,67.27799999999999
22.91,6,28.984,47.347,38.702,74.059,111.18700000000001,114.97399999999999,65.0,55.0,29.7,99.9,67.5,88.5,96.6,88.5,95.5,92.3,95.3,9.193999999999999,5,5,5,67.457
22.93,6,28.451,47.254,38.813,71.009,111.148,114.89399999999999,65.0,55.0,29.7,99.9,67.5,88.5,96.6,88.5,95.5,92.3,95.3,8.568999999999999,5,5,5,67.632
22.95,6,29.138,47.266000000000005,38.694,74.807,111.167,114.814,65.0,55.0,29.7,99.9,67.5,88.5,96.6,88.5,95.5,92.3,95.3,8.892,5,5,5,67.81899999999999
22.97,6,28.8,47.246,38.5,73.805,111.12799999999999,114.89399999999999,65.0,55.0,29.7,99.9,67.5,88.5,96.6,88.5,95.5,92.3,95.3,9.389,5,5,5,67.998
22.99,6,28.973000000000003,47.784,38.535,71.264,111.01100000000001,114.75,65.0,55.0,29.7,99.9,67.5,88.5,96.6,88.5,95.5,92.3,95.3,8.758,5,5,5,68.17699999999999
23.01,6,28.45,47.838,38.64,73.547,111.05,114.78200000000001,65.0,55.0,29.7,99.9,67.5,88.5,96.6,88.5,95.5,92.3,95.3,8.479,5,5,5,68.352
23.03,6,28.718000000000004,47.06399999999999,38.728,71.29,111.03,114.814,65.0,55.0,29.7,99.9,67.5,88.5,96.6,88.5,95.5,92.3,95.3,8.693,5,5,5,68.516
23.05,6,28.686,47.273,38.486999999999995,73.544,111.089,114.60600000000001,65.0,55.0,29.7,99.9,67.5,88.5,96.6,88.5,95.5,92.3,95.3,9.181999999999999,5,5,5,68.688
23.07,6,28.682,47.495,38.744,77.27600000000001,110.991,114.59,65.0,55.0,29.7,99.9,67.5,88.5,96.6,88.5,95.5,92.3,95.3,8.689,5,5,5,68.86699999999999
23.09,6,28.570999999999998,46.397,38.394,72.319,110.932,114.67,65.0,55.0,29.7,99.9,67.5,88.5,96.6,88.5,95.5,92.3,95.3,8.43,5,5,5,69.05699999999999
23.11,6,28.898000000000003,47.468,38.439,71.985,110.755,114.59,65.0,55.0,29.7,99.9,67.5,88.5,96.6,88.5,95.5,92.3,95.3,8.723,5,5,5,69.219
23.13,6,28.386999999999997,46.771,38.479,71.468,110.774,114.52600000000001,65.0,55.0,29.7,99.9,67.5,88.5,96.6,88.5,95.5,92.3,95.3,9.097,5,5,5,69.376
23.15,6,28.226,46.998999999999995,38.663000000000004,71.915,110.735,114.446,65.0,55.0,29.7,99.9,67.5,88.5,96.6,88.5,95.5,92.3,95.3,8.611,5,5,5,69.577
23.17,6,28.201,46.711999999999996,38.576,74.568,110.735,114.446,65.0,55.0,29.7,99.9,67.5,88.5,96.6,88.5,95.5,92.3,95.3,8.571,5,5,5,69.743
23.19,6,28.678,47.056000000000004,38.556,71.624,110.616,114.478,65.0,55.0,29.7,99.9,67.5,88.5,96.6,88.5,95.5,92.3,95.3,8.781,5,5,5,69.922
23.21,6,28.62,46.911,38.439,72.50399999999999,110.63600000000001,114.365,65.0,55.0,29.7,99.9,67.5,88.5,96.6,88.5,95.5,92.35,95.3,8.927,5,5,5,70.095
23.23,6,28.688000000000002,46.726000000000006,38.531,71.274,110.557,114.429,65.0,55.0,29.7,99.9,67.5,88.5,96.6,88.5,95.5,92.416,95.3,8.54,5,5,5,70.277
23.25,6,28.064,46.47,38.544000000000004,71.562,110.57700000000001,114.365,65.0,55.0,29.7,99.9,67.5,88.5,96.6,88.5,95.5,92.453,95.3,8.685,5,5,5,70.465
23.27,6,28.104,47.107,38.611,76.021,110.49700000000001,114.26799999999999,65.0,55.0,29.7,99.9,67.5,88.5,96.6,88.5,95.5,92.473,95.3,8.781,5,5,5,70.646
23.29,6,28.065,46.777,38.478,73.965,110.458,114.204,65.0,55.0,29.7,99.9,67.5,88.5,96.6,88.5,95.5,92.485,95.3,9.133,5,5,5,70.81800000000001
23.31,6,28.239,46.793,38.673,72.108,110.37799999999999,114.18799999999999,65.0,55.0,29.7,99.9,67.5,88.5,96.6,88.5,95.5,92.492,95.3,8.846,5,5,5,71.002
23.33,6,27.913,46.608000000000004,38.317,73.881,110.398,114.171,65.0,55.0,29.7,99.9,67.5,88.5,96.6,88.5,95.5,92.495,95.3,8.66,5,5,5,71.171
23.35,6,27.809,46.927,38.486,70.438,110.41799999999999,114.139,65.0,55.0,29.7,99.9,67.5,88.5,96.6,88.5,95.5,92.497,95.3,8.811,5,5,5,71.376
23.37,6,28.085,46.49,38.537,75.38,110.37799999999999,114.139,65.0,55.0,29.7,99.9,67.5,88.5,96.6,88.5,95.5,92.499,95.3,8.966000000000001,5,5,5,71.57
23.39,6,28.073,46.75899999999999,38.519,74.817,110.35799999999999,114.155,65.0,55.0,29.7,99.9,67.5,88.5,96.6,88.5,95.5,92.499,95.3,8.727,5,5,5,71.752
23.41,6,27.658,46.706,38.428000000000004,72.166,110.258,113.993,65.0,55.0,29.7,99.9,67.5,88.5,96.6,88.5,95.5,92.5,95.3,8.714,5,5,5,71.938
23.43,6,28.069000000000003,46.382,38.556,73.23,110.458,113.993,65.0,55.0,29.7,99.9,67.5,88.5,96.6,88.5,95.5,92.5,95.3,8.811,5,5,5,72.12100000000001
23.45,6,27.476,46.263000000000005,38.314,70.71300000000001,110.199,113.928,65.0,55.0,29.7,99.9,67.5,88.5,96.6,88.5,95.5,92.5,95.3,8.381,5,5,5,72.293
23.47,6,27.823,46.478,38.518,73.73,110.27799999999999,114.074,65.0,55.0,29.7,99.9,67.5,88.5,96.6,88.5,95.5,92.5,95.3,8.873000000000001,5,5,5,72.475
23.49,6,26.93,46.288999999999994,38.686,75.176,110.219,114.12299999999999,65.0,55.0,29.7,99.9,67.5,88.5,96.6,88.5,95.5,92.5,95.3,9.043,5,5,5,72.66300000000001
23.51,6,27.488000000000003,46.333999999999996,38.608000000000004,71.85,110.199,113.896,65.0,55.0,29.7,99.9,67.5,88.5,96.6,88.5,95.5,92.5,95.3,8.786999999999999,5,5,5,72.854
23.53,6,27.789,46.108000000000004,38.222,73.04,109.99799999999999,113.831,65.0,55.0,29.7,99.9,67.5,88.5,96.6,88.5,95.5,92.5,95.3,9.178,5,5,5,73.02000000000001
23.55,6,27.601999999999997,46.18,38.521,71.27600000000001,110.07799999999999,113.815,65.0,55.0,29.7,99.9,67.5,88.5,96.6,88.5,95.5,92.5,95.3,9.801,5,5,5,73.174
23.57,6,27.002,46.158,38.365,72.234,109.91799999999999,113.84700000000001,65.0,55.0,29.7,99.9,67.5,88.5,96.6,88.5,95.5,92.5,95.3,9.282,5,5,5,73.351
23.59,6,27.455,46.464,38.481,75.844,110.01799999999999,113.78200000000001,65.0,55.0,29.7,99.9,67.5,88.5,96.6,88.5,95.5,92.5,95.3,9.012,5,5,5,73.512
23.61,6,27.631,46.315,38.317,72.34100000000001,110.038,113.928,65.0,55.0,29.7,99.9,67.5,88.5,96.6,88.5,95.5,92.5,95.3,9.253,5,5,5,73.697
23.63,6,27.487,46.343,38.521,71.47800000000001,109.898,113.78200000000001,65.0,55.0,29.7,99.9,67.5,88.5,96.6,88.5,95.5,92.5,95.3,9.346,5,5,5,73.88499999999999
23.65,6,27.381999999999998,45.896,38.446,70.20100000000001,109.898,113.766,65.0,55.0,29.7,99.9,67.5,88.5,96.6,88.5,95.5,92.5,95.3,8.555,5,5,5,74.048
23.67,6,27.61,46.065,38.394,71.31,110.07799999999999,113.554,65.0,55.0,29.7,99.9,67.5,88.5,96.6,88.5,95.5,92.5,95.3,9.198,5,5,5,74.249
23.69,6,27.458000000000002,45.926,38.486999999999995,73.626,109.898,113.586,65.0,55.0,29.7,99.9,67.5,88.5,96.6,88.5,95.5,92.5,95.3,9.690000000000001,5,5,5,74.426
23.71,6,27.359,45.77,38.61,71.729,109.81700000000001,113.619,65.0,55.0,29.7,99.9,67.5,88.5,96.6,88.5,95.5,92.5,95.3,9.078,5,5,5,74.6
23.73,6,27.209,45.909,38.443000000000005,70.811,109.696,113.71700000000001,65.0,55.0,29.7,99.9,67.5,88.5,96.6,88.5,95.5,92.5,95.3,9.065000000000001,5,5,5,74.78699999999999
23.75,6,27.653000000000002,46.001000000000005,38.306,71.709,109.777,113.586,65.0,55.0,29.7,99.9,67.5,88.5,96.6,88.5,95.5,92.5,95.3,9.780000000000001,5,5,5,74.952
23.77,6,26.752,46.053999999999995,38.404,71.166,109.777,113.455,65.0,55.0,29.7,99.9,67.5,88.5,96.6,88.5,95.5,92.5,95.3,9.468,5,5,5,75.124
23.79,6,27.252,45.893,38.499,75.69,109.615,113.505,65.0,55.0,29.7,99.9,67.5,88.5,96.6,88.5,95.5,92.5,95.3,8.77,5,5,5,75.30199999999999
23.81,6,27.237,45.579,38.21,75.736,109.635,113.505,65.0,55.0,29.7,99.9,67.5,88.5,96.6,88.5,95.5,92.5,95.3,9.303999999999998,5,5,5,75.469
23.83,6,26.570999999999998,46.166000000000004,38.284,72.732,109.656,113.586,65.0,55.0,29.7,99.9,67.5,88.5,96.6,88.5,95.5,92.5,95.3,9.491,5,5,5,75.684
23.85,6,26.820999999999998,45.536,38.438,74.464,109.554,113.455,65.0,55.0,29.7,99.9,67.5,88.5,96.6,88.5,95.5,92.5,95.3,8.717,5,5,5,75.88
23.87,6,27.089000000000002,45.667,38.435,70.40100000000001,109.432,113.39,65.0,55.0,29.7,99.9,67.5,88.5,96.6,88.5,95.5,92.5,95.3,9.25,5,5,5,76.057
23.89,6,26.686,45.244,38.376999999999995,74.8,109.31,113.488,65.0,55.0,29.7,99.9,67.5,88.5,96.6,88.5,95.5,92.5,95.3,9.870000000000001,5,5,5,76.259
23.91,6,26.609,45.731,38.395,74.17399999999999,109.473,113.42299999999999,65.0,55.0,29.7,99.9,67.5,88.5,96.6,88.5,95.5,92.5,95.3,9.479,5,5,5,76.42399999999999
23.93,6,26.656999999999996,45.792,38.333,71.237,109.351,113.242,65.0,55.0,29.7,99.9,67.5,88.5,96.6,88.5,95.5,92.5,95.3,9.178,5,5,5,76.613
23.95,6,26.664,45.635,38.583,73.155,109.39200000000001,113.35700000000001,65.0,55.0,29.7,99.9,67.5,88.5,96.6,88.5,95.5,92.5,95.3,9.584,5,5,5,76.795
23.97,6,26.309,45.646,38.333,71.668,109.29,113.439,64.9,55.0,29.8,99.7,67.4,88.5,96.6,88.5,95.5,92.5,95.3,9.488,5,5,5,76.956
23.99,6,26.361,45.661,38.196,73.041,109.473,113.324,64.9,55.0,29.8,99.7,67.4,88.5,96.6,88.5,95.5,92.5,95.3,8.792,5,5,5,77.165
24.01,6,26.456,45.439,38.265,76.346,109.412,113.16,64.9,55.0,29.8,99.7,67.4,88.5,96.6,88.5,95.5,92.5,95.3,9.369,5,5,5,77.333
24.03,6,26.587,45.455,38.353,73.17,109.167,113.193,64.9,55.0,29.8,99.7,67.4,88.5,96.6,88.5,95.5,92.5,95.3,9.681999999999999,5,5,5,77.509
24.05,6,26.01,45.146,38.363,71.89399999999999,109.044,112.995,64.9,55.0,29.8,99.7,67.4,88.5,96.6,88.5,95.5,92.5,95.3,9.623999999999999,5,5,5,77.675
24.07,6,26.593000000000004,44.916,38.239000000000004,71.139,109.249,113.07700000000001,64.9,55.0,29.8,99.7,67.4,88.5,96.6,88.5,95.5,92.5,95.3,9.448,5,5,5,77.875
24.09,6,26.034000000000002,44.993,38.144,71.911,109.147,113.16,64.9,55.0,29.8,99.7,67.4,88.5,96.6,88.5,95.5,92.5,95.3,10.116,5,5,5,78.006
24.11,6,26.476999999999997,45.491,38.321,74.518,109.18799999999999,113.11,64.9,55.0,29.8,99.7,67.4,88.5,96.6,88.5,95.5,92.5,95.3,9.567,5,5,5,78.22800000000001
24.13,6,25.991,44.416,38.286,72.236,109.167,112.945,64.9,55.0,29.8,99.7,67.4,88.5,96.6,88.5,95.5,92.5,95.3,9.097999999999999,5,5,5,78.402
24.15,6,26.048000000000002,45.922,38.224000000000004,71.317,109.18799999999999,113.061,64.9,55.0,29.8,99.7,67.4,88.5,96.6,88.5,95.5,92.5,95.3,9.376000000000001,5,5,5,78.572
24.17,6,25.963,45.016,38.23,69.712,109.00299999999999,112.78,64.9,55.0,29.8,99.7,67.4,88.5,96.6,88.5,95.5,92.5,95.3,9.553,5,5,5,78.759
24.19,6,26.403000000000002,45.479,38.117,69.82300000000001,108.98299999999999,112.945,64.9,55.0,29.8,99.7,67.4,88.5,96.6,88.5,95.5,92.5,95.3,8.663,5,5,5,78.958
24.21,6,26.143,44.658,38.186,74.005,108.98299999999999,112.978,64.9,55.0,29.8,99.7,67.4,88.5,96.6,88.5,95.5,92.5,95.3,9.343,5,5,5,79.127
24.23,6,25.881,45.199,38.2,72.512,108.98299999999999,112.78,64.9,55.0,29.8,99.7,67.4,88.5,96.6,88.5,95.5,92.5,95.3,9.711,5,5,5,79.30199999999999
24.25,6,26.035,44.94,38.1,70.165,108.79700000000001,112.73,64.9,55.0,29.8,99.7,67.4,88.5,96.6,88.5,95.5,92.5,95.3,9.213999999999999,5,5,5,79.48
24.27,6,25.752,45.461999999999996,38.363,71.336,108.962,112.74600000000001,64.9,55.0,29.8,99.7,67.4,88.5,96.6,88.5,95.5,92.5,95.3,9.362,5,5,5,79.66
24.29,6,26.141,45.116,38.233000000000004,70.101,108.9,112.713,64.9,55.0,29.8,99.7,67.4,88.5,96.6,88.5,95.5,92.5,95.3,10.030000000000001,5,5,5,79.837
24.31,6,25.965,45.177,38.199,74.542,108.839,112.68,64.9,55.0,29.8,99.7,67.4,88.5,96.6,88.5,95.5,92.5,95.3,9.216000000000001,5,5,5,80.009
24.33,6,25.94,45.293,38.159,73.809,108.839,112.663,64.9,55.0,29.8,99.7,67.4,88.5,96.6,88.5,95.5,92.5,95.3,8.842,5,5,5,80.20100000000001
24.35,6,25.926,45.125,38.18,69.954,108.715,112.647,64.9,55.0,29.8,99.7,67.4,88.5,96.6,88.5,95.5,92.5,95.3,9.254999999999999,5,5,5,80.366
24.37,6,25.595,45.173,38.213,73.206,108.777,112.61399999999999,64.9,55.0,29.8,99.7,67.4,88.5,96.6,88.5,95.5,92.5,95.3,9.353,5,5,5,80.53399999999999
24.39,6,25.842,44.708,38.286,71.35,108.79700000000001,112.58,64.9,55.0,29.8,99.7,67.4,88.5,96.6,88.5,95.5,92.5,95.3,9.075,5,5,5,80.73899999999999
24.41,6,25.924,44.105,38.063,73.35,108.9,112.713,64.9,55.0,29.8,99.7,67.4,88.5,96.6,88.5,95.5,92.5,95.3,9.11,5,5,5,80.943
24.43,6,25.459,45.006,38.232,74.939,108.694,112.61399999999999,64.9,55.0,29.8,99.7,67.4,88.5,96.6,88.5,95.5,92.5,95.3,9.822,5,5,5,81.134
24.45,6,25.819000000000003,44.371,38.156,72.359,108.715,112.61399999999999,64.9,55.0,29.8,99.7,67.4,88.5,96.6,88.5,95.5,92.5,95.3,9.279,5,5,5,81.33800000000001
24.47,6,25.506,44.718,38.155,72.41199999999999,108.694,112.713,64.9,55.0,29.8,99.7,67.4,88.5,96.6,88.5,95.5,92.5,95.3,9.934999999999999,5,5,5,81.49600000000001
24.49,6,25.638,44.606,38.242,71.63,108.59,112.447,64.9,55.0,29.8,99.7,67.4,88.5,96.6,88.5,95.5,92.5,95.3,9.312999999999999,5,5,5,81.691
24.51,6,25.771,44.101,38.045,72.393,108.445,112.447,64.9,55.0,29.8,99.7,67.4,88.5,96.6,88.5,95.5,92.5,95.3,8.998000000000001,5,5,5,81.878
24.53,6,25.541,44.208,38.004,75.444,108.54899999999999,112.447,64.9,55.0,29.8,99.7,67.4,88.5,96.6,88.5,95.5,92.5,95.3,9.338999999999999,5,5,5,82.057
24.55,6,25.683000000000003,44.821999999999996,38.171,72.545,108.52799999999999,112.31299999999999,64.9,55.0,29.8,99.7,67.4,88.5,96.6,88.5,95.5,92.5,95.3,9.462,5,5,5,82.221
24.57,6,25.649,44.585,38.16,72.069,108.632,112.34700000000001,64.9,55.0,29.8,99.7,67.4,88.5,96.6,88.5,95.5,92.5,95.3,8.703,5,5,5,82.404
24.59,6,25.851999999999997,44.0,38.043,70.368,108.40299999999999,112.363,64.9,55.0,29.8,99.7,67.4,88.5,96.6,88.5,95.5,92.5,95.3,9.552,5,5,5,82.547
24.61,6,25.122,44.174,37.869,71.939,108.42399999999999,112.26299999999999,64.9,55.0,29.8,99.7,67.4,88.5,96.6,88.5,95.5,92.5,95.3,9.588000000000001,5,5,5,82.75
24.63,6,25.708000000000002,44.876999999999995,37.952,74.733,108.27799999999999,112.28,64.9,55.0,29.8,99.7,67.4,88.5,96.6,88.5,95.5,92.5,95.3,8.791,5,5,5,82.921
24.65,6,25.405,44.33,37.887,72.337,108.32,112.146,64.9,55.0,29.8,99.7,67.4,88.5,96.6,88.5,95.5,92.5,95.3,9.504999999999999,5,5,5,83.089
24.67,6,25.302,44.469,37.903,70.715,108.40299999999999,112.146,64.9,55.0,29.8,99.7,67.4,88.5,96.688,88.5,95.5,92.5,95.3,9.732,5,5,5,83.277
24.69,6,25.023,44.001999999999995,38.031,70.803,108.21600000000001,112.02799999999999,64.9,55.0,29.8,99.7,67.4,88.5,96.737,88.5,95.5,92.5,95.3,9.658999999999999,5,5,5,83.484
24.71,6,25.215,44.907,37.824,69.23,108.236,112.01100000000001,64.9,55.0,29.8,99.7,67.4,88.5,96.764,88.5,95.5,92.5,95.3,9.535,5,5,5,83.635
24.73,6,25.255,44.178000000000004,38.152,74.628,108.006,112.02799999999999,64.9,55.0,29.8,99.7,67.4,88.5,96.78,88.5,95.5,92.5,95.3,10.155000000000001,5,5,5,83.812
24.75,6,25.074,44.382,38.05,73.49600000000001,108.21600000000001,111.994,64.9,55.0,29.8,99.7,67.4,88.5,96.789,88.5,95.5,92.5,95.3,9.669,5,5,5,83.994
24.77,6,24.680999999999997,44.411,37.975,71.449,108.15299999999999,112.07799999999999,64.9,55.0,29.8,99.7,67.4,88.5,96.794,88.5,95.5,92.5,95.3,9.375,5,5,5,84.17699999999999
24.79,6,24.97,44.094,37.872,72.14699999999999,108.069,111.927,64.9,55.0,29.8,99.7,67.4,88.5,96.796,88.5,95.5,92.5,95.3,10.168,5,5,5,84.355
24.81,6,24.887,43.9,37.863,69.889,108.21600000000001,111.994,64.9,55.0,29.8,99.7,67.4,88.5,96.798,88.5,95.5,92.5,95.3,9.512,5,5,5,84.536
24.83,6,25.35,44.001999999999995,37.792,73.555,108.111,111.977,64.9,55.0,29.8,99.7,67.4,88.5,96.79899999999999,88.5,95.5,92.5,95.3,9.202,5,5,5,84.73899999999999
24.85,6,25.000999999999998,43.961,37.806999999999995,73.22800000000001,107.985,111.944,64.9,55.0,29.8,99.7,67.4,88.5,96.79899999999999,88.5,95.5,92.5,95.3,9.719,5,5,5,84.898
24.87,6,24.811,44.179,37.977,70.91199999999999,107.88,111.91,64.9,55.0,29.8,99.7,67.4,88.5,96.8,88.5,95.5,92.5,95.3,9.886,5,5,5,85.101
24.89,6,24.75,43.584,38.052,71.985,107.88,111.67299999999999,64.9,55.0,29.8,99.7,67.4,88.5,96.8,88.5,95.5,92.5,95.3,8.959,5,5,5,85.28
24.91,6,24.775,44.483000000000004,37.93,70.83800000000001,107.88,111.82600000000001,64.9,55.0,29.8,99.7,67.4,88.5,96.8,88.5,95.5,92.5,95.3,9.575,5,5,5,85.472
24.93,6,24.625,44.464,37.865,72.804,108.027,111.792,64.9,55.0,29.8,99.7,67.4,88.5,96.8,88.5,95.5,92.5,95.3,9.825,5,5,5,85.64
24.95,6,24.496,43.596,37.853,75.774,107.964,111.859,64.9,55.0,29.8,99.7,67.4,88.5,96.8,88.5,95.5,92.5,95.3,8.71,5,5,5,85.852
24.97,6,24.945999999999998,43.738,37.84,72.765,107.985,111.70700000000001,64.9,55.0,29.8,99.7,67.4,88.5,96.8,88.5,95.5,92.5,95.3,9.533000000000001,5,5,5,86.045
24.99,6,24.35,43.938,37.961999999999996,71.627,107.88,111.62299999999999,64.9,55.0,29.8,99.7,67.4,88.5,96.8,88.5,95.5,92.5,95.3,9.889,5,5,5,86.232
25.01,6,23.875999999999998,43.586,38.033,71.187,107.85799999999999,111.72399999999999,64.9,55.0,29.8,99.7,67.4,88.5,96.8,88.5,95.5,92.5,95.3,9.102,5,5,5,86.429
25.03,6,24.320999999999998,43.595,38.02,71.533,107.73200000000001,111.60600000000001,64.9,55.0,29.8,99.7,67.4,88.5,96.8,88.5,95.5,92.5,95.3,9.52,5,5,5,86.61
25.05,6,24.352,43.666,37.925,74.794,107.604,111.521,64.9,55.0,29.8,99.7,67.4,88.5,96.8,88.5,95.5,92.5,95.3,9.984,5,5,5,86.804
25.07,6,24.185,43.321,38.007,71.869,107.71,111.538,64.9,55.0,29.8,99.7,67.4,88.5,96.8,88.5,95.5,92.5,95.3,9.604,5,5,5,86.991
25.09,6,24.152,43.35,37.891999999999996,71.71300000000001,107.689,111.419,64.9,55.0,29.8,99.7,67.4,88.5,96.8,88.5,95.5,92.5,95.3,9.546,5,5,5,87.141
25.11,6,24.472,44.045,37.823,70.367,107.689,111.47,64.9,55.0,29.8,99.7,67.4,88.5,96.8,88.5,95.5,92.5,95.3,10.411000000000001,5,5,5,87.32600000000001
25.13,6,23.680999999999997,43.89,37.661,70.773,107.689,111.333,64.9,55.0,29.8,99.7,67.4,88.5,96.8,88.5,95.5,92.5,95.3,9.468,5,5,5,87.502
25.15,6,24.164,43.635,37.818000000000005,74.668,107.604,111.419,64.9,55.0,29.8,99.7,67.4,88.5,96.8,88.5,95.5,92.5,95.3,9.242,5,5,5,87.695
25.17,6,23.772000000000002,43.342,37.897,72.764,107.71,111.368,64.9,55.0,29.8,99.7,67.4,88.5,96.8,88.5,95.5,92.5,95.3,9.989,5,5,5,87.86
25.19,6,24.101,43.919000000000004,37.707,70.514,107.541,111.45299999999999,64.9,55.0,29.8,99.7,67.4,88.5,96.8,88.5,95.5,92.5,95.3,9.454,5,5,5,88.05199999999999
25.21,6,23.582,43.459,37.798,71.447,107.604,111.385,64.9,55.0,29.8,99.7,67.4,88.5,96.8,88.5,95.5,92.5,95.3,9.138,5,5,5,88.218
25.23,6,24.516,43.113,37.788000000000004,68.973,107.37,111.368,64.9,55.0,29.8,99.7,67.4,88.5,96.8,88.5,95.5,92.5,95.3,9.681000000000001,5,5,5,88.414
25.25,6,24.075,43.637,37.594,73.538,107.49799999999999,111.28200000000001,64.9,55.0,29.8,99.7,67.4,88.5,96.8,88.5,95.5,92.5,95.3,9.79,5,5,5,88.57300000000001
25.27,6,23.804000000000002,43.524,37.908,72.11399999999999,107.477,111.316,64.9,55.0,29.8,99.7,67.4,88.5,96.8,88.5,95.5,92.5,95.3,8.943,5,5,5,88.755
25.29,6,23.671,43.208,37.63,70.62,107.434,111.385,64.9,55.0,29.8,99.7,67.4,88.5,96.8,88.5,95.5,92.5,95.3,9.677,5,5,5,88.92
25.31,6,24.278,43.281,37.580999999999996,71.592,107.477,111.214,64.9,55.0,29.8,99.7,67.4,88.5,96.8,88.5,95.5,92.5,95.3,9.776,5,5,5,89.101
25.33,6,23.347,43.584,37.544000000000004,69.032,107.583,111.385,64.9,55.0,29.8,99.7,67.4,88.5,96.8,88.5,95.5,92.5,95.3,8.818,5,5,5,89.28
25.35,6,23.96,43.336999999999996,37.64,72.438,107.242,111.197,64.9,55.0,29.8,99.7,67.4,88.5,96.8,88.5,95.5,92.5,95.3,9.576,5,5,5,89.457
25.37,6,23.852999999999998,43.345,37.782,73.657,107.32799999999999,111.28200000000001,64.9,55.0,29.8,99.7,67.4,88.5,96.8,88.5,95.5,92.5,95.3,10.015,5,5,5,89.64
25.39,6,23.8,43.379,37.638000000000005,71.133,107.32799999999999,111.18,64.9,55.0,29.8,99.7,67.4,88.5,96.8,88.5,95.5,92.5,95.3,9.526,5,5,5,89.82
25.41,6,23.472,43.245,37.782,70.883,107.413,111.163,64.9,55.0,29.8,99.7,67.4,88.5,96.8,88.5,95.5,92.5,95.3,9.553999999999998,5,5,5,90.025
25.43,6,24.084,42.78,37.525999999999996,70.752,107.199,111.163,64.9,55.0,29.8,99.7,67.4,88.5,96.8,88.5,95.5,92.5,95.3,9.884,5,5,5,90.225
25.45,6,23.57,43.014,37.498000000000005,71.345,107.135,111.214,64.9,55.0,29.8,99.7,67.4,88.5,96.8,88.5,95.5,92.5,95.3,9.541,5,5,5,90.402
25.47,6,23.502,43.735,37.694,74.943,107.199,111.197,64.9,55.0,29.8,99.7,67.4,88.5,96.8,88.5,95.5,92.5,95.3,10.346,5,5,5,90.596
25.49,6,23.398,42.681999999999995,37.769,71.866,107.178,111.23100000000001,64.9,55.0,29.8,99.7,67.4,88.5,96.8,88.5,95.5,92.5,95.3,9.541,5,5,5,90.80199999999999
25.51,6,23.523,42.863,37.578,70.862,107.04899999999999,111.163,64.9,55.0,29.8,99.7,67.4,88.5,96.8,88.5,95.5,92.5,95.3,9.355,5,5,5,90.991
25.53,6,22.997,43.455999999999996,37.339,69.524,107.135,111.04299999999999,64.9,55.0,29.8,99.7,67.4,88.5,96.8,88.5,95.5,92.5,95.3,9.491,5,5,5,91.178
25.55,6,23.403,43.507,37.39,70.877,107.09200000000001,111.111,64.9,55.0,29.8,99.7,67.4,88.5,96.8,88.5,95.5,92.5,95.3,9.525,5,5,5,91.368
25.57,6,23.364,42.803000000000004,37.571,73.215,107.027,110.95700000000001,64.9,55.0,29.8,99.7,67.4,88.5,96.8,88.5,95.5,92.5,95.3,8.73,5,5,5,91.59100000000001
25.59,6,23.55,42.944,37.479,70.322,107.07,110.819,64.9,55.0,29.8,99.7,67.4,88.5,96.8,88.5,95.5,92.5,95.3,9.504,5,5,5,91.747
25.61,6,23.031,43.359,37.494,71.127,106.984,110.88799999999999,64.9,55.0,29.8,99.7,67.4,88.5,96.8,88.5,95.5,92.5,95.3,9.865,5,5,5,91.934
25.63,6,23.692999999999998,42.851,37.426,69.98100000000001,107.006,110.854,64.9,55.0,29.8,99.7,67.4,88.5,96.8,88.5,95.5,92.5,95.3,9.447,5,5,5,92.15299999999999
25.65,6,23.117,43.376999999999995,37.757,69.361,106.92,110.97399999999999,64.9,55.0,29.8,99.7,67.4,88.5,96.8,88.5,95.5,92.5,95.3,9.397,5,5,5,92.32600000000001
25.67,7,23.038,43.104,37.58,73.804,106.963,110.87100000000001,64.9,55.0,29.8,99.7,67.4,88.5,96.8,88.5,95.5,92.5,95.3,10.151,5,5,5,92.536
25.69,7,23.437,42.955,37.44,67.238,107.006,110.95700000000001,64.9,55.0,29.8,99.7,67.4,88.5,96.8,88.5,95.5,92.5,95.3,9.418,5,5,5,92.75299999999999
25.71,7,23.052,42.731,37.442,54.861999999999995,106.963,110.92200000000001,64.9,55.0,29.8,99.7,67.4,88.5,96.8,88.5,95.5,92.5,95.3,9.048,5,5,5,93.29299999999999
25.73,7,22.928,42.801,37.397,42.153,106.855,110.681,64.9,55.0,29.8,99.7,67.4,88.5,96.8,88.5,95.5,92.5,95.3,9.513,5,5,5,94.05
25.75,7,22.929000000000002,42.611999999999995,37.459,33.444,106.595,110.73299999999999,64.9,55.0,29.8,99.7,67.4,88.5,96.8,88.5,95.5,92.5,95.3,9.634,5,5,5,94.75
25.77,7,22.842,42.555,37.109,27.662,106.79,110.76700000000001,64.9,55.0,29.8,99.7,67.4,88.5,96.8,88.5,95.5,92.5,95.3,8.566,5,5,5,95.24
25.79,7,23.105,42.348,37.205999999999996,20.357,106.81200000000001,110.61200000000001,64.9,55.0,29.8,99.7,67.4,88.5,96.8,88.5,95.5,92.5,95.3,9.466000000000001,5,5,5,95.579
25.81,7,22.483,42.24,37.172,15.607000000000001,106.725,110.61200000000001,64.9,55.0,29.8,99.7,67.4,88.5,96.8,88.5,95.5,92.5,95.3,10.309000000000001,5,5,5,95.78
25.83,7,22.823,42.836999999999996,36.829,11.936,106.464,110.473,64.9,55.0,29.8,99.7,67.4,88.5,96.8,88.5,95.5,92.5,95.3,10.682,5,5,5,95.97
25.85,7,23.462,42.505,37.519,8.404,106.529,110.387,64.9,55.0,29.8,99.7,67.4,88.5,96.8,88.5,95.5,92.5,95.3,9.712,5,5,5,96.19
25.87,7,23.331,42.589,37.49,7.1899999999999995,106.595,110.595,64.9,55.0,29.8,99.7,67.4,88.5,96.8,88.5,95.5,92.5,95.3,10.074,5,5,5,96.43
25.89,7,22.618,42.696999999999996,37.541,7.112,106.551,110.647,64.9,55.0,29.8,99.7,67.4,88.5,96.8,88.5,95.5,92.5,95.3,9.469,5,5,5,96.682
25.91,7,22.896,42.098,37.501,6.946,106.616,110.525,64.9,55.0,29.8,99.7,67.4,88.5,96.8,88.5,95.5,92.5,95.3,8.642,5,5,5,96.90299999999999
25.93,7,22.798,42.128,37.400999999999996,5.959,106.616,110.56,64.9,55.0,29.8,99.7,67.4,88.5,96.8,88.5,95.5,92.5,95.3,9.507,5,5,5,97.094
25.95,7,22.65,41.957,37.475,10.902999999999999,106.63799999999999,110.387,64.9,55.0,29.8,99.7,67.4,88.5,96.8,88.5,95.5,92.5,95.3,9.692,5,5,5,97.243
25.97,7,22.64,42.248000000000005,37.645,8.692,106.551,110.473,64.8,54.9,29.9,99.3,67.4,88.5,96.8,88.5,95.5,92.5,95.3,9.18,5,5,5,97.37799999999999
25.99,7,22.737000000000002,41.984,37.509,7.561999999999999,106.486,110.265,64.8,54.9,29.9,99.3,67.4,88.5,96.8,88.5,95.5,92.5,95.3,9.449,5,5,5,97.45100000000001
26.01,7,22.554000000000002,41.933,37.236,7.134,106.42,110.369,64.8,54.9,29.9,99.3,67.4,88.5,96.8,88.5,95.5,92.5,95.3,10.16,5,5,5,97.568
26.03,7,22.369,41.692,37.515,6.596,106.37700000000001,110.404,64.8,54.9,29.9,99.3,67.4,88.5,96.8,88.5,95.5,92.5,95.3,9.472,5,5,5,97.65799999999999
26.05,7,22.038,42.412,37.330999999999996,6.163,106.529,110.24700000000001,64.8,54.9,29.9,99.3,67.4,88.5,96.8,88.5,95.5,92.5,95.3,9.309000000000001,5,5,5,97.72399999999999
26.07,7,22.499000000000002,42.141999999999996,37.571999999999996,8.512,106.289,110.23,64.8,54.9,29.9,99.3,67.4,88.5,96.8,88.5,95.5,92.5,95.3,9.465,5,5,5,97.823
26.09,7,22.377,41.772,37.431999999999995,8.557,106.44200000000001,110.369,64.8,54.9,29.9,99.3,67.4,88.5,96.8,88.5,95.5,92.5,95.3,9.415,5,5,5,97.919
26.11,7,22.309,41.97,37.371,10.05,106.333,110.265,64.8,54.9,29.9,99.3,67.4,88.5,96.8,88.5,95.5,92.5,95.3,8.719,5,5,5,98.01899999999999
26.13,7,22.633,42.003,37.528,11.491,106.179,110.16,64.8,54.9,29.9,99.3,67.4,88.5,96.8,88.5,95.5,92.5,95.3,9.452,5,5,5,98.2
26.15,7,22.063,41.75,37.56,13.068999999999999,106.15700000000001,110.09,64.8,54.9,29.9,99.3,67.4,88.5,96.8,88.5,95.5,92.5,95.3,9.671,5,5,5,98.381
26.17,7,22.213,41.584,37.336999999999996,16.724,106.113,110.213,64.8,54.9,29.9,99.3,67.4,88.5,96.8,88.5,95.5,92.5,95.3,9.457,5,5,5,98.719
26.19,7,22.358,41.461999999999996,37.509,17.662,106.289,110.265,64.8,54.9,29.9,99.3,67.4,88.5,96.8,88.5,95.5,92.5,95.3,9.254,5,5,5,99.084
26.21,7,22.087,41.861999999999995,37.615,20.415999999999997,106.179,110.125,64.8,54.9,29.9,99.3,67.4,88.5,96.8,88.5,95.5,92.5,95.3,10.18,5,5,5,99.51700000000001
26.23,7,22.298,41.57,37.551,21.972,106.15700000000001,110.16,64.8,54.9,29.9,99.3,67.4,88.5,96.8,88.5,95.5,92.5,95.3,9.602,5,5,5,99.958
26.25,7,22.049,41.406,37.353,24.219,105.78200000000001,110.073,64.8,54.9,29.9,99.3,67.4,88.5,96.8,88.5,95.5,92.5,95.3,9.439,5,5,5,100.446
26.27,7,22.141,41.501999999999995,37.46,22.845,105.98100000000001,110.038,64.8,54.9,29.9,99.3,67.4,88.5,96.8,88.5,95.5,92.5,95.3,9.562999999999999,5,5,5,100.971
26.29,7,22.088,41.988,37.592,20.339,106.00299999999999,110.23,64.8,54.9,29.9,99.3,67.4,88.5,96.8,88.5,95.5,92.5,95.3,9.635,5,5,5,101.531
26.31,7,21.916,41.501,37.523,20.779000000000003,106.00299999999999,110.14299999999999,64.8,54.9,29.9,99.3,67.4,88.5,96.8,88.5,95.5,92.5,95.3,8.573,5,5,5,102.059
26.33,7,22.122,41.741,37.396,19.21,106.135,110.073,64.8,54.9,29.9,99.3,67.4,88.5,96.8,88.5,95.5,92.5,95.3,9.27,5,5,5,102.63
26.35,7,22.28,41.727,37.438,15.557,106.135,110.038,64.8,54.9,29.9,99.3,67.4,88.5,96.8,88.5,95.5,92.5,95.3,9.994,5,5,5,103.167
26.37,7,21.987000000000002,41.403,37.567,11.416,105.93700000000001,109.915,64.8,54.9,29.9,99.3,67.4,88.5,96.8,88.5,95.5,92.5,95.3,9.632,5,5,5,103.65700000000001
26.39,7,22.343,41.565,37.441,9.233,105.804,109.82700000000001,64.8,54.9,29.9,99.3,67.4,88.5,96.8,88.5,95.5,92.5,95.3,9.056999999999999,5,5,5,104.056
26.41,7,22.244,42.004,37.44,8.353,105.58200000000001,109.634,64.8,54.9,29.9,99.3,67.4,88.5,96.8,88.5,95.5,92.5,95.3,9.769,5,5,5,104.33
26.43,7,21.859,41.352,37.449,6.676,105.515,109.775,64.8,54.9,29.9,99.3,67.4,88.5,96.8,88.5,95.5,92.5,95.3,8.26,5,5,5,104.456
26.45,7,21.901,41.257,37.418,5.728,105.76,109.757,64.8,54.9,29.9,99.3,67.4,88.5,96.8,88.5,95.5,92.5,95.3,8.914,5,5,5,104.515
26.47,8,21.831,41.129,37.504,5.964,105.604,109.669,64.8,54.9,29.9,99.3,67.4,88.5,96.8,88.5,95.5,92.5,95.3,9.67,5,5,5,104.546
26.49,8,21.969,41.665,37.388000000000005,6.151,105.626,109.72200000000001,64.8,54.9,29.9,99.3,67.4,88.5,96.8,88.5,95.5,92.5,95.3,8.95,5,5,5,104.588
26.51,8,21.625999999999998,41.104,37.529,6.069,105.649,109.65100000000001,64.8,54.9,29.9,99.3,67.4,88.5,96.8,88.5,95.5,92.5,95.3,8.24,5,5,5,104.6
26.53,8,21.925,41.339,37.306999999999995,5.7059999999999995,105.671,109.72200000000001,64.8,54.9,29.9,99.3,67.4,88.5,96.8,88.5,95.5,92.5,95.3,8.858,5,5,5,104.64200000000001
26.55,8,21.192999999999998,41.181999999999995,37.464,5.49,105.559,109.38600000000001,64.8,54.9,29.9,99.3,67.4,88.5,96.8,88.5,95.5,92.5,95.3,9.461,5,5,5,104.665
26.57,8,21.465,41.306,37.378,5.333,105.626,109.492,64.8,54.9,29.9,99.3,67.4,88.5,96.8,88.5,95.5,92.5,95.3,8.557,5,5,5,104.666
26.59,8,21.883,40.786,37.425,5.346,105.425,109.616,64.8,54.9,29.9,99.3,67.4,88.5,96.8,88.5,95.5,92.5,95.3,8.031,5,5,5,104.661
26.61,8,21.387999999999998,41.368,37.527,5.287,105.58200000000001,109.45700000000001,64.8,54.9,29.9,99.3,67.4,88.5,96.8,88.5,95.5,92.5,95.3,8.653,5,5,5,104.662
26.63,8,21.647000000000002,41.398,37.505,5.451,105.515,109.475,64.8,54.9,29.9,99.3,67.4,88.5,96.8,88.5,95.5,92.5,95.3,9.216999999999999,5,5,5,104.663
26.65,8,21.607,41.205,37.391999999999996,5.089,105.537,109.315,64.8,54.9,29.9,99.3,67.4,88.5,96.8,88.5,95.5,92.5,95.3,8.849,5,5,5,104.666
26.67,8,21.729,41.093,37.421,5.164,105.448,109.545,64.8,54.9,29.9,99.3,67.4,88.5,96.8,88.5,95.5,92.5,95.3,7.795,5,5,5,104.663
26.69,8,21.37,41.339,37.328,5.304,105.291,109.545,64.8,54.9,29.9,99.3,67.4,88.5,96.8,88.5,95.5,92.5,95.3,8.567,5,5,5,104.662
26.71,8,21.598,41.319,37.379,5.045,105.40299999999999,109.368,64.8,54.9,29.9,99.3,67.4,88.5,96.8,88.5,95.5,92.5,95.3,9.337,5,5,5,104.66
26.73,8,21.581,40.764,37.486999999999995,5.151,105.47,109.475,64.8,54.9,29.9,99.3,67.4,88.5,96.8,88.5,95.5,92.5,95.3,8.469,5,5,5,104.664
26.75,8,21.378,40.979,37.414,4.967,105.20100000000001,109.439,64.8,54.9,29.9,99.3,67.4,88.5,96.8,88.5,95.5,92.5,95.3,7.824,5,5,5,104.663
26.77,8,21.182000000000002,40.938,37.289,5.22,105.04299999999999,109.38600000000001,64.8,54.9,29.9,99.3,67.4,88.5,96.8,88.5,95.5,92.5,95.3,8.479,5,5,5,104.662
26.79,8,21.157,40.813,37.395,5.151,105.26799999999999,109.262,64.8,54.9,29.9,99.3,67.4,88.5,96.8,88.5,95.5,92.5,95.3,9.268,5,5,5,104.661
26.81,8,21.006,41.321,37.342,4.997,105.26799999999999,109.262,64.8,54.9,29.9,99.3,67.4,88.5,96.8,88.5,95.5,92.5,95.3,8.532,5,5,5,104.65700000000001
26.83,8,20.864,40.964,37.446999999999996,5.054,105.20100000000001,109.51,64.8,54.9,29.9,99.3,67.4,88.5,96.8,88.5,95.5,92.5,95.3,7.776999999999999,5,5,5,104.65700000000001
26.85,8,20.381,41.012,37.586,5.022,105.02,109.226,64.8,54.9,29.9,99.3,67.4,88.5,96.8,88.5,95.5,92.5,95.3,8.517,5,5,5,104.663
26.87,8,21.199,40.751999999999995,37.251999999999995,5.039,105.088,109.368,64.8,54.9,29.9,99.3,67.4,88.5,96.8,88.5,95.5,92.5,95.3,9.123000000000001,5,5,5,104.656
26.89,8,20.746,41.101,37.243,5.339,104.90700000000001,109.083,64.8,54.9,29.9,99.3,67.4,88.5,96.8,88.5,95.5,92.5,95.3,8.481,5,5,5,104.661
26.91,8,21.164,40.422,37.499,5.052,105.02,109.208,64.8,54.9,29.9,99.3,67.4,88.5,96.8,88.5,95.5,92.5,95.3,7.711,5,5,5,104.66
26.93,8,20.89,40.734,37.216,5.17,105.133,109.119,64.8,54.9,29.9,99.3,67.4,88.5,96.8,88.5,95.5,92.5,95.3,8.469,5,5,5,104.66
26.95,8,21.19,40.704,37.288000000000004,5.098,105.133,109.03,64.8,54.9,29.9,99.3,67.4,88.5,96.8,88.5,95.5,92.5,95.3,9.283999999999999,5,5,5,104.66
26.97,8,20.555999999999997,41.135999999999996,37.385999999999996,5.204,105.02,109.03,64.8,54.9,29.9,99.3,67.4,88.5,96.8,88.5,95.5,92.5,95.3,8.254,5,5,5,104.66
26.99,8,20.866,40.731,37.26,5.042,104.884,109.119,64.8,54.9,29.9,99.3,67.4,88.5,96.8,88.5,95.5,92.5,95.3,7.681,5,5,5,104.66799999999999
27.01,8,20.963,40.586,37.236999999999995,4.761,104.816,109.083,64.8,54.9,29.9,99.3,67.4,88.5,96.8,88.5,95.5,92.5,95.3,8.481,5,5,5,104.66799999999999
27.03,8,21.052,40.532,37.288000000000004,4.824,104.975,108.958,64.8,54.9,29.9,99.3,67.4,88.5,96.8,88.5,95.5,92.5,95.3,9.141,5,5,5,104.666
27.05,8,20.874000000000002,40.611999999999995,37.352,4.69,104.839,108.94,64.8,54.9,29.9,99.3,67.4,88.5,96.8,88.5,95.5,92.5,95.3,8.427,5,5,5,104.67
27.07,8,20.487000000000002,39.955,37.278,5.097,104.816,109.137,64.8,54.9,29.9,99.3,67.4,88.5,96.8,88.5,95.5,92.5,95.3,7.689,5,5,5,104.666
27.09,8,20.636,40.469,37.189,4.676,104.884,109.119,64.8,54.9,29.9,99.3,67.4,88.5,96.8,88.5,95.5,92.5,95.3,8.516,5,5,5,104.666
27.11,8,20.848,40.544000000000004,37.269,4.317,104.771,108.869,64.8,54.9,29.9,99.3,67.4,88.5,96.8,88.5,95.5,92.5,95.3,9.213000000000001,5,5,5,104.664
27.13,8,20.759999999999998,40.211999999999996,37.363,4.3870000000000005,104.771,108.958,64.8,54.9,29.9,99.3,67.4,88.5,96.8,88.5,95.5,92.5,95.3,8.57,5,5,5,104.661
27.15,8,20.437,40.003,37.339,4.612,104.725,108.833,64.8,54.9,29.9,99.3,67.4,88.5,96.8,88.5,95.5,92.5,95.3,7.6579999999999995,5,5,5,104.65799999999999
27.17,8,20.533,40.479,37.273,4.594,104.771,108.779,64.8,54.9,29.9,99.3,67.4,88.5,96.8,88.5,95.5,92.5,95.3,8.443,5,5,5,104.65799999999999
27.19,8,20.134999999999998,40.705999999999996,37.6,4.75,104.65700000000001,108.79700000000001,64.8,54.9,29.9,99.3,67.4,88.5,96.8,88.5,95.5,92.5,95.3,9.154,5,5,5,104.649
27.21,8,20.165,40.37,37.379,5.042,104.679,108.65299999999999,64.8,54.9,29.9,99.3,67.4,88.5,96.8,88.5,95.5,92.5,95.3,8.237,5,5,5,104.65299999999999
27.23,8,20.663,40.414,37.274,4.926,104.611,108.689,64.8,54.9,29.9,99.3,67.4,88.5,96.8,88.5,95.5,92.5,95.3,7.545999999999999,5,5,5,104.654
27.25,8,20.012999999999998,40.334,37.07,4.484,104.49700000000001,108.779,64.8,54.9,29.9,99.3,67.4,88.5,96.8,88.5,95.5,92.5,95.3,8.45,5,5,5,104.652
27.27,8,20.391,40.528,37.278,4.43,104.49700000000001,108.743,64.8,54.9,29.9,99.3,67.4,88.5,96.8,88.5,95.5,92.5,95.3,9.036999999999999,5,5,5,104.65299999999999
27.29,8,20.176,40.141,37.43,5.107,104.65700000000001,108.743,64.8,54.9,29.9,99.3,67.4,88.5,96.8,88.5,95.5,92.5,95.3,8.289,5,5,5,104.65799999999999
27.31,8,20.139000000000003,40.243,37.354,4.763,104.45100000000001,108.689,64.8,54.9,29.9,99.3,67.4,88.5,96.8,88.5,95.5,92.5,95.3,7.457,5,5,5,104.652
27.33,8,19.967,40.225,37.335,5.0,104.29,108.689,64.8,54.9,29.9,99.3,67.4,88.5,96.8,88.5,95.5,92.5,95.3,8.302,5,5,5,104.656
27.35,8,20.356,39.988,37.218,5.182,104.428,108.56299999999999,64.8,54.9,29.9,99.3,67.4,88.5,96.8,88.5,95.5,92.5,95.3,9.103,5,5,5,104.65
27.37,8,20.816,40.025,37.15,4.918,104.29,108.671,64.8,54.9,29.9,99.3,67.4,88.5,96.8,88.5,95.5,92.5,95.3,8.314,5,5,5,104.65299999999999
27.39,8,20.008,39.871,37.402,5.069,104.47399999999999,108.617,64.8,54.9,29.9,99.3,67.4,88.5,96.8,88.5,95.5,92.5,95.3,7.423,5,5,5,104.65100000000001
27.41,8,20.307000000000002,39.885999999999996,37.365,5.667,104.45100000000001,108.473,64.8,54.9,29.9,99.3,67.4,88.5,96.8,88.5,95.5,92.5,95.3,8.341000000000001,5,5,5,104.65
27.43,8,20.539,39.569,37.123000000000005,5.236,104.359,108.491,64.8,54.9,29.9,99.3,67.4,88.5,96.8,88.5,95.5,92.5,95.3,8.441,5,5,5,104.65799999999999
27.45,8,19.756,39.805,37.454,5.391,104.405,108.382,64.8,54.9,29.9,99.3,67.4,88.5,96.8,88.5,95.5,92.5,95.3,8.257,5,5,5,104.654
27.47,8,20.267000000000003,40.121,37.303000000000004,5.398,104.359,108.491,64.8,54.9,29.9,99.3,67.4,88.5,96.8,88.5,95.5,92.5,95.3,8.551,5,5,5,104.65799999999999
27.49,8,20.331,39.443000000000005,37.101,5.15,104.382,108.509,64.8,54.9,29.9,99.3,67.4,88.5,96.8,88.5,95.5,92.5,95.3,8.370000000000001,5,5,5,104.65700000000001
27.51,8,20.380000000000003,39.672,37.314,5.0,104.359,108.473,64.8,54.9,29.9,99.3,67.4,88.5,96.8,88.5,95.5,92.5,95.3,8.1,5,5,5,104.663
27.53,8,20.067,40.278,37.406,5.219,104.29,108.36399999999999,64.8,54.9,29.9,99.3,67.4,88.5,96.8,88.5,95.5,92.5,95.3,8.282,5,5,5,104.667
27.55,8,19.869,39.898,37.235,5.537,104.244,108.41799999999999,64.8,54.9,29.9,99.3,67.4,88.5,96.8,88.5,95.5,92.5,95.3,8.654,5,5,5,104.664
27.57,8,19.942,39.681999999999995,37.183,4.811,104.12799999999999,108.36399999999999,64.8,54.9,29.9,99.3,67.4,88.5,96.8,88.5,95.5,92.5,95.3,8.35,5,5,5,104.655
27.59,8,19.308,39.652,37.255,4.62,104.12799999999999,108.436,64.8,54.9,29.9,99.3,67.4,88.5,96.8,88.5,95.5,92.5,95.3,8.019,5,5,5,104.656
27.61,8,20.102,39.333,37.059,4.913,104.29,108.473,64.8,54.9,29.9,99.3,67.4,88.5,96.8,88.5,95.5,92.5,95.3,8.306000000000001,5,5,5,104.663
27.63,8,19.787,39.644,37.239000000000004,4.63,104.15100000000001,108.346,64.8,54.9,29.9,99.3,67.4,88.5,96.8,88.5,95.5,92.5,95.3,8.618,5,5,5,104.65799999999999
27.65,8,19.727,39.31,37.313,4.624,104.15100000000001,108.455,64.8,54.9,29.9,99.3,67.4,88.5,96.8,88.5,95.5,92.5,95.3,8.474,5,5,5,104.65799999999999
27.67,8,19.903,39.235,37.141,4.668,104.12799999999999,108.32799999999999,64.8,54.9,29.9,99.3,67.4,88.5,96.8,88.5,95.5,92.5,95.3,8.024,5,5,5,104.664
27.69,8,19.493000000000002,39.234,37.137,4.84,104.12799999999999,108.346,64.8,54.9,29.9,99.3,67.4,88.5,96.8,88.5,95.5,92.5,95.3,8.375,5,5,5,104.663
27.71,8,19.981,39.469,37.278,4.789,104.197,108.436,64.8,54.9,29.9,99.3,67.4,88.5,96.8,88.5,95.5,92.5,95.3,8.858,5,5,5,104.66
27.73,8,19.543,39.584,37.149,4.87,104.12799999999999,108.23700000000001,64.8,54.9,29.9,99.3,67.4,88.5,96.8,88.5,95.5,92.5,95.3,8.546,5,5,5,104.65899999999999
27.75,8,19.802,38.948,37.062,4.576,104.105,108.4,64.8,54.9,29.9,99.3,67.4,88.5,96.8,88.5,95.5,92.5,95.3,7.898,5,5,5,104.662
27.77,8,19.769,39.699,37.144,4.966,104.035,108.32799999999999,64.8,54.9,29.9,99.3,67.4,88.5,96.8,88.5,95.5,92.5,95.3,8.375,5,5,5,104.65700000000001
27.79,8,19.375,39.869,37.198,5.047,103.96600000000001,108.36399999999999,64.8,54.9,29.9,99.3,67.4,88.5,96.8,88.5,95.5,92.5,95.3,8.986,5,5,5,104.65799999999999
27.81,8,19.36,39.37,37.073,4.519,104.059,108.164,64.8,54.9,29.9,99.3,67.4,88.5,96.8,88.5,95.5,92.5,95.3,8.351,5,5,5,104.65899999999999
27.83,8,19.425,39.717,37.094,4.76,104.035,108.273,64.8,54.9,29.9,99.3,67.4,88.5,96.8,88.5,95.5,92.5,95.3,7.811,5,5,5,104.661
27.85,8,19.33,39.576,37.152,5.204,104.105,108.182,64.8,54.9,29.9,99.3,67.4,88.5,96.8,88.5,95.5,92.5,95.3,8.349,5,5,5,104.65799999999999
27.87,8,19.381999999999998,39.488,37.098,4.953,104.012,108.0,64.8,54.9,29.9,99.3,67.4,88.5,96.8,88.5,95.5,92.5,95.3,9.181999999999999,5,5,5,104.661
27.89,8,19.223,39.763000000000005,37.117,4.841,104.012,108.073,64.8,54.9,29.9,99.3,67.4,88.5,96.8,88.5,95.5,92.5,95.3,8.669,5,5,5,104.662
27.91,8,19.474,39.271,37.297,4.345,103.96600000000001,108.219,64.8,54.9,29.9,99.3,67.4,88.5,96.8,88.5,95.5,92.5,95.3,7.636,5,5,5,104.655
27.93,8,19.357999999999997,38.765,37.101,4.4,103.98899999999999,108.073,64.8,54.9,29.9,99.3,67.4,88.5,96.8,88.5,95.5,92.5,95.3,8.486,5,5,5,104.656
27.95,8,19.147,39.624,37.102,4.595,104.059,108.182,64.8,54.9,29.9,99.3,67.4,88.5,96.8,88.5,95.5,92.5,95.3,9.248000000000001,5,5,5,104.65299999999999
27.97,8,19.448,39.496,37.086999999999996,5.081,104.059,107.836,64.7,54.9,29.9,99.3,67.4,88.5,96.8,88.5,95.5,92.5,95.3,8.443999999999999,5,5,5,104.661
27.99,8,19.470999999999997,38.914,37.117,5.041,103.803,107.964,64.7,54.9,29.9,99.3,67.4,88.5,96.8,88.5,95.5,92.5,95.3,7.616,5,5,5,104.662
28.01,8,19.272,38.869,37.227,5.076,103.756,108.0,64.7,54.9,29.9,99.3,67.4,88.5,96.8,88.5,95.5,92.5,95.3,8.45,5,5,5,104.665
28.03,8,19.040999999999997,39.134,37.194,4.961,103.87299999999999,108.01799999999999,64.7,54.9,29.9,99.3,67.4,88.5,96.8,88.5,95.5,92.5,95.3,9.212,5,5,5,104.66799999999999
28.05,8,19.454,38.88,37.11,4.766,103.919,107.927,64.7,54.9,29.9,99.3,67.4,88.5,96.8,88.5,95.5,92.5,95.3,8.32,5,5,5,104.665
28.07,8,19.490000000000002,38.658,37.114000000000004,4.796,103.779,107.89,64.7,54.9,29.9,99.3,67.4,88.5,96.8,88.5,95.5,92.5,95.3,7.59,5,5,5,104.666
28.09,8,19.122999999999998,39.184,37.086,4.605,103.919,107.964,64.7,54.9,29.9,99.3,67.4,88.5,96.8,88.5,95.5,92.5,95.3,8.411999999999999,5,5,5,104.67200000000001
28.11,8,18.792,39.428000000000004,37.38,4.834,103.803,107.89,64.7,54.9,29.9,99.3,67.4,88.5,96.8,88.5,95.5,92.5,95.3,9.059000000000001,5,5,5,104.663
28.13,8,18.929000000000002,39.166,37.116,4.855,103.779,107.98200000000001,64.7,54.9,29.9,99.3,67.4,88.5,96.8,88.5,95.5,92.5,95.3,8.504999999999999,5,5,5,104.667
28.15,8,18.922,39.258,37.076,4.856,103.896,107.744,64.7,54.9,29.9,99.3,67.4,88.5,96.8,88.5,95.5,92.5,95.3,7.734,5,5,5,104.671
28.17,8,18.813,39.158,37.156,4.868,103.73299999999999,107.945,64.7,54.9,29.9,99.3,67.4,88.5,96.8,88.5,95.5,92.5,95.3,8.387,5,5,5,104.665
28.19,8,18.538,38.798,36.991,4.592,103.639,107.98200000000001,64.7,54.9,29.9,99.3,67.4,88.5,96.8,88.5,95.5,92.5,95.3,9.018,5,5,5,104.664
28.21,8,18.662,38.949,37.341,4.724,103.756,107.781,64.7,54.9,29.9,99.3,67.4,88.5,96.8,88.5,95.5,92.5,95.3,8.428,5,5,5,104.669
28.23,8,18.845999999999997,39.149,37.059,5.245,103.73299999999999,107.98200000000001,64.7,54.9,29.9,99.3,67.4,88.5,96.8,88.5,95.5,92.5,95.3,8.046,5,5,5,104.67
28.25,8,18.634999999999998,39.323,37.001,4.65,103.616,107.81700000000001,64.7,54.9,29.9,99.3,67.4,88.5,96.8,88.5,95.5,92.5,95.3,8.417,5,5,5,104.665
28.27,8,18.465,39.118,37.078,4.711,103.709,107.70700000000001,64.7,54.9,29.9,99.3,67.4,88.5,96.8,88.5,95.5,92.5,95.3,8.701,5,5,5,104.66799999999999
28.29,8,18.585,38.531,37.195,5.348,103.662,107.836,64.7,54.9,29.9,99.3,67.4,88.5,96.8,88.5,95.5,92.5,95.3,8.45,5,5,5,104.66799999999999
28.31,8,18.352,38.893,36.992,5.144,103.686,107.57799999999999,64.7,54.9,29.9,99.3,67.4,88.5,96.8,88.5,95.5,92.5,95.3,8.355,5,5,5,104.666
28.33,8,18.549,38.95,37.138000000000005,4.856,103.616,107.633,64.7,54.9,29.9,99.3,67.4,88.5,96.8,88.5,95.5,92.5,95.3,8.349,5,5,5,104.666
28.35,8,18.717,38.666,37.055,4.515,103.616,107.744,64.7,54.9,29.9,99.3,67.4,88.5,96.8,88.5,95.5,92.5,95.3,8.443999999999999,5,5,5,104.67
28.37,8,18.292,38.731,37.035,4.631,103.73299999999999,107.781,64.7,54.9,29.9,99.3,67.4,88.5,96.8,88.5,95.5,92.5,95.3,8.52,5,5,5,104.667
28.39,8,18.470999999999997,38.634,37.139,4.972,103.545,107.67,64.7,54.9,29.9,99.3,67.4,88.5,96.8,88.5,95.5,92.5,95.3,8.423,5,5,5,104.663
28.41,8,18.407,38.326,37.258,5.14,103.45100000000001,107.744,64.7,54.9,29.9,99.3,67.4,88.5,96.8,88.5,95.5,92.5,95.3,8.422,5,5,5,104.664
28.43,8,18.183,38.429,36.952,4.775,103.522,107.689,64.7,54.9,29.9,99.3,67.4,88.5,96.8,88.5,95.5,92.5,95.3,8.618,5,5,5,104.664
28.45,8,18.164,38.684,36.882,4.913,103.45100000000001,107.67,64.7,54.9,29.9,99.3,67.4,88.5,96.8,88.5,95.5,92.5,95.3,8.963000000000001,5,5,5,104.66
28.47,8,18.226,38.575,37.05,5.161,103.428,107.486,64.7,54.9,29.9,99.3,67.4,88.5,96.8,88.5,95.5,92.5,95.3,8.333,5,5,5,104.666
28.49,8,18.094,38.558,37.078,5.505,103.522,107.375,64.7,54.9,29.9,99.3,67.4,88.5,96.8,88.5,95.5,92.5,95.3,9.494,5,5,5,104.663
28.51,8,18.201999999999998,38.26,37.198,4.912,103.59200000000001,107.486,64.7,54.9,29.9,99.3,67.4,88.5,96.8,88.5,95.5,92.5,95.3,9.213000000000001,5,5,5,104.667
28.53,8,18.326999999999998,38.415,37.001999999999995,4.647,103.35700000000001,107.39399999999999,64.7,54.9,29.9,99.3,67.4,88.5,96.8,88.5,95.5,92.5,95.3,9.211,5,5,5,104.667
28.55,8,18.484,38.298,36.792,5.399,103.45100000000001,107.35700000000001,64.7,54.9,29.9,99.3,67.4,88.5,96.8,88.5,95.5,92.5,95.3,9.93,5,5,5,104.667
28.57,8,18.464,37.904,37.041,4.635,103.35700000000001,107.264,64.7,54.9,29.9,99.3,67.4,88.5,96.8,88.5,95.5,92.5,95.3,8.738,5,5,5,104.67399999999999
28.59,8,18.567,38.158,36.898,4.553,103.31,107.264,64.7,54.9,29.9,99.3,67.4,88.5,96.8,88.5,95.5,92.5,95.3,9.582,5,5,5,104.669
28.61,8,17.879,38.400999999999996,37.205,4.897,103.35700000000001,107.19,64.7,54.9,29.9,99.3,67.4,88.5,96.8,88.5,95.5,92.5,95.3,9.926,5,5,5,104.67200000000001
28.63,8,18.42,38.266,37.077,5.155,103.23899999999999,107.227,64.7,54.9,29.9,99.3,67.4,88.5,96.73100000000001,88.5,95.5,92.5,95.3,9.363,5,5,5,104.669
28.65,8,18.259999999999998,38.365,36.958,4.849,103.23899999999999,107.208,64.7,54.9,29.9,99.3,67.4,88.5,96.67399999999999,88.5,95.5,92.5,95.3,10.355,5,5,5,104.666
28.67,8,17.809,38.445,36.974000000000004,5.172,103.215,107.09700000000001,64.7,54.9,29.9,99.3,67.4,88.5,96.642,88.5,95.5,92.5,95.3,9.89,5,5,5,104.663
28.69,8,18.2,38.4,36.975,5.192,103.262,107.022,64.7,54.9,29.9,99.3,67.4,88.5,96.623,88.5,95.5,92.5,95.3,9.856,5,5,5,104.66799999999999
28.71,8,18.153,38.16,36.997,4.778,103.14399999999999,107.041,64.7,54.9,29.9,99.3,67.4,88.5,96.613,88.5,95.5,92.5,95.3,10.172999999999998,5,5,5,104.67
28.73,8,18.106,38.348,36.835,4.561,103.23899999999999,107.09700000000001,64.7,54.9,29.9,99.3,67.4,88.5,96.607,88.5,95.5,92.5,95.3,9.137,5,5,5,104.665
28.75,8,17.955,38.281,37.137,5.011,102.977,107.022,64.7,54.9,29.9,99.3,67.4,88.5,96.604,88.5,95.5,92.5,95.3,10.068999999999999,5,5,5,104.665
28.77,8,18.102,38.626999999999995,36.921,4.93,102.882,106.947,64.7,54.9,29.9,99.3,67.4,88.5,96.602,88.5,95.5,92.5,95.3,10.059999999999999,5,5,5,104.66799999999999
28.79,8,18.308,37.854,36.917,4.714,103.04899999999999,107.09700000000001,64.7,54.9,29.9,99.3,67.4,88.5,96.601,88.5,95.5,92.5,95.3,9.835,5,5,5,104.667
28.81,8,18.113,37.955999999999996,36.739999999999995,4.266,103.12,107.022,64.7,54.9,29.9,99.3,67.4,88.5,96.601,88.5,95.5,92.5,95.3,10.828,5,5,5,104.666
28.83,8,18.278,38.316,37.012,4.608,103.096,107.022,64.7,54.9,29.9,99.3,67.4,88.5,96.6,88.5,95.5,92.5,95.3,9.709,5,5,5,104.665
28.85,8,17.576,37.708,37.073,5.121,103.14399999999999,106.96600000000001,64.7,54.9,29.9,99.3,67.4,88.5,96.6,88.5,95.5,92.5,95.3,10.133,5,5,5,104.65899999999999
28.87,8,18.192,37.989000000000004,36.984,4.736,102.977,106.947,64.7,54.9,29.9,99.3,67.4,88.5,96.6,88.5,95.5,92.5,95.3,10.198,5,5,5,104.664
28.89,8,17.543,37.830999999999996,37.158,4.653,102.834,106.96600000000001,64.7,54.9,29.9,99.3,67.4,88.5,96.6,88.431,95.5,92.5,95.3,9.538,5,5,5,104.665
28.91,8,17.790999999999997,37.751,37.052,5.087,102.929,106.87200000000001,64.7,54.9,29.9,99.3,67.4,88.5,96.6,88.374,95.5,92.5,95.3,10.487,5,5,5,104.666
28.93,8,18.033,37.87,36.906,5.355,102.95299999999999,106.854,64.7,54.9,29.9,99.3,67.4,88.5,96.6,88.342,95.5,92.5,95.3,10.262,5,5,5,104.663
28.95,8,17.675,38.027,36.971999999999994,5.157,102.929,106.779,64.7,54.9,29.9,99.3,67.4,88.5,96.6,88.32300000000001,95.5,92.5,95.3,10.34,5,5,5,104.66799999999999
28.97,8,18.075,37.571999999999996,36.969,4.669,103.025,106.854,64.7,54.9,29.9,99.3,67.4,88.5,96.6,88.313,95.5,92.5,95.3,10.788,5,5,5,104.667
28.99,8,17.866,37.711,36.946,4.892,103.025,106.929,64.7,54.9,29.9,99.3,67.4,88.5,96.6,88.307,95.5,92.5,95.3,9.806999999999999,5,5,5,104.662
29.01,8,17.848,37.648,36.79,4.956,102.95299999999999,106.854,64.7,54.9,29.9,99.3,67.4,88.5,96.6,88.304,95.5,92.5,95.3,10.362,5,5,5,104.66799999999999
29.03,8,17.655,38.211999999999996,36.691,4.924,103.001,106.572,64.7,54.9,29.9,99.3,67.4,88.5,96.6,88.30199999999999,95.5,92.5,95.3,10.533,5,5,5,104.662
29.05,8,17.372999999999998,37.374,36.855000000000004,4.66,103.025,106.779,64.7,54.9,29.9,99.3,67.4,88.5,96.6,88.301,95.5,92.5,95.3,9.991,5,5,5,104.667
29.07,8,17.875,37.580999999999996,36.938,4.566,102.786,106.741,64.7,54.9,29.9,99.3,67.4,88.5,96.6,88.301,95.5,92.5,95.3,11.100999999999999,5,5,5,104.662
29.09,8,17.634,37.964,36.934,4.879,103.001,106.947,64.7,54.9,29.9,99.3,67.4,88.5,96.6,88.3,95.5,92.5,95.3,10.517,5,5,5,104.663
29.11,8,17.547,37.665,36.812,5.937,102.95299999999999,106.76,64.7,54.9,29.9,99.3,67.4,88.5,96.6,88.3,95.5,92.5,95.3,10.242999999999999,5,5,5,104.666
29.13,8,17.663,37.626,36.891,5.82,103.001,106.72200000000001,64.7,54.9,29.9,99.3,67.4,88.5,96.6,88.3,95.5,92.5,95.3,11.136,5,5,5,104.67
29.15,8,17.505000000000003,37.315,36.915,4.815,102.906,106.72200000000001,64.7,54.9,29.9,99.3,67.4,88.5,96.6,88.3,95.5,92.41199999999999,95.3,9.727,5,5,5,104.665
29.17,8,17.719,37.868,36.939,4.498,102.81,106.553,64.7,54.9,29.9,99.3,67.4,88.5,96.6,88.3,95.5,92.363,95.3,10.556000000000001,5,5,5,104.661
29.19,8,17.436,37.672,36.870999999999995,4.658,102.594,106.76,64.7,54.9,29.9,99.3,67.4,88.5,96.6,88.3,95.5,92.336,95.3,10.818999999999999,5,5,5,104.663
29.21,8,17.959000000000003,37.283,36.858000000000004,4.882,102.714,106.87200000000001,64.7,54.9,29.9,99.3,67.4,88.5,96.6,88.3,95.5,92.32,95.3,10.237,5,5,5,104.669
29.23,8,17.588,37.641999999999996,36.809,4.34,102.81,106.59100000000001,64.7,54.9,29.9,99.3,67.4,88.5,96.6,88.3,95.5,92.311,95.3,11.379,5,5,5,104.665
29.25,8,17.187,37.556,36.873000000000005,4.274,102.906,106.49700000000001,64.7,54.9,29.9,99.3,67.4,88.5,96.6,88.3,95.5,92.306,95.3,10.509,5,5,5,104.661
29.27,8,17.621,37.23,36.938,5.341,102.618,106.59100000000001,64.7,54.9,29.9,99.3,67.4,88.5,96.6,88.3,95.5,92.304,95.3,10.45,5,5,5,104.666
29.29,8,17.362000000000002,37.412,37.043,5.072,102.594,106.572,64.7,54.9,29.9,99.3,67.4,88.5,96.6,88.3,95.5,92.30199999999999,95.3,10.887,5,5,5,104.664
29.31,8,17.438,37.608000000000004,36.945,4.579,102.714,106.647,64.7,54.9,29.9,99.3,67.4,88.5,96.6,88.3,95.5,92.301,95.3,9.85,5,5,5,104.662
29.33,8,17.551,37.019,37.302,5.209,102.64200000000001,106.685,64.7,54.9,29.9,99.3,67.4,88.5,96.6,88.3,95.5,92.301,95.3,11.162,5,5,5,104.666
29.35,8,17.587,36.984,36.938,5.205,102.666,106.553,64.7,54.9,29.9,99.3,67.4,88.5,96.6,88.3,95.5,92.3,95.3,10.459,5,5,5,104.665
29.37,8,17.506,37.409,36.969,5.718,102.449,106.61,64.7,54.9,29.9,99.3,67.4,88.5,96.6,88.3,95.5,92.3,95.3,10.344999999999999,5,5,5,104.666
29.39,8,17.384999999999998,36.948,36.951,5.181,102.49700000000001,106.572,64.7,54.9,29.9,99.3,67.4,88.5,96.6,88.3,95.5,92.3,95.3,11.053,5,5,5,104.662
29.41,8,17.369,37.101,36.938,5.055,102.57,106.421,64.7,54.9,29.9,99.3,67.4,88.5,96.6,88.3,95.5,92.3,95.3,9.681000000000001,5,5,5,104.662
29.43,8,17.364,37.455999999999996,36.861000000000004,5.614,102.4,106.572,64.7,54.9,29.9,99.3,67.4,88.5,96.6,88.3,95.5,92.3,95.3,11.219,5,5,5,104.66799999999999
29.45,8,17.213,37.559,37.146,5.315,102.49700000000001,106.36399999999999,64.7,54.9,29.9,99.3,67.4,88.5,96.6,88.3,95.5,92.3,95.3,11.163,5,5,5,104.667
29.47,8,17.381,37.287,36.83,5.558,102.57,106.402,64.7,54.9,29.9,99.3,67.4,88.5,96.6,88.3,95.5,92.3,95.3,10.676,5,5,5,104.664
29.49,8,17.357,37.25,37.003,5.164,102.449,106.421,64.7,54.9,29.9,99.3,67.4,88.5,96.6,88.3,95.5,92.3,95.3,12.375,5,5,5,104.666
29.51,8,17.006,37.152,36.925,4.7379999999999995,102.49700000000001,106.36399999999999,64.7,54.9,29.9,99.3,67.4,88.5,96.6,88.3,95.5,92.3,95.3,11.835,5,5,5,104.669
29.53,8,17.062,37.47,36.95,4.896,102.762,106.44,64.7,54.9,29.9,99.3,67.4,88.5,96.6,88.3,95.5,92.3,95.3,11.802,5,5,5,104.669
29.55,8,17.216,37.299,36.843,5.031,102.618,106.553,64.7,54.9,29.9,99.3,67.4,88.5,96.6,88.3,95.5,92.3,95.3,13.035,5,5,5,104.665
29.57,8,17.130000000000003,37.385999999999996,36.864999999999995,4.558,102.473,106.61,64.7,54.9,29.9,99.3,67.4,88.5,96.6,88.3,95.5,92.3,95.3,12.379999999999999,5,5,5,104.65700000000001
29.59,8,16.672,37.159,36.944,4.959,102.594,106.515,64.7,54.9,29.9,99.3,67.4,88.5,96.6,88.3,95.5,92.3,95.3,13.003,5,5,5,104.65700000000001
29.61,8,17.106,37.129,36.959,4.845,102.57,106.25,64.7,54.9,29.9,99.3,67.4,88.5,96.6,88.3,95.5,92.3,95.3,13.606,5,5,5,104.65799999999999
29.63,8,16.701,36.544,36.927,5.094,102.473,106.421,64.7,54.9,29.9,99.3,67.4,88.5,96.6,88.3,95.5,92.3,95.3,12.515,5,5,5,104.65700000000001
29.65,8,16.936,37.147,36.874,4.813,102.449,106.307,64.7,54.9,29.9,99.3,67.4,88.5,96.6,88.3,95.5,92.3,95.3,13.47,5,5,5,104.654
29.67,8,16.554000000000002,37.106,37.105,4.3629999999999995,102.618,106.421,64.7,54.9,29.9,99.3,67.4,88.5,96.6,88.3,95.5,92.3,95.3,13.695,5,5,5,104.65899999999999
29.69,8,17.045,36.528000000000006,36.833,4.935,102.303,106.49700000000001,64.7,54.9,29.9,99.3,67.4,88.5,96.6,88.3,95.5,92.3,95.3,12.773,5,5,5,104.656
29.71,8,16.926,36.97,36.925,4.915,102.303,106.175,64.7,54.9,29.9,99.3,67.4,88.5,96.6,88.3,95.5,92.3,95.3,13.77,5,5,5,104.656
29.73,8,16.73,36.96,36.855999999999995,4.977,102.376,106.194,64.7,54.9,29.9,99.3,67.4,88.5,96.6,88.3,95.5,92.3,95.3,13.408,5,5,5,104.65899999999999
29.75,8,16.753,37.379,36.924,4.987,102.352,106.44,64.7,54.9,29.9,99.3,67.4,88.5,96.6,88.3,95.5,92.3,95.3,12.955,5,5,5,104.65299999999999
29.77,8,17.064,36.693,37.007,4.896,102.32799999999999,106.26899999999999,64.7,54.9,29.9,99.3,67.4,88.5,96.6,88.3,95.5,92.3,95.3,14.196,5,5,5,104.655
29.79,8,16.997,36.678,36.902,5.104,102.49700000000001,106.06,64.7,54.9,29.9,99.3,67.4,88.5,96.6,88.3,95.5,92.3,95.3,13.519,5,5,5,104.656
29.81,8,16.345999999999997,36.783,36.968,4.956,102.32799999999999,106.25,64.7,54.9,29.9,99.3,67.4,88.5,96.6,88.3,95.5,92.3,95.3,13.279,5,5,5,104.65799999999999
29.83,8,16.436,36.977,37.179,5.095,102.32799999999999,106.13600000000001,64.7,54.9,29.9,99.3,67.4,88.5,96.6,88.3,95.5,92.3,95.3,14.168,5,5,5,104.656
29.85,8,16.61,36.691,37.056999999999995,4.944,102.32799999999999,106.041,64.7,54.9,29.9,99.3,67.4,88.5,96.6,88.3,95.5,92.3,95.3,13.535,5,5,5,104.65700000000001
29.87,8,16.534,36.725,36.971999999999994,4.911,102.182,106.175,64.7,54.9,29.9,99.3,67.4,88.5,96.6,88.3,95.5,92.3,95.3,13.908999999999999,5,5,5,104.652
29.89,8,16.422,37.052,37.067,4.809,102.23100000000001,106.175,64.7,54.9,29.9,99.3,67.4,88.5,96.6,88.3,95.5,92.3,95.3,14.603,5,5,5,104.656
29.91,8,16.455,36.634,36.921,5.067,102.32799999999999,106.098,64.7,54.9,29.9,99.3,67.4,88.5,96.6,88.3,95.5,92.3,95.3,13.464,5,5,5,104.65799999999999
29.93,8,16.405,36.494,37.119,4.893,102.206,106.13600000000001,64.7,54.9,29.9,99.3,67.4,88.5,96.6,88.3,95.5,92.3,95.3,14.145,5,5,5,104.65899999999999
29.95,8,16.316,37.097,36.859,4.686,102.133,106.213,64.7,54.9,29.9,99.3,67.4,88.5,96.6,88.3,95.5,92.3,95.3,14.226,5,5,5,104.655
29.97,8,16.046,36.953,37.159,4.599,102.23100000000001,106.288,64.7,55.0,30.0,99.3,67.7,88.5,96.6,88.3,95.5,92.3,95.3,13.371,5,5,5,104.656
29.99,8,16.474,36.342,37.125,4.464,102.182,106.26899999999999,64.7,55.0,30.0,99.3,67.7,88.5,96.6,88.3,95.5,92.3,95.3,14.179,5,5,5,104.665
30.01,8,16.216,36.629000000000005,36.965999999999994,4.674,102.084,106.345,64.7,55.0,30.0,99.3,67.7,88.5,96.6,88.3,95.5,92.3,95.3,13.808,5,5,5,104.666
30.03,8,16.423000000000002,36.656,36.839,4.311,102.32799999999999,106.022,64.7,55.0,30.0,99.3,67.7,88.5,96.6,88.3,95.5,92.3,95.3,13.338,5,5,5,104.666
30.05,8,16.653,36.194,36.882,4.234,102.182,106.117,64.7,55.0,30.0,99.3,67.7,88.5,96.6,88.3,95.5,92.3,95.3,14.38,5,5,5,104.662
30.07,8,16.226,36.384,36.79,4.203,102.084,106.00299999999999,64.7,55.0,30.0,99.3,67.7,88.5,96.6,88.3,95.5,92.3,95.3,13.785,5,5,5,104.663
30.09,8,16.243000000000002,36.161,36.907,4.537,101.98700000000001,106.00299999999999,64.7,55.0,30.0,99.3,67.7,88.5,96.6,88.3,95.5,92.3,95.3,13.558,5,5,5,104.66
30.11,8,15.883,36.079,36.897,4.526,101.98700000000001,106.345,64.7,55.0,30.0,99.3,67.7,88.5,96.6,88.3,95.5,92.3,95.3,14.781,5,5,5,104.666
30.13,8,16.174,36.11,36.843,4.527,102.01100000000001,106.23200000000001,64.7,55.0,30.0,99.3,67.7,88.5,96.6,88.3,95.5,92.3,95.3,13.818999999999999,5,5,5,104.667
30.15,8,16.310000000000002,36.161,36.696,4.904,101.962,106.13600000000001,64.7,55.0,30.0,99.3,67.7,88.5,96.6,88.3,95.5,92.3,95.3,13.93,5,5,5,104.665
30.17,8,16.025,36.193,36.953,4.833,102.15799999999999,106.23200000000001,64.7,55.0,30.0,99.3,67.7,88.5,96.6,88.3,95.5,92.3,95.3,14.7,5,5,5,104.669
30.19,8,15.868,36.312,36.749,4.697,102.084,106.117,64.7,55.0,30.0,99.3,67.7,88.5,96.6,88.3,95.5,92.3,95.3,13.619,5,5,5,104.665
30.21,8,16.110999999999997,36.213,36.775,5.088,101.913,106.175,64.7,55.0,30.0,99.3,67.7,88.5,96.6,88.3,95.5,92.3,95.3,14.452,5,5,5,104.664
30.23,8,16.601,36.491,36.629000000000005,5.045,101.839,105.88799999999999,64.7,55.0,30.0,99.3,67.7,88.5,96.6,88.3,95.5,92.3,95.3,14.655,5,5,5,104.669
30.25,8,16.061,36.307,36.861999999999995,4.656,102.01100000000001,106.098,64.7,55.0,30.0,99.3,67.7,88.5,96.6,88.3,95.5,92.3,95.3,13.51,5,5,5,104.662
30.27,8,15.919,36.069,36.962,4.956,101.71600000000001,106.00299999999999,64.7,55.0,30.0,99.3,67.7,88.5,96.6,88.3,95.5,92.3,95.3,14.357000000000001,5,5,5,104.66799999999999
30.29,8,15.936,36.114000000000004,36.927,4.809,101.839,106.041,64.7,55.0,30.0,99.3,67.7,88.5,96.6,88.3,95.5,92.3,95.3,13.994,5,5,5,104.66799999999999
30.31,8,16.332,36.849000000000004,36.781,5.027,101.913,105.85,64.7,55.0,30.0,99.3,67.7,88.5,96.6,88.3,95.5,92.3,95.3,13.42,5,5,5,104.669
30.33,8,16.23,36.045,36.998000000000005,4.784,101.839,105.965,64.7,55.0,30.0,99.3,67.7,88.5,96.6,88.3,95.5,92.3,95.3,14.841000000000001,5,5,5,104.667
30.35,8,16.472,36.325,36.724000000000004,4.78,101.667,105.90799999999999,64.7,55.0,30.0,99.3,67.7,88.5,96.6,88.3,95.5,92.3,95.3,13.889,5,5,5,104.664
30.37,8,15.644,36.229,36.912,4.779,101.69200000000001,106.06,64.7,55.0,30.0,99.3,67.7,88.5,96.6,88.3,95.5,92.3,95.3,13.869,5,5,5,104.66799999999999
30.39,8,15.681,36.263999999999996,37.038000000000004,4.516,101.839,105.965,64.7,55.0,30.0,99.3,67.7,88.5,96.6,88.3,95.5,92.3,95.3,14.982999999999999,5,5,5,104.666
30.41,8,16.198,36.34,36.945,4.63,101.839,105.946,64.7,55.0,30.0,99.3,67.7,88.5,96.6,88.3,95.5,92.3,95.3,14.565,5,5,5,104.662
30.43,8,16.072000000000003,36.126999999999995,36.763000000000005,4.551,101.839,106.00299999999999,64.7,55.0,30.0,99.3,67.7,88.5,96.6,88.3,95.5,92.3,95.3,14.376,5,5,5,104.662
30.45,8,15.775,35.908,36.997,4.338,101.766,106.022,64.7,55.0,30.0,99.3,67.7,88.5,96.6,88.3,95.5,92.3,95.3,14.539,5,5,5,104.66
30.47,8,15.708,36.086,36.959,5.145,101.79,105.735,64.7,55.0,30.0,99.3,67.7,88.5,96.6,88.3,95.5,92.3,95.3,15.515999999999998,5,5,5,104.664
30.49,8,15.950999999999999,35.905,36.911,5.093,102.036,105.88799999999999,64.7,55.0,30.0,99.3,67.7,88.5,96.6,88.3,95.5,92.3,95.3,16.139000000000003,5,5,5,104.665
30.51,8,16.201,35.894999999999996,36.888000000000005,5.035,101.79,106.079,64.7,55.0,30.0,99.3,67.7,88.5,96.6,88.3,95.5,92.3,95.3,16.366,5,5,5,104.66
30.53,8,15.668,36.045,36.919,5.011,101.64200000000001,105.81200000000001,64.7,55.0,30.0,99.3,67.7,88.5,96.6,88.3,95.5,92.3,95.3,15.532,5,5,5,104.66
30.55,8,15.65,35.644000000000005,36.859,4.944,101.54299999999999,106.022,64.7,55.0,30.0,99.3,67.7,88.5,96.6,88.3,95.5,92.3,95.3,15.458,5,5,5,104.66
30.57,8,15.981,35.542,36.991,5.017,101.617,105.79299999999999,64.7,55.0,30.0,99.3,67.7,88.5,96.6,88.3,95.5,92.3,95.3,15.44,5,5,5,104.66
30.59,8,16.015,35.97,36.811,5.225,101.766,105.697,64.7,55.0,30.0,99.3,67.7,88.5,96.6,88.3,95.5,92.3,95.3,16.555,5,5,5,104.663
30.61,8,15.277999999999999,36.159000000000006,36.816,4.925,101.64200000000001,105.697,64.7,55.0,30.0,99.3,67.7,88.5,96.6,88.3,95.5,92.3,95.3,16.894,5,5,5,104.65899999999999
30.63,8,15.311,35.836,36.914,4.89,101.667,105.831,64.7,55.0,30.0,99.3,67.7,88.5,96.6,88.3,95.5,92.3,95.25,16.824,5,5,5,104.65799999999999
30.65,8,15.777000000000001,35.385000000000005,36.863,5.109,101.59299999999999,105.75399999999999,64.7,55.0,30.0,99.3,67.7,88.5,96.6,88.3,95.5,92.3,95.184,16.201,5,5,5,104.661
30.67,8,15.772,35.80800000000001,36.813,5.04,101.469,105.581,64.7,55.0,30.0,99.3,67.7,88.5,96.6,88.3,95.5,92.3,95.14699999999999,15.988,5,5,5,104.661
30.69,8,15.870999999999999,35.594,37.1,5.325,101.54299999999999,105.946,64.7,55.0,30.0,99.3,67.7,88.5,96.6,88.3,95.5,92.3,95.127,16.304000000000002,5,5,5,104.65799999999999
30.71,8,15.555,35.468,36.801,5.384,101.59299999999999,105.65799999999999,64.7,55.0,30.0,99.3,67.7,88.5,96.6,88.3,95.5,92.3,95.115,17.228,5,5,5,104.661
30.73,8,15.698,35.796,36.816,5.248,101.51799999999999,105.6,64.7,55.0,30.0,99.3,67.7,88.5,96.6,88.3,95.5,92.3,95.108,17.570999999999998,5,5,5,104.662
30.75,8,15.48,35.499,36.747,5.298,101.568,105.62,64.7,55.0,30.0,99.3,67.7,88.5,96.6,88.3,95.5,92.3,95.105,17.088,5,5,5,104.662
30.77,8,15.668,35.855000000000004,36.696,4.851,101.469,105.773,64.7,55.0,30.0,99.3,67.7,88.5,96.6,88.3,95.5,92.3,95.10300000000001,16.372999999999998,5,5,5,104.662
30.79,8,15.169,35.732,36.72,4.55,101.64200000000001,105.54299999999999,64.7,55.0,30.0,99.3,67.7,88.5,96.6,88.3,95.5,92.3,95.102,16.165,5,5,5,104.661
30.81,8,15.806,35.364000000000004,36.967,4.575,101.54299999999999,105.71600000000001,64.7,55.0,30.0,99.3,67.7,88.5,96.6,88.3,95.5,92.3,95.101,16.909,5,5,5,104.65899999999999
30.83,8,15.696,35.969,36.81,4.665,101.344,105.485,64.7,55.0,30.0,99.3,67.7,88.5,96.6,88.3,95.5,92.3,95.1,17.41,5,5,5,104.663
30.85,8,15.277999999999999,35.53,36.868,4.669,101.344,105.65799999999999,64.7,55.0,30.0,99.3,67.7,88.5,96.6,88.3,95.5,92.3,95.1,17.643,5,5,5,104.66
30.87,8,15.44,35.303,36.804,4.019,101.494,105.6,64.7,55.0,30.0,99.3,67.7,88.5,96.6,88.3,95.5,92.3,95.1,17.101,5,5,5,104.65899999999999
30.89,8,15.46,35.997,36.789,4.305,101.469,105.446,64.7,55.0,30.0,99.3,67.7,88.5,96.6,88.3,95.5,92.3,95.1,16.615000000000002,5,5,5,104.65299999999999
30.91,8,15.448,35.131,36.840999999999994,4.524,101.245,105.311,64.7,55.0,30.0,99.3,67.7,88.5,96.6,88.3,95.5,92.3,95.1,16.598,5,5,5,104.65700000000001
30.93,8,15.369000000000002,35.587,36.986000000000004,4.203,101.32,105.40700000000001,64.7,55.0,30.0,99.3,67.7,88.5,96.6,88.3,95.5,92.3,95.1,17.722,5,5,5,104.662
30.95,8,15.775,35.656,36.83,4.444,101.344,105.485,64.7,55.0,30.0,99.3,67.7,88.5,96.6,88.3,95.5,92.3,95.1,17.408,5,5,5,104.661
30.97,8,15.562000000000001,35.706999999999994,36.769999999999996,4.568,101.444,105.446,64.7,55.0,30.0,99.3,67.7,88.5,96.6,88.3,95.5,92.3,95.1,17.566,5,5,5,104.661
30.99,8,15.062999999999999,35.135000000000005,36.763000000000005,4.786,101.469,105.311,64.7,55.0,30.0,99.3,67.7,88.5,96.6,88.3,95.5,92.3,95.1,16.618000000000002,5,5,5,104.662
31.01,8,15.315,35.584,36.733000000000004,5.338,101.54299999999999,105.465,64.7,55.0,30.0,99.3,67.7,88.5,96.6,88.3,95.5,92.3,95.1,16.213,5,5,5,104.66
31.03,8,15.158999999999999,35.678,36.826,5.499,101.444,105.581,64.7,55.0,30.0,99.3,67.7,88.5,96.6,88.3,95.5,92.3,95.1,16.277,5,5,5,104.662
31.05,8,15.302,35.577,36.744,5.285,101.344,105.272,64.7,55.0,30.0,99.3,67.7,88.5,96.6,88.3,95.5,92.3,95.1,17.445,5,5,5,104.667
31.07,8,15.325999999999999,35.541,36.805,5.244,101.17,105.272,64.7,55.0,30.0,99.3,67.7,88.5,96.6,88.3,95.5,92.3,95.1,17.592,5,5,5,104.667
31.09,8,15.101,35.66,36.807,5.378,101.22,105.214,64.7,55.0,30.0,99.3,67.7,88.5,96.6,88.3,95.5,92.3,95.1,17.384999999999998,5,5,5,104.665
31.11,8,14.932,35.199,36.885999999999996,4.935,101.094,105.291,64.7,55.0,30.0,99.3,67.7,88.5,96.6,88.3,95.5,92.3,95.1,16.651,5,5,5,104.664
31.13,8,15.399000000000001,35.346999999999994,36.614999999999995,4.922,101.01899999999999,105.214,64.7,55.0,30.0,99.3,67.7,88.5,96.6,88.3,95.5,92.3,95.1,16.277,5,5,5,104.665
31.15,8,15.530999999999999,35.315,36.709,4.821,101.01899999999999,105.214,64.7,55.0,30.0,99.3,67.7,88.5,96.6,88.3,95.5,92.3,95.1,16.794,5,5,5,104.66
31.17,8,15.054,35.055,36.787,4.742,101.01899999999999,105.311,64.7,55.0,30.0,99.3,67.7,88.5,96.6,88.3,95.5,92.3,95.1,17.57,5,5,5,104.65799999999999
31.19,8,15.087,34.919,36.781,4.993,101.094,105.038,64.7,55.0,30.0,99.3,67.7,88.5,96.6,88.3,95.5,92.3,95.1,17.72,5,5,5,104.664
31.21,8,14.978,34.525999999999996,36.836,5.439,101.145,105.01899999999999,64.7,55.0,30.0,99.3,67.7,88.5,96.6,88.3,95.5,92.3,95.1,17.192999999999998,5,5,5,104.66
31.23,8,15.151,34.909000000000006,36.733000000000004,5.099,100.792,104.999,64.7,55.0,30.0,99.3,67.7,88.5,96.6,88.3,95.5,92.3,95.1,16.634999999999998,5,5,5,104.664
31.25,8,14.987,35.471000000000004,36.835,4.545,100.89299999999999,104.96,64.7,55.0,30.0,99.3,67.7,88.5,96.6,88.3,95.5,92.3,95.1,16.481,5,5,5,104.663
31.27,8,15.189,35.314,36.659000000000006,4.822,100.81700000000001,105.194,64.7,55.0,30.0,99.3,67.7,88.5,96.6,88.3,95.5,92.3,95.1,17.14,5,5,5,104.666
31.29,8,14.829,35.585,36.653000000000006,5.133,100.994,105.13600000000001,64.7,55.0,30.0,99.3,67.7,88.5,96.6,88.3,95.5,92.3,95.1,17.576,5,5,5,104.665
31.34,18,14.857999999999999,35.307,36.742,4.824,100.868,104.98,64.7,55.0,30.0,99.3,67.7,88.5,96.6,88.3,95.5,92.3,95.1,16.8,5,5,5,104.667
31.39,18,14.693999999999999,34.497,36.821,4.842,100.81700000000001,104.96,64.7,55.0,30.0,99.3,67.7,88.5,96.6,88.3,95.5,92.3,95.1,16.939,5,5,5,104.656
31.44,18,15.277999999999999,34.932,36.846999999999994,5.26,100.868,104.882,64.7,55.0,30.0,99.3,67.7,88.5,96.6,88.3,95.5,92.3,95.1,17.244999999999997,5,5,5,104.67299999999999
31.49,18,14.899,34.986999999999995,36.911,4.9,100.792,104.764,64.7,55.0,30.0,99.3,67.7,88.5,96.6,88.3,95.5,92.3,95.1,16.537,5,5,5,104.65299999999999
31.54,18,15.073,34.80800000000001,36.623000000000005,4.481,101.145,104.86200000000001,64.7,55.0,30.0,99.3,67.7,88.5,96.6,88.3,95.5,92.3,95.1,16.309,5,5,5,104.661
31.59,18,14.693999999999999,34.887,36.531,32.852,100.91799999999999,104.78399999999999,64.7,55.0,30.0,99.3,67.7,88.5,96.6,88.3,95.5,92.3,95.1,16.302999999999997,5,5,5,104.65899999999999
31.64,18,14.794,34.479,36.793000000000006,49.655,100.994,104.725,64.7,55.0,30.0,99.3,67.7,88.5,96.6,88.3,95.5,92.3,95.1,17.195999999999998,5,5,5,104.664
31.69,18,14.302999999999999,34.831999999999994,36.754000000000005,58.301,100.742,104.587,64.7,55.0,30.0,99.3,67.7,88.5,96.6,88.3,95.5,92.3,95.1,16.835,5,5,5,104.65299999999999
31.74,18,14.555,34.617,35.43,81.262,100.81700000000001,104.98,64.7,55.0,30.0,99.3,67.7,88.5,96.6,88.3,95.5,92.3,95.1,17.265,5,5,5,104.666
31.79,18,14.318,34.453,35.415,102.023,100.81700000000001,104.725,64.7,55.0,30.0,99.3,67.7,88.5,96.6,88.3,95.5,92.3,95.1,16.544,5,5,5,104.664
31.84,18,14.831,34.36,35.242,121.465,100.564,104.705,64.7,55.0,30.0,99.3,67.7,88.5,96.6,88.3,95.5,92.3,95.1,16.04,5,5,5,104.662
31.89,18,14.568,34.366,35.233000000000004,140.06,100.51299999999999,104.40899999999999,64.7,55.0,30.0,99.3,67.7,88.5,96.6,88.3,95.5,92.3,95.1,15.419,5,5,5,104.664
31.94,18,13.9,34.455,35.253,154.047,100.615,104.469,64.7,55.0,30.0,99.3,67.7,88.5,96.6,88.3,95.5,92.3,95.1,15.165,5,5,5,104.65799999999999
31.99,18,14.101,34.476,35.08,165.981,100.64,104.725,64.7,55.0,30.0,99.3,67.7,88.5,96.6,88.3,95.5,92.3,95.1,16.535,5,5,5,104.65799999999999
32.04,18,13.984,35.024,35.031,174.27,100.538,104.52799999999999,64.8,55.0,30.0,99.3,67.9,88.5,96.6,88.3,95.5,92.3,95.1,16.915999999999997,5,5,5,104.666
32.09,18,14.165,34.407,35.08,179.088,100.48700000000001,104.251,64.8,55.0,30.0,99.3,67.9,88.5,96.447,88.3,95.5,92.3,95.1,16.854,5,5,5,104.661
32.14,18,13.34,34.543000000000006,35.019999999999996,178.5,100.691,104.39,64.8,55.0,30.0,99.3,67.9,88.5,96.411,88.3,95.5,92.3,95.1,17.002000000000002,5,5,5,104.664
32.19,18,13.634,33.79,35.108000000000004,173.75799999999998,100.615,104.33,64.8,55.0,30.0,99.3,67.9,88.5,96.403,88.3,95.5,92.3,95.1,15.914000000000001,5,5,5,104.66
32.24,18,14.276,34.287,35.075,175.71599999999998,100.385,104.271,64.8,55.0,30.0,99.3,67.9,88.5,96.40100000000001,88.3,95.5,92.3,95.1,15.463,5,5,5,104.662
32.29,18,13.977,34.144000000000005,34.964,175.395,100.589,104.211,64.8,55.0,30.0,99.3,67.9,88.384,96.4,88.3,95.5,92.3,95.1,15.321,5,5,5,104.656
32.34,18,14.437999999999999,34.299,34.917,172.93900000000002,100.28299999999999,104.29,64.8,55.0,30.0,99.3,67.9,88.32,96.4,88.3,95.5,92.3,95.1,15.687999999999999,5,5,5,104.65799999999999
32.39,18,13.208,34.327,34.831,174.22400000000002,100.206,104.15100000000001,64.8,55.0,30.0,99.3,67.9,88.305,96.4,88.3,95.5,92.3,95.1,16.493000000000002,5,5,5,104.663
32.44,18,13.339,34.085,34.995999999999995,175.771,100.28299999999999,103.791,64.8,55.0,30.0,99.3,67.9,88.301,96.4,88.3,95.5,92.3,95.1,15.864,5,5,5,104.65899999999999
32.49,10,13.565,33.938,34.870000000000005,146.417,100.18,103.95200000000001,64.8,55.0,30.0,99.3,67.9,88.3,96.4,88.275,95.5,92.3,95.1,15.353,5,5,5,104.66
32.54,10,13.616,33.811,34.719,103.559,100.18,103.97200000000001,64.8,55.0,30.0,99.3,67.9,88.3,96.4,88.142,95.5,92.3,95.1,13.691,5,5,5,104.662
32.59,10,13.639,33.916,34.635999999999996,63.568999999999996,99.844,104.09100000000001,64.8,55.0,30.0,99.3,67.9,88.3,96.4,88.11,95.5,92.3,95.1,13.868,5,5,5,104.663
32.64,10,13.346,33.874,34.763999999999996,34.704,99.766,103.63,64.8,55.0,30.0,99.3,67.9,88.3,96.4,88.102,95.5,92.3,95.1,14.463,5,5,5,104.669
32.69,10,13.205,33.825,34.879000000000005,34.829,99.948,104.211,64.8,55.0,30.0,99.3,67.9,88.3,96.4,88.101,95.5,92.3,95.1,13.437000000000001,5,5,5,104.66799999999999
32.74,10,13.395,33.786,34.775999999999996,45.336,99.973,104.012,64.8,55.0,30.0,99.3,67.9,88.3,96.4,88.1,95.5,92.3,95.1,12.655000000000001,5,5,5,104.661
32.79,10,12.966000000000001,33.846000000000004,34.78,60.39,99.92200000000001,103.87100000000001,64.8,55.0,30.0,99.3,67.9,88.3,96.4,88.1,95.5,92.3,95.1,13.207,5,5,5,104.656
32.84,10,13.658,33.465999999999994,34.819,65.445,99.999,104.071,64.8,55.0,30.0,99.3,67.9,88.3,96.4,88.1,95.5,92.3,95.1,13.263,5,5,5,104.671
32.89,10,13.232999999999999,34.431,34.934,60.004,100.051,103.811,64.8,55.0,30.0,99.3,67.9,88.3,96.4,88.1,95.5,92.3,95.1,12.004999999999999,5,5,5,104.66
32.94,10,13.831,34.105000000000004,35.152,69.818,100.051,104.071,64.8,55.0,30.0,99.3,67.9,88.3,96.4,88.1,95.5,92.19800000000001,95.1,12.538,5,5,5,104.66799999999999
32.99,10,13.355,34.178,34.674,77.556,99.662,103.691,64.8,55.0,30.0,99.3,67.9,88.3,96.4,88.1,95.5,92.123,95.1,13.377,5,5,5,104.68700000000001
33.04,10,12.292000000000002,34.329,34.917,77.309,99.948,103.771,64.8,55.0,30.0,99.3,67.9,88.3,96.4,88.1,95.5,92.10600000000001,95.1,12.721,5,5,5,104.689
33.09,10,10.793,33.268,34.658,67.207,99.68799999999999,103.932,64.8,55.0,30.0,99.3,67.9,88.3,96.4,88.1,95.5,92.101,95.1,12.129999999999999,5,5,5,104.682
33.14,10,8.665,31.041999999999998,32.010000000000005,45.279,99.896,103.811,64.8,55.0,30.0,99.3,67.9,88.3,96.4,88.1,95.5,92.1,95.1,12.73,5,5,5,104.679
33.19,10,5.369,26.978,27.274,26.878,99.818,103.87100000000001,64.8,55.0,30.0,99.3,67.9,88.3,96.4,88.1,95.5,92.1,95.1,12.931000000000001,5,5,5,104.69
33.24,10,5.317,20.036,19.033,13.22,99.109,103.54899999999999,64.8,55.0,30.0,99.3,67.9,88.3,96.4,88.1,95.384,92.1,95.1,11.759,5,5,5,104.68799999999999
33.29,10,5.297,12.094,8.382,23.457,99.109,103.59,64.8,55.0,30.0,99.3,67.9,88.3,96.4,88.1,95.32,92.1,95.1,12.347999999999999,5,5,5,104.678
33.34,10,5.406,6.082,5.004,36.331999999999994,99.189,103.306,64.8,55.0,30.0,99.3,67.9,88.3,96.4,88.1,95.305,92.1,95.1,13.326,5,5,5,104.68299999999999
33.39,10,5.325,5.991,5.126,63.828,99.215,102.98,64.8,55.0,30.0,99.3,67.9,88.3,96.35,88.1,95.301,92.1,95.1,12.592,5,5,5,104.69
33.44,10,5.316,6.814,5.132,61.611999999999995,99.321,103.0,64.8,55.0,30.0,99.3,67.9,88.3,96.236,88.1,95.3,92.1,95.1,12.146,5,5,5,104.68700000000001
33.49,10,5.365,5.98,5.115,61.805,99.162,102.85700000000001,64.8,55.0,30.0,99.3,67.9,88.3,96.208,88.1,95.3,92.1,95.1,11.704,5,5,5,104.679
33.54,10,5.444,6.485,5.075,62.605,99.294,102.795,64.8,55.0,30.0,99.3,67.9,88.3,96.202,88.1,95.3,92.1,95.1,11.046,5,5,5,104.68799999999999
33.59,10,5.629,6.242,5.001,63.915,99.321,103.06200000000001,64.8,55.0,30.0,99.3,67.9,88.3,96.2,88.1,95.3,92.1,95.1,10.363,5,5,5,104.681
33.64,10,5.442,5.824,5.0,64.167,99.26799999999999,102.815,64.8,55.0,30.0,99.3,67.9,88.3,96.2,88.1,95.3,92.1,95.1,10.925,5,5,5,104.689
33.69,10,5.295,6.122,5.165,63.571000000000005,99.321,102.836,64.8,55.0,30.0,99.3,67.9,88.3,96.2,88.1,95.3,92.1,95.1,10.757000000000001,5,5,5,104.685
33.74,10,5.324,6.39,5.13,64.72399999999999,99.241,102.712,64.8,55.0,30.0,99.3,67.9,88.3,96.2,88.1,95.3,92.1,94.947,11.155000000000001,5,5,5,104.684
33.79,10,5.32,6.016,5.05,101.41799999999999,99.26799999999999,102.75399999999999,64.8,55.0,30.0,99.3,67.9,88.3,96.2,88.1,95.3,92.1,94.911,10.733,5,5,5,104.68
33.84,10,5.435,6.433,5.012,121.09700000000001,99.531,102.939,64.8,55.0,30.0,99.3,67.9,88.3,96.2,88.1,95.3,92.1,94.903,10.357,5,5,5,104.686
33.89,10,5.378,6.606,5.003,131.351,99.294,103.204,64.8,55.0,30.0,99.3,67.9,88.3,96.2,88.1,95.3,92.1,94.90100000000001,10.099,5,5,5,104.691
33.94,10,5.481,6.699,5.05,140.827,99.26799999999999,102.87700000000001,64.8,55.0,30.0,99.3,67.9,88.3,96.2,88.1,95.3,92.1,94.9,9.605,5,5,5,104.68
33.99,10,5.311,6.202,5.006,149.35,99.34700000000001,102.98,64.8,55.0,30.0,99.3,67.9,88.3,96.2,88.1,95.3,92.1,94.9,10.272,5,5,5,104.678
34.04,10,5.351,6.072,5.055,154.433,99.294,102.836,65.0,55.0,30.1,99.3,68.1,88.3,96.2,88.1,95.3,92.1,94.9,10.354,5,5,5,104.681
34.09,10,5.349,5.836,5.01,158.207,99.34700000000001,102.85700000000001,65.0,55.0,30.1,99.3,68.1,88.3,96.2,88.1,95.3,92.1,94.9,10.574,5,5,5,104.678
34.14,10,5.362,6.002,5.004,160.702,99.321,102.73299999999999,65.0,55.0,30.1,99.3,68.1,88.3,96.2,88.1,95.3,92.1,94.9,10.954,5,5,5,104.681
34.19,10,5.384,6.285,5.0,155.585,99.557,102.75399999999999,65.0,55.0,30.1,99.3,68.1,88.3,96.2,88.1,95.3,92.1,94.9,10.203,5,5,5,104.678
34.24,10,5.322,6.534,5.002,113.85700000000001,99.241,102.65100000000001,65.0,55.0,30.1,99.3,68.1,88.3,96.2,88.1,95.3,92.1,94.9,9.96,5,5,5,104.69
34.29,10,5.35,6.1530000000000005,5.006,72.567,99.162,102.75399999999999,65.0,55.0,30.1,99.3,68.1,88.3,96.2,88.1,95.3,92.1,94.9,9.608,5,5,5,104.69200000000001
34.34,10,5.369,5.957,5.002,48.696999999999996,99.083,102.69200000000001,65.0,55.0,30.1,99.3,68.1,88.3,96.2,88.1,95.3,92.1,94.9,9.474,5,5,5,104.697
34.39,10,5.33,6.112,5.025,28.49,98.789,102.29799999999999,65.0,55.0,30.1,99.3,68.1,88.3,96.2,88.1,95.3,92.1,94.9,9.924,5,5,5,104.697
34.44,11,5.355,6.02,5.001,14.959,99.056,102.52600000000001,65.0,55.0,30.1,99.3,68.1,88.3,96.2,88.1,95.3,92.1,94.9,9.665,5,5,5,104.689
34.49,11,5.338,5.993,5.099,8.379,99.13600000000001,102.444,65.0,55.0,30.1,99.3,68.1,88.3,96.2,87.998,95.3,92.1,94.9,8.6,5,5,5,104.691
34.54,11,5.602,6.146,5.008,6.353,98.709,102.609,65.0,55.0,30.1,99.3,68.1,88.3,96.2,87.923,95.3,92.1,94.9,9.293,5,5,5,104.689
34.59,11,5.314,6.487,5.01,5.764,98.92299999999999,102.464,65.0,55.0,30.1,99.3,68.1,88.3,96.2,87.906,95.3,92.1,94.9,8.987,5,5,5,104.684
34.64,11,5.38,6.142,5.192,5.161,98.84299999999999,102.277,65.0,55.0,30.1,99.3,68.1,88.3,96.2,87.90100000000001,95.3,92.1,94.9,8.898,5,5,5,104.69200000000001
34.69,11,5.299,6.114,5.247,5.023,98.896,102.36,65.0,55.0,30.1,99.3,68.1,88.3,96.2,87.9,95.3,92.1,94.9,9.288,5,5,5,104.689
34.74,11,5.37,6.48,5.234,5.241,98.736,102.04700000000001,65.0,55.0,30.1,99.3,68.1,88.3,96.2,87.9,95.25,92.075,94.9,8.66,5,5,5,104.68799999999999
34.79,11,5.615,6.099,5.025,4.963,98.87,102.089,65.0,55.0,30.1,99.3,68.1,88.3,96.2,87.9,95.13600000000001,91.942,94.9,8.79,5,5,5,104.69
34.84,11,5.412,6.095,5.079,4.932,98.682,102.34,65.0,55.0,30.1,99.3,68.1,88.3,96.2,87.9,95.108,91.91,94.9,9.044,5,5,5,104.68700000000001
34.89,11,5.296,6.024,5.133,4.939,98.976,102.36,65.0,55.0,30.1,99.3,68.1,88.3,96.2,87.9,95.102,91.902,94.9,8.385,5,5,5,104.68799999999999
34.94,11,5.369,6.21,5.012,4.948,98.736,102.215,65.0,55.0,30.1,99.3,68.1,88.3,96.2,87.9,95.1,91.90100000000001,94.9,8.811,5,5,5,104.691
34.99,11,5.421,6.2509999999999994,5.109,5.0,98.976,102.256,65.0,55.0,30.1,99.3,68.1,88.3,96.2,87.9,95.1,91.9,94.9,8.808,5,5,5,104.693
35.04,11,5.324,6.174,5.218,28.756,98.92299999999999,102.42299999999999,65.0,55.0,30.1,99.3,68.1,88.3,96.2,87.9,95.1,91.9,94.9,8.244,5,5,5,104.686
35.09,11,5.358,6.445,5.124,42.153,99.00299999999999,102.29799999999999,65.0,55.0,30.1,99.3,68.1,88.3,96.2,87.9,95.1,91.9,94.9,9.032,5,5,5,104.69
35.14,11,5.328,6.074,5.186,53.773999999999994,98.655,102.11,65.0,55.0,30.1,99.3,68.1,88.3,96.2,87.9,95.1,91.9,94.9,8.698,5,5,5,104.689
35.19,11,8.236,7.093999999999999,5.229,70.986,98.789,102.36,65.0,55.0,30.1,99.3,68.1,88.14699999999999,96.2,87.9,95.1,91.9,94.9,8.665,5,5,5,104.689
35.24,11,5.408,6.571,5.167,79.257,99.109,102.506,65.0,55.0,30.1,99.3,68.1,88.111,96.2,87.9,95.1,91.9,94.9,9.266,5,5,5,104.695
35.29,11,5.295,6.056,5.083,54.729,98.62799999999999,102.671,65.0,55.0,30.1,99.3,68.1,88.10300000000001,96.2,87.9,95.1,91.9,94.9,8.871,5,5,5,104.693
35.34,11,5.445,6.129,5.093,42.56,98.413,102.54700000000001,65.0,55.0,30.1,99.3,68.1,88.101,96.2,87.9,95.1,91.9,94.9,8.895,5,5,5,104.694
35.39,11,5.323,5.756,5.142,42.918,97.647,102.277,65.0,55.0,30.1,99.3,68.1,88.1,96.2,87.9,95.1,91.9,94.9,9.064,5,5,5,104.691
35.44,11,5.481,6.091,5.056,44.961999999999996,97.20100000000001,101.605,65.0,55.0,30.1,99.3,68.1,88.1,96.2,87.9,95.1,91.9,94.9,9.408000000000001,5,5,5,104.68700000000001
35.49,12,5.61,6.177,5.187,82.391,97.369,102.215,65.0,55.0,30.1,99.3,68.1,88.1,96.2,87.9,95.1,91.9,94.9,8.701,5,5,5,104.68700000000001
35.54,12,5.556,6.142,5.065,50.684,97.229,101.921,65.0,55.0,30.1,99.3,68.1,88.1,96.2,87.9,95.1,91.9,94.9,9.017,5,5,5,104.68799999999999
35.59,12,5.369,6.141,5.157,28.756999999999998,97.117,101.816,65.0,55.0,30.1,99.3,68.1,88.1,96.2,87.9,95.1,91.9,94.9,9.022,5,5,5,104.68299999999999
35.64,12,5.607,6.037,5.025,14.329,97.229,101.9,65.0,55.0,30.1,99.3,68.1,88.1,96.2,87.9,95.1,91.9,94.9,8.613,5,5,5,104.68
35.69,12,5.402,6.538,5.213,7.93,97.31299999999999,102.005,65.0,55.0,30.1,99.3,68.1,88.1,96.2,87.9,95.1,91.9,94.9,9.24,5,5,5,104.691
35.74,12,5.442,6.156,5.124,5.848,97.17299999999999,101.795,65.0,55.0,30.1,99.3,68.1,88.1,96.2,87.9,95.1,91.9,94.9,9.18,5,5,5,104.68299999999999
35.79,12,5.386,6.526,5.211,5.087,97.397,101.816,65.0,55.0,30.1,99.3,68.1,88.1,96.2,87.9,95.1,91.9,94.9,8.098,5,5,5,104.68799999999999
35.84,12,5.75,6.396,5.118,5.161,97.20100000000001,101.73100000000001,65.0,55.0,30.1,99.3,68.1,88.1,96.2,87.9,95.1,91.9,94.9,8.856,5,5,5,104.68700000000001
35.89,12,5.425,6.396,5.052,4.765,97.34100000000001,101.963,65.0,55.0,30.1,99.3,68.1,88.1,96.2,87.9,95.1,91.9,94.9,8.637,5,5,5,104.69
35.94,12,5.525,6.7490000000000006,5.245,4.766,97.34100000000001,102.02600000000001,65.0,55.0,30.1,99.3,68.1,88.1,96.2,87.9,95.1,91.9,94.9,7.593999999999999,5,5,5,104.689
35.99,12,5.636,6.337,5.141,5.055,97.59100000000001,102.131,65.0,55.0,30.1,99.3,68.1,88.1,96.047,87.9,95.1,91.9,94.9,8.669,5,5,5,104.68799999999999
36.04,12,5.753,6.288,5.288,5.381,96.948,101.9,65.1,55.1,30.1,100.4,68.3,88.1,96.01100000000001,87.9,95.1,91.9,94.9,8.703,5,5,5,104.689
36.09,12,5.297,6.254,5.218,5.776,96.436,101.456,65.1,55.1,30.1,100.4,68.3,88.1,96.003,87.9,95.1,91.9,94.9,8.691,5,5,5,104.69
36.14,12,5.505,6.214,5.04,5.849,96.493,100.94200000000001,65.1,55.1,30.1,100.4,68.3,88.1,96.001,87.9,95.1,91.9,94.9,8.828,5,5,5,104.681
36.19,12,5.347,6.74,5.121,5.582,95.23899999999999,96.994,65.1,55.1,30.1,100.4,68.3,88.1,96.0,87.9,95.1,91.9,94.9,8.66,5,5,5,104.68700000000001
36.24,12,5.621,6.121,5.159,5.99,92.96,94.695,65.1,55.1,30.1,100.4,68.3,88.1,96.0,87.9,95.1,91.9,94.9,8.609,5,5,5,104.686
36.29,12,5.485,6.023,5.221,5.354,92.639,93.578,65.1,55.1,30.1,100.4,68.3,88.1,96.0,87.9,95.1,91.9,94.9,8.961,5,5,5,104.68799999999999
36.34,12,5.449,6.716,5.216,4.901,92.51,93.259,65.1,55.1,30.1,100.4,68.3,88.1,96.0,87.9,95.1,91.9,94.763,8.535,5,5,5,104.69
36.39,12,5.407,6.256,5.148,4.769,92.542,93.045,65.1,55.1,30.1,100.4,68.3,88.1,96.0,87.9,95.1,91.9,94.715,8.483,5,5,5,104.69
36.44,12,5.471,6.623,5.316,4.673,92.445,92.938,65.1,55.1,30.1,100.4,68.3,88.1,96.0,87.9,95.1,91.9,94.704,9.754,5,5,5,104.685
36.49,12,5.5920000000000005,6.371,5.122,4.633,92.347,93.045,65.1,55.1,30.1,100.4,68.3,88.1,96.0,87.9,95.1,91.9,94.70100000000001,10.138,5,5,5,104.68799999999999
36.54,12,5.496,6.385,5.226,4.6,92.477,92.613,65.1,55.1,30.1,100.4,68.3,88.1,96.0,87.9,95.1,91.9,94.7,12.175,5,5,5,104.686
36.59,12,5.532,6.583,5.179,4.604,92.445,92.965,65.1,55.1,30.1,100.4,68.3,88.1,96.0,87.9,95.1,91.9,94.7,11.932,5,5,5,104.68799999999999
36.64,12,5.481,6.105,5.219,4.739,92.315,92.803,65.1,55.1,30.1,100.4,68.3,88.1,96.0,87.9,95.1,91.9,94.7,12.803999999999998,5,5,5,104.68700000000001
36.69,12,5.7,6.247,5.171,4.933,92.282,92.77600000000001,65.1,55.1,30.1,100.4,68.3,88.1,96.0,87.9,95.1,91.9,94.7,13.549,5,5,5,104.69
36.74,12,5.4879999999999995,6.556,5.187,4.999,92.542,92.83,65.1,55.1,30.1,100.4,68.3,88.1,96.0,87.9,95.1,91.9,94.7,12.862,5,5,5,104.69
36.79,12,5.353,6.272,5.279,4.735,92.41199999999999,92.965,65.1,55.1,30.1,100.4,68.3,88.1,96.0,87.9,95.1,91.9,94.7,13.869,5,5,5,104.686
36.84,12,5.381,6.65,5.516,4.863,92.41199999999999,92.749,65.1,55.1,30.1,100.4,68.3,88.1,96.0,87.9,95.1,91.9,94.7,13.541,5,5,5,104.689
36.89,12,5.405,6.6690000000000005,5.152,4.864,92.574,92.722,65.1,55.1,30.1,100.4,68.3,88.1,96.0,87.9,95.1,91.9,94.7,13.702,5,5,5,104.693
36.94,12,5.487,5.955,5.113,4.962,92.574,92.884,65.1,55.1,30.1,100.4,68.3,88.1,96.0,87.798,95.1,91.9,94.7,14.668,5,5,5,104.69
36.99,12,5.618,6.651,5.246,5.013,92.542,92.613,65.1,55.1,30.1,100.4,68.3,88.1,96.0,87.723,95.1,91.9,94.7,13.607000000000001,5,5,5,104.68700000000001
37.04,12,5.779,6.41,5.217,5.642,92.542,92.64,65.1,55.1,30.1,100.4,68.3,88.1,96.0,87.706,95.1,91.9,94.7,14.434,5,5,5,104.68700000000001
37.09,12,5.569,6.156,5.206,6.395,92.41199999999999,92.83,65.1,55.1,30.1,100.4,68.3,88.1,96.0,87.70100000000001,95.1,91.9,94.7,14.218,5,5,5,104.69
37.14,12,5.441,6.617,5.211,17.427,92.639,92.857,65.1,55.1,30.1,100.4,68.3,88.1,96.0,87.7,95.1,91.9,94.7,13.898,5,5,5,104.689
37.19,12,5.521,6.453,5.249,32.751,92.51,92.422,65.1,55.1,30.1,100.4,68.3,88.1,96.0,87.7,95.1,91.9,94.7,15.215,5,5,5,104.686
37.24,12,5.5280000000000005,6.402,5.221,62.813,92.217,92.532,65.1,55.1,30.1,100.4,68.3,88.1,96.0,87.7,95.1,91.9,94.7,14.086,5,5,5,104.68299999999999
37.29,12,5.384,6.121,5.173,76.92399999999999,92.315,92.477,65.1,55.1,30.1,100.4,68.3,88.1,96.0,87.7,95.1,91.9,94.7,14.243,5,5,5,104.68799999999999
37.34,12,5.344,6.929,5.221,98.711,92.41199999999999,92.477,65.1,55.1,30.1,100.4,68.3,88.1,96.0,87.7,95.1,91.9,94.7,14.455,5,5,5,104.686
