SampleTime,Phase,Sensor1,Sensor2,Sensor3,IJ,Sensor5,Sensor6,MouldTemp1,MouldTemp2,MouldTemp3,MouldTemp4,MouldTemp5,MouldTemp9,MouldTemp10,MouldTemp11,MouldTemp12,MouldTemp13,MouldTemp14,Sensor8,MouldFlow1,MouldFlow2,MouldFlow3,SP
0.0,1.0,5.299,6.117,5.0,97.512,92.553,92.04899999999999,64.8,55.0,30.8,101.2,64.5,87.107,94.0,86.6,93.8,90.20100000000001,93.3,20.012999999999998,5,5,5,104.522
0.05,1.0,5.317,5.73,5.0,67.988,92.553,92.166,64.8,55.0,30.8,101.2,64.5,87.102,94.0,86.6,93.8,90.2,93.3,19.286,5,5,5,104.52
0.1,1.0,5.323,5.559,5.0,43.196,91.832,91.063,64.8,55.0,30.8,101.2,64.5,87.1,94.0,86.6,93.8,90.2,93.3,19.85,5,5,5,104.52600000000001
0.15,1.0,5.324,5.5809999999999995,5.007,32.405,91.90100000000001,90.574,64.8,55.0,30.8,101.2,64.5,87.1,94.0,86.6,93.8,90.2,93.3,19.253,5,5,5,104.525
0.2,1.0,5.298,5.732,5.068,17.761,92.45100000000001,91.604,64.8,55.0,30.8,101.2,64.5,87.1,94.0,86.6,93.8,90.2,93.3,20.127000000000002,5,5,5,104.53299999999999
0.25,1.0,5.316,5.89,5.072,34.098,92.655,91.813,64.8,55.0,30.8,101.2,64.5,87.1,94.0,86.6,93.8,90.2,93.3,19.53,5,5,5,104.52799999999999
0.3,1.0,5.3,5.683,5.008,34.947,92.45100000000001,92.25399999999999,64.8,55.0,30.8,101.2,64.5,87.1,94.0,86.6,93.8,90.2,93.3,19.896,5,5,5,104.53200000000001
0.35,1.0,5.385,5.835,5.065,34.614000000000004,92.756,92.196,64.8,55.0,30.8,101.2,64.5,87.1,94.0,86.6,93.8,90.2,93.3,19.542,5,5,5,104.522
0.4,1.0,5.3,5.882,5.098,50.971000000000004,92.756,92.283,64.8,55.0,30.8,101.2,64.5,87.1,94.0,86.6,93.8,90.2,93.3,19.929000000000002,5,5,5,104.53200000000001
0.45,1.0,5.317,5.896,5.177,60.657,93.158,92.69,64.8,55.0,30.8,101.2,64.5,87.1,94.0,86.6,93.8,90.2,93.3,20.525,5,5,5,104.529
0.5,1.0,5.307,6.01,5.016,63.358000000000004,93.291,92.977,64.8,55.0,30.8,101.2,64.5,87.1,94.0,86.6,93.8,90.2,93.3,19.445,5,5,5,104.53
0.55,1.0,5.342,6.025,5.282,59.493,93.324,93.119,64.8,55.0,30.8,101.2,64.5,87.1,94.0,86.6,93.8,90.2,93.3,20.381,5,5,5,104.524
0.6,1.0,5.3,5.7490000000000006,5.016,56.99100000000001,93.456,93.318,64.8,55.0,30.8,101.2,64.5,87.1,94.0,86.6,93.69800000000001,90.2,93.3,19.256999999999998,5,5,5,104.53200000000001
0.65,1.0,5.315,5.8149999999999995,5.277,44.997,93.324,93.515,64.8,55.0,30.8,101.2,64.5,87.1,94.0,86.6,93.623,90.2,93.3,20.240000000000002,5,5,5,104.527
0.7,1.0,5.298,5.73,5.0,26.644000000000002,93.719,92.977,64.8,55.0,30.8,101.2,64.5,87.1,94.0,86.6,93.60600000000001,90.2,93.3,19.235,5,5,5,104.53200000000001
0.75,1.0,5.315,5.554,5.026,13.296,94.012,93.487,64.8,55.0,30.8,101.2,64.5,87.1,94.0,86.6,93.601,90.2,93.3,20.143,5,5,5,104.527
0.8,1.0,5.35,5.546,5.007,18.244,93.979,93.543,64.8,55.0,30.8,101.2,64.5,87.1,94.0,86.6,93.6,90.2,93.3,19.209000000000003,5,5,5,104.535
0.85,1.0,5.316,5.8100000000000005,5.01,19.576999999999998,94.07600000000001,93.795,64.8,55.0,30.8,101.2,64.5,87.1,94.0,86.6,93.6,90.2,93.3,20.320999999999998,5,5,5,104.525
0.9,1.0,5.324,5.859,5.0,30.26,93.914,93.767,64.8,55.0,30.8,101.2,64.5,87.1,94.0,86.6,93.6,90.2,93.3,19.34,5,5,5,104.53399999999999
0.95,1.0,5.349,5.892,5.006,20.674,94.30199999999999,93.767,64.8,55.0,30.8,101.2,64.5,87.1,94.0,86.6,93.6,90.2,93.3,20.208,5,5,5,104.525
1.0,1.0,5.302,5.552,5.002,24.884,94.141,93.712,64.9,55.0,30.8,101.2,64.5,87.1,94.0,86.6,93.6,90.2,93.3,19.253,5,5,5,104.531
1.05,1.0,5.319,5.735,5.252,27.038,94.494,94.811,64.9,55.0,30.8,101.2,64.5,87.1,93.913,86.6,93.6,90.2,93.3,20.161,5,5,5,104.525
1.1,1.0,5.3,5.729,5.0,26.55,94.173,94.211,64.9,55.0,30.8,101.2,64.5,87.1,93.827,86.6,93.6,90.2,93.3,19.3,5,5,5,104.53299999999999
1.15,1.0,5.313,6.051,5.0,25.945999999999998,94.238,94.293,64.9,55.0,30.8,101.2,64.5,87.1,93.806,86.6,93.6,90.2,93.3,20.34,5,5,5,104.521
1.2,1.0,5.301,5.826,5.0,26.401,94.557,94.403,64.9,55.0,30.8,101.2,64.5,87.1,93.801,86.6,93.6,90.2,93.3,19.091,5,5,5,104.53399999999999
1.25,1.0,5.315,5.949,5.017,26.47,94.43,94.676,64.9,55.0,30.8,101.2,64.5,87.1,93.8,86.6,93.6,90.2,93.3,20.089,5,5,5,104.525
1.3,1.0,5.32,5.599,5.106,26.739,94.748,94.43,64.9,55.0,30.8,101.2,64.5,87.1,93.8,86.531,93.6,90.2,93.3,19.241,5,5,5,104.53399999999999
1.35,1.0,5.316,5.878,5.035,26.381,94.62100000000001,94.78399999999999,64.9,55.0,30.8,101.2,64.5,87.1,93.8,86.431,93.6,90.2,93.3,19.947000000000003,5,5,5,104.531
1.4,1.0,5.3,5.818,5.027,26.538,94.748,94.811,64.9,55.0,30.8,101.2,64.5,87.1,93.8,86.407,93.6,90.2,93.3,19.244999999999997,5,5,5,104.53399999999999
1.45,1.0,5.315,5.66,5.0,26.741999999999997,94.874,94.946,64.9,55.0,30.8,101.2,64.5,87.1,93.8,86.402,93.6,90.2,93.3,18.953,5,5,5,104.51700000000001
1.5,1.0,5.3,5.53,5.054,26.644000000000002,94.748,95.0,64.9,55.0,30.8,101.2,64.5,87.1,93.8,86.4,93.6,90.2,93.3,20.158,5,5,5,104.524
1.55,1.0,5.317,5.595,5.0,26.712,95.25,95.214,64.9,55.0,30.8,101.2,64.5,87.1,93.8,86.4,93.6,90.2,93.3,19.033,5,5,5,104.51700000000001
1.6,1.0,5.299,5.521,5.0,26.48,94.78,95.241,64.9,55.0,30.8,101.2,64.5,87.1,93.8,86.4,93.6,90.2,93.3,20.240000000000002,5,5,5,104.524
1.65,1.0,5.316,5.614,5.023,26.405,94.748,95.161,64.9,55.0,30.8,101.2,64.5,87.1,93.8,86.4,93.6,90.2,93.163,19.273,5,5,5,104.51799999999999
1.7,1.0,5.302,5.742,5.0,26.122,95.25,95.53399999999999,64.9,55.0,30.8,101.2,64.5,87.1,93.8,86.4,93.6,90.2,93.115,20.299,5,5,5,104.52600000000001
1.75,1.0,5.314,5.779,5.112,25.074,95.125,95.214,64.9,55.0,30.8,101.2,64.5,87.1,93.8,86.4,93.6,90.2,93.104,19.031,5,5,5,104.516
1.8,1.0,5.301,5.867,5.068,25.799,94.969,95.428,64.9,55.0,30.8,101.2,64.5,87.1,93.8,86.4,93.6,90.2,93.101,20.357999999999997,5,5,5,104.527
1.85,1.0,5.334,5.582,5.255,25.691,95.344,95.824,64.9,55.0,30.8,101.2,64.5,87.1,93.8,86.4,93.6,90.2,93.1,19.271,5,5,5,104.523
1.9,1.0,5.304,5.796,5.023,25.363,95.375,95.718,64.9,55.0,30.8,101.2,64.5,87.1,93.8,86.4,93.6,90.2,93.1,20.363,5,5,5,104.525
1.95,1.0,5.313,5.675,5.253,25.179000000000002,95.59100000000001,96.215,64.9,55.0,30.8,101.2,64.5,87.1,93.8,86.4,93.6,90.2,93.1,19.036,5,5,5,104.515
2.0,1.0,5.302,5.596,5.005,24.809,95.622,95.718,64.9,55.0,30.8,101.2,64.5,87.1,93.8,86.4,93.6,90.2,93.1,20.203,5,5,5,104.524
2.05,1.0,5.313,5.571,5.253,24.123,95.468,95.666,64.9,55.0,30.8,101.2,64.5,87.1,93.8,86.4,93.6,90.2,93.1,19.086,5,5,5,104.514
2.1,1.0,5.368,5.74,5.025,24.076,95.56,95.824,64.9,55.0,30.8,101.2,64.5,87.1,93.8,86.4,93.6,90.2,93.1,20.076,5,5,5,104.522
2.15,1.0,5.313,5.761,5.237,24.592,95.683,95.692,64.9,55.0,30.8,101.2,64.5,87.1,93.8,86.4,93.6,90.047,93.1,19.004,5,5,5,104.523
2.2,1.0,5.304,6.006,5.023,24.262999999999998,95.622,95.98100000000001,64.9,55.0,30.8,101.2,64.5,87.1,93.8,86.4,93.6,90.01100000000001,93.1,20.186,5,5,5,104.529
2.25,1.0,5.426,5.7829999999999995,5.231,24.439,95.683,95.692,64.9,55.0,30.8,101.2,64.5,87.1,93.8,86.4,93.6,90.003,93.1,19.148,5,5,5,104.51799999999999
2.3,1.0,5.304,5.553,5.022,24.514,95.59100000000001,95.797,64.9,55.0,30.8,101.2,64.5,87.1,93.8,86.4,93.6,90.001,93.1,20.42,5,5,5,104.525
2.35,1.0,5.389,5.703,5.238,23.982,95.312,95.40100000000001,64.9,55.0,30.8,101.2,64.5,87.1,93.8,86.4,93.6,90.0,93.1,19.32,5,5,5,104.525
2.4,1.0,5.302,5.856,5.012,23.730999999999998,95.25,95.241,64.9,55.0,30.8,101.2,64.5,87.1,93.8,86.4,93.6,90.0,93.1,20.57,5,5,5,104.524
2.45,1.0,5.313,5.686,5.239,46.438,95.25,95.188,64.9,55.0,30.8,101.2,64.5,87.1,93.8,86.4,93.6,90.0,93.1,19.05,5,5,5,104.51899999999999
2.5,1.0,5.303,5.881,5.0,75.52600000000001,95.125,95.428,64.9,55.0,30.8,101.2,64.5,87.1,93.8,86.4,93.6,90.0,93.1,20.588,5,5,5,104.52600000000001
2.55,1.0,5.313,5.756,5.001,109.99799999999999,95.063,95.374,64.9,55.0,30.8,101.2,64.5,87.013,93.8,86.4,93.6,90.0,93.1,19.679000000000002,5,5,5,104.516
2.6,1.0,5.303,5.5329999999999995,5.002,140.859,95.375,95.692,64.9,55.0,30.8,101.2,64.5,86.92699999999999,93.8,86.4,93.6,90.0,93.1,20.65,5,5,5,104.51700000000001
2.65,1.0,5.311,5.985,5.024,165.093,95.031,95.107,64.9,55.0,30.8,101.2,64.5,86.906,93.8,86.4,93.6,90.0,93.1,19.540999999999997,5,5,5,104.512
2.7,1.0,5.304,5.718,5.083,177.18900000000002,95.312,95.428,64.9,55.0,30.8,101.2,64.5,86.902,93.8,86.4,93.6,90.0,93.1,20.265,5,5,5,104.509
2.75,1.0,5.312,5.849,5.016,179.188,95.56,95.639,64.9,55.0,30.8,101.2,64.5,86.9,93.8,86.4,93.6,90.0,93.1,19.555,5,5,5,104.501
2.8,1.0,5.338,5.9079999999999995,5.0,173.253,95.468,95.56,64.9,55.0,30.8,101.2,64.5,86.9,93.8,86.4,93.6,90.0,93.1,20.316,5,5,5,104.508
2.85,1.0,5.312,5.77,5.019,153.659,95.157,95.53399999999999,64.9,55.0,30.8,101.2,64.5,86.9,93.8,86.4,93.6,90.0,93.1,19.294,5,5,5,104.50299999999999
2.9,1.0,5.318,5.543,5.001,125.35600000000001,95.219,95.295,64.9,55.0,30.8,101.2,64.5,86.9,93.8,86.4,93.6,90.0,93.1,20.084000000000003,5,5,5,104.509
2.95,1.0,5.312,5.865,5.24,92.904,95.406,95.40100000000001,64.9,55.0,30.8,101.2,64.5,86.9,93.8,86.4,93.6,90.0,93.1,19.427,5,5,5,104.505
3.0,1.0,5.305,5.761,5.026,69.257,95.188,95.268,65.2,55.1,30.7,101.0,64.4,86.9,93.8,86.4,93.498,90.0,93.1,20.164,5,5,5,104.506
3.05,1.0,5.379,5.727,5.243,53.792,95.312,95.639,65.2,55.1,30.7,101.0,64.4,86.9,93.8,86.4,93.423,90.0,93.1,19.4,5,5,5,104.508
3.1,14.0,5.303,5.9350000000000005,5.029,105.204,95.281,95.666,65.2,55.1,30.7,101.0,64.4,86.9,93.8,86.4,93.406,90.0,93.1,20.206,5,5,5,104.508
3.15,14.0,5.341,5.926,5.06,105.366,95.0,95.797,65.2,55.1,30.7,101.0,64.4,86.9,93.8,86.4,93.40100000000001,90.0,93.1,19.618000000000002,5,5,5,104.50399999999999
3.2,14.0,5.305,5.846,5.027,78.39,95.063,95.268,65.2,55.1,30.7,101.0,64.4,86.9,93.8,86.4,93.4,90.0,93.1,20.281,5,5,5,104.505
3.25,14.0,5.312,6.138,5.241,51.849,94.811,95.081,65.2,55.1,30.7,101.0,64.4,86.9,93.71300000000001,86.4,93.4,90.0,93.1,19.328,5,5,5,104.50299999999999
3.3,14.0,5.304,5.82,5.029,48.312,94.811,94.73,65.2,55.1,30.7,101.0,64.4,86.9,93.627,86.4,93.4,90.0,93.1,19.924,5,5,5,104.50399999999999
3.35,14.0,5.311,5.759,5.236,52.553000000000004,95.25,95.081,65.2,55.1,30.7,101.0,64.4,86.9,93.60600000000001,86.263,93.4,90.0,93.1,19.255000000000003,5,5,5,104.507
3.4,14.0,5.355,5.5649999999999995,5.03,56.62,94.906,95.081,65.2,55.1,30.7,101.0,64.4,86.9,93.602,86.215,93.4,90.0,93.1,19.161,5,5,5,104.507
3.45,14.0,5.311,5.923,5.234,60.318000000000005,95.063,95.241,65.2,55.1,30.7,101.0,64.4,86.9,93.6,86.204,93.4,90.0,93.1,20.094,5,5,5,104.501
3.5,14.0,5.303,5.601,5.03,71.406,95.344,95.295,65.2,55.1,30.7,101.0,64.4,86.9,93.6,86.20100000000001,93.4,90.0,93.1,19.393,5,5,5,104.509
3.55,14.0,5.311,5.931,5.233,109.619,95.094,95.054,65.2,55.1,30.7,101.0,64.4,86.9,93.6,86.2,93.4,90.0,93.1,20.145,5,5,5,104.5
3.6,14.0,5.302,5.777,5.03,133.33700000000002,94.62100000000001,95.0,65.2,55.1,30.7,101.0,64.4,86.9,93.6,86.2,93.4,90.0,93.1,18.911,5,5,5,104.51100000000001
3.65,14.0,5.314,5.901,5.231,151.539,94.906,94.78399999999999,65.2,55.1,30.7,101.0,64.4,86.9,93.6,86.2,93.4,90.0,93.1,19.598,5,5,5,104.50299999999999
3.7,14.0,5.304,5.707,5.031,163.82,95.031,94.757,65.2,55.1,30.7,101.0,64.4,86.9,93.6,86.2,93.4,90.0,93.1,19.034,5,5,5,104.50200000000001
3.75,14.0,5.309,6.35,5.23,172.922,94.874,94.919,65.2,55.1,30.7,101.0,64.4,86.9,93.6,86.2,93.4,90.0,93.1,20.019,5,5,5,104.501
3.8,14.0,5.303,6.104,5.033,178.56900000000002,95.063,94.811,65.2,55.1,30.7,101.0,64.4,86.9,93.6,86.2,93.4,90.0,93.1,19.146,5,5,5,104.508
3.85,14.0,5.31,6.0280000000000005,5.225,180.06099999999998,95.0,94.757,65.2,55.1,30.7,101.0,64.4,86.9,93.6,86.2,93.4,90.0,93.1,19.797,5,5,5,104.499
3.9,14.0,5.304,5.9559999999999995,5.032,175.545,94.843,94.919,65.2,55.1,30.7,101.0,64.4,86.9,93.6,86.2,93.4,90.0,93.1,18.83,5,5,5,104.51100000000001
3.95,14.0,5.311,5.772,5.226,175.049,94.843,95.0,65.2,55.1,30.7,101.0,64.4,86.9,93.6,86.2,93.4,90.0,93.1,20.368000000000002,5,5,5,104.50399999999999
4.0,14.0,5.303,5.934,5.032,176.317,94.969,94.83800000000001,65.2,55.1,30.7,101.0,64.4,86.9,93.6,86.2,93.4,90.0,92.998,18.901,5,5,5,104.499
4.05,14.0,5.309,6.078,5.22,173.957,94.811,94.73,65.2,55.1,30.7,101.0,64.4,86.9,93.6,86.2,93.4,90.0,92.923,20.331,5,5,5,104.5
4.1,14.0,5.365,6.034,5.034,173.40900000000002,94.969,94.83800000000001,65.2,55.1,30.7,101.0,64.4,86.9,93.6,86.2,93.4,90.0,92.906,19.284,5,5,5,104.505
4.15,14.0,5.312,5.933,5.22,174.86599999999999,94.71600000000001,94.676,65.2,55.1,30.7,101.0,64.4,86.9,93.6,86.2,93.4,90.0,92.90100000000001,20.195,5,5,5,104.5
4.17,3.0,5.322,6.387,5.385,173.043,94.811,94.78399999999999,65.2,55.1,30.7,101.0,64.4,86.9,93.6,86.2,93.4,90.0,92.90100000000001,20.396,5,5,5,104.5
4.19,3.0,5.36,5.84,5.383,169.655,94.653,94.377,65.2,55.1,30.7,101.0,64.4,86.9,93.6,86.2,93.4,90.0,92.9,20.237000000000002,5,5,5,104.50299999999999
4.21,3.0,5.322,5.753,5.382,153.77,94.969,95.134,65.2,55.1,30.7,101.0,64.4,86.9,93.6,86.2,93.4,90.0,92.9,20.317999999999998,5,5,5,104.501
4.23,3.0,5.377,5.811,5.3870000000000005,136.968,94.906,94.67699999999999,65.2,55.1,30.7,101.0,64.4,86.9,93.6,86.2,93.4,90.0,92.9,20.552999999999997,5,5,5,104.5
4.25,3.0,5.325,5.745,5.384,118.984,94.969,94.568,65.2,55.1,30.7,101.0,64.4,86.9,93.6,86.2,93.4,90.0,92.9,20.528,5,5,5,104.5
4.27,3.0,5.322,6.103,5.384,100.09100000000001,94.937,94.541,65.2,55.1,30.7,101.0,64.4,86.9,93.6,86.2,93.4,90.0,92.9,20.551,5,5,5,104.508
4.29,3.0,5.331,5.675,5.382,86.095,94.748,94.839,65.2,55.1,30.7,101.0,64.4,86.9,93.6,86.2,93.4,90.0,92.9,20.637,5,5,5,104.507
4.31,3.0,5.814,5.8469999999999995,5.4,90.42399999999999,94.843,95.054,65.2,55.1,30.7,101.0,64.4,86.9,93.6,86.2,93.4,90.0,92.9,20.538,5,5,5,104.50399999999999
4.33,3.0,5.563,6.0120000000000005,10.111,81.752,95.063,95.161,65.2,55.1,30.7,101.0,64.4,86.9,93.6,86.2,93.4,90.0,92.9,20.797,5,5,5,104.21
4.35,3.0,6.114,5.636,8.593,77.861,94.969,94.973,65.2,55.1,30.7,101.0,64.4,86.9,93.6,86.2,93.4,90.0,92.9,20.430999999999997,5,5,5,103.387
4.37,3.0,6.087,5.477,6.378,59.843,95.0,95.241,65.2,55.1,30.7,101.0,64.4,86.9,93.6,86.2,93.4,90.0,92.9,20.551,5,5,5,101.98299999999999
4.39,3.0,5.771,5.494,5.617,53.756,95.219,94.785,65.2,55.1,30.7,101.0,64.4,86.9,93.6,86.2,93.4,90.0,92.9,20.22,5,5,5,100.84
4.41,3.0,5.744,5.648,7.591,49.3,95.156,94.946,65.2,55.1,30.7,101.0,64.4,86.9,93.6,86.2,93.4,90.0,92.9,20.008,5,5,5,99.4
4.43,3.0,5.909,5.486,10.165,38.900999999999996,95.343,95.347,65.2,55.1,30.7,101.0,64.4,86.9,93.6,86.2,93.4,90.0,92.9,19.929000000000002,5,5,5,98.266
4.45,3.0,5.808,5.684,10.131,42.272,95.25,95.161,65.2,55.1,30.7,101.0,64.4,86.9,93.6,86.2,93.4,90.0,92.9,19.976,5,5,5,97.165
4.47,3.0,5.736,5.78,8.477,46.864,95.0,95.134,65.2,55.1,30.7,101.0,64.4,86.9,93.6,86.2,93.4,90.0,92.9,19.955,5,5,5,96.24
4.49,3.0,6.05,5.569,10.182,49.426,95.031,94.866,65.2,55.1,30.7,101.0,64.4,86.9,93.6,86.2,93.4,90.0,92.9,19.879,5,5,5,95.31700000000001
4.51,3.0,5.732,5.608,10.187999999999999,52.461999999999996,95.187,94.973,65.2,55.1,30.7,101.0,64.4,86.9,93.6,86.2,93.4,90.0,92.9,19.884999999999998,5,5,5,94.42299999999999
4.53,3.0,6.1690000000000005,5.602,10.013,56.321000000000005,95.343,95.08,65.2,55.1,30.7,101.0,64.4,86.9,93.6,86.2,93.4,90.0,92.9,19.905,5,5,5,93.54899999999999
4.55,3.0,5.883,5.843,7.7829999999999995,61.715,94.969,95.107,65.2,55.1,30.7,101.0,64.4,86.9,93.6,86.2,93.4,90.0,92.9,19.779000000000003,5,5,5,92.665
4.57,3.0,5.727,5.537,10.315000000000001,65.28399999999999,95.156,94.839,65.2,55.1,30.7,101.0,64.4,86.9,93.55,86.2,93.4,90.0,92.9,19.679000000000002,5,5,5,91.803
4.59,3.0,5.484,5.513,10.26,69.709,95.063,95.241,65.2,55.1,30.7,101.0,64.4,86.9,93.484,86.2,93.4,90.0,92.9,19.809,5,5,5,90.979
4.61,3.0,5.858,5.58,10.209,74.77199999999999,94.843,94.866,65.2,55.1,30.7,101.0,64.4,86.9,93.447,86.2,93.4,90.0,92.9,19.766,5,5,5,90.149
4.63,3.0,6.038,5.728,10.131,78.553,94.906,95.0,65.2,55.1,30.7,101.0,64.4,86.9,93.42699999999999,86.2,93.4,90.0,92.9,19.771,5,5,5,89.314
4.65,3.0,5.7219999999999995,5.765,10.317,80.252,95.0,94.866,65.2,55.1,30.7,101.0,64.4,86.9,93.415,86.2,93.4,89.95,92.9,20.023,5,5,5,88.564
4.67,3.0,5.821,5.834,10.307,83.964,95.094,94.866,65.2,55.1,30.7,101.0,64.4,86.9,93.408,86.2,93.4,89.884,92.9,19.955,5,5,5,87.833
4.69,3.0,5.724,5.678,10.164,83.352,95.063,95.294,65.2,55.1,30.7,101.0,64.4,86.9,93.405,86.2,93.4,89.847,92.9,19.756999999999998,5,5,5,86.995
4.71,3.0,5.645,5.568,10.236,83.217,95.063,95.717,65.2,55.1,30.7,101.0,64.4,86.9,93.403,86.2,93.4,89.827,92.9,19.739,5,5,5,86.13
4.73,3.0,5.806,5.554,10.100999999999999,81.852,95.281,96.16,65.2,55.1,30.7,101.0,64.4,86.9,93.402,86.2,93.4,89.815,92.9,19.814,5,5,5,85.241
4.75,3.0,5.672,5.954,10.24,81.493,95.187,96.52199999999999,65.2,55.1,30.7,101.0,64.4,86.9,93.40100000000001,86.2,93.4,89.808,92.9,19.927999999999997,5,5,5,84.35300000000001
4.77,3.0,5.901,5.7219999999999995,10.023,80.08,95.125,97.258,65.2,55.1,30.7,101.0,64.4,86.9,93.4,86.2,93.4,89.805,92.9,19.644,5,5,5,83.487
4.79,3.0,5.753,5.73,10.237,79.444,94.969,98.29799999999999,65.2,55.1,30.7,101.0,64.4,86.9,93.4,86.2,93.4,89.803,92.9,19.801,5,5,5,82.58800000000001
4.81,3.0,5.768,5.656,10.321000000000002,78.598,95.0,99.45200000000001,65.2,55.1,30.7,101.0,64.4,86.9,93.4,86.2,93.4,89.801,92.9,19.723,5,5,5,81.722
4.83,3.0,5.689,5.499,10.127,78.221,95.219,101.634,65.2,55.1,30.7,101.0,64.4,86.9,93.4,86.2,93.4,89.801,92.9,19.802,5,5,5,80.836
4.85,3.0,5.737,5.701,10.379999999999999,77.994,95.125,103.48700000000001,65.2,55.1,30.7,101.0,64.4,86.9,93.4,86.2,93.4,89.8,92.9,19.773,5,5,5,79.953
4.87,3.0,5.895,5.601,10.197,78.111,95.125,107.155,65.2,55.1,30.7,101.0,64.4,86.9,93.4,86.2,93.4,89.8,92.9,19.82,5,5,5,79.10600000000001
4.89,3.0,5.652,5.522,10.234,77.94,95.219,113.633,65.2,55.1,30.7,101.0,64.4,86.9,93.4,86.2,93.4,89.8,92.9,19.982,5,5,5,78.229
4.91,3.0,5.796,5.715,10.131,78.339,95.25,123.73899999999999,65.2,55.1,30.7,101.0,64.4,86.9,93.4,86.2,93.331,89.8,92.9,19.718,5,5,5,77.37100000000001
4.93,3.0,5.895,6.09,10.118,78.45,95.62100000000001,137.214,65.2,55.1,30.7,101.0,64.4,86.9,93.4,86.2,93.274,89.8,92.9,19.792,5,5,5,76.547
4.95,3.0,6.043,5.7940000000000005,9.906,79.255,95.682,160.208,65.2,55.1,30.7,101.0,64.4,86.9,93.4,86.2,93.242,89.8,92.9,19.932000000000002,5,5,5,75.708
4.97,3.0,5.5649999999999995,6.54,10.297,79.15,95.774,236.107,65.2,55.1,30.7,101.0,64.4,86.9,93.4,86.2,93.223,89.8,92.9,19.723,5,5,5,74.875
4.99,3.0,5.514,6.853,10.215,79.789,97.26899999999999,242.90200000000002,65.2,55.1,30.6,100.7,64.2,86.9,93.4,86.2,93.21300000000001,89.8,92.9,19.778,5,5,5,74.012
5.01,3.0,5.541,6.491,10.136,80.093,99.09,238.05200000000002,65.2,55.1,30.6,100.7,64.2,86.9,93.4,86.2,93.207,89.8,92.9,19.908,5,5,5,73.185
5.03,3.0,5.574,7.281000000000001,10.183,80.399,101.34299999999999,235.541,65.2,55.1,30.6,100.7,64.2,86.9,93.4,86.2,93.204,89.8,92.9,19.781,5,5,5,72.329
5.05,3.0,5.766,7.2490000000000006,10.2,80.32300000000001,104.384,234.475,65.2,55.1,30.6,100.7,64.2,86.9,93.4,86.2,93.202,89.8,92.9,19.981,5,5,5,71.501
5.07,3.0,5.626,7.423,10.155000000000001,81.023,107.863,233.97400000000002,65.2,55.1,30.6,100.7,64.2,86.9,93.4,86.2,93.20100000000001,89.8,92.9,19.603,5,5,5,70.654
5.09,3.0,5.448,7.4990000000000006,10.172,80.436,111.977,234.12400000000002,65.2,55.1,30.6,100.7,64.2,86.9,93.4,86.2,93.20100000000001,89.8,92.9,19.665,5,5,5,69.798
5.11,3.0,5.59,8.186,10.047,81.277,117.414,234.34900000000002,65.2,55.1,30.6,100.7,64.2,86.9,93.4,86.2,93.2,89.8,92.9,19.709000000000003,5,5,5,68.97800000000001
5.13,3.0,5.726,9.190000000000001,10.053999999999998,81.718,123.656,234.312,65.2,55.1,30.6,100.7,64.2,86.9,93.4,86.2,93.2,89.8,92.9,20.128,5,5,5,68.131
5.15,3.0,5.552,8.876999999999999,10.138,82.568,132.659,234.037,65.2,55.1,30.6,100.7,64.2,86.9,93.4,86.2,93.2,89.8,92.9,19.817,5,5,5,67.281
5.17,3.0,5.701,9.202,9.969999999999999,82.47,142.485,233.512,65.2,55.1,30.6,100.7,64.2,86.9,93.4,86.2,93.2,89.8,92.9,19.581,5,5,5,66.421
5.19,3.0,5.595,9.683,10.038,79.953,151.934,232.688,65.2,55.1,30.6,100.7,64.2,86.9,93.4,86.2,93.2,89.8,92.9,19.859,5,5,5,65.479
5.21,3.0,5.834,10.612,9.844,78.22,163.172,231.68099999999998,65.2,55.1,30.6,100.7,64.2,86.9,93.4,86.2,93.2,89.8,92.9,19.610999999999997,5,5,5,64.566
5.23,3.0,6.277,11.301,9.793,75.869,185.93900000000002,230.578,65.2,55.1,30.6,100.7,64.2,86.9,93.4,86.2,93.2,89.8,92.9,19.694000000000003,5,5,5,63.593
5.25,3.0,5.965,11.881,10.028,74.14,246.168,229.565,65.2,55.1,30.6,100.7,64.2,86.85,93.4,86.2,93.2,89.8,92.9,19.963,5,5,5,62.672
5.27,3.0,6.218,12.326,10.306000000000001,72.666,243.257,228.53,65.2,55.1,30.6,100.7,64.2,86.78399999999999,93.4,86.2,93.2,89.8,92.9,19.686,5,5,5,61.753
5.29,3.0,6.177,13.226,10.605,71.77199999999999,239.296,227.49900000000002,65.2,55.1,30.6,100.7,64.2,86.747,93.4,86.2,93.2,89.8,92.9,19.776,5,5,5,60.846000000000004
5.31,3.0,6.032,13.541,10.953,71.046,236.61,226.446,65.2,55.1,30.6,100.7,64.2,86.727,93.4,86.2,93.2,89.8,92.9,19.674,5,5,5,59.943000000000005
5.33,3.0,6.043,13.98,11.481,71.646,234.43599999999998,225.68900000000002,65.2,55.1,30.6,100.7,64.2,86.715,93.4,86.2,93.2,89.8,92.9,20.423000000000002,5,5,5,59.086999999999996
5.35,3.0,6.176,13.523,11.967,71.54899999999999,232.565,224.667,65.2,55.1,30.6,100.7,64.2,86.708,93.4,86.2,93.2,89.8,92.9,20.647,5,5,5,58.233999999999995
5.37,3.0,5.859,14.506,12.487,71.411,230.89,223.453,65.2,55.1,30.6,100.7,64.2,86.705,93.4,86.175,93.2,89.8,92.9,20.279000000000003,5,5,5,57.378
5.39,3.0,5.929,14.845,12.869,71.227,229.435,223.72,65.2,55.1,30.6,100.7,64.2,86.703,93.4,86.098,93.2,89.8,92.9,19.7,5,5,5,56.54
5.41,3.0,6.658,15.237,13.327,71.916,228.15900000000002,224.035,65.2,55.1,30.6,100.7,64.2,86.70100000000001,93.4,86.055,93.2,89.8,92.9,19.362000000000002,5,5,5,55.674
5.43,3.0,6.85,15.584000000000001,13.766,71.857,227.084,223.926,65.2,55.1,30.6,100.7,64.2,86.70100000000001,93.4,86.031,93.2,89.8,92.9,19.355,5,5,5,54.833
5.45,3.0,7.021,15.765,14.162,72.377,225.915,223.683,65.2,55.1,30.6,100.7,64.2,86.7,93.4,86.018,93.2,89.8,92.9,19.201999999999998,5,5,5,53.982
5.47,3.0,7.014,16.695,14.732999999999999,72.367,224.81099999999998,223.574,65.2,55.1,30.6,100.7,64.2,86.7,93.4,86.01,93.2,89.8,92.9,19.579,5,5,5,53.144
5.49,3.0,7.026,17.174,15.305,72.959,223.93,223.502,65.2,55.1,30.6,100.7,64.2,86.7,93.4,86.006,93.2,89.8,92.9,19.317999999999998,5,5,5,52.291000000000004
5.51,3.0,7.416,17.645,15.64,72.852,223.356,223.368,65.2,55.1,30.6,100.7,64.2,86.7,93.4,86.003,93.2,89.8,92.9,19.3,5,5,5,51.443999999999996
5.53,3.0,7.507,17.845999999999997,16.037,70.354,222.88,223.102,65.2,55.1,30.6,100.7,64.2,86.7,93.4,86.002,93.2,89.8,92.9,19.2,5,5,5,50.634
5.55,3.0,7.638999999999999,18.737000000000002,16.465,71.097,222.405,222.667,65.2,55.1,30.6,100.7,64.2,86.7,93.4,86.001,93.2,89.8,92.9,19.104,5,5,5,49.946
5.57,3.0,7.471,18.578,16.566,68.834,222.08900000000003,222.063,65.2,55.1,30.6,100.7,64.2,86.7,93.4,86.001,93.2,89.8,92.9,19.207,5,5,5,49.23
5.59,3.0,7.647,18.838,16.991,69.747,222.028,221.292,65.2,55.1,30.6,100.7,64.2,86.7,93.4,86.0,93.2,89.8,92.9,19.331,5,5,5,48.543
5.61,3.0,7.99,18.939,16.925,69.065,222.113,220.43900000000002,65.2,55.1,30.6,100.7,64.2,86.7,93.4,86.0,93.2,89.8,92.9,19.295,5,5,5,47.861
5.63,3.0,7.802,19.469,17.375999999999998,69.71300000000001,222.357,219.49099999999999,65.2,55.1,30.6,100.7,64.2,86.7,93.4,86.0,93.2,89.8,92.9,19.169,5,5,5,47.165
5.65,3.0,7.852,19.394,17.689,69.268,222.247,218.595,65.2,55.1,30.6,100.7,64.2,86.7,93.4,86.0,93.2,89.8,92.9,19.292,5,5,5,46.484
5.67,3.0,8.151,20.008,17.923000000000002,69.93,221.834,217.64,65.2,55.1,30.6,100.7,64.2,86.7,93.4,86.0,93.2,89.8,92.9,19.119999999999997,5,5,5,45.818000000000005
5.69,3.0,8.228,20.173000000000002,18.209000000000003,69.885,221.46900000000002,216.736,65.2,55.1,30.6,100.7,64.2,86.7,93.4,86.0,93.2,89.8,92.9,19.204,5,5,5,45.132
5.71,3.0,8.579,20.560000000000002,18.566,70.413,221.38400000000001,215.93,65.2,55.1,30.6,100.7,64.2,86.7,93.4,86.0,93.2,89.8,92.9,19.205,5,5,5,44.479
5.73,3.0,9.847,21.552,18.930999999999997,69.97,221.482,215.18400000000003,65.2,55.1,30.6,100.7,64.2,86.7,93.4,86.0,93.2,89.8,92.9,19.189999999999998,5,5,5,43.817
5.75,3.0,13.948,22.945999999999998,19.701,67.15100000000001,221.65200000000002,214.628,65.2,55.1,30.6,100.7,64.2,86.7,93.4,86.0,93.2,89.8,92.9,19.131999999999998,5,5,5,43.161
5.77,3.0,16.342,24.053,20.769,66.523,221.142,214.03799999999998,65.2,55.1,30.6,100.7,64.2,86.7,93.4,86.0,93.2,89.8,92.9,19.175,5,5,5,42.711
5.79,3.0,18.285,25.303,21.452,65.517,220.233,213.449,65.2,55.1,30.6,100.7,64.2,86.7,93.4,86.0,93.2,89.8,92.9,19.215,5,5,5,42.316
5.81,4.0,19.143,26.424,22.209,65.238,219.424,212.861,65.2,55.1,30.6,100.7,64.2,86.7,93.4,86.0,93.2,89.8,92.9,19.127000000000002,5,5,5,41.922
5.83,4.0,19.981,26.964000000000002,22.679000000000002,62.19,218.78400000000002,212.30900000000003,65.2,55.1,30.6,100.7,64.2,86.7,93.4,86.0,93.2,89.8,92.9,19.155,5,5,5,41.542
5.85,4.0,20.762,27.708000000000002,23.153,54.692,218.24200000000002,211.699,65.2,55.1,30.6,100.7,64.2,86.7,93.4,86.0,93.2,89.8,92.9,19.152,5,5,5,41.351
5.87,4.0,21.489,27.534000000000002,23.599,55.684,217.185,211.079,65.2,55.1,30.6,100.7,64.2,86.7,93.4,86.0,93.2,89.8,92.9,19.262999999999998,5,5,5,41.427
5.89,4.0,21.506,27.916999999999998,25.506999999999998,52.455,215.843,210.50599999999997,65.2,55.1,30.6,100.7,64.2,86.7,93.4,86.0,93.2,89.8,92.9,19.243000000000002,5,5,5,41.482
5.91,4.0,21.559,28.009,28.078000000000003,51.553000000000004,214.72,209.864,65.2,55.1,30.6,100.7,64.2,86.7,93.4,86.0,93.2,89.8,92.9,19.006999999999998,5,5,5,41.518
5.93,4.0,21.685,28.009,29.044,49.028999999999996,213.886,209.293,65.2,55.1,30.6,100.7,64.2,86.7,93.4,86.0,93.2,89.8,92.9,18.934,5,5,5,41.508
5.95,4.0,21.625999999999998,27.755,29.23,47.703,213.327,208.688,65.2,55.1,30.6,100.7,64.2,86.7,93.4,86.0,93.2,89.8,92.9,19.000999999999998,5,5,5,41.509
5.97,4.0,21.749000000000002,27.863000000000003,28.408,43.407,212.817,208.11900000000003,65.2,55.1,30.6,100.7,64.2,86.7,93.4,86.0,93.2,89.8,92.9,19.106,5,5,5,41.501
5.99,4.0,21.475,27.256,27.863000000000003,43.236999999999995,212.30700000000002,207.516,65.2,55.1,30.6,100.7,64.2,86.7,93.4,86.0,93.2,89.8,92.9,19.148,5,5,5,41.672
6.01,4.0,21.399,26.233,28.688000000000002,41.121,211.845,206.949,65.2,55.1,30.6,100.7,64.2,86.7,93.4,86.0,93.2,89.8,92.9,19.14,5,5,5,41.819
6.03,4.0,21.377,26.878,30.412,40.167,211.407,206.486,65.2,55.1,30.6,100.7,64.2,86.7,93.4,86.0,93.2,89.8,92.9,19.158,5,5,5,41.94199999999999
6.05,4.0,22.575,26.869,30.976,41.056,210.957,206.024,65.2,55.1,30.6,100.7,64.2,86.7,93.4,86.0,93.2,89.8,92.9,18.774,5,5,5,42.034
6.07,4.0,23.169,26.772,31.281,39.616,210.46099999999998,205.585,65.2,55.1,30.6,100.7,64.2,86.7,93.4,86.0,93.2,89.8,92.9,19.134999999999998,5,5,5,42.042
6.09,4.0,23.482,27.365,31.403000000000002,40.279,209.97799999999998,205.078,65.2,55.1,30.6,100.7,64.2,86.7,93.4,86.0,93.2,89.8,92.9,19.059,5,5,5,42.032
6.11,4.0,23.204,27.2,31.705,40.82,209.47099999999998,204.583,65.2,55.1,30.6,100.7,64.2,86.7,93.4,86.0,93.2,89.8,92.9,19.14,5,5,5,42.023
6.13,4.0,23.242,27.357,31.703000000000003,40.738,209.047,204.112,65.2,55.1,30.6,100.7,64.2,86.7,93.4,86.0,93.2,89.8,92.875,19.044,5,5,5,41.986000000000004
6.15,4.0,23.727999999999998,27.266,31.456999999999997,41.042,208.601,203.687,65.2,55.1,30.6,100.7,64.2,86.7,93.4,86.0,93.2,89.8,92.798,19.141,5,5,5,41.959
6.17,4.0,24.807000000000002,27.471,31.613000000000003,41.418,208.15400000000002,203.274,65.2,55.1,30.6,100.7,64.2,86.7,93.4,86.0,93.2,89.8,92.755,18.957,5,5,5,41.902
6.19,4.0,25.44,27.67,31.566999999999997,41.876,207.697,202.872,65.2,55.1,30.6,100.7,64.2,86.7,93.4,86.0,93.2,89.8,92.73100000000001,19.152,5,5,5,41.831999999999994
6.21,4.0,25.333,27.750999999999998,31.954,42.192,207.204,202.517,65.2,55.1,30.6,100.7,64.2,86.7,93.4,86.0,93.2,89.8,92.718,19.097,5,5,5,41.786
6.23,4.0,25.756999999999998,28.525,31.843000000000004,43.321,206.748,202.06,65.2,55.1,30.6,100.7,64.2,86.7,93.4,86.0,93.2,89.8,92.71,19.084000000000003,5,5,5,41.7
6.25,4.0,25.944000000000003,28.354,32.234,43.554,206.28,201.648,65.2,55.1,30.6,100.7,64.2,86.7,93.4,86.0,93.2,89.8,92.706,19.164,5,5,5,41.551
6.27,4.0,26.41,29.122,32.486999999999995,44.955999999999996,205.847,201.294,65.2,55.1,30.6,100.7,64.2,86.7,93.312,86.0,93.2,89.8,92.703,19.016,5,5,5,41.473
6.29,4.0,26.401999999999997,29.509,32.771,40.205999999999996,205.345,200.895,65.2,55.1,30.6,100.7,64.2,86.7,93.263,86.0,93.2,89.8,92.702,18.866,5,5,5,41.387
6.31,4.0,26.589000000000002,29.588,33.141,43.327,204.949,200.541,65.2,55.1,30.6,100.7,64.2,86.7,93.236,86.0,93.2,89.8,92.70100000000001,18.968,5,5,5,41.424
6.33,4.0,27.331,30.18,33.245999999999995,38.756,204.483,200.15400000000002,65.2,55.1,30.6,100.7,64.2,86.7,93.22,86.0,93.2,89.8,92.70100000000001,18.979,5,5,5,41.451
6.35,4.0,27.863000000000003,29.935,33.523,42.645,204.075,199.78900000000002,65.2,55.1,30.6,100.7,64.2,86.7,93.211,86.0,93.2,89.8,92.7,18.942999999999998,5,5,5,41.5
6.37,4.0,27.776,30.169,33.602,39.703,203.58700000000002,199.44799999999998,65.2,55.1,30.6,100.7,64.2,86.7,93.206,86.0,93.2,89.8,92.7,19.191,5,5,5,41.468
6.39,4.0,27.881999999999998,30.158,33.665,44.046,203.192,199.062,65.2,55.1,30.6,100.7,64.2,86.7,93.204,86.0,93.2,89.8,92.7,20.393,5,5,5,41.426
6.41,4.0,28.248,30.177,33.882,37.281,202.774,198.687,65.2,55.1,30.6,100.7,64.2,86.7,93.202,86.0,93.2,89.8,92.7,20.218,5,5,5,41.319
6.43,4.0,28.538,30.904,33.925,41.064,202.333,198.324,65.2,55.1,30.6,100.7,64.2,86.7,93.20100000000001,86.0,93.2,89.8,92.7,20.339,5,5,5,41.435
6.45,4.0,28.638,30.794,34.206999999999994,38.016,201.90400000000002,197.96099999999998,65.2,55.1,30.6,100.7,64.2,86.7,93.20100000000001,86.0,93.2,89.8,92.7,20.226,5,5,5,41.46
6.47,4.0,29.11,30.464000000000002,34.027,41.92,201.533,197.62099999999998,65.2,55.1,30.6,100.7,64.2,86.7,93.2,86.0,93.2,89.8,92.7,20.264000000000003,5,5,5,41.452
6.49,4.0,29.1,31.031999999999996,33.965,41.286,201.11700000000002,197.237,65.2,55.1,30.6,100.7,64.2,86.7,93.2,86.0,93.2,89.8,92.7,20.444000000000003,5,5,5,41.403000000000006
6.51,4.0,28.669,31.309,34.241,42.851,200.67700000000002,196.908,65.2,55.1,30.6,100.7,64.2,86.7,93.2,86.0,93.2,89.8,92.7,20.391,5,5,5,41.31699999999999
6.53,4.0,28.616999999999997,31.351999999999997,34.245000000000005,42.654,200.331,196.558,65.2,55.1,30.6,100.7,64.2,86.7,93.2,86.0,93.2,89.8,92.7,20.349,5,5,5,41.21
6.55,4.0,29.081,31.136,34.173,45.071,199.95,196.21900000000002,65.2,55.1,30.6,100.7,64.2,86.7,93.2,86.0,93.2,89.8,92.7,20.298000000000002,5,5,5,41.144000000000005
6.57,4.0,29.164,31.531,34.324,46.036,199.55700000000002,195.88099999999997,65.2,55.1,30.6,100.7,64.2,86.7,93.2,86.0,93.2,89.8,92.7,20.414,5,5,5,40.978
6.59,4.0,29.293000000000003,31.416999999999998,34.489999999999995,41.051,199.142,195.553,65.2,55.1,30.6,100.7,64.2,86.7,93.2,86.0,93.2,89.8,92.7,20.317999999999998,5,5,5,40.917
6.61,4.0,29.430999999999997,31.621,34.724000000000004,43.631,198.797,195.24900000000002,65.2,55.1,30.6,100.7,64.2,86.7,93.2,86.0,93.2,89.775,92.7,20.216,5,5,5,40.962
6.63,4.0,29.381,31.592,35.008,43.789,198.405,194.956,65.2,55.1,30.6,100.7,64.2,86.7,93.2,86.0,93.2,89.742,92.7,20.421,5,5,5,41.090999999999994
6.65,4.0,29.75,32.095,35.001999999999995,43.098,198.071,194.641,65.2,55.1,30.6,100.7,64.2,86.7,93.2,86.0,93.2,89.72399999999999,92.7,20.268,5,5,5,41.093
6.67,4.0,29.413,31.935,35.208,38.988,197.68,194.303,65.2,55.1,30.6,100.7,64.2,86.7,93.2,86.0,93.2,89.71300000000001,92.7,20.131,5,5,5,40.978
6.69,4.0,29.88,31.974,34.848,42.99,197.324,193.96599999999998,65.2,55.1,30.6,100.7,64.2,86.7,93.2,86.0,93.2,89.708,92.7,20.187,5,5,5,41.094
6.71,4.0,30.000999999999998,31.421,34.655,41.272,196.968,193.674,65.2,55.1,30.6,100.7,64.2,86.7,93.2,86.0,93.2,89.704,92.7,20.314999999999998,5,5,5,41.084
6.73,4.0,29.743000000000002,31.713,34.953,38.499,196.635,193.359,65.2,55.1,30.6,100.7,64.2,86.7,93.2,86.0,93.2,89.702,92.7,20.255000000000003,5,5,5,41.041
6.75,4.0,29.623,31.805999999999997,35.032,41.164,196.291,193.101,65.2,55.1,30.6,100.7,64.2,86.7,93.2,86.0,93.2,89.70100000000001,92.7,19.962,5,5,5,41.107
6.77,4.0,29.618000000000002,32.413,35.196,32.491,195.91299999999998,192.764,65.2,55.1,30.6,100.7,64.2,86.7,93.2,86.0,93.2,89.70100000000001,92.7,20.024,5,5,5,41.141
6.79,4.0,30.065,32.510999999999996,34.994,37.053000000000004,195.615,192.484,65.2,55.1,30.6,100.7,64.2,86.7,93.2,86.0,93.2,89.7,92.7,20.131999999999998,5,5,5,41.287
6.81,4.0,29.764,31.636,35.153000000000006,32.006,195.248,192.136,65.2,55.1,30.6,100.7,64.2,86.7,93.2,86.0,93.2,89.7,92.7,20.586,5,5,5,41.443
6.83,4.0,30.159000000000002,32.417,35.069,37.45,194.93900000000002,191.845,65.2,55.1,30.6,100.7,64.2,86.7,93.2,86.0,93.2,89.7,92.7,19.881,5,5,5,41.504000000000005
6.85,4.0,30.23,31.95,34.792,34.463,194.63,191.543,65.2,55.1,30.6,100.7,64.2,86.7,93.2,86.0,93.131,89.7,92.7,20.398,5,5,5,41.503
6.87,4.0,30.066999999999997,31.763,34.726,39.297,194.298,191.252,65.2,55.1,30.6,100.7,64.2,86.7,93.2,86.0,93.074,89.7,92.7,20.317999999999998,5,5,5,41.441
6.89,4.0,30.133000000000003,32.196,34.772,37.547,193.956,190.93900000000002,65.2,55.1,30.6,100.7,64.2,86.7,93.2,86.0,93.042,89.7,92.7,20.185000000000002,5,5,5,41.34
6.91,4.0,29.717,31.3,34.618,35.885000000000005,193.636,190.648,65.2,55.1,30.6,100.7,64.2,86.7,93.2,86.0,93.023,89.7,92.7,20.128,5,5,5,41.325
6.93,4.0,29.967,31.963,34.623000000000005,36.80800000000001,193.31599999999997,190.36900000000003,65.2,55.1,30.6,100.7,64.2,86.7,93.2,86.0,93.013,89.7,92.7,20.364,5,5,5,41.45
6.95,4.0,29.898000000000003,31.525,34.373000000000005,30.721999999999998,192.99599999999998,190.045,65.2,55.1,30.6,100.7,64.2,86.7,93.2,86.0,93.007,89.7,92.7,20.372999999999998,5,5,5,41.553
6.97,4.0,29.714000000000002,31.781999999999996,34.577,31.541,192.688,189.77700000000002,65.2,55.1,30.6,100.7,64.2,86.7,93.2,86.0,93.00399999999999,89.7,92.7,20.305,5,5,5,41.71
6.99,4.0,29.896,31.653000000000002,34.468,30.434,192.392,189.476,65.2,55.1,30.6,100.2,64.2,86.7,93.2,86.0,93.002,89.7,92.7,20.255000000000003,5,5,5,41.828
7.01,4.0,29.517,31.121,34.314,29.365,192.084,189.197,65.2,55.1,30.6,100.2,64.2,86.7,93.2,86.0,93.001,89.7,92.7,20.313,5,5,5,41.979
7.03,4.0,29.705,31.184,33.75,28.49,191.77599999999998,188.896,65.2,55.1,30.6,100.2,64.2,86.7,93.2,86.0,93.001,89.7,92.7,20.259,5,5,5,42.119
7.05,4.0,29.479,31.156,33.7,27.496,191.468,188.584,65.2,55.1,30.6,100.2,64.2,86.7,93.2,86.0,93.0,89.7,92.7,20.262,5,5,5,42.295
7.07,4.0,29.389,30.732,33.506,25.201,191.16099999999997,188.28400000000002,65.2,55.1,30.6,100.2,64.2,86.7,93.2,86.0,93.0,89.7,92.7,20.48,5,5,5,42.455
7.09,4.0,29.514,30.805999999999997,33.232,22.285,190.842,187.983,65.2,55.1,30.6,100.2,64.2,86.7,93.2,86.0,93.0,89.7,92.7,20.155,5,5,5,42.61
7.11,4.0,29.195999999999998,30.320999999999998,32.919,21.691,190.535,187.683,65.2,55.1,30.6,100.2,64.2,86.7,93.2,86.0,93.0,89.7,92.7,20.329,5,5,5,42.766
7.13,4.0,28.651,30.318,32.616,17.293,190.22799999999998,187.394,65.2,55.1,30.6,100.2,64.2,86.7,93.2,86.0,93.0,89.7,92.7,20.377000000000002,5,5,5,42.913000000000004
7.15,4.0,28.160999999999998,29.866999999999997,32.119,17.838,189.93200000000002,187.03799999999998,65.2,55.1,30.6,100.2,64.2,86.7,93.2,86.0,93.0,89.7,92.7,20.294,5,5,5,43.067
7.17,4.0,28.163,29.471999999999998,31.719,18.45,189.60299999999998,186.69400000000002,65.2,55.1,30.6,100.2,64.2,86.7,93.2,86.0,93.0,89.7,92.7,20.365000000000002,5,5,5,43.192
7.19,4.0,27.92,28.928,31.267,25.136,189.30700000000002,186.405,65.2,55.1,30.6,100.2,64.2,86.7,93.2,86.0,93.0,89.7,92.7,20.484,5,5,5,43.257
7.21,4.0,27.842,28.201999999999998,30.776999999999997,19.262999999999998,189.00099999999998,186.083,65.2,55.1,30.6,100.2,64.2,86.7,93.2,86.0,93.0,89.7,92.7,20.540999999999997,5,5,5,43.231
7.23,4.0,26.581,28.055,30.397,21.116,188.705,185.795,65.2,55.1,30.6,100.2,64.2,86.7,93.2,86.0,93.0,89.7,92.7,20.387999999999998,5,5,5,43.173
7.25,4.0,26.823,28.2,29.956999999999997,28.325,188.41,185.517,65.2,55.1,30.6,100.2,64.2,86.7,93.2,86.0,93.0,89.7,92.7,20.389000000000003,5,5,5,43.139
7.27,4.0,26.193,27.425,29.724,25.65,188.127,185.24,65.2,55.1,30.6,100.2,64.2,86.7,93.2,86.0,93.0,89.7,92.7,20.415999999999997,5,5,5,43.029
7.29,4.0,25.989,27.983,29.214000000000002,30.105,187.832,184.963,65.2,55.1,30.6,100.2,64.2,86.7,93.2,86.0,93.0,89.7,92.7,20.380000000000003,5,5,5,42.867
7.31,4.0,25.561,27.197,29.009,29.340999999999998,187.548,184.675,65.2,55.1,30.6,100.2,64.2,86.7,93.2,86.0,93.0,89.7,92.7,20.313,5,5,5,42.653
7.33,4.0,25.215999999999998,26.498,28.885,34.348,187.265,184.43099999999998,65.2,55.1,30.6,100.2,64.2,86.7,93.2,86.0,93.0,89.7,92.7,20.287,5,5,5,42.419000000000004
7.35,4.0,24.916,26.566999999999997,28.871,30.726,186.99200000000002,184.15400000000002,65.2,55.1,30.6,100.2,64.2,86.7,93.2,86.0,93.0,89.7,92.7,20.445,5,5,5,42.149
7.37,4.0,24.495,26.929000000000002,28.725,35.438,186.709,183.922,65.2,55.1,30.6,100.2,64.2,86.7,93.2,86.0,93.0,89.7,92.7,20.562,5,5,5,42.132
7.39,4.0,24.15,26.53,28.761999999999997,35.907,186.47099999999998,183.71200000000002,65.2,55.1,30.6,100.2,64.2,86.7,93.2,86.0,93.0,89.7,92.7,20.011,5,5,5,42.09
7.41,4.0,24.52,26.223000000000003,28.795,34.736999999999995,186.199,183.49,65.2,55.1,30.6,100.2,64.2,86.7,93.2,86.0,93.0,89.7,92.7,20.119,5,5,5,42.001999999999995
7.43,4.0,23.972,26.756999999999998,28.715,34.667,185.97299999999998,183.25799999999998,65.2,55.1,30.6,100.2,64.2,86.7,93.2,86.0,93.0,89.7,92.7,20.445999999999998,5,5,5,41.956999999999994
7.45,4.0,24.274,26.676,28.971999999999998,31.916999999999998,185.667,183.037,65.2,55.1,30.6,100.2,64.2,86.7,93.2,86.0,93.0,89.7,92.7,20.302999999999997,5,5,5,41.956999999999994
7.47,4.0,23.785,26.381999999999998,28.798000000000002,33.077,185.38400000000001,182.838,65.2,55.1,30.6,100.2,64.2,86.7,93.2,86.0,93.0,89.7,92.7,20.299,5,5,5,41.991
7.49,4.0,24.019000000000002,26.604,28.886999999999997,30.506999999999998,185.146,182.595,65.2,55.1,30.6,100.2,64.2,86.7,93.2,86.0,93.0,89.7,92.7,20.119,5,5,5,42.009
7.51,4.0,23.647000000000002,26.537,28.741,31.055999999999997,184.92,182.407,65.2,55.1,30.6,100.2,64.2,86.7,93.2,86.0,93.0,89.7,92.7,20.084000000000003,5,5,5,42.077
7.53,4.0,23.442999999999998,27.101999999999997,29.046999999999997,30.006,184.671,182.208,65.2,55.1,30.6,100.2,64.2,86.7,93.2,86.0,93.0,89.7,92.7,19.824,5,5,5,42.088
7.55,4.0,23.834,26.588,28.865,33.616,184.445,181.998,65.2,55.1,30.6,100.2,64.2,86.7,93.2,85.975,93.0,89.7,92.7,19.927,5,5,5,42.13
7.57,4.0,23.519000000000002,26.445999999999998,28.824,32.778999999999996,184.185,181.766,65.2,55.1,30.6,100.2,64.2,86.7,93.2,85.898,93.0,89.7,92.7,20.023,5,5,5,42.036
7.59,4.0,23.578,26.249000000000002,28.761999999999997,35.676,183.947,181.55700000000002,65.2,55.1,30.6,100.2,64.2,86.7,93.2,85.855,93.0,89.7,92.7,20.122999999999998,5,5,5,41.916
7.61,4.0,23.646,26.498,28.783,37.226,183.732,181.33599999999998,65.2,55.1,30.6,100.2,64.2,86.7,93.2,85.831,93.0,89.7,92.7,20.14,5,5,5,41.751
7.63,4.0,23.227999999999998,26.565,28.894000000000002,39.236999999999995,183.495,181.148,65.2,55.1,30.6,100.2,64.2,86.7,93.2,85.818,93.0,89.7,92.7,20.289,5,5,5,41.54
7.65,4.0,23.868,26.704,29.037,41.007,183.269,180.972,65.2,55.1,30.6,100.2,64.2,86.7,93.2,85.81,93.0,89.7,92.7,19.997,5,5,5,41.368
7.67,4.0,23.187,26.715999999999998,29.059,42.833,183.054,180.75099999999998,65.2,55.1,30.6,100.2,64.2,86.7,93.2,85.806,93.0,89.7,92.7,20.152,5,5,5,41.168000000000006
7.69,4.0,23.549,26.715999999999998,29.283,44.384,182.828,180.63,65.2,55.1,30.6,100.2,64.2,86.7,93.2,85.803,93.0,89.7,92.7,20.014000000000003,5,5,5,40.938
7.71,4.0,23.317,26.776999999999997,29.566999999999997,45.919000000000004,182.55700000000002,180.46400000000003,65.2,55.1,30.6,100.2,64.2,86.7,93.2,85.80199999999999,93.0,89.7,92.7,20.006999999999998,5,5,5,40.749
7.73,4.0,23.53,27.593000000000004,30.184,48.218,182.41,180.332,65.2,55.1,30.6,100.2,64.2,86.7,93.2,85.801,93.0,89.7,92.7,20.125,5,5,5,40.563
7.75,4.0,23.176,27.662,30.375999999999998,49.651,182.218,180.2,65.2,55.1,30.6,100.2,64.2,86.7,93.2,85.801,93.0,89.7,92.7,20.156,5,5,5,40.372
7.77,4.0,23.767,28.74,31.226,50.821000000000005,182.037,180.08900000000003,65.2,55.1,30.6,100.2,64.2,86.7,93.2,85.8,93.0,89.7,92.7,19.938,5,5,5,40.135000000000005
7.79,4.0,24.147000000000002,28.71,31.605,51.422,181.856,180.00099999999998,65.2,55.1,30.6,100.2,64.2,86.7,93.2,85.8,93.0,89.7,92.7,20.177,5,5,5,39.923
7.81,4.0,24.261,29.403000000000002,32.498000000000005,52.091,181.687,179.924,65.2,55.1,30.6,100.2,64.2,86.7,93.2,85.8,93.0,89.7,92.7,20.015,5,5,5,39.708
7.83,4.0,24.787,30.15,32.911,53.147,181.517,179.825,65.2,55.1,30.6,100.2,64.2,86.7,93.2,85.8,93.0,89.7,92.7,20.359,5,5,5,39.468
7.85,4.0,25.66,30.897,34.179,53.43899999999999,181.393,179.75900000000001,65.2,55.1,30.6,100.2,64.2,86.7,93.2,85.8,93.0,89.7,92.7,19.994999999999997,5,5,5,39.278000000000006
7.87,4.0,25.736,31.72,35.18300000000001,53.711000000000006,181.24599999999998,179.671,65.2,55.1,30.6,100.2,64.2,86.7,93.2,85.8,93.0,89.7,92.7,20.145,5,5,5,39.114000000000004
7.89,4.0,26.936999999999998,32.596000000000004,36.302,53.696999999999996,181.144,179.59400000000002,65.2,55.1,30.6,100.2,64.2,86.7,93.2,85.8,93.0,89.7,92.7,20.151,5,5,5,38.948
7.91,4.0,27.743000000000002,33.475,37.126,54.896,181.043,179.53799999999998,65.2,55.1,30.6,100.2,64.2,86.7,93.2,85.8,93.0,89.7,92.7,20.252000000000002,5,5,5,38.78
7.93,4.0,28.355999999999998,35.236999999999995,38.056999999999995,55.381,180.919,179.483,65.2,55.1,30.6,100.2,64.2,86.7,93.2,85.8,93.0,89.7,92.7,19.789,5,5,5,38.647
7.95,4.0,29.12,35.223,39.092,56.423,180.794,179.43900000000002,65.2,55.1,30.6,100.2,64.2,86.7,93.2,85.8,93.0,89.7,92.7,19.976,5,5,5,38.486999999999995
7.97,4.0,29.738000000000003,36.759,40.203,56.869,180.69299999999998,179.362,65.2,55.1,30.6,100.2,64.2,86.7,93.2,85.8,93.0,89.7,92.7,20.042,5,5,5,38.368
7.99,4.0,30.872,37.559,41.001,57.471000000000004,180.59099999999998,179.30700000000002,65.2,55.1,30.6,100.2,64.2,86.7,93.2,85.8,93.0,89.7,92.7,19.955,5,5,5,38.259
8.01,4.0,31.873,38.364000000000004,41.769,51.608999999999995,180.47799999999998,179.23,65.2,55.1,30.6,100.2,64.2,86.7,93.2,85.8,93.0,89.7,92.7,20.592,5,5,5,38.184
8.03,4.0,32.81699999999999,39.051,42.358000000000004,54.832,180.331,179.065,65.2,55.1,30.6,100.2,64.2,86.7,93.2,85.8,93.0,89.7,92.7,20.805999999999997,5,5,5,38.219
8.05,4.0,33.568,39.913000000000004,43.368,52.136,180.207,179.043,65.2,55.1,30.6,100.2,64.2,86.7,93.2,85.8,93.0,89.7,92.7,20.104,5,5,5,38.234
8.07,4.0,34.454,41.076,43.672,54.63,180.09400000000002,178.921,65.2,55.1,30.6,100.2,64.2,86.7,93.2,85.8,93.0,89.7,92.7,20.137,5,5,5,38.236999999999995
8.09,4.0,35.024,41.049,44.279,52.45,179.93599999999998,178.767,65.2,55.1,30.6,100.2,64.2,86.7,93.2,85.8,93.0,89.7,92.7,20.171,5,5,5,38.199
8.11,4.0,35.499,41.493,44.593,55.159,179.812,178.668,65.2,55.1,30.6,100.2,64.2,86.7,93.2,85.8,93.0,89.7,92.7,20.212,5,5,5,38.182
8.13,4.0,36.403000000000006,41.788000000000004,44.918,52.88,179.65400000000002,178.481,65.2,55.1,30.6,100.2,64.2,86.7,93.2,85.8,93.0,89.7,92.7,20.125999999999998,5,5,5,38.141999999999996
8.15,4.0,36.709,41.917,45.321999999999996,54.111000000000004,179.49599999999998,178.305,65.2,55.1,30.6,100.2,64.2,86.7,93.2,85.8,93.0,89.7,92.7,20.331,5,5,5,38.124
8.17,4.0,37.047,42.264,45.711999999999996,53.04,179.326,178.14,65.2,55.1,30.6,100.2,64.2,86.7,93.2,85.8,93.0,89.7,92.7,20.089,5,5,5,38.096999999999994
8.19,4.0,37.769,42.661,45.867,53.201,179.13400000000001,177.996,65.2,55.1,30.6,100.2,64.2,86.7,93.2,85.8,93.0,89.7,92.7,20.061,5,5,5,38.098
8.21,4.0,37.74,43.123000000000005,46.119,52.98,178.988,177.787,65.2,55.1,30.6,100.2,64.2,86.7,93.2,85.8,93.0,89.7,92.7,19.98,5,5,5,38.093
8.23,4.0,38.174,43.499,46.198,49.748000000000005,178.80700000000002,177.644,65.2,55.1,30.6,100.2,64.2,86.7,93.2,85.8,93.0,89.7,92.7,19.96,5,5,5,38.094
8.25,4.0,38.828,43.783,46.553999999999995,48.85,178.615,177.435,65.2,55.1,30.6,100.2,64.2,86.65,93.2,85.8,93.0,89.7,92.7,19.982,5,5,5,38.21
8.27,4.0,38.755,43.398,46.681999999999995,49.085,178.446,177.237,65.2,55.1,30.6,100.2,64.2,86.584,93.2,85.8,93.0,89.7,92.7,20.1,5,5,5,38.301
8.29,4.0,39.287,43.512,46.61,47.838,178.276,177.072,65.2,55.1,30.6,100.2,64.2,86.547,93.2,85.8,93.0,89.7,92.7,19.817,5,5,5,38.311
8.31,4.0,39.353,43.454,46.701,47.772,178.118,176.929,65.2,55.1,30.6,100.2,64.2,86.527,93.2,85.8,93.0,89.7,92.7,20.189999999999998,5,5,5,38.337
8.33,4.0,39.45,43.672,46.646,49.056999999999995,177.938,176.731,65.2,55.1,30.6,100.2,64.2,86.515,93.2,85.8,93.0,89.7,92.7,20.262,5,5,5,38.338
8.35,4.0,40.126999999999995,43.583,46.8,47.838,177.72299999999998,176.54399999999998,65.2,55.1,30.6,100.2,64.2,86.508,93.2,85.8,93.0,89.7,92.7,20.296,5,5,5,38.342
8.37,4.0,39.783,44.302,46.901,49.144,177.52,176.32399999999998,65.2,55.1,30.6,100.2,64.2,86.505,93.2,85.8,93.0,89.7,92.7,19.587,5,5,5,38.342
8.39,4.0,40.257,43.639,46.619,48.431000000000004,177.362,176.148,65.2,55.1,30.6,100.2,64.2,86.503,93.2,85.8,93.0,89.7,92.7,19.467,5,5,5,38.343
8.41,4.0,40.888000000000005,43.933,46.693999999999996,48.773999999999994,177.14700000000002,175.961,65.2,55.1,30.6,100.2,64.2,86.501,93.2,85.8,93.0,89.7,92.7,19.329,5,5,5,38.34
8.43,4.0,40.243,43.751,46.788000000000004,48.361999999999995,176.97799999999998,175.774,65.2,55.1,30.6,100.2,64.2,86.501,93.2,85.8,93.0,89.7,92.7,19.186,5,5,5,38.339
8.45,4.0,40.461,44.2,46.788000000000004,46.66,176.797,175.576,65.2,55.1,30.6,100.2,64.2,86.5,93.2,85.8,93.0,89.7,92.7,19.35,5,5,5,38.337
8.47,4.0,40.747,43.949,46.64,48.312,176.582,175.433,65.2,55.1,30.6,100.2,64.2,86.5,93.2,85.8,93.0,89.7,92.7,19.369999999999997,5,5,5,38.336
8.49,4.0,40.919000000000004,43.955999999999996,46.792,46.8,176.424,175.246,65.2,55.1,30.6,100.2,64.2,86.5,93.2,85.8,93.0,89.7,92.7,19.34,5,5,5,38.343
8.51,4.0,40.885,43.975,46.718999999999994,48.967,176.221,175.048,65.2,55.1,30.6,100.2,64.2,86.5,93.2,85.8,93.0,89.7,92.7,19.503,5,5,5,38.344
8.53,4.0,41.37,44.507,46.683,48.879,176.006,174.873,65.2,55.1,30.6,100.2,64.2,86.5,93.2,85.8,93.0,89.7,92.7,19.581,5,5,5,38.342
8.55,4.0,40.695,44.034,46.668,49.961999999999996,175.859,174.708,65.2,55.1,30.6,100.2,64.2,86.5,93.2,85.8,93.0,89.7,92.7,19.68,5,5,5,38.335
8.57,4.0,41.483000000000004,44.328,46.632,49.784,175.645,174.499,65.2,55.1,30.6,100.2,64.2,86.5,93.2,85.8,93.0,89.7,92.7,19.52,5,5,5,38.305
8.59,4.0,40.746,44.117,46.763000000000005,49.43600000000001,175.453,174.30100000000002,65.2,55.1,30.6,100.2,64.2,86.5,93.2,85.8,93.0,89.7,92.7,19.659,5,5,5,38.284000000000006
8.61,4.0,41.107,44.317,46.698,49.523999999999994,175.283,174.114,65.2,55.1,30.6,100.2,64.2,86.5,93.2,85.8,93.0,89.7,92.7,19.369999999999997,5,5,5,38.282
8.63,4.0,41.029,44.088,46.736999999999995,49.132,175.091,173.92700000000002,65.2,55.1,30.6,100.2,64.2,86.5,93.2,85.8,93.0,89.7,92.7,19.188,5,5,5,38.284000000000006
8.65,4.0,41.455999999999996,43.926,46.896,50.105,174.899,173.751,65.2,55.1,30.6,100.2,64.2,86.5,93.2,85.8,93.0,89.7,92.7,19.337,5,5,5,38.284000000000006
8.67,4.0,41.457,44.205999999999996,46.715,49.548,174.73,173.597,65.2,55.1,30.6,100.2,64.2,86.5,93.2,85.8,93.0,89.7,92.7,19.456,5,5,5,38.259
8.69,4.0,41.353,44.187,46.858000000000004,50.363,174.537,173.4,65.2,55.1,30.6,100.2,64.2,86.5,93.2,85.8,93.0,89.7,92.7,19.679000000000002,5,5,5,38.254999999999995
8.71,4.0,41.184,43.966,46.593999999999994,46.868,174.368,173.246,65.2,55.1,30.6,100.2,64.2,86.5,93.2,85.8,93.0,89.7,92.7,19.127000000000002,5,5,5,38.244
8.73,4.0,41.458,44.150999999999996,46.766999999999996,44.666,174.164,173.037,65.2,55.1,30.6,100.2,64.2,86.5,93.2,85.8,93.0,89.7,92.7,19.546,5,5,5,38.284000000000006
8.75,4.0,41.448,44.268,46.84,44.478,173.94899999999998,172.839,65.2,55.1,30.6,100.2,64.2,86.5,93.2,85.8,93.0,89.7,92.7,19.343,5,5,5,38.477
8.77,4.0,41.671,44.26,46.85,41.562,173.78,172.66299999999998,65.2,55.1,30.6,100.2,64.2,86.5,93.2,85.8,93.0,89.7,92.7,19.237000000000002,5,5,5,38.635000000000005
8.79,4.0,41.398,44.474000000000004,46.618,40.993,173.588,172.487,65.2,55.1,30.6,100.2,64.2,86.5,93.2,85.8,93.0,89.7,92.7,19.312,5,5,5,38.81
8.81,4.0,42.076,44.578,46.592,39.147,173.441,172.32299999999998,65.2,55.1,30.6,100.2,64.2,86.5,93.2,85.8,93.0,89.7,92.7,19.396,5,5,5,38.96
8.83,4.0,41.486,44.167,46.542,37.154,173.214,172.114,65.2,55.1,30.6,100.2,64.2,86.5,93.2,85.8,93.0,89.7,92.7,19.277,5,5,5,39.123000000000005
8.85,4.0,41.461,44.423,46.368,36.118,173.067,171.94899999999998,65.2,55.1,30.6,100.2,64.2,86.5,93.2,85.8,93.0,89.7,92.7,19.255000000000003,5,5,5,39.281
8.87,4.0,41.473,43.699,45.914,38.552,172.852,171.751,65.2,55.1,30.6,100.2,64.2,86.5,93.2,85.8,93.0,89.7,92.7,19.002000000000002,5,5,5,39.437
8.89,4.0,41.125,43.966,45.809,38.148,172.694,171.575,65.2,55.1,30.6,100.2,64.2,86.5,93.2,85.8,93.0,89.7,92.7,19.093,5,5,5,39.492
8.91,4.0,41.048,43.419000000000004,45.269,35.585,172.501,171.41,65.2,55.1,30.6,100.2,64.2,86.5,93.2,85.8,93.0,89.7,92.7,19.055,5,5,5,39.465999999999994
8.93,4.0,41.417,43.444,45.296,34.04,172.32,171.158,65.2,55.1,30.6,100.2,64.2,86.5,93.2,85.8,93.0,89.7,92.7,19.172,5,5,5,39.521
8.95,4.0,41.08,43.181999999999995,44.972,33.518,172.128,171.048,65.2,55.1,30.6,100.2,64.2,86.5,93.2,85.8,93.0,89.7,92.7,19.244,5,5,5,39.713
8.97,4.0,41.064,43.082,44.792,36.402,171.879,170.773,65.2,55.1,30.6,100.2,64.2,86.5,93.2,85.8,93.0,89.7,92.7,19.094,5,5,5,39.891999999999996
8.99,4.0,41.061,42.654,44.679,35.749,171.754,170.641,65.2,55.1,30.6,100.2,64.2,86.5,93.2,85.8,93.0,89.7,92.7,19.154000000000003,5,5,5,39.941
9.01,4.0,40.742,42.494,44.321,36.138000000000005,171.55,170.476,65.1,55.0,30.6,99.9,64.0,86.5,93.2,85.8,93.0,89.7,92.7,19.256,5,5,5,39.897
9.03,4.0,40.986,42.317,44.251,36.673,171.392,170.322,65.1,55.0,30.6,99.9,64.0,86.5,93.2,85.8,93.0,89.7,92.7,19.282,5,5,5,39.774
9.05,4.0,40.667,42.26,43.941,38.982,171.19899999999998,170.124,65.1,55.0,30.6,99.9,64.0,86.5,93.2,85.8,93.0,89.7,92.7,19.228,5,5,5,39.730000000000004
9.07,4.0,40.454,41.905,43.689,38.309,170.995,169.937,65.1,55.0,30.6,99.9,64.0,86.5,93.2,85.8,93.0,89.7,92.7,19.104,5,5,5,39.629999999999995
9.09,4.0,40.317,42.208,43.37,41.105,170.779,169.77200000000002,65.1,55.0,30.6,99.9,64.0,86.5,93.2,85.8,93.0,89.7,92.7,19.2,5,5,5,39.541
9.11,4.0,40.556999999999995,41.85,43.1,34.971999999999994,170.655,169.607,65.1,55.0,30.6,99.9,64.0,86.5,93.2,85.8,93.0,89.7,92.7,19.038,5,5,5,39.458
9.13,4.0,40.725,41.676,43.246,41.486,170.439,169.42,65.1,55.0,30.6,99.9,64.0,86.5,93.2,85.8,93.0,89.7,92.7,19.062,5,5,5,39.587
9.15,4.0,40.095,41.399,42.942,38.098,170.25799999999998,169.27700000000002,65.1,55.0,30.6,99.9,64.0,86.5,93.2,85.8,93.0,89.7,92.7,19.308,5,5,5,39.588
9.17,4.0,39.864000000000004,41.461999999999996,42.973,42.205999999999996,170.076,169.112,65.1,55.0,30.6,99.9,64.0,86.5,93.2,85.8,93.0,89.7,92.7,19.109,5,5,5,39.493
9.19,4.0,39.968,41.229,42.732,40.74,169.88299999999998,168.925,65.1,55.0,30.6,99.9,64.0,86.5,93.2,85.8,93.0,89.7,92.7,19.171,5,5,5,39.354
9.21,4.0,39.7,41.283,42.838,43.363,169.736,168.804,65.1,55.0,30.6,99.9,64.0,86.5,93.2,85.8,93.0,89.7,92.7,19.256,5,5,5,39.273
9.23,4.0,39.865,41.409,42.425,43.562,169.52,168.61700000000002,65.1,55.0,30.6,99.9,64.0,86.5,93.2,85.8,93.0,89.7,92.7,19.085,5,5,5,39.149
9.25,4.0,39.580999999999996,40.911,42.580999999999996,45.417,169.361,168.441,65.1,55.0,30.6,99.9,64.0,86.5,93.2,85.8,93.0,89.7,92.7,19.234,5,5,5,39.023
9.27,4.0,39.285,41.144,42.536,45.801,169.179,168.32,65.1,55.0,30.6,99.9,64.0,86.5,93.2,85.8,93.0,89.7,92.7,19.168,5,5,5,38.931
9.29,4.0,39.5,41.335,42.486999999999995,47.328,169.02,168.13299999999998,65.1,55.0,30.6,99.9,64.0,86.5,93.2,85.8,93.0,89.7,92.7,19.094,5,5,5,38.793000000000006
9.31,4.0,39.463,41.334,42.691,48.172,168.85,168.023,65.1,55.0,30.6,99.9,64.0,86.5,93.2,85.8,93.0,89.7,92.7,19.231,5,5,5,38.675
9.33,4.0,39.209,41.08,42.811,48.943000000000005,168.645,167.858,65.1,55.0,30.6,99.9,64.0,86.5,93.2,85.8,93.0,89.7,92.7,19.169,5,5,5,38.532
9.35,4.0,39.353,40.793,42.708,49.879,168.509,167.748,65.1,55.0,30.6,99.9,64.0,86.5,93.2,85.8,93.0,89.7,92.7,19.158,5,5,5,38.438
9.37,4.0,39.633,40.952,42.894,50.865,168.338,167.594,65.1,55.0,30.6,99.9,64.0,86.5,93.2,85.8,93.0,89.7,92.7,20.288,5,5,5,38.306
9.39,4.0,39.269,40.569,43.166,51.292,168.145,167.451,65.1,55.0,30.6,99.9,64.0,86.5,93.2,85.8,93.0,89.7,92.7,20.157,5,5,5,38.236000000000004
9.41,4.0,38.57,41.157,43.503,52.02,167.96200000000002,167.263,65.1,55.0,30.6,99.9,64.0,86.5,93.2,85.8,93.0,89.7,92.7,20.203,5,5,5,38.129000000000005
9.43,4.0,38.905,41.104,43.408,52.437,167.814,167.175,65.1,55.0,30.6,99.9,64.0,86.5,93.2,85.8,93.0,89.7,92.7,20.119,5,5,5,38.068
9.45,4.0,38.832,41.565,43.749,53.269,167.666,167.032,65.1,55.0,30.6,99.9,64.0,86.5,93.2,85.8,93.0,89.7,92.7,20.198,5,5,5,37.973
9.47,4.0,39.128,41.168,44.029,53.909,167.496,166.889,65.1,55.0,30.6,99.9,64.0,86.5,93.2,85.8,93.0,89.7,92.7,20.095999999999997,5,5,5,37.906
9.49,4.0,38.617,41.591,44.114000000000004,54.293,167.336,166.746,65.1,55.0,30.6,99.9,64.0,86.5,93.2,85.8,93.0,89.7,92.7,20.223,5,5,5,37.839
9.51,4.0,38.762,42.006,44.404,54.222,167.154,166.58,65.1,55.0,30.6,99.9,64.0,86.5,93.2,85.8,93.0,89.7,92.7,20.244,5,5,5,37.783
9.53,4.0,38.539,42.071999999999996,44.803000000000004,48.876000000000005,167.04,166.437,65.1,55.0,30.6,99.9,64.0,86.5,93.2,85.8,93.0,89.7,92.7,19.982999999999997,5,5,5,37.724000000000004
9.55,4.0,38.861,41.986999999999995,44.981,49.391000000000005,166.892,166.316,65.1,55.0,30.6,99.9,64.0,86.5,93.2,85.8,93.0,89.7,92.7,20.215,5,5,5,37.870000000000005
9.57,4.0,38.695,42.079,45.215,49.093999999999994,166.675,166.11700000000002,65.1,55.0,30.6,99.9,64.0,86.5,93.2,85.8,93.0,89.7,92.7,20.162,5,5,5,38.015
9.59,4.0,38.726,43.085,45.245,47.724,166.549,166.007,65.1,55.0,30.6,99.9,64.0,86.5,93.2,85.8,93.0,89.7,92.7,19.985999999999997,5,5,5,38.063
9.61,4.0,39.067,42.683,45.515,48.623000000000005,166.424,165.875,65.1,55.0,30.6,99.9,64.0,86.5,93.2,85.8,93.0,89.7,92.7,19.970999999999997,5,5,5,38.066
9.63,4.0,38.782,42.457,45.562,47.458999999999996,166.276,165.709,65.1,55.0,30.6,99.9,64.0,86.5,93.2,85.8,93.0,89.7,92.7,20.037,5,5,5,38.051
9.65,4.0,39.084,42.967,45.575,48.663000000000004,166.127,165.566,65.1,55.0,30.6,99.9,64.0,86.5,93.2,85.8,93.0,89.7,92.7,20.009999999999998,5,5,5,38.031
9.67,4.0,39.245,43.209,45.496,48.202,165.99,165.445,65.1,55.0,30.6,99.9,64.0,86.5,93.2,85.8,93.0,89.7,92.7,19.956,5,5,5,38.042
9.69,4.0,38.522,43.094,45.658,49.206,165.842,165.268,65.1,55.0,30.6,99.9,64.0,86.5,93.2,85.8,93.0,89.7,92.7,20.107,5,5,5,38.041
9.71,4.0,39.153,42.62,45.629,49.465,165.659,165.136,65.1,55.0,30.6,99.9,64.0,86.5,93.2,85.8,93.0,89.7,92.7,20.032,5,5,5,38.028999999999996
9.73,4.0,38.773,43.01,45.628,49.515,165.52200000000002,164.915,65.1,55.0,30.6,99.9,64.0,86.5,93.2,85.8,93.0,89.7,92.7,20.134,5,5,5,38.001999999999995
9.75,4.0,39.189,43.285,45.553000000000004,49.942,165.362,164.783,65.1,55.0,30.6,99.9,64.0,86.5,93.2,85.8,93.0,89.7,92.7,20.075,5,5,5,37.998000000000005
9.77,4.0,39.323,43.286,45.794000000000004,49.398999999999994,165.201,164.639,65.1,55.0,30.6,99.9,64.0,86.5,93.2,85.8,93.0,89.7,92.7,19.942999999999998,5,5,5,37.985
9.79,4.0,38.958,42.739000000000004,45.726,49.583999999999996,165.076,164.484,65.1,55.0,30.6,99.9,64.0,86.5,93.2,85.8,93.0,89.7,92.7,20.03,5,5,5,37.982
9.81,4.0,38.621,43.205999999999996,45.903,49.632,164.95,164.33,65.1,55.0,30.6,99.9,64.0,86.5,93.2,85.8,93.0,89.7,92.7,20.102,5,5,5,37.974000000000004
9.83,4.0,39.347,43.461,46.001999999999995,49.71,164.744,164.219,65.1,55.0,30.6,99.9,64.0,86.5,93.2,85.8,93.0,89.7,92.7,20.074,5,5,5,37.97
9.85,4.0,39.559,43.324,45.828,49.691,164.595,164.009,65.1,55.0,30.6,99.9,64.0,86.5,93.2,85.8,93.0,89.7,92.7,19.981,5,5,5,37.954
9.87,4.0,38.830999999999996,43.301,45.841,47.08,164.457,163.81,65.1,55.0,30.6,99.9,64.0,86.5,93.2,85.8,93.0,89.7,92.7,20.125999999999998,5,5,5,37.94199999999999
9.89,4.0,39.385,43.573,46.086000000000006,49.981,164.297,163.7,65.1,55.0,30.6,99.9,64.0,86.5,93.2,85.8,93.0,89.7,92.7,19.8,5,5,5,37.964
9.91,4.0,39.260999999999996,43.736,45.900999999999996,48.283,164.148,163.545,65.1,55.0,30.6,99.9,64.0,86.5,93.2,85.8,93.0,89.7,92.7,20.246,5,5,5,37.968
9.93,4.0,39.585,43.786,46.126999999999995,49.565,164.033,163.401,65.1,55.0,30.6,99.9,64.0,86.5,93.2,85.8,93.0,89.7,92.7,20.222,5,5,5,37.964
9.95,4.0,39.126999999999995,43.385,46.022,49.244,163.873,163.28,65.1,55.0,30.6,99.9,64.0,86.5,93.2,85.8,93.0,89.7,92.7,20.09,5,5,5,37.958
9.97,4.0,39.533,44.059,46.148999999999994,48.293,163.7,163.136,65.1,55.0,30.6,99.9,64.0,86.5,93.2,85.8,93.0,89.7,92.7,20.184,5,5,5,37.96
9.99,4.0,39.213,43.775999999999996,46.33,49.284,163.563,162.937,65.1,55.0,30.6,99.9,64.0,86.5,93.2,85.8,93.0,89.7,92.7,20.029000000000003,5,5,5,37.952
10.01,4.0,39.44,44.113,46.3,47.755,163.425,162.826,65.1,55.0,30.6,99.9,64.0,86.5,93.2,85.8,93.0,89.7,92.7,20.083,5,5,5,37.956999999999994
10.03,4.0,39.849000000000004,43.755,46.09,48.727,163.287,162.69299999999998,65.1,55.0,30.6,99.9,64.0,86.5,93.2,85.8,93.0,89.7,92.7,20.185000000000002,5,5,5,37.964
10.05,4.0,39.473,44.015,46.236999999999995,48.885,163.161,162.583,65.1,55.0,30.6,99.9,64.0,86.5,93.2,85.8,93.0,89.7,92.7,19.959000000000003,5,5,5,37.954
10.07,4.0,39.238,44.091,46.238,49.091,162.977,162.394,65.1,55.0,30.6,99.9,64.0,86.5,93.2,85.8,93.0,89.7,92.7,20.192999999999998,5,5,5,37.944
10.09,4.0,39.506,43.876,46.208,49.89,162.85,162.239,65.1,55.0,30.6,99.9,64.0,86.5,93.2,85.8,93.0,89.7,92.7,20.137999999999998,5,5,5,37.93
10.11,4.0,39.137,44.092,46.338,49.25899999999999,162.666,162.07299999999998,65.1,55.0,30.6,99.9,64.0,86.5,93.2,85.8,93.0,89.7,92.7,20.304000000000002,5,5,5,37.918000000000006
10.13,4.0,39.412,44.093,46.261,49.69,162.517,161.918,65.1,55.0,30.6,99.9,64.0,86.5,93.2,85.8,93.0,89.7,92.7,20.08,5,5,5,37.913
10.15,4.0,39.446,43.966,46.318000000000005,49.166000000000004,162.401,161.785,65.1,55.0,30.6,99.9,64.0,86.5,93.2,85.8,93.0,89.7,92.7,20.051,5,5,5,37.909000000000006
10.17,4.0,39.568000000000005,43.823,46.185,49.236999999999995,162.22899999999998,161.618,65.1,55.0,30.6,99.9,64.0,86.5,93.2,85.8,93.0,89.7,92.7,20.085,5,5,5,37.909000000000006
10.19,4.0,39.478,44.004,46.446000000000005,49.232,162.09,161.485,65.1,55.0,30.6,99.9,64.0,86.5,93.2,85.8,93.0,89.7,92.7,20.03,5,5,5,37.899
10.21,4.0,39.493,44.108000000000004,46.271,49.108000000000004,161.952,161.352,65.1,55.0,30.6,99.9,64.0,86.5,93.2,85.8,93.0,89.7,92.7,20.226,5,5,5,37.897
10.23,4.0,39.186,43.844,46.488,49.548,161.80200000000002,161.197,65.1,55.0,30.6,99.9,64.0,86.5,93.2,85.8,93.0,89.7,92.7,20.184,5,5,5,37.893
10.25,4.0,39.311,44.122,46.375,49.455,161.664,161.097,65.1,55.0,30.6,99.9,64.0,86.5,93.2,85.8,93.0,89.7,92.7,20.093,5,5,5,37.898
10.27,4.0,39.667,44.474000000000004,46.238,49.581,161.502,160.91899999999998,65.1,55.0,30.6,99.9,64.0,86.5,93.2,85.8,93.0,89.725,92.7,20.2,5,5,5,37.898
10.29,4.0,39.7,43.766999999999996,46.305,49.501000000000005,161.352,160.753,65.1,55.0,30.6,99.9,64.0,86.5,93.2,85.8,93.0,89.758,92.7,20.118000000000002,5,5,5,37.899
10.31,4.0,39.552,43.784,46.342,49.45399999999999,161.19,160.631,65.1,55.0,30.6,99.9,64.0,86.5,93.2,85.8,93.0,89.77600000000001,92.7,20.067,5,5,5,37.898
10.33,4.0,39.584,44.249,46.125,49.425,161.086,160.486,65.1,55.0,30.6,99.9,64.0,86.5,93.2,85.8,93.0,89.78699999999999,92.7,20.115000000000002,5,5,5,37.893
10.35,4.0,39.494,43.885999999999996,46.281000000000006,49.4,160.924,160.35299999999998,65.1,55.0,30.6,99.9,64.0,86.5,93.2,85.8,93.0,89.792,92.7,19.887,5,5,5,37.874
10.37,4.0,39.589,44.215,46.489,49.744,160.774,160.24200000000002,65.1,55.0,30.6,99.9,64.0,86.5,93.2,85.8,93.0,89.796,92.7,20.008,5,5,5,37.876
10.39,4.0,40.016,44.227,46.342,49.495,160.635,160.086,65.1,55.0,30.6,99.9,64.0,86.5,93.2,85.8,93.0,89.798,92.7,20.002000000000002,5,5,5,37.872
10.41,4.0,39.926,44.26,46.268,49.458,160.485,159.975,65.1,55.0,30.6,99.9,64.0,86.5,93.2,85.8,93.0,89.79899999999999,92.7,19.771,5,5,5,37.869
10.43,4.0,39.847,43.931999999999995,46.36600000000001,48.305,160.415,159.808,65.1,55.0,30.6,99.9,64.0,86.5,93.2,85.8,93.0,89.79899999999999,92.7,19.895,5,5,5,37.873000000000005
10.45,4.0,39.622,44.093,46.41,44.029,160.207,159.674,65.1,55.0,30.6,99.9,64.0,86.5,93.2,85.8,93.0,89.8,92.7,20.171,5,5,5,37.878
10.47,4.0,39.829,43.816,46.358000000000004,48.542,160.033,159.451,65.1,55.0,30.6,99.9,64.0,86.5,93.2,85.8,93.0,89.8,92.7,20.14,5,5,5,38.051
10.49,4.0,39.650999999999996,44.333,46.33,42.798,159.917,159.362,65.1,55.0,30.6,99.9,64.0,86.5,93.2,85.8,93.0,89.8,92.7,19.904000000000003,5,5,5,38.052
10.51,4.0,39.661,43.861999999999995,46.282,45.703,159.789,159.22899999999998,65.1,55.0,30.6,99.9,64.0,86.5,93.2,85.8,93.0,89.8,92.7,20.185000000000002,5,5,5,38.049
10.53,4.0,39.691,44.006,46.196000000000005,44.614000000000004,159.65,159.128,65.1,55.0,30.6,99.9,64.0,86.5,93.2,85.8,93.0,89.8,92.7,20.103,5,5,5,38.05
10.55,4.0,39.532,44.051,46.036,45.523,159.499,158.95,65.1,55.0,30.6,99.9,64.0,86.5,93.2,85.8,93.025,89.8,92.7,20.122,5,5,5,38.053
10.57,4.0,39.288000000000004,43.854,46.238,46.699,159.34799999999998,158.827,65.1,55.0,30.6,99.9,64.0,86.5,93.2,85.8,93.102,89.8,92.7,20.047,5,5,5,38.054
10.59,4.0,39.522,44.455999999999996,46.01,46.195,159.255,158.727,65.1,55.0,30.6,99.9,64.0,86.5,93.2,85.8,93.145,89.8,92.7,20.129,5,5,5,38.059
10.61,4.0,39.679,43.611,46.353,47.132,159.116,158.60399999999998,65.1,55.0,30.6,99.9,64.0,86.5,93.25,85.8,93.169,89.8,92.7,20.027,5,5,5,38.05800000000001
10.63,4.0,39.835,44.17,46.011,46.629,158.953,158.437,65.1,55.0,30.6,99.9,64.0,86.5,93.316,85.869,93.182,89.8,92.7,20.087,5,5,5,38.072
10.65,4.0,39.595,43.866,45.77,47.676,158.79,158.314,65.1,55.0,30.6,99.9,64.0,86.5,93.35300000000001,85.926,93.19,89.8,92.7,20.095999999999997,5,5,5,38.069
10.67,4.0,39.505,43.996,46.021,47.103,158.639,158.158,65.1,55.0,30.6,99.9,64.0,86.5,93.373,85.958,93.194,89.8,92.7,20.283,5,5,5,38.023
10.69,4.0,39.438,44.023,45.967,47.888000000000005,158.51,158.079,65.1,55.0,30.6,99.9,64.0,86.5,93.385,85.977,93.197,89.8,92.7,20.122,5,5,5,37.994
10.71,4.0,39.749,43.984,46.007,48.032,158.359,157.901,65.1,55.0,30.6,99.9,64.0,86.5,93.392,85.987,93.19800000000001,89.8,92.7,20.081,5,5,5,37.969
10.73,4.0,39.669000000000004,43.98,45.725,48.73,158.24200000000002,157.778,65.1,55.0,30.6,99.9,64.0,86.5,93.395,85.993,93.199,89.8,92.7,20.110999999999997,5,5,5,37.954
10.75,4.0,39.543,43.8,45.736,48.909,158.067,157.632,65.1,55.0,30.6,99.9,64.0,86.5,93.39699999999999,85.99600000000001,93.199,89.8,92.7,20.201,5,5,5,37.924
10.77,4.0,39.124,43.43,45.809,48.982,157.92700000000002,157.476,65.1,55.0,30.6,99.9,64.0,86.5,93.398,85.998,93.2,89.8,92.7,19.951,5,5,5,37.9
10.79,4.0,39.287,43.638000000000005,45.923,49.352,157.775,157.33,65.1,55.0,30.6,99.9,64.0,86.5,93.399,85.999,93.2,89.8,92.7,20.205,5,5,5,37.899
10.81,4.0,39.548,43.913000000000004,45.928000000000004,49.485,157.588,157.241,65.1,55.0,30.6,99.9,64.0,86.5,93.4,85.999,93.2,89.8,92.7,20.039,5,5,5,37.873000000000005
10.83,4.0,39.29,43.768,45.863,49.891000000000005,157.483,157.118,65.1,55.0,30.6,99.9,64.0,86.5,93.4,86.0,93.2,89.8,92.7,20.076999999999998,5,5,5,37.845
10.85,4.0,39.071,43.677,45.717,49.477,157.366,157.017,65.1,55.0,30.6,99.9,64.0,86.5,93.4,86.0,93.2,89.8,92.7,20.0,5,5,5,37.815
10.87,4.0,39.318000000000005,44.298,45.691,49.92100000000001,157.249,156.86,65.1,55.0,30.6,99.9,64.0,86.5,93.4,86.0,93.2,89.8,92.7,20.134999999999998,5,5,5,37.806
10.89,4.0,39.143,43.491,45.845,48.778999999999996,157.085,156.714,65.1,55.0,30.6,99.9,64.0,86.5,93.4,86.0,93.2,89.8,92.7,20.179000000000002,5,5,5,37.791
10.91,4.0,39.418,43.758,45.879,46.041000000000004,156.933,156.602,65.1,55.0,30.6,99.9,64.0,86.5,93.4,86.0,93.2,89.8,92.7,19.945999999999998,5,5,5,37.798
10.93,4.0,39.543,43.242,45.939,49.121,156.757,156.411,65.1,55.0,30.6,99.9,64.0,86.5,93.4,86.0,93.2,89.8,92.7,20.113,5,5,5,37.888999999999996
10.95,4.0,39.275,44.056999999999995,45.816,46.721000000000004,156.651,156.322,65.1,55.0,30.6,99.9,64.0,86.5,93.4,86.0,93.2,89.8,92.7,20.124000000000002,5,5,5,37.891
10.97,4.0,38.911,43.644,45.826,46.961000000000006,156.55700000000002,156.221,65.1,55.0,30.6,99.9,64.0,86.5,93.4,86.0,93.2,89.8,92.7,20.1,5,5,5,37.891
10.99,4.0,39.138000000000005,43.946999999999996,45.787,47.978,156.44,156.119,65.1,55.0,30.6,99.9,64.0,86.5,93.4,86.0,93.2,89.8,92.7,20.066,5,5,5,37.885999999999996
11.01,4.0,38.981,43.885999999999996,45.927,46.605,156.276,156.007,64.9,55.0,30.6,99.7,63.9,86.569,93.4,86.0,93.2,89.8,92.7,20.017000000000003,5,5,5,37.899
11.03,4.0,39.235,43.486999999999995,45.924,48.18600000000001,156.17,155.872,64.9,55.0,30.6,99.7,63.9,86.626,93.4,86.0,93.2,89.8,92.7,20.509,5,5,5,37.887
11.05,4.0,39.235,43.908,45.757,47.272,156.04,155.715,64.9,55.0,30.6,99.7,63.9,86.658,93.4,86.0,93.2,89.8,92.7,20.172,5,5,5,37.898
11.07,4.0,39.232,43.595,45.889,48.839,155.864,155.636,64.9,55.0,30.6,99.7,63.9,86.67699999999999,93.4,86.0,93.2,89.8,92.7,20.415999999999997,5,5,5,37.898
11.09,4.0,38.539,43.363,45.826,48.638999999999996,155.734,155.49,64.9,55.0,30.6,99.7,63.9,86.687,93.4,86.0,93.2,89.8,92.7,20.308,5,5,5,37.879999999999995
11.11,4.0,39.335,43.843,45.768,48.821999999999996,155.58100000000002,155.344,64.9,55.0,30.6,99.7,63.9,86.693,93.4,86.0,93.2,89.8,92.7,20.343,5,5,5,37.861000000000004
11.13,4.0,39.282,43.597,45.739000000000004,49.242,155.393,155.22,64.9,55.0,30.6,99.7,63.9,86.696,93.4,86.0,93.2,89.8,92.7,20.180999999999997,5,5,5,37.849000000000004
11.15,4.0,39.155,43.625,45.626,48.943999999999996,155.334,155.119,64.9,55.0,30.6,99.7,63.9,86.69800000000001,93.4,86.0,93.2,89.8,92.7,20.28,5,5,5,37.831999999999994
11.17,4.0,38.788000000000004,43.63,45.809,49.034,155.251,154.995,64.9,55.0,30.6,99.7,63.9,86.699,93.4,86.0,93.2,89.8,92.7,20.225,5,5,5,37.833
11.19,4.0,38.976,43.709,45.725,48.818999999999996,155.121,154.893,64.9,55.0,30.6,99.7,63.9,86.699,93.4,86.0,93.2,89.8,92.7,20.328,5,5,5,37.814
11.21,4.0,38.898,43.742,45.692,49.021,154.944,154.803,64.9,55.0,30.6,99.7,63.9,86.7,93.4,86.0,93.2,89.8,92.7,20.244999999999997,5,5,5,37.801
11.23,4.0,38.766,43.658,45.849000000000004,49.102,154.826,154.6,64.9,55.0,30.6,99.7,63.9,86.7,93.4,86.0,93.2,89.8,92.7,20.287,5,5,5,37.79
11.25,4.0,39.183,43.586,45.631,49.208,154.708,154.51,64.9,55.0,30.6,99.7,63.9,86.7,93.4,86.0,93.2,89.8,92.7,20.258,5,5,5,37.778000000000006
11.27,4.0,39.010999999999996,43.889,45.621,49.385,154.53,154.408,64.9,55.0,30.6,99.7,63.9,86.7,93.4,86.0,93.2,89.8,92.7,20.332,5,5,5,37.760000000000005
11.29,4.0,38.929,43.45,45.435,49.177,154.435,154.273,64.9,55.0,30.6,99.7,63.9,86.7,93.4,86.0,93.2,89.8,92.7,20.523,5,5,5,37.741
11.31,4.0,38.757,43.407,45.478,49.493,154.25799999999998,154.25,64.9,55.0,30.6,99.7,63.9,86.7,93.4,86.0,93.2,89.8,92.7,20.353,5,5,5,37.724000000000004
11.33,4.0,38.715,43.330999999999996,45.402,49.364,154.151,154.047,64.9,55.0,30.6,99.7,63.9,86.7,93.4,86.0,93.2,89.8,92.7,20.285,5,5,5,37.715
11.35,4.0,39.098,43.455999999999996,45.582,49.292,154.06799999999998,153.9,64.9,55.0,30.6,99.7,63.9,86.7,93.4,86.0,93.2,89.8,92.7,19.618000000000002,5,5,5,37.704
11.37,4.0,38.984,43.574,45.444,49.361999999999995,153.878,153.809,64.9,55.0,30.6,99.7,63.9,86.7,93.4,86.0,93.2,89.8,92.7,19.293,5,5,5,37.695
11.39,4.0,38.821,43.593,45.696,49.361999999999995,153.71200000000002,153.674,64.9,55.0,30.6,99.7,63.9,86.7,93.4,86.0,93.2,89.8,92.7,19.41,5,5,5,37.69199999999999
11.41,4.0,38.509,43.7,45.696999999999996,49.346000000000004,153.61700000000002,153.53799999999998,64.9,55.0,30.6,99.7,63.9,86.7,93.4,86.0,93.2,89.8,92.7,19.214,5,5,5,37.693
11.43,4.0,38.902,43.523,45.518,49.328,153.498,153.436,64.9,55.0,30.6,99.7,63.9,86.7,93.4,86.0,93.2,89.8,92.7,19.164,5,5,5,37.69199999999999
11.45,4.0,38.818000000000005,43.501999999999995,45.582,49.165,153.355,153.27700000000002,64.9,55.0,30.6,99.7,63.9,86.7,93.4,86.0,93.2,89.8,92.7,19.176,5,5,5,37.688
11.47,4.0,38.739000000000004,43.635,45.449,48.118,153.153,153.107,64.9,55.0,30.6,99.7,63.9,86.7,93.4,86.0,93.2,89.8,92.7,19.112000000000002,5,5,5,37.676
11.49,4.0,38.76,43.2,45.321999999999996,49.131,152.986,153.062,64.9,55.0,30.6,99.7,63.9,86.7,93.4,86.0,93.2,89.8,92.7,19.256,5,5,5,37.721999999999994
11.51,4.0,38.614000000000004,43.673,45.42,45.766,152.83100000000002,152.994,64.9,55.0,30.6,99.7,63.9,86.7,93.4,86.0,93.2,89.8,92.7,19.026,5,5,5,37.721000000000004
11.53,4.0,38.597,43.376,45.418,46.851000000000006,152.77100000000002,152.778,64.9,55.0,30.6,99.7,63.9,86.7,93.4,86.0,93.2,89.8,92.7,18.965,5,5,5,37.786
11.55,4.0,38.567,44.027,45.458,45.69,152.69899999999998,152.756,64.9,55.0,30.6,99.7,63.9,86.7,93.4,86.0,93.2,89.8,92.7,18.945999999999998,5,5,5,37.788
11.57,4.0,38.605,43.191,45.297,46.385,152.556,152.642,64.9,55.0,30.6,99.7,63.9,86.7,93.4,86.0,93.2,89.8,92.7,19.035,5,5,5,37.792
11.59,4.0,38.598,43.916,45.472,47.666000000000004,152.401,152.528,64.9,55.0,30.6,99.7,63.9,86.7,93.4,86.0,93.2,89.8,92.7,19.092,5,5,5,37.785
11.61,4.0,38.723,43.79,45.158,47.803999999999995,152.329,152.392,64.9,55.0,30.6,99.7,63.9,86.7,93.4,86.0,93.2,89.8,92.7,19.176,5,5,5,37.794
11.63,4.0,38.176,43.695,45.357,48.15,152.161,152.267,64.9,55.0,30.6,99.7,63.9,86.7,93.4,86.0,93.2,89.8,92.7,19.128,5,5,5,37.789
11.65,4.0,38.242,43.198,45.14,46.15,152.077,152.142,64.9,55.0,30.6,99.7,63.9,86.7,93.4,86.0,93.2,89.8,92.75,18.880000000000003,5,5,5,37.783
11.67,4.0,38.192,43.442,45.245,42.135,151.97,152.07399999999998,64.9,55.0,30.6,99.7,63.9,86.7,93.4,86.0,93.2,89.8,92.816,19.148,5,5,5,37.821
11.69,4.0,38.191,43.426,45.21,42.864000000000004,151.766,151.914,64.9,55.0,30.6,99.7,63.9,86.7,93.4,86.0,93.2,89.8,92.85300000000001,19.076999999999998,5,5,5,38.045
11.71,4.0,38.262,43.722,45.052,43.039,151.622,151.686,64.9,55.0,30.6,99.7,63.9,86.7,93.4,86.0,93.2,89.8,92.873,19.169,5,5,5,38.191
11.73,4.0,37.909,43.163000000000004,44.685,41.911,151.57399999999998,151.686,64.9,55.0,30.6,99.7,63.9,86.7,93.4,86.0,93.2,89.8,92.885,19.051,5,5,5,38.228
11.75,4.0,38.42,43.315,44.804,43.787,151.418,151.618,64.9,55.0,30.6,99.7,63.9,86.7,93.487,86.0,93.2,89.8,92.892,19.148,5,5,5,38.227
11.77,4.0,38.21,43.323,44.635,42.928000000000004,151.285,151.481,64.9,55.0,30.6,99.7,63.9,86.7,93.53699999999999,86.0,93.2,89.825,92.895,19.117,5,5,5,38.21
11.79,4.0,38.158,43.393,44.482,43.189,151.141,151.344,64.9,55.0,30.6,99.7,63.9,86.7,93.564,86.0,93.2,89.902,92.89699999999999,19.036,5,5,5,38.206999999999994
11.81,4.0,37.662,43.541,44.381,44.119,151.033,151.162,64.9,55.0,30.6,99.7,63.9,86.7,93.58,86.0,93.2,89.945,92.898,18.985,5,5,5,38.205
11.83,4.0,38.341,43.789,44.388000000000005,45.208,150.888,151.127,64.9,55.0,30.6,99.7,63.9,86.7,93.589,86.0,93.2,89.969,92.899,19.012999999999998,5,5,5,38.201
11.85,4.0,37.98,43.064,44.313,47.073,150.791,150.97899999999998,64.9,55.0,30.6,99.7,63.9,86.7,93.594,86.0,93.2,89.982,92.9,19.147,5,5,5,38.07
11.87,4.0,38.277,43.222,44.068000000000005,47.518,150.683,150.887,64.9,55.0,30.6,99.7,63.9,86.7,93.596,86.0,93.2,89.99,92.9,19.141,5,5,5,37.941
11.89,4.0,37.942,42.857,44.141999999999996,49.593,150.53799999999998,150.773,64.9,55.0,30.6,99.7,63.9,86.7,93.598,86.0,93.2,89.994,92.9,18.972,5,5,5,37.796
11.91,4.0,37.977,43.114000000000004,44.243,51.181999999999995,150.369,150.636,64.9,55.0,30.6,99.7,63.9,86.7,93.59899999999999,86.0,93.2,89.997,92.9,19.128,5,5,5,37.635000000000005
11.93,4.0,37.306,42.898,44.317,53.31399999999999,150.296,150.52100000000002,64.9,55.0,30.6,99.7,63.9,86.7,93.59899999999999,86.0,93.2,89.998,92.9,19.137999999999998,5,5,5,37.475
11.95,4.0,37.515,43.57,44.529,55.217,150.21200000000002,150.441,64.9,55.0,30.6,99.7,63.9,86.7,93.6,86.0,93.2,89.999,92.9,19.122,5,5,5,37.33
11.97,4.0,37.705999999999996,42.876,44.658,57.117,150.042,150.326,64.9,55.0,30.6,99.7,63.9,86.7,93.6,86.0,93.2,89.999,92.9,19.055,5,5,5,37.144999999999996
11.99,4.0,37.922,42.885999999999996,44.698,58.023999999999994,149.909,150.17700000000002,64.9,55.0,30.6,99.7,63.9,86.7,93.6,86.0,93.2,90.0,92.9,19.244,5,5,5,36.994
12.01,4.0,37.427,42.872,44.907,58.846000000000004,149.836,150.166,64.9,55.0,30.6,99.7,63.9,86.7,93.6,86.0,93.2,90.0,92.9,19.022,5,5,5,36.801
12.03,4.0,37.516,42.97,44.865,59.538999999999994,149.703,150.05100000000002,64.9,55.0,30.6,99.7,63.9,86.7,93.6,86.0,93.2,90.0,92.9,19.218,5,5,5,36.647
12.05,4.0,37.702,43.407,44.981,60.25899999999999,149.545,149.925,64.9,55.0,30.6,99.7,63.9,86.7,93.6,86.025,93.2,90.0,92.9,19.161,5,5,5,36.448
12.07,4.0,37.528,42.939,45.482,60.913999999999994,149.46,149.90200000000002,64.9,55.0,30.6,99.7,63.9,86.7,93.6,86.102,93.2,90.0,92.9,19.141,5,5,5,36.311
12.09,4.0,37.71,43.516999999999996,45.608000000000004,62.321999999999996,149.278,149.833,64.9,55.0,30.6,99.7,63.9,86.7,93.6,86.145,93.2,90.0,92.9,19.435000000000002,5,5,5,36.126
12.11,4.0,37.954,43.868,45.621,63.5,149.168,149.787,64.9,55.0,30.6,99.7,63.9,86.7,93.6,86.169,93.2,90.0,92.9,19.16,5,5,5,35.976
12.13,4.0,37.54,44.006,46.093,63.81100000000001,149.107,149.695,64.9,55.0,30.6,99.7,63.9,86.7,93.6,86.182,93.2,90.0,92.9,19.186,5,5,5,35.846999999999994
12.15,4.0,37.669000000000004,44.044000000000004,46.23,64.83,148.961,149.661,64.9,55.0,30.6,99.7,63.9,86.7,93.6,86.19,93.244,90.0,92.9,19.141,5,5,5,35.702
12.17,4.0,37.275,44.726,46.751000000000005,65.359,148.876,149.592,64.9,55.0,30.6,99.7,63.9,86.7,93.6,86.194,93.268,90.0,92.9,19.237000000000002,5,5,5,35.624
12.19,4.0,37.576,45.056,47.021,65.952,148.741,149.523,64.9,55.0,30.6,99.7,63.9,86.7,93.6,86.197,93.282,90.0,92.9,19.091,5,5,5,35.498000000000005
12.21,4.0,37.684,45.291,47.277,66.584,148.72899999999998,149.511,64.9,55.0,30.6,99.7,63.9,86.7,93.6,86.19800000000001,93.29,90.0,92.9,18.956,5,5,5,35.398
12.23,4.0,37.900999999999996,46.111000000000004,47.619,67.33600000000001,148.509,149.454,64.9,55.0,30.6,99.7,63.9,86.7,93.6,86.199,93.294,90.0,92.9,19.009999999999998,5,5,5,35.31699999999999
12.25,4.0,37.717,46.703,47.888999999999996,67.934,148.424,149.373,64.9,55.0,30.6,99.7,63.9,86.7,93.6,86.199,93.297,90.0,92.9,19.187,5,5,5,35.257
12.27,4.0,37.514,47.674,48.351000000000006,69.547,148.326,149.35,64.9,55.0,30.6,99.7,63.9,86.7,93.6,86.2,93.298,90.0,92.9,19.16,5,5,5,35.157
12.29,4.0,37.427,48.0,48.71,69.031,148.265,149.27,64.9,55.0,30.6,99.7,63.9,86.7,93.6,86.2,93.29899999999999,90.0,92.9,19.209000000000003,5,5,5,35.032
12.31,4.0,37.594,48.602,49.245,70.32,148.118,149.235,64.9,55.0,30.6,99.7,63.9,86.7,93.6,86.2,93.29899999999999,90.0,92.9,19.006999999999998,5,5,5,34.929
12.33,4.0,37.686,49.346000000000004,49.373000000000005,69.939,147.995,149.21200000000002,64.9,55.0,30.6,99.7,63.9,86.7,93.6,86.2,93.3,90.0,92.9,18.997,5,5,5,34.821
12.35,4.0,37.541,50.003,49.861999999999995,71.137,147.909,149.108,64.9,55.0,30.6,99.7,63.9,86.7,93.6,86.2,93.3,90.0,92.9,19.984,5,5,5,34.75
12.37,4.0,37.77,50.401,49.942,72.14699999999999,147.873,149.085,64.9,55.0,30.6,99.7,63.9,86.7,93.6,86.2,93.3,90.0,92.9,20.098,5,5,5,34.625
12.39,4.0,37.611999999999995,50.917,50.317,70.854,147.725,149.028,64.9,55.0,30.6,99.7,63.9,86.7,93.6,86.2,93.3,90.0,92.9,19.954,5,5,5,34.55
12.41,4.0,38.153,51.309,50.633,71.094,147.615,149.039,64.9,55.0,30.6,99.7,63.9,86.7,93.6,86.2,93.3,90.0,92.9,20.485,5,5,5,34.536
12.43,4.0,37.789,52.058,50.978,69.946,147.504,148.866,64.9,55.0,30.6,99.7,63.9,86.7,93.6,86.2,93.3,90.0,92.9,20.337,5,5,5,34.533
12.45,4.0,38.309,52.909,51.19,69.941,147.381,148.935,64.9,55.0,30.6,99.7,63.9,86.7,93.6,86.2,93.3,90.0,92.9,19.843,5,5,5,34.528000000000006
12.47,4.0,38.664,53.294,51.614,69.003,147.344,148.935,64.9,55.0,30.6,99.7,63.9,86.7,93.6,86.2,93.3,90.0,92.9,19.908,5,5,5,34.531
12.49,4.0,38.122,54.001999999999995,51.956,68.541,147.172,148.635,64.9,55.0,30.6,99.7,63.9,86.7,93.6,86.2,93.3,90.0,92.9,20.098,5,5,5,34.53
12.51,4.0,38.306,54.724,52.268,67.90299999999999,147.011,148.543,64.9,55.0,30.6,99.7,63.9,86.7,93.6,86.2,93.3,90.0,92.9,20.201,5,5,5,34.525999999999996
12.53,4.0,38.71,54.87,52.27,66.735,146.91299999999998,148.393,64.9,55.0,30.6,99.7,63.9,86.7,93.6,86.2,93.3,90.0,92.9,20.284,5,5,5,34.524
12.55,4.0,38.953,55.56100000000001,52.574,66.11500000000001,146.826,148.42700000000002,64.9,55.0,30.6,99.7,63.9,86.7,93.6,86.2,93.3,90.0,92.9,20.163,5,5,5,34.544
12.57,4.0,38.797,55.75899999999999,52.748999999999995,64.8,146.80100000000002,148.37,64.9,55.0,30.6,99.7,63.9,86.7,93.6,86.2,93.3,90.0,92.9,20.171,5,5,5,34.548
12.59,4.0,39.188,56.801,53.128,64.214,146.591,148.231,64.9,55.0,30.6,99.7,63.9,86.7,93.6,86.2,93.3,90.0,92.9,20.215,5,5,5,34.585
12.61,4.0,39.56,56.125,53.067,63.538999999999994,146.542,148.115,64.9,55.0,30.6,99.7,63.9,86.7,93.6,86.2,93.3,90.0,92.9,20.052999999999997,5,5,5,34.620999999999995
12.63,4.0,39.417,56.641000000000005,53.292,63.4,146.44299999999998,148.034,64.9,55.0,30.6,99.7,63.9,86.7,93.6,86.2,93.3,90.0,92.9,20.209000000000003,5,5,5,34.721000000000004
12.65,4.0,40.123000000000005,56.247,53.23,62.672,146.29399999999998,147.953,64.9,55.0,30.6,99.7,63.9,86.7,93.6,86.2,93.3,90.0,92.9,20.329,5,5,5,34.736999999999995
12.67,4.0,40.108000000000004,56.608000000000004,53.324,62.39,146.232,147.83700000000002,64.9,55.0,30.6,99.7,63.9,86.7,93.6,86.2,93.3,90.0,92.9,20.297,5,5,5,34.763999999999996
12.69,4.0,40.116,56.794,53.339,61.81399999999999,146.083,147.71,64.9,55.0,30.6,99.7,63.9,86.7,93.6,86.2,93.3,90.0,92.9,20.394,5,5,5,34.802
12.71,4.0,40.838,57.228,53.632,61.578,145.996,147.605,64.9,55.0,30.6,99.7,63.9,86.7,93.6,86.2,93.3,90.0,92.9,20.394,5,5,5,34.815
12.73,4.0,40.396,57.388000000000005,53.578,61.137,145.984,147.61700000000002,64.9,55.0,30.6,99.7,63.9,86.7,93.688,86.2,93.3,90.0,92.9,20.114,5,5,5,34.826
12.75,4.0,40.975,57.675,53.66,61.376000000000005,146.00799999999998,147.628,64.9,55.0,30.6,99.7,63.9,86.7,93.737,86.2,93.3,90.0,92.9,20.067999999999998,5,5,5,34.868
12.77,4.0,40.698,57.461999999999996,53.551,61.745,145.884,147.454,64.9,55.0,30.6,99.7,63.9,86.7,93.764,86.2,93.3,90.0,92.9,19.908,5,5,5,34.870999999999995
12.79,4.0,40.972,57.795,53.81399999999999,62.67,145.76,147.39600000000002,64.9,55.0,30.6,99.7,63.9,86.7,93.78,86.2,93.3,90.0,92.9,20.076,5,5,5,34.876
12.81,4.0,41.753,57.832,53.617,62.641000000000005,145.685,147.303,64.9,55.0,30.6,99.7,63.9,86.7,93.789,86.2,93.3,90.0,92.9,20.137999999999998,5,5,5,34.837
12.83,4.0,41.455999999999996,57.845,53.861999999999995,62.696000000000005,145.511,147.164,64.9,55.0,30.6,99.7,63.9,86.7,93.794,86.2,93.3,90.0,92.9,19.994,5,5,5,34.831
12.85,4.0,41.579,58.071000000000005,53.739,61.963,145.486,147.14,64.9,55.0,30.6,99.7,63.9,86.7,93.796,86.2,93.3,90.0,92.9,19.716,5,5,5,34.827
12.87,4.0,41.61,57.981,53.93,61.28,145.32399999999998,146.94299999999998,64.9,55.0,30.6,99.7,63.9,86.7,93.798,86.2,93.3,90.0,92.9,20.372,5,5,5,34.822
12.89,4.0,41.516,58.28,53.857,60.571000000000005,145.249,146.908,64.9,55.0,30.6,99.7,63.9,86.7,93.79899999999999,86.2,93.3,90.0,92.9,20.284,5,5,5,34.831
12.91,4.0,42.16,58.336000000000006,53.868,60.617,145.149,146.756,64.9,55.0,30.6,99.7,63.9,86.7,93.79899999999999,86.2,93.3,90.0,92.9,20.264000000000003,5,5,5,34.855000000000004
12.93,4.0,41.946999999999996,58.453,53.797,60.283,145.036,146.628,64.9,55.0,30.6,99.7,63.9,86.7,93.8,86.2,93.3,90.0,92.9,20.274,5,5,5,34.857
12.95,4.0,42.251999999999995,58.563,53.809,60.367,144.961,146.523,64.9,55.0,30.6,99.7,63.9,86.7,93.8,86.2,93.3,90.0,92.9,20.216,5,5,5,34.861999999999995
12.97,4.0,41.797,58.236999999999995,53.941,60.343999999999994,144.84799999999998,146.465,64.9,55.0,30.6,99.7,63.9,86.7,93.8,86.2,93.3,90.0,92.9,20.238,5,5,5,34.86
12.99,4.0,42.366,58.632,53.847,60.582,144.711,146.371,64.9,55.0,30.6,99.7,63.9,86.78699999999999,93.8,86.2,93.3,90.0,92.9,20.231,5,5,5,34.864000000000004
13.01,4.0,42.17,58.143,54.102,60.573,144.635,146.184,64.8,54.9,30.5,99.4,63.9,86.837,93.8,86.2,93.3,90.0,92.9,20.351,5,5,5,34.86
13.03,4.0,42.702,58.156000000000006,53.872,60.081,144.535,146.079,64.8,54.9,30.5,99.4,63.9,86.86399999999999,93.8,86.2,93.3,90.087,92.9,20.234,5,5,5,34.858000000000004
13.05,4.0,42.879,58.706,53.968,60.175,144.409,146.067,64.8,54.9,30.5,99.4,63.9,86.88,93.8,86.2,93.3,90.137,92.9,20.319000000000003,5,5,5,34.859
13.07,4.0,42.884,59.31,53.925,60.021,144.384,145.92700000000002,64.8,54.9,30.5,99.4,63.9,86.889,93.8,86.2,93.3,90.164,92.9,20.273,5,5,5,34.861000000000004
13.09,4.0,42.884,58.976000000000006,53.964,60.126999999999995,144.25799999999998,145.821,64.8,54.9,30.5,99.4,63.9,86.89399999999999,93.8,86.2,93.3,90.18,92.9,20.336,5,5,5,34.878
13.11,4.0,43.053000000000004,58.652,53.78,60.38,144.107,145.739,64.8,54.9,30.5,99.4,63.9,86.896,93.8,86.2,93.3,90.189,92.9,20.344,5,5,5,34.870000000000005
13.13,4.0,43.226,58.658,53.553999999999995,60.61600000000001,144.032,145.58700000000002,64.8,54.9,30.5,99.4,63.9,86.898,93.8,86.2,93.3,90.194,92.9,20.391,5,5,5,34.874
13.15,4.0,43.286,58.854,53.607,60.928999999999995,143.906,145.481,64.8,54.9,30.5,99.4,63.9,86.899,93.8,86.2,93.3,90.196,92.9,20.209000000000003,5,5,5,34.876
13.17,4.0,43.172,58.589,53.72,61.08,143.843,145.411,64.8,54.9,30.5,99.4,63.9,86.899,93.8,86.2,93.3,90.19800000000001,92.9,20.189999999999998,5,5,5,34.873000000000005
13.19,4.0,43.154,58.588,53.802,61.036,143.83,145.317,64.8,54.9,30.5,99.4,63.9,86.9,93.8,86.2,93.3,90.199,92.9,20.122,5,5,5,34.876999999999995
13.21,4.0,43.400999999999996,58.952,53.61,60.955,143.628,145.211,64.8,54.9,30.5,99.4,63.9,86.9,93.8,86.26899999999999,93.3,90.199,92.9,20.131999999999998,5,5,5,34.878
13.23,4.0,43.542,58.391999999999996,53.626000000000005,60.993,143.52700000000002,145.105,64.8,54.9,30.5,99.4,63.9,86.9,93.8,86.32600000000001,93.325,90.2,92.9,20.256,5,5,5,34.874
13.25,4.0,43.580999999999996,59.075,53.497,61.466,143.41299999999998,144.953,64.8,54.9,30.5,99.4,63.9,86.9,93.8,86.358,93.402,90.2,92.987,20.162,5,5,5,34.876
13.27,4.0,43.611999999999995,58.528,53.861000000000004,61.58,143.286,144.87,64.8,54.9,30.5,99.4,63.9,86.9,93.8,86.377,93.445,90.2,93.03699999999999,20.279000000000003,5,5,5,34.869
13.29,4.0,43.365,59.137,53.736000000000004,61.851000000000006,143.185,144.811,64.8,54.9,30.5,99.4,63.9,86.9,93.8,86.387,93.469,90.2,93.064,20.459000000000003,5,5,5,34.870999999999995
13.31,4.0,43.891999999999996,58.786,53.769,61.378,143.083,144.634,64.8,54.9,30.5,99.4,63.9,86.9,93.8,86.393,93.482,90.2,93.08,20.167,5,5,5,34.872
13.33,4.0,43.792,58.861000000000004,53.659,61.468,142.981,144.54,64.8,54.9,30.5,99.4,63.9,86.9,93.8,86.396,93.49,90.2,93.089,20.366,5,5,5,34.869
13.35,4.0,43.546,59.238,53.611999999999995,61.347,142.918,144.422,64.8,54.9,30.5,99.4,63.9,86.9,93.8,86.398,93.494,90.2,93.094,20.122999999999998,5,5,5,34.870999999999995
13.37,4.0,43.861999999999995,58.577,53.754,61.699,142.778,144.351,64.8,54.9,30.5,99.4,63.9,86.9,93.8,86.399,93.497,90.2,93.096,20.130000000000003,5,5,5,34.869
13.39,4.0,44.242,59.244,53.606,61.784,142.765,144.292,64.8,54.9,30.5,99.4,63.9,86.9,93.8,86.399,93.498,90.2,93.098,20.418,5,5,5,34.869
13.41,4.0,43.731,58.659,53.504,61.685,142.574,144.186,64.8,54.9,30.5,99.4,63.9,86.9,93.8,86.4,93.499,90.2,93.09899999999999,20.673000000000002,5,5,5,34.869
13.43,4.0,43.97,59.466,53.708999999999996,61.69,142.421,144.091,64.8,54.9,30.5,99.4,63.9,86.9,93.8,86.4,93.499,90.2,93.09899999999999,20.765,5,5,5,34.872
13.45,4.0,43.909,58.713,53.769,61.133,142.39600000000002,143.94899999999998,64.8,54.9,30.5,99.4,63.9,86.9,93.8,86.4,93.5,90.2,93.1,20.762,5,5,5,34.873000000000005
13.47,4.0,43.817,59.078,53.629,61.288000000000004,142.332,143.819,64.8,54.9,30.5,99.4,63.9,86.9,93.8,86.4,93.5,90.2,93.1,20.634999999999998,5,5,5,34.873000000000005
13.49,4.0,44.335,58.788999999999994,53.464,61.317,142.153,143.748,64.8,54.9,30.5,99.4,63.9,86.9,93.8,86.4,93.5,90.2,93.1,20.396,5,5,5,34.872
13.51,4.0,43.948,59.226000000000006,53.357,61.44,142.05,143.61700000000002,64.8,54.9,30.5,99.4,63.9,86.9,93.8,86.4,93.5,90.2,93.1,20.356,5,5,5,34.873000000000005
13.53,4.0,44.061,59.332,53.398999999999994,61.571999999999996,141.94799999999998,143.593,64.8,54.9,30.5,99.4,63.9,86.9,93.8,86.4,93.5,90.2,93.1,20.695999999999998,5,5,5,34.874
13.55,4.0,44.314,58.905,53.631,61.385,141.897,143.499,64.8,54.9,30.5,99.4,63.9,86.9,93.8,86.4,93.5,90.2,93.1,20.809,5,5,5,34.870999999999995
13.57,4.0,44.181,59.013000000000005,53.47,61.424,141.76799999999997,143.403,64.8,54.9,30.5,99.4,63.9,86.9,93.8,86.4,93.5,90.2,93.1,20.9,5,5,5,34.874
13.59,4.0,44.726,59.358999999999995,53.553000000000004,61.148999999999994,141.679,143.285,64.8,54.9,30.5,99.4,63.9,86.9,93.8,86.4,93.5,90.2,93.1,20.915999999999997,5,5,5,34.875
13.61,4.0,44.559,58.9,53.361999999999995,60.685,141.55,143.166,64.8,54.9,30.5,99.4,63.9,86.9,93.8,86.4,93.5,90.2,93.1,20.784,5,5,5,34.874
13.63,4.0,44.024,58.521,53.596000000000004,60.66,141.55,143.082,64.8,54.9,30.5,99.4,63.9,86.9,93.8,86.4,93.5,90.2,93.1,20.844,5,5,5,34.870000000000005
13.65,4.0,44.01,59.026,53.461999999999996,60.558,141.344,142.975,64.8,54.9,30.5,99.4,63.9,86.9,93.8,86.4,93.5,90.2,93.1,20.862000000000002,5,5,5,34.872
13.67,4.0,44.348,59.268,53.5,60.705,141.267,142.868,64.8,54.9,30.5,99.4,63.9,86.9,93.8,86.4,93.5,90.2,93.1,20.492,5,5,5,34.868
13.69,4.0,44.399,58.926,53.4,61.086000000000006,141.164,142.785,64.8,54.9,30.5,99.4,63.9,86.9,93.8,86.4,93.5,90.2,93.1,20.528,5,5,5,34.870999999999995
13.71,4.0,44.498000000000005,58.961000000000006,53.268,61.136,141.035,142.67700000000002,64.8,54.9,30.5,99.4,63.9,86.9,93.8,86.4,93.5,90.2,93.1,20.386,5,5,5,34.870999999999995
13.73,4.0,44.294000000000004,58.898,53.262,61.01,140.97,142.546,64.8,54.9,30.5,99.4,63.9,86.9,93.8,86.4,93.5,90.2,93.1,20.182000000000002,5,5,5,34.872
13.75,4.0,44.446999999999996,59.461999999999996,53.431999999999995,60.869,140.82799999999997,142.462,64.8,54.9,30.5,99.4,63.9,86.9,93.8,86.4,93.5,90.2,93.1,19.798000000000002,5,5,5,34.870000000000005
13.77,4.0,44.344,58.94,53.363,61.012,140.75,142.402,64.8,54.9,30.5,99.4,63.9,86.9,93.8,86.4,93.5,90.2,93.1,19.584000000000003,5,5,5,34.870000000000005
13.79,4.0,44.6,59.129,53.223,61.391000000000005,140.686,142.25900000000001,64.8,54.9,30.5,99.4,63.9,86.9,93.887,86.4,93.5,90.2,93.1,19.506,5,5,5,34.869
13.81,4.0,44.684,59.165,53.313,61.93600000000001,140.517,142.175,64.8,54.9,30.5,99.4,63.9,86.9,93.937,86.4,93.5,90.2,93.1,19.511,5,5,5,34.867
13.83,4.0,44.534,58.797,53.397,62.147,140.387,142.067,64.8,54.9,30.5,99.4,63.9,86.9,93.964,86.4,93.5,90.2,93.1,19.387999999999998,5,5,5,34.872
13.85,4.0,44.637,59.148999999999994,53.419,62.376999999999995,140.26999999999998,141.959,64.8,54.9,30.5,99.4,63.9,86.9,93.98,86.4,93.5,90.2,93.1,19.546,5,5,5,34.870999999999995
13.87,4.0,44.403,58.755,53.303000000000004,62.055,140.218,141.827,64.8,54.9,30.5,99.4,63.9,86.9,93.98899999999999,86.4,93.5,90.2,93.1,19.625,5,5,5,34.864000000000004
13.89,4.0,44.448,58.917,53.178999999999995,61.38,140.101,141.743,64.8,54.9,30.5,99.4,63.9,86.9,93.994,86.4,93.5,90.2,93.1,19.664,5,5,5,34.868
13.91,4.0,44.863,59.408,53.395,62.238,139.945,141.623,64.8,54.9,30.5,99.4,63.9,86.9,93.99600000000001,86.4,93.5,90.2,93.1,19.841,5,5,5,34.872
13.93,4.0,44.452,59.403,53.326,62.50899999999999,139.91899999999998,141.575,64.8,54.9,30.5,99.4,63.9,86.9,93.998,86.4,93.5,90.2,93.1,20.057000000000002,5,5,5,34.869
13.95,4.0,44.556999999999995,59.141000000000005,53.086000000000006,61.992,139.814,141.515,64.8,54.9,30.5,99.4,63.9,86.9,93.999,86.4,93.5,90.2,93.1,20.009,5,5,5,34.874
13.97,4.0,44.747,59.283,53.155,61.956,139.70999999999998,141.346,64.8,54.9,30.5,99.4,63.9,86.9,93.999,86.4,93.5,90.2,93.1,20.106,5,5,5,34.866
13.99,4.0,44.374,59.118,53.129,61.567,139.566,141.334,64.8,54.9,30.5,99.4,63.9,86.9,94.0,86.4,93.5,90.2,93.1,20.076999999999998,5,5,5,34.866
14.01,4.0,44.315,59.07899999999999,52.943999999999996,61.705,139.527,141.226,64.8,54.9,30.5,99.4,63.9,86.9,94.0,86.4,93.5,90.2,93.1,19.961,5,5,5,34.870000000000005
14.03,4.0,44.325,59.166000000000004,53.099,61.583999999999996,139.42200000000003,141.154,64.8,54.9,30.5,99.4,63.9,86.9,94.0,86.4,93.5,90.2,93.1,20.195999999999998,5,5,5,34.866
14.05,4.0,44.464,58.784,52.905,61.59,139.304,140.985,64.8,54.9,30.5,99.4,63.9,86.9,94.0,86.4,93.5,90.2,93.1,20.142000000000003,5,5,5,34.863
14.07,4.0,44.687,59.208999999999996,53.045,61.786,139.265,140.92399999999998,64.8,54.9,30.5,99.4,63.9,86.9,94.0,86.4,93.5,90.2,93.1,19.871,5,5,5,34.864000000000004
14.09,4.0,44.8,58.909,52.976000000000006,61.532,139.10700000000003,140.912,64.8,54.9,30.5,99.4,63.9,86.9,94.0,86.4,93.5,90.2,93.1,20.042,5,5,5,34.861999999999995
14.11,4.0,44.245,59.285,52.99,61.876999999999995,139.055,140.816,64.8,54.9,30.5,99.4,63.9,86.9,94.0,86.4,93.5,90.2,93.1,20.058,5,5,5,34.859
14.13,4.0,44.248000000000005,59.394,52.917,61.739,138.897,140.622,64.8,54.9,30.5,99.4,63.9,86.9,94.0,86.4,93.5,90.2,93.1,20.02,5,5,5,34.859
14.15,4.0,44.471,59.22,53.106,61.648,138.83100000000002,140.586,64.8,54.9,30.5,99.4,63.9,86.9,94.0,86.4,93.5,90.2,93.1,20.290999999999997,5,5,5,34.86
14.17,4.0,44.661,59.658,52.973,61.393,138.712,140.465,64.8,54.9,30.5,99.4,63.9,86.9,94.0,86.4,93.5,90.2,93.1,20.21,5,5,5,34.858000000000004
14.19,4.0,44.509,59.251999999999995,53.016999999999996,61.407,138.60700000000003,140.33100000000002,64.8,54.9,30.5,99.4,63.9,86.9,94.0,86.4,93.5,90.2,93.1,20.164,5,5,5,34.858000000000004
14.21,4.0,44.441,59.754,52.918,61.721000000000004,138.514,140.30700000000002,64.8,54.9,30.5,99.4,63.9,86.9,94.0,86.4,93.5,90.2,93.1,20.16,5,5,5,34.858000000000004
14.23,4.0,44.291,59.218,52.897,61.518,138.461,140.27100000000002,64.8,54.9,30.5,99.4,63.9,86.9,94.0,86.4,93.5,90.2,93.1,19.919,5,5,5,34.85
14.25,4.0,44.345,58.87,52.846000000000004,61.81,138.236,140.113,64.8,54.9,30.5,99.4,63.9,86.9,94.0,86.4,93.5,90.2,93.1,20.16,5,5,5,34.846000000000004
14.27,4.0,44.494,58.995,52.696000000000005,61.674,138.20999999999998,140.028,64.8,54.9,30.5,99.4,63.9,86.9,94.0,86.4,93.5,90.2,93.1,20.131999999999998,5,5,5,34.849000000000004
14.29,4.0,44.165,59.191,52.672,61.333999999999996,138.10399999999998,139.967,64.8,54.9,30.5,99.4,63.9,86.9,94.0,86.4,93.5,90.2,93.1,19.982,5,5,5,34.844
14.31,4.0,44.131,59.336999999999996,52.653,61.231,138.10399999999998,139.882,64.8,54.9,30.5,99.4,63.9,86.9,94.0,86.4,93.5,90.2,93.1,19.962,5,5,5,34.846999999999994
14.33,4.0,44.618,58.861000000000004,52.677,61.43,137.93099999999998,139.687,64.8,54.9,30.5,99.4,63.9,86.9,94.0,86.4,93.5,90.2,93.1,19.449,5,5,5,34.849000000000004
14.35,4.0,44.383,58.68600000000001,52.78,61.708999999999996,137.851,139.63799999999998,64.8,54.9,30.5,99.4,63.9,86.9,94.0,86.4,93.5,90.2,93.1,19.079,5,5,5,34.848
14.37,4.0,44.193000000000005,59.104,52.544,61.578,137.772,139.577,64.8,54.9,30.5,99.4,63.9,86.9,94.0,86.45,93.5,90.2,93.1,19.106,5,5,5,34.831999999999994
14.39,4.0,43.966,59.125,52.56399999999999,61.629,137.625,139.45499999999998,64.8,54.9,30.5,99.4,63.9,86.9,94.0,86.516,93.5,90.2,93.1,18.981,5,5,5,34.838
14.41,4.0,44.499,59.281000000000006,52.558,61.547,137.58499999999998,139.407,64.8,54.9,30.5,99.4,63.9,86.9,94.0,86.553,93.5,90.2,93.1,18.97,5,5,5,34.833
14.43,4.0,43.904,59.13399999999999,52.628,61.38399999999999,137.532,139.309,64.8,54.9,30.5,99.4,63.9,86.9,94.0,86.57300000000001,93.5,90.28699999999999,93.1,18.98,5,5,5,34.84
14.45,4.0,43.814,58.968,52.47,61.153,137.412,139.211,64.8,54.9,30.5,99.4,63.9,86.9,94.0,86.585,93.5,90.337,93.1,18.997,5,5,5,34.831999999999994
14.47,4.0,44.071999999999996,59.193000000000005,52.545,61.526,137.345,139.05200000000002,64.8,54.9,30.5,99.4,63.9,86.9,94.0,86.592,93.5,90.36399999999999,93.1,19.05,5,5,5,34.833
14.49,4.0,44.393,59.292,52.494,61.708999999999996,137.19799999999998,139.015,64.8,54.9,30.5,99.4,63.9,86.9,94.0,86.595,93.5,90.38,93.1,19.024,5,5,5,34.828
14.51,4.0,43.828,59.049,52.393,61.643,137.11700000000002,138.942,64.8,54.9,30.5,99.4,63.9,86.9,94.0,86.597,93.5,90.389,93.1,18.948,5,5,5,34.825
14.53,4.0,43.931999999999995,59.519,52.407,61.615,136.997,138.856,64.8,54.9,30.5,99.4,63.9,86.9,94.0,86.598,93.5,90.39399999999999,93.1,18.991,5,5,5,34.821
14.55,4.0,43.629,59.19,52.513000000000005,61.621,136.876,138.684,64.8,54.9,30.5,99.4,63.9,86.9,94.0,86.59899999999999,93.5,90.396,93.1,18.996,5,5,5,34.81699999999999
14.57,4.0,43.434,59.575,52.567,61.221000000000004,136.86200000000002,138.67200000000003,64.8,54.9,30.5,99.4,63.9,86.9,94.0,86.6,93.5,90.398,93.1,19.083,5,5,5,34.82
14.59,4.0,43.948,59.203,52.358999999999995,61.746,136.70100000000002,138.561,64.8,54.9,30.5,99.4,63.9,86.9,94.0,86.6,93.5,90.399,93.1,19.084000000000003,5,5,5,34.822
14.61,4.0,43.811,59.306000000000004,52.361999999999995,61.755,136.647,138.475,64.8,54.9,30.5,99.4,63.9,86.9,94.0,86.6,93.5,90.399,93.1,19.059,5,5,5,34.826
14.63,4.0,44.097,59.162,52.183,61.621,136.54000000000002,138.426,64.8,54.9,30.5,99.4,63.9,86.9,94.0,86.6,93.5,90.4,93.1,19.004,5,5,5,34.81699999999999
14.65,4.0,43.695,59.346000000000004,52.408,61.93,136.418,138.24099999999999,64.8,54.9,30.5,99.4,63.9,86.9,94.0,86.6,93.5,90.4,93.1,19.060000000000002,5,5,5,34.822
14.67,4.0,44.126999999999995,59.196999999999996,52.148999999999994,61.445,136.36399999999998,138.204,64.8,54.9,30.5,99.4,63.9,86.9,94.0,86.6,93.525,90.4,93.1,19.121,5,5,5,34.81699999999999
14.69,4.0,43.747,59.068000000000005,52.191,61.455,136.26999999999998,138.106,64.8,54.9,30.5,99.4,63.9,86.9,94.0,86.6,93.602,90.4,93.1,19.106,5,5,5,34.812
14.71,4.0,44.016,59.07899999999999,52.153,61.305,136.175,137.98200000000003,64.8,54.9,30.5,99.4,63.9,86.9,94.0,86.6,93.645,90.4,93.1,19.158,5,5,5,34.81699999999999
14.73,4.0,43.87,58.887,52.02,61.516999999999996,136.053,137.85899999999998,64.8,54.9,30.5,99.4,63.9,86.987,94.0,86.6,93.669,90.4,93.1,19.148,5,5,5,34.81699999999999
14.75,4.0,43.887,58.676,51.891000000000005,61.82899999999999,136.026,137.88299999999998,64.8,54.9,30.5,99.4,63.9,87.03699999999999,94.0,86.6,93.682,90.4,93.1,19.137999999999998,5,5,5,34.82
14.77,4.0,43.942,59.032,51.857,61.368,135.89100000000002,137.79700000000003,64.8,54.9,30.5,99.4,63.9,87.064,94.0,86.6,93.69,90.4,93.1,19.191,5,5,5,34.818
14.79,4.0,43.787,59.089,51.667,61.791000000000004,135.782,137.624,64.8,54.9,30.5,99.4,63.9,87.08,94.0,86.6,93.694,90.4,93.1,19.034,5,5,5,34.819
14.81,4.0,43.918,58.986999999999995,51.707,61.367,135.728,137.54899999999998,64.8,54.9,30.5,99.4,63.9,87.089,94.0,86.6,93.697,90.4,93.169,19.038,5,5,5,34.816
14.83,4.0,43.055,59.538000000000004,51.915,61.273999999999994,135.64600000000002,137.438,64.8,54.9,30.5,99.4,63.9,87.094,94.0,86.6,93.69800000000001,90.4,93.226,19.034,5,5,5,34.81699999999999
14.85,4.0,43.889,59.248999999999995,51.836000000000006,61.283,135.496,137.475,64.8,54.9,30.5,99.4,63.9,87.096,94.0,86.6,93.699,90.4,93.258,18.993000000000002,5,5,5,34.818
14.87,4.0,44.217,59.03,51.851000000000006,61.372,135.428,137.38799999999998,64.8,54.9,30.5,99.4,63.9,87.098,94.0,86.6,93.699,90.4,93.277,19.083,5,5,5,34.816
14.89,4.0,43.721,59.242,51.909,61.633,135.414,137.289,64.8,54.9,30.5,99.4,63.9,87.09899999999999,94.0,86.6,93.7,90.4,93.28699999999999,19.061,5,5,5,34.81699999999999
14.91,4.0,43.888000000000005,59.14,51.833,61.567,135.292,137.214,64.8,54.9,30.5,99.4,63.9,87.09899999999999,94.0,86.6,93.7,90.4,93.293,19.182000000000002,5,5,5,34.823
14.93,4.0,43.516999999999996,59.183,51.876999999999995,61.847,135.18200000000002,137.102,64.8,54.9,30.5,99.4,63.9,87.1,94.0,86.6,93.7,90.4,93.296,19.099,5,5,5,34.827
14.95,4.0,43.81,59.356,51.856,61.567,135.087,137.102,64.8,54.9,30.5,99.4,63.9,87.1,94.0,86.6,93.7,90.4,93.298,19.107999999999997,5,5,5,34.827
14.97,4.0,43.779,59.425,51.776,61.543,135.004,136.965,64.8,54.9,30.5,99.4,63.9,87.1,94.0,86.6,93.7,90.4,93.29899999999999,19.095999999999997,5,5,5,34.829
14.99,4.0,44.005,59.032,51.667,61.535,134.86700000000002,136.878,64.8,54.9,30.5,99.4,63.9,87.1,94.0,86.6,93.7,90.4,93.29899999999999,19.116,5,5,5,34.827
15.01,4.0,43.836,59.25,51.641999999999996,61.483999999999995,134.744,136.74099999999999,64.7,54.9,30.5,99.3,63.8,87.1,94.0,86.6,93.7,90.4,93.3,19.102,5,5,5,34.821
15.03,4.0,43.615,59.376999999999995,51.702,61.803999999999995,134.689,136.629,64.7,54.9,30.5,99.3,63.8,87.1,94.0,86.6,93.7,90.4,93.3,19.011,5,5,5,34.83
15.05,4.0,43.549,58.785,51.586999999999996,61.675,134.593,136.566,64.7,54.9,30.5,99.3,63.8,87.1,94.0,86.6,93.7,90.4,93.3,19.039,5,5,5,34.819
15.07,4.0,43.811,58.825,51.756,61.68899999999999,134.524,136.51600000000002,64.7,54.9,30.5,99.3,63.8,87.1,94.0,86.6,93.7,90.4,93.3,18.963,5,5,5,34.823
15.09,4.0,43.751999999999995,58.602,51.638999999999996,61.672,134.45499999999998,136.454,64.7,54.9,30.5,99.3,63.8,87.1,94.0,86.6,93.7,90.4,93.3,18.942,5,5,5,34.818
15.11,4.0,43.442,58.787,51.494,61.482,134.289,136.304,64.7,54.9,30.5,99.3,63.8,87.1,94.05,86.6,93.7,90.4,93.3,19.057000000000002,5,5,5,34.81699999999999
15.13,4.0,43.348,58.604,51.622,61.342,134.19299999999998,136.216,64.7,54.9,30.5,99.3,63.8,87.1,94.116,86.6,93.7,90.4,93.3,18.966,5,5,5,34.819
15.15,4.0,43.423,59.177,51.656000000000006,61.638000000000005,134.20600000000002,136.166,64.7,54.9,30.5,99.3,63.8,87.1,94.153,86.6,93.7,90.4,93.3,18.985999999999997,5,5,5,34.819
15.17,4.0,43.597,58.64,51.645,61.651,134.04000000000002,136.07799999999997,64.7,54.9,30.5,99.3,63.8,87.1,94.173,86.6,93.7,90.4,93.3,18.863,5,5,5,34.813
15.19,4.0,43.532,58.711000000000006,51.413000000000004,61.79600000000001,134.01299999999998,136.028,64.7,54.9,30.5,99.3,63.8,87.1,94.185,86.6,93.7,90.4,93.3,18.844,5,5,5,34.801
15.21,4.0,43.481,59.05,51.306999999999995,61.646,133.957,135.94,64.7,54.9,30.5,99.3,63.8,87.1,94.192,86.6,93.7,90.4,93.3,19.060000000000002,5,5,5,34.803
15.23,4.0,43.289,58.516999999999996,51.354,61.567,133.846,135.827,64.7,54.9,30.5,99.3,63.8,87.1,94.195,86.6,93.7,90.4,93.3,18.879,5,5,5,34.795
15.25,4.0,43.544000000000004,59.208999999999996,51.262,61.20399999999999,133.721,135.70100000000002,64.7,54.9,30.5,99.3,63.8,87.1,94.197,86.6,93.7,90.4,93.3,19.02,5,5,5,34.8
15.27,4.0,43.356,58.744,51.222,61.501000000000005,133.666,135.625,64.7,54.9,30.5,99.3,63.8,87.1,94.199,86.6,93.7,90.4,93.3,19.165,5,5,5,34.796
15.29,4.0,43.635,58.641000000000005,51.211999999999996,62.037,133.61,135.6,64.7,54.9,30.5,99.3,63.8,87.1,94.199,86.6,93.7,90.4,93.3,19.095999999999997,5,5,5,34.797
15.31,4.0,43.391,59.043,51.36600000000001,61.589,133.471,135.562,64.7,54.9,30.5,99.3,63.8,87.1,94.2,86.6,93.7,90.4,93.3,18.977,5,5,5,34.784000000000006
15.33,4.0,43.445,58.955,51.381,61.41,133.373,135.449,64.7,54.9,30.5,99.3,63.8,87.1,94.2,86.6,93.7,90.4,93.3,20.019,5,5,5,34.778000000000006
15.35,4.0,42.954,58.946000000000005,51.239,61.476000000000006,133.275,135.348,64.7,54.9,30.5,99.3,63.8,87.1,94.2,86.6,93.7,90.4,93.3,19.932000000000002,5,5,5,34.778999999999996
15.37,4.0,43.196,58.613,51.335,62.006,133.178,135.272,64.7,54.9,30.5,99.3,63.8,87.1,94.2,86.6,93.7,90.4,93.3,19.945,5,5,5,34.775999999999996
15.39,4.0,43.343,58.58,51.183,61.625,133.038,135.23399999999998,64.7,54.9,30.5,99.3,63.8,87.1,94.2,86.6,93.7,90.4,93.3,20.023,5,5,5,34.774
15.41,4.0,43.071,59.261,51.073,61.461999999999996,133.024,135.14600000000002,64.7,54.9,30.5,99.3,63.8,87.1,94.2,86.6,93.7,90.4,93.3,20.219,5,5,5,34.778999999999996
15.43,4.0,42.736999999999995,58.821999999999996,51.183,61.943000000000005,132.954,135.04399999999998,64.7,54.9,30.5,99.3,63.8,87.1,94.2,86.6,93.7,90.4,93.3,20.011,5,5,5,34.772
15.45,4.0,43.57,58.54600000000001,51.056000000000004,61.636,132.85500000000002,134.94299999999998,64.7,54.9,30.5,99.3,63.8,87.1,94.2,86.6,93.7,90.4,93.3,19.974,5,5,5,34.760999999999996
15.47,4.0,43.045,58.968999999999994,51.00899999999999,61.827,132.79899999999998,134.905,64.7,54.9,30.5,99.3,63.8,87.1,94.2,86.6,93.7,90.4,93.3,19.852,5,5,5,34.756
15.49,4.0,43.452,58.986999999999995,50.867,61.67,132.687,134.85399999999998,64.7,54.9,30.5,99.3,63.8,87.1,94.2,86.6,93.7,90.4,93.3,19.907,5,5,5,34.754000000000005
15.51,4.0,43.173,58.391999999999996,50.989,61.628,132.63,134.778,64.7,54.9,30.5,99.3,63.8,87.1,94.2,86.6,93.7,90.4,93.3,19.875,5,5,5,34.754999999999995
15.53,4.0,42.965,59.103,50.908,61.58,132.41899999999998,134.651,64.7,54.9,30.5,99.3,63.8,87.1,94.2,86.6,93.7,90.4,93.3,19.966,5,5,5,34.75
15.55,4.0,43.092,58.791000000000004,50.911,61.577,132.334,134.54899999999998,64.7,54.9,30.5,99.3,63.8,87.1,94.2,86.6,93.7,90.4,93.3,19.826,5,5,5,34.754000000000005
15.57,4.0,42.966,59.044,51.065,61.79600000000001,132.363,134.54899999999998,64.7,54.9,30.5,99.3,63.8,87.1,94.2,86.6,93.7,90.4,93.3,19.845999999999997,5,5,5,34.754000000000005
15.59,4.0,43.051,58.696999999999996,50.972,61.655,132.16500000000002,134.42200000000003,64.7,54.9,30.5,99.3,63.8,87.1,94.2,86.6,93.7,90.4,93.3,19.825,5,5,5,34.75
15.61,4.0,42.873000000000005,58.629,50.94,61.85,132.19299999999998,134.269,64.7,54.9,30.5,99.3,63.8,87.1,94.2,86.669,93.7,90.4,93.3,19.851,5,5,5,34.748000000000005
15.63,4.0,42.782,58.75899999999999,50.842,61.688,132.065,134.256,64.7,54.9,30.5,99.3,63.8,87.1,94.2,86.726,93.7,90.4,93.3,19.864,5,5,5,34.747
15.65,4.0,42.725,58.629,50.825,61.44,131.98000000000002,134.231,64.7,54.9,30.5,99.3,63.8,87.1,94.2,86.758,93.7,90.4,93.3,19.957,5,5,5,34.745000000000005
15.67,4.0,42.71,58.826,50.755,61.388999999999996,131.966,134.129,64.7,54.9,30.5,99.3,63.8,87.1,94.2,86.777,93.7,90.4,93.3,19.767000000000003,5,5,5,34.744
15.69,4.0,42.823,58.467,50.54,61.923,131.838,134.027,64.7,54.9,30.5,99.3,63.8,87.1,94.2,86.78699999999999,93.7,90.4,93.3,19.844,5,5,5,34.748000000000005
15.71,4.0,42.804,58.338,50.776,61.906000000000006,131.696,134.014,64.7,54.9,30.5,99.3,63.8,87.1,94.2,86.793,93.7,90.4,93.3,19.785,5,5,5,34.75
15.73,4.0,42.793,58.711999999999996,50.637,61.805,131.653,133.83499999999998,64.7,54.9,30.5,99.3,63.8,87.1,94.2,86.796,93.7,90.4,93.3,19.811,5,5,5,34.745999999999995
15.75,4.0,42.833,58.924,50.68,61.696000000000005,131.582,133.809,64.7,54.9,30.5,99.3,63.8,87.1,94.2,86.798,93.7,90.4,93.3,20.059,5,5,5,34.739999999999995
15.77,4.0,42.266,58.43600000000001,50.67,61.62,131.497,133.796,64.7,54.9,30.5,99.3,63.8,87.1,94.2,86.79899999999999,93.7,90.4,93.3,19.945,5,5,5,34.747
15.79,4.0,42.434,58.586999999999996,50.597,61.15,131.411,133.668,64.7,54.9,30.5,99.3,63.8,87.1,94.2,86.79899999999999,93.7,90.4,93.3,19.8,5,5,5,34.742
15.81,4.0,42.328,58.532,50.521,61.48,131.339,133.565,64.7,54.9,30.5,99.3,63.8,87.1,94.2,86.8,93.7,90.4,93.3,19.792,5,5,5,34.741
15.83,4.0,42.223,58.248000000000005,50.54,61.646,131.254,133.565,64.7,54.9,30.5,99.3,63.8,87.1,94.2,86.8,93.7,90.4,93.3,19.849,5,5,5,34.742
15.85,4.0,41.809,58.748999999999995,50.352,61.53,131.168,133.42399999999998,64.7,54.9,30.5,99.3,63.8,87.1,94.2,86.8,93.7,90.4,93.3,19.817999999999998,5,5,5,34.742
15.87,4.0,42.284,58.36600000000001,50.501000000000005,61.93899999999999,131.067,133.411,64.7,54.9,30.5,99.3,63.8,87.1,94.2,86.8,93.7,90.4,93.3,19.881999999999998,5,5,5,34.735
15.89,4.0,42.513000000000005,58.428999999999995,50.471000000000004,61.513999999999996,131.038,133.36,64.7,54.9,30.5,99.3,63.8,87.1,94.2,86.8,93.7,90.4,93.3,19.842,5,5,5,34.738
15.91,4.0,42.246,58.523999999999994,50.287,61.335,130.92399999999998,133.269,64.7,54.9,30.5,99.3,63.8,87.1,94.2,86.8,93.7,90.4,93.3,19.855,5,5,5,34.732
15.93,4.0,42.183,58.201,50.248000000000005,60.931999999999995,130.82299999999998,133.257,64.7,54.9,30.5,99.3,63.8,87.1,94.2,86.8,93.7,90.4,93.3,20.092,5,5,5,34.733000000000004
15.95,4.0,42.021,58.573,50.278,61.481,130.65,133.05,64.7,54.9,30.5,99.3,63.8,87.1,94.2,86.8,93.7,90.4,93.3,19.853,5,5,5,34.730000000000004
15.97,4.0,42.400999999999996,58.232,50.187,61.728,130.65,132.973,64.7,54.9,30.5,99.3,63.8,87.1,94.2,86.8,93.7,90.4,93.3,19.874000000000002,5,5,5,34.734
15.99,4.0,41.742,58.417,50.354,61.412,130.592,132.921,64.7,54.9,30.5,99.3,63.8,87.1,94.2,86.8,93.7,90.4,93.3,19.939999999999998,5,5,5,34.730999999999995
16.01,4.0,42.235,58.292,50.065,61.727,130.49099999999999,132.792,64.7,54.9,30.5,99.3,63.8,87.1,94.2,86.8,93.7,90.4,93.3,19.9,5,5,5,34.730999999999995
16.03,4.0,41.952,58.202,50.272,61.388999999999996,130.44799999999998,132.81799999999998,64.7,54.9,30.5,99.3,63.8,87.1,94.2,86.8,93.7,90.4,93.3,19.982999999999997,5,5,5,34.730999999999995
16.05,4.0,41.969,58.299,50.137,61.601000000000006,130.375,132.70100000000002,64.7,54.9,30.5,99.3,63.8,87.1,94.2,86.8,93.7,90.4,93.3,19.955,5,5,5,34.723
16.07,4.0,41.662,58.309,50.206,61.651,130.274,132.63600000000002,64.7,54.9,30.5,99.3,63.8,87.1,94.2,86.8,93.7,90.4,93.3,20.046,5,5,5,34.725
16.09,4.0,41.734,58.272,50.1,61.755,130.17200000000003,132.559,64.7,54.9,30.5,99.3,63.8,87.1,94.2,86.8,93.7,90.4,93.3,19.967,5,5,5,34.721000000000004
16.11,4.0,41.865,57.816,50.257,61.961999999999996,130.14299999999997,132.507,64.7,54.9,30.5,99.3,63.8,87.1,94.2,86.8,93.7,90.4,93.3,19.939999999999998,5,5,5,34.721999999999994
16.13,4.0,42.116,58.685,50.115,62.055,130.11399999999998,132.403,64.7,54.9,30.5,99.3,63.8,87.1,94.2,86.8,93.7,90.4,93.3,19.977,5,5,5,34.713
16.15,4.0,41.899,58.713,49.854,61.986999999999995,129.969,132.338,64.7,54.9,30.5,99.3,63.8,87.1,94.2,86.8,93.7,90.425,93.3,19.877000000000002,5,5,5,34.705
16.17,4.0,41.944,58.335,49.968,61.833999999999996,129.911,132.247,64.7,54.9,30.5,99.3,63.8,87.1,94.2,86.8,93.7,90.502,93.3,19.972,5,5,5,34.7
16.19,4.0,41.917,58.576,50.06399999999999,61.762,129.75,132.16899999999998,64.7,54.9,30.5,99.3,63.8,87.1,94.2,86.8,93.7,90.545,93.3,19.913,5,5,5,34.695
16.21,4.0,41.615,58.215,49.855,61.746,129.79399999999998,132.13,64.7,54.9,30.5,99.3,63.8,87.1,94.2,86.8,93.7,90.569,93.3,19.787,5,5,5,34.697
16.23,4.0,41.73,58.586000000000006,49.744,62.02,129.721,131.95999999999998,64.7,54.9,30.5,99.3,63.8,87.1,94.2,86.8,93.7,90.582,93.3,19.902,5,5,5,34.699
16.25,4.0,41.62,57.568000000000005,49.751000000000005,62.13399999999999,129.51600000000002,131.999,64.7,54.9,30.5,99.3,63.8,87.1,94.2,86.8,93.78699999999999,90.59,93.3,20.016,5,5,5,34.677
16.27,4.0,41.382,58.281000000000006,49.91,62.24100000000001,129.44299999999998,131.882,64.7,54.9,30.5,99.3,63.8,87.1,94.2,86.8,93.837,90.594,93.3,19.899,5,5,5,34.663
16.29,4.0,41.693000000000005,57.744,49.831,62.083999999999996,129.428,131.908,64.7,54.9,30.5,99.3,63.8,87.1,94.2,86.8,93.86399999999999,90.597,93.3,20.002000000000002,5,5,5,34.66
16.31,4.0,41.385999999999996,58.175,49.913999999999994,61.891999999999996,129.32600000000002,131.751,64.7,54.9,30.5,99.3,63.8,87.1,94.2,86.8,93.88,90.598,93.3,20.035,5,5,5,34.659000000000006
16.33,4.0,41.564,58.178000000000004,49.797,61.702,129.238,131.659,64.7,54.9,30.5,99.3,63.8,87.1,94.2,86.8,93.889,90.59899999999999,93.3,20.043,5,5,5,34.658
16.35,4.0,41.198,58.09,49.951,61.606,129.12,131.699,64.7,54.9,30.5,99.3,63.8,87.1,94.2,86.8,93.89399999999999,90.59899999999999,93.3,20.067999999999998,5,5,5,34.66
16.37,4.0,41.124,58.23,49.602,61.817,129.09,131.542,64.7,54.9,30.5,99.3,63.8,87.1,94.2,86.8,93.896,90.6,93.3,20.084000000000003,5,5,5,34.66
16.39,4.0,41.126,57.99100000000001,49.622,61.794,128.928,131.476,64.7,54.9,30.5,99.3,63.8,87.1,94.25,86.8,93.898,90.6,93.3,19.892000000000003,5,5,5,34.646
16.41,4.0,40.931999999999995,57.888000000000005,49.58,61.876000000000005,128.958,131.437,64.7,54.9,30.5,99.3,63.8,87.1,94.316,86.8,93.899,90.6,93.3,20.118000000000002,5,5,5,34.638000000000005
16.43,4.0,41.093,57.795,49.717,61.51,128.88400000000001,131.371,64.7,54.9,30.5,99.3,63.8,87.1,94.35300000000001,86.8,93.899,90.6,93.3,20.027,5,5,5,34.638000000000005
16.45,4.0,40.954,58.18600000000001,49.843,61.599,128.76600000000002,131.226,64.7,54.9,30.5,99.3,63.8,87.1,94.373,86.8,93.9,90.6,93.3,20.564,5,5,5,34.632
16.47,4.0,41.132,57.95,49.711999999999996,61.224,128.692,131.187,64.7,54.9,30.5,99.3,63.8,87.1,94.385,86.8,93.9,90.6,93.3,20.461,5,5,5,34.631
16.49,4.0,41.001,57.799,49.532,61.483999999999995,128.647,131.082,64.7,54.9,30.5,99.3,63.8,87.1,94.392,86.8,93.9,90.6,93.369,20.430999999999997,5,5,5,34.631
16.51,4.0,41.283,58.567,49.43,61.78,128.499,131.055,64.7,54.9,30.5,99.3,63.8,87.1,94.395,86.8,93.9,90.6,93.426,20.503,5,5,5,34.633
16.53,4.0,40.832,58.04600000000001,49.632,61.773999999999994,128.514,131.01600000000002,64.7,54.9,30.5,99.3,63.8,87.1,94.39699999999999,86.8,93.9,90.6,93.458,20.41,5,5,5,34.620999999999995
16.55,4.0,40.865,57.853,49.434,61.879,128.44,130.844,64.7,54.9,30.5,99.3,63.8,87.1,94.398,86.8,93.9,90.6,93.477,20.492,5,5,5,34.619
16.57,4.0,40.665,57.571000000000005,49.49100000000001,61.565,128.291,130.81799999999998,64.7,54.9,30.5,99.3,63.8,87.1,94.399,86.8,93.9,90.6,93.487,20.598,5,5,5,34.618
16.59,4.0,40.915,58.086000000000006,49.513000000000005,61.427,128.097,130.778,64.7,54.9,30.5,99.3,63.8,87.1,94.4,86.8,93.9,90.6,93.493,20.415,5,5,5,34.618
16.61,4.0,41.249,57.873000000000005,49.269,61.273,128.127,130.686,64.7,54.9,30.5,99.3,63.8,87.188,94.4,86.8,93.9,90.6,93.49600000000001,20.551,5,5,5,34.614000000000004
16.63,4.0,40.832,58.097,49.391999999999996,61.583,128.05200000000002,130.64600000000002,64.7,54.9,30.5,99.3,63.8,87.237,94.4,86.8,93.9,90.6,93.498,20.5,5,5,5,34.61
16.65,4.0,40.594,57.908,49.13399999999999,61.778,128.007,130.593,64.7,54.9,30.5,99.3,63.8,87.264,94.4,86.8,93.9,90.6,93.499,20.347,5,5,5,34.614999999999995
16.67,4.0,40.588,58.067,49.36,61.728,127.82799999999999,130.48700000000002,64.7,54.9,30.5,99.3,63.8,87.28,94.4,86.8,93.9,90.6,93.499,20.375999999999998,5,5,5,34.613
16.69,4.0,40.537,57.848,49.218,61.915,127.91799999999999,130.48700000000002,64.7,54.9,30.5,99.3,63.8,87.289,94.4,86.8,93.9,90.6,93.5,20.331,5,5,5,34.614999999999995
16.71,4.0,40.701,57.84,49.31399999999999,61.411,127.76799999999999,130.394,64.7,54.9,30.5,99.3,63.8,87.294,94.4,86.8,93.9,90.6,93.5,20.231,5,5,5,34.611000000000004
16.73,4.0,40.027,57.905,49.398999999999994,61.581,127.75299999999999,130.301,64.7,54.9,30.5,99.3,63.8,87.296,94.4,86.8,93.9,90.6,93.5,20.243000000000002,5,5,5,34.604
16.75,4.0,40.553000000000004,57.583,49.282,62.028,127.55799999999999,130.168,64.7,54.9,30.5,99.3,63.8,87.298,94.4,86.8,93.9,90.6,93.5,20.304000000000002,5,5,5,34.614999999999995
16.77,4.0,40.211999999999996,58.015,49.153,62.083999999999996,127.49700000000001,130.18200000000002,64.7,54.9,30.5,99.3,63.8,87.29899999999999,94.4,86.8,93.9,90.6,93.5,20.145,5,5,5,34.603
16.79,4.0,40.167,57.81,49.144,61.64,127.52799999999999,130.075,64.7,54.9,30.5,99.3,63.8,87.29899999999999,94.4,86.8,93.9,90.6,93.5,20.477,5,5,5,34.608000000000004
16.81,4.0,39.876999999999995,57.464,49.122,61.528,127.31700000000001,129.95499999999998,64.7,54.9,30.5,99.3,63.8,87.3,94.4,86.8,93.9,90.6,93.5,20.184,5,5,5,34.607
16.83,4.0,40.168,57.441,49.028,62.043,127.241,129.86200000000002,64.7,54.9,30.5,99.3,63.8,87.3,94.4,86.8,93.9,90.6,93.5,20.129,5,5,5,34.607
16.85,4.0,39.663000000000004,57.324,49.1,61.727,127.165,129.822,64.7,54.9,30.5,99.3,63.8,87.3,94.4,86.8,93.9,90.6,93.5,20.477,5,5,5,34.605000000000004
16.87,4.0,39.979,57.692,49.082,61.821999999999996,127.135,129.74200000000002,64.7,54.9,30.5,99.3,63.8,87.3,94.4,86.8,93.9,90.6,93.5,20.127000000000002,5,5,5,34.605999999999995
16.89,4.0,39.875,57.681000000000004,48.87,61.653,127.044,129.594,64.7,54.9,30.5,99.3,63.8,87.3,94.4,86.8,93.9,90.6,93.5,20.055,5,5,5,34.611000000000004
16.91,4.0,39.785,57.751000000000005,49.126000000000005,61.968999999999994,126.984,129.63400000000001,64.7,54.9,30.5,99.3,63.8,87.3,94.4,86.8,93.9,90.6,93.5,20.143,5,5,5,34.611000000000004
16.93,4.0,39.836,57.638000000000005,48.858000000000004,62.159,126.95299999999999,129.527,64.7,54.9,30.5,99.3,63.8,87.3,94.4,86.8,93.9,90.6,93.5,20.078,5,5,5,34.605000000000004
16.95,4.0,39.510999999999996,57.821000000000005,49.08,62.083,126.81700000000001,129.474,64.7,54.9,30.5,99.3,63.8,87.3,94.4,86.8,93.9,90.6,93.5,20.093,5,5,5,34.599000000000004
16.97,4.0,39.704,57.424,48.851000000000006,62.201,126.786,129.36599999999999,64.7,54.9,30.5,99.3,63.8,87.3,94.4,86.8,93.9,90.6,93.5,20.228,5,5,5,34.595
16.99,4.0,39.498000000000005,57.646,49.156000000000006,61.685,126.741,129.36599999999999,64.7,54.9,30.5,99.3,63.8,87.3,94.4,86.8,93.9,90.6,93.5,20.049,5,5,5,34.594
17.01,4.0,39.535,57.54600000000001,48.888999999999996,61.821000000000005,126.603,129.36599999999999,64.7,54.9,30.4,99.3,63.8,87.3,94.4,86.8,93.9,90.6,93.5,19.962,5,5,5,34.596000000000004
17.03,4.0,39.246,57.478,49.013999999999996,61.575,126.573,129.245,64.7,54.9,30.4,99.3,63.8,87.3,94.4,86.8,93.9,90.6,93.5,20.037,5,5,5,34.598
17.05,4.0,39.384,57.063,48.906000000000006,61.681000000000004,126.527,129.25900000000001,64.7,54.9,30.4,99.3,63.8,87.3,94.4,86.8,93.9,90.6,93.5,20.117,5,5,5,34.593
17.07,4.0,39.571,57.166000000000004,48.858000000000004,61.73,126.42,129.097,64.7,54.9,30.4,99.3,63.8,87.3,94.4,86.8,93.9,90.6,93.5,20.07,5,5,5,34.593
17.09,4.0,39.111,57.275,48.934,61.803999999999995,126.359,128.949,64.7,54.9,30.4,99.3,63.8,87.3,94.4,86.8,93.9,90.6,93.5,20.142000000000003,5,5,5,34.596000000000004
17.11,4.0,39.257,57.303999999999995,48.787,62.023,126.31299999999999,128.882,64.7,54.9,30.4,99.3,63.8,87.3,94.4,86.869,93.9,90.6,93.5,20.063,5,5,5,34.595
17.13,4.0,38.972,57.328,48.827,61.506,126.19,128.89499999999998,64.7,54.9,30.4,99.3,63.8,87.3,94.4,86.926,93.9,90.6,93.5,20.151,5,5,5,34.595
17.15,4.0,39.375,57.476000000000006,48.665,61.333999999999996,126.19,128.814,64.7,54.9,30.4,99.3,63.8,87.3,94.4,86.958,93.9,90.6,93.5,20.110999999999997,5,5,5,34.589
17.17,4.0,39.003,57.4,48.548,61.403999999999996,126.006,128.747,64.7,54.9,30.4,99.3,63.8,87.3,94.4,86.977,93.9,90.6,93.5,20.201999999999998,5,5,5,34.589
17.19,4.0,39.415,57.644,48.628,61.534,125.975,128.72,64.7,54.9,30.4,99.3,63.8,87.3,94.4,86.987,93.9,90.6,93.5,20.07,5,5,5,34.595
17.21,4.0,39.174,57.473,48.592,61.905,125.914,128.70600000000002,64.7,54.9,30.4,99.3,63.8,87.3,94.4,86.993,93.9,90.6,93.5,20.203,5,5,5,34.599000000000004
17.23,4.0,39.244,57.378,48.701,61.721000000000004,125.867,128.53,64.7,54.9,30.4,99.3,63.8,87.3,94.4,86.99600000000001,93.9,90.6,93.5,20.302999999999997,5,5,5,34.593
17.25,4.0,38.83,56.9,48.681999999999995,62.037,125.821,128.381,64.7,54.9,30.4,99.3,63.8,87.3,94.4,86.998,93.9,90.6,93.5,20.332,5,5,5,34.594
17.27,4.0,39.024,57.66,48.653999999999996,61.79600000000001,125.713,128.476,64.7,54.9,30.4,99.3,63.8,87.3,94.4,86.999,93.9,90.6,93.5,20.148,5,5,5,34.590999999999994
17.29,4.0,39.166,57.228,48.62,61.516000000000005,125.605,128.394,64.7,54.9,30.4,99.3,63.8,87.3,94.4,86.999,93.9,90.6,93.5,20.362000000000002,5,5,5,34.588
17.31,4.0,38.882,57.221000000000004,48.641000000000005,61.55,125.55799999999999,128.204,64.7,54.9,30.4,99.3,63.8,87.3,94.4,87.0,93.9,90.6,93.5,19.35,5,5,5,34.594
17.33,4.0,38.848,56.57899999999999,48.44,61.599,125.48100000000001,128.204,64.7,54.9,30.4,99.3,63.8,87.3,94.4,87.0,93.9,90.6,93.5,19.048000000000002,5,5,5,34.590999999999994
17.35,4.0,38.839,57.218,48.479,61.786,125.48100000000001,128.204,64.7,54.9,30.4,99.3,63.8,87.3,94.4,87.0,93.9,90.6,93.5,18.905,5,5,5,34.59
17.37,4.0,38.84,57.013000000000005,48.236000000000004,61.75,125.325,128.027,64.7,54.9,30.4,99.3,63.8,87.3,94.4,87.0,93.9,90.6,93.5,19.282,5,5,5,34.583
17.39,4.0,38.625,57.396,48.53,61.801,125.26299999999999,128.0,64.7,54.9,30.4,99.3,63.8,87.3,94.4,87.0,93.9,90.6,93.5,19.414,5,5,5,34.578
17.41,4.0,38.544000000000004,57.193999999999996,48.38399999999999,61.625,125.17,128.04000000000002,64.7,54.9,30.4,99.3,63.8,87.3,94.4,87.0,93.9,90.6,93.5,19.607,5,5,5,34.572
17.43,4.0,38.474000000000004,57.056000000000004,48.302,61.663000000000004,125.12299999999999,127.931,64.7,54.9,30.4,99.3,63.8,87.3,94.4,87.0,93.9,90.6,93.5,19.629,5,5,5,34.575
17.45,4.0,38.635999999999996,57.449,48.321000000000005,61.516000000000005,125.045,127.836,64.7,54.9,30.4,99.3,63.8,87.3,94.4,87.0,93.9,90.6,93.5,19.826999999999998,5,5,5,34.575
17.47,4.0,38.465,57.272,48.443999999999996,61.625,124.98299999999999,127.75399999999999,64.7,54.9,30.4,99.3,63.8,87.3,94.4,87.0,93.9,90.6,93.5,19.41,5,5,5,34.576
17.49,4.0,38.305,57.339,48.148999999999994,61.951,124.92,127.713,64.7,54.9,30.4,99.3,63.8,87.3,94.4,87.0,93.9,90.6,93.5,19.456,5,5,5,34.56699999999999
17.51,4.0,38.485,56.943000000000005,48.318999999999996,61.766000000000005,124.87299999999999,127.64399999999999,64.7,54.9,30.4,99.3,63.8,87.3,94.4,87.0,93.9,90.6,93.5,19.175,5,5,5,34.564
17.53,4.0,38.236,56.952,48.196000000000005,61.898999999999994,124.70100000000001,127.617,64.7,54.9,30.4,99.3,63.8,87.3,94.4,87.0,93.9,90.6,93.5,18.694000000000003,5,5,5,34.565
17.55,4.0,38.465,56.92,48.042,61.847,124.74799999999999,127.54799999999999,64.7,54.9,30.4,99.3,63.8,87.3,94.4,87.0,93.9,90.6,93.5,18.594,5,5,5,34.568
17.57,4.0,38.143,56.643,48.091,61.803000000000004,124.63799999999999,127.56200000000001,64.7,54.9,30.4,99.3,63.8,87.3,94.4,87.0,93.9,90.6,93.5,18.286,5,5,5,34.564
17.59,4.0,38.186,56.912,48.147,61.591,124.59100000000001,127.397,64.7,54.9,30.4,99.3,63.8,87.3,94.4,87.0,93.9,90.6,93.5,18.238,5,5,5,34.565
17.61,4.0,38.149,57.0,47.926,61.898,124.575,127.24600000000001,64.7,54.9,30.4,99.3,63.8,87.3,94.4,87.0,93.9,90.6,93.5,18.171,5,5,5,34.56699999999999
17.63,4.0,37.804,56.637,48.118,62.163000000000004,124.449,127.191,64.7,54.9,30.4,99.3,63.8,87.3,94.4,87.0,93.9,90.6,93.5,18.286,5,5,5,34.565
17.65,4.0,37.818000000000005,56.67100000000001,47.958999999999996,62.132,124.354,127.24600000000001,64.7,54.9,30.4,99.3,63.8,87.3,94.4,87.0,93.9,90.6,93.5,18.310000000000002,5,5,5,34.566
17.67,4.0,37.927,56.735,48.068999999999996,62.224,124.244,127.10799999999999,64.7,54.9,30.4,99.3,63.8,87.3,94.4,87.0,93.9,90.6,93.5,18.673000000000002,5,5,5,34.565
17.69,4.0,37.827,56.873000000000005,47.835,61.961999999999996,124.212,127.053,64.7,54.9,30.4,99.3,63.8,87.3,94.4,87.0,93.9,90.6,93.5,19.222,5,5,5,34.565
17.71,4.0,37.919000000000004,56.725,47.898,61.727,124.149,126.915,64.7,54.9,30.4,99.3,63.8,87.3,94.4,87.0,93.9,90.6,93.5,19.133,5,5,5,34.561
17.73,4.0,38.185,56.637,47.738,61.663000000000004,124.054,126.859,64.7,54.9,30.4,99.3,63.8,87.3,94.4,87.0,93.9,90.6,93.5,19.201,5,5,5,34.564
17.75,4.0,37.817,56.882,47.857,61.897,124.022,126.804,64.7,54.9,30.4,99.3,63.8,87.3,94.4,87.0,93.9,90.6,93.5,19.588,5,5,5,34.56
17.77,4.0,37.676,56.42,47.79,62.148999999999994,123.927,126.762,64.7,54.9,30.4,99.3,63.8,87.3,94.4,87.0,93.9,90.6,93.5,19.239,5,5,5,34.56
17.79,4.0,37.599000000000004,56.723,47.911,62.138000000000005,123.831,126.70700000000001,64.7,54.9,30.4,99.3,63.8,87.3,94.4,87.0,93.9,90.6,93.5,19.298000000000002,5,5,5,34.553
17.81,4.0,37.629,56.961000000000006,47.776,61.995,123.79899999999999,126.721,64.7,54.9,30.4,99.3,63.8,87.3,94.4,87.0,93.9,90.6,93.5,19.104,5,5,5,34.552
17.83,4.0,37.607,56.716,48.173,61.672,123.75200000000001,126.74799999999999,64.7,54.9,30.4,99.3,63.8,87.3,94.4,87.0,93.9,90.6,93.5,18.594,5,5,5,34.553
17.85,4.0,37.67,56.506,47.853,61.446999999999996,123.72,126.58200000000001,64.7,54.9,30.4,99.3,63.8,87.3,94.4,87.0,93.9,90.6,93.5,18.457,5,5,5,34.551
17.87,4.0,37.211999999999996,56.48,47.751999999999995,61.369,123.68799999999999,126.45700000000001,64.7,54.9,30.4,99.3,63.8,87.3,94.4,87.0,93.9,90.6,93.5,18.374000000000002,5,5,5,34.553
17.89,4.0,37.41,57.148,47.858000000000004,61.46,123.64,126.54,64.7,54.9,30.4,99.3,63.8,87.3,94.4,87.0,93.925,90.6,93.5,18.371,5,5,5,34.55
17.91,4.0,37.205999999999996,56.955,47.793,61.836999999999996,123.59200000000001,126.40100000000001,64.7,54.9,30.4,99.3,63.8,87.3,94.4,87.0,94.002,90.6,93.5,18.22,5,5,5,34.552
17.93,4.0,37.647,56.453,47.658,61.846000000000004,123.448,126.387,64.7,54.9,30.4,99.3,63.8,87.3,94.4,87.0,94.045,90.6,93.5,18.35,5,5,5,34.561
17.95,4.0,37.492,56.795,47.603,61.67100000000001,123.4,126.262,64.7,54.9,30.4,99.3,63.8,87.3,94.4,87.0,94.069,90.6,93.5,18.661,5,5,5,34.559
17.97,4.0,37.501999999999995,56.027,47.676,61.33,123.288,126.164,64.7,54.9,30.4,99.3,63.8,87.3,94.4,87.0,94.082,90.6,93.5,19.000999999999998,5,5,5,34.562
17.99,4.0,37.454,56.385,47.675,61.113,123.24,126.178,64.7,54.9,30.4,99.3,63.8,87.3,94.4,87.0,94.09,90.6,93.5,19.167,5,5,5,34.55800000000001
18.01,4.0,37.268,56.468999999999994,47.474,61.325,123.191,126.039,64.7,54.9,30.4,99.3,63.8,87.3,94.4,87.0,94.094,90.6,93.5,19.103,5,5,5,34.56
18.03,4.0,37.052,56.75899999999999,47.496,61.438,123.15899999999999,126.10799999999999,64.7,54.9,30.4,99.3,63.8,87.3,94.4,87.0,94.097,90.6,93.5,19.342,5,5,5,34.561
18.05,4.0,37.202,56.224,47.611000000000004,61.951,123.06299999999999,126.01100000000001,64.7,54.9,30.4,99.3,63.8,87.3,94.4,87.0,94.098,90.6,93.5,19.33,5,5,5,34.566
18.07,4.0,36.896,56.523,47.55,61.788999999999994,122.99799999999999,125.85700000000001,64.7,54.9,30.4,99.3,63.8,87.3,94.469,87.0,94.09899999999999,90.6,93.5,19.067999999999998,5,5,5,34.55800000000001
18.09,4.0,37.196,56.341,47.512,61.81399999999999,123.04700000000001,125.99700000000001,64.7,54.9,30.4,99.3,63.8,87.3,94.52600000000001,87.0,94.09899999999999,90.6,93.5,19.114,5,5,5,34.557
18.11,4.0,36.768,56.623000000000005,47.717,61.882,122.837,125.815,64.7,54.9,30.4,99.3,63.8,87.3,94.558,87.0,94.1,90.6,93.5,18.683,5,5,5,34.559
18.13,4.0,36.608000000000004,56.632,47.583,61.645,122.804,125.758,64.7,54.9,30.4,99.3,63.8,87.3,94.577,87.0,94.1,90.6,93.5,18.218,5,5,5,34.55800000000001
18.15,4.0,36.488,56.417,47.623999999999995,61.915,122.90100000000001,125.632,64.7,54.9,30.4,99.3,63.8,87.3,94.587,87.0,94.1,90.6,93.5,18.214,5,5,5,34.56
18.17,4.0,36.671,56.276,47.461000000000006,61.61,122.723,125.632,64.7,54.9,30.4,99.3,63.8,87.3,94.593,87.0,94.1,90.6,93.5,18.064,5,5,5,34.55800000000001
18.19,4.0,36.765,56.034,47.535,61.742,122.64200000000001,125.505,64.7,54.9,30.4,99.3,63.8,87.3,94.596,87.0,94.1,90.6,93.5,17.875,5,5,5,34.56
18.21,4.0,36.751,56.168,47.357,62.288000000000004,122.49600000000001,125.505,64.7,54.9,30.4,99.3,63.8,87.3,94.598,87.0,94.1,90.6,93.5,18.197000000000003,5,5,5,34.554
18.23,4.0,36.663,56.175,47.413999999999994,62.437,122.57700000000001,125.51899999999999,64.7,54.9,30.4,99.3,63.8,87.3,94.59899999999999,87.0,94.1,90.6,93.5,18.427999999999997,5,5,5,34.553
18.25,4.0,36.624,56.166000000000004,47.522,61.953,122.382,125.54799999999999,64.7,54.9,30.4,99.3,63.8,87.3,94.59899999999999,87.0,94.1,90.6,93.5,18.715,5,5,5,34.55
18.27,4.0,36.385999999999996,56.213,47.552,61.70399999999999,122.366,125.36399999999999,64.7,54.9,30.4,99.3,63.8,87.3,94.6,87.0,94.1,90.6,93.5,19.262,5,5,5,34.545
18.29,4.0,36.108000000000004,56.086999999999996,47.527,61.872,122.333,125.209,64.7,54.9,30.4,99.3,63.8,87.3,94.6,87.0,94.1,90.6,93.5,19.399,5,5,5,34.549
18.31,4.0,36.035,56.051,47.426,61.995,122.28399999999999,125.23700000000001,64.7,54.9,30.4,99.3,63.8,87.3,94.6,87.0,94.1,90.6,93.5,19.201999999999998,5,5,5,34.545
18.33,4.0,36.208,56.317,47.449,62.239,122.072,125.167,64.7,54.9,30.4,99.3,63.8,87.3,94.6,87.0,94.1,90.6,93.5,18.725,5,5,5,34.546
18.35,4.0,36.275,56.405,47.158,62.192,122.072,125.124,64.7,54.9,30.4,99.3,63.8,87.3,94.6,87.0,94.1,90.6,93.5,18.356,5,5,5,34.54
18.37,4.0,36.186,55.913000000000004,47.29,62.153999999999996,122.023,125.096,64.7,54.9,30.4,99.3,63.8,87.3,94.6,87.0,94.1,90.6,93.5,18.275,5,5,5,34.539
18.39,4.0,36.096000000000004,56.458999999999996,47.288999999999994,61.687,121.941,125.01100000000001,64.7,54.9,30.4,99.3,63.8,87.3,94.6,87.0,94.1,90.6,93.5,18.378,5,5,5,34.54
18.41,4.0,36.033,55.86,47.119,61.287,121.95700000000001,124.954,64.7,54.9,30.4,99.3,63.8,87.3,94.6,87.0,94.1,90.6,93.5,18.258,5,5,5,34.537
18.43,4.0,36.187,56.185,47.198,61.208,121.85799999999999,124.82600000000001,64.7,54.9,30.4,99.3,63.8,87.3,94.6,87.0,94.1,90.688,93.5,18.470999999999997,5,5,5,34.536
18.45,4.0,35.725,55.9,47.293,61.428000000000004,121.79299999999999,124.855,64.7,54.9,30.4,99.3,63.8,87.3,94.6,87.0,94.1,90.737,93.5,18.482999999999997,5,5,5,34.539
18.47,4.0,35.985,55.919,47.063,62.055,121.809,124.79799999999999,64.7,54.9,30.4,99.3,63.8,87.3,94.6,87.0,94.1,90.764,93.5,19.070999999999998,5,5,5,34.54
18.49,4.0,35.804,55.744,47.181000000000004,61.981,121.694,124.727,64.7,54.9,30.4,99.3,63.8,87.3,94.6,87.0,94.1,90.78,93.5,19.36,5,5,5,34.535
18.51,4.0,35.622,56.13399999999999,47.133,61.705,121.57799999999999,124.59899999999999,64.7,54.9,30.4,99.3,63.8,87.3,94.6,87.0,94.1,90.789,93.5,19.445999999999998,5,5,5,34.539
18.53,4.0,36.024,55.895,47.0,61.367,121.595,124.556,64.7,54.9,30.4,99.3,63.8,87.3,94.6,87.0,94.1,90.794,93.5,19.618000000000002,5,5,5,34.539
18.55,4.0,35.778000000000006,56.276,46.98,61.071000000000005,121.49600000000001,124.59899999999999,64.7,54.9,30.4,99.3,63.8,87.3,94.6,87.0,94.1,90.796,93.5,19.549,5,5,5,34.536
18.57,4.0,35.55800000000001,56.205,46.976000000000006,61.363,121.429,124.428,64.7,54.9,30.4,99.3,63.8,87.3,94.6,87.0,94.1,90.798,93.5,19.576,5,5,5,34.537
18.59,4.0,35.46,56.145,47.198,61.645,121.38,124.47,64.7,54.9,30.4,99.3,63.8,87.3,94.6,87.0,94.1,90.79899999999999,93.5,19.424,5,5,5,34.537
18.61,4.0,35.373000000000005,55.771,46.956,61.769,121.363,124.385,64.7,54.9,30.4,99.3,63.8,87.3,94.6,87.0,94.1,90.79899999999999,93.569,18.78,5,5,5,34.537
18.63,4.0,35.379000000000005,55.685,46.901,62.838,121.29700000000001,124.29899999999999,64.7,54.9,30.4,99.3,63.8,87.3,94.6,87.0,94.1,90.8,93.626,18.381,5,5,5,34.528000000000006
18.65,4.0,35.053,55.489,46.903,63.409,121.214,124.084,64.7,54.9,30.4,99.3,63.8,87.3,94.6,87.0,94.1,90.8,93.658,18.211,5,5,5,34.461
18.67,4.0,35.134,55.975,46.88,64.136,121.147,124.12700000000001,64.7,54.9,30.4,99.3,63.8,87.3,94.6,87.0,94.1,90.8,93.67699999999999,18.256999999999998,5,5,5,34.376
18.69,4.0,34.686,56.053000000000004,47.103,65.61500000000001,121.09700000000001,124.098,64.7,54.9,30.4,99.3,63.8,87.3,94.6,87.0,94.1,90.8,93.687,18.179000000000002,5,5,5,34.324
18.71,4.0,35.284000000000006,55.824,46.968,64.84100000000001,121.11399999999999,124.012,64.7,54.9,30.4,99.3,63.8,87.3,94.6,87.0,94.1,90.8,93.693,18.085,5,5,5,34.291
18.73,4.0,34.902,55.137,47.016999999999996,65.11500000000001,120.93,123.969,64.7,54.9,30.4,99.3,63.8,87.3,94.6,87.0,94.1,90.8,93.696,18.188,5,5,5,34.275999999999996
18.75,4.0,35.001,55.865,46.847,64.358,120.914,123.926,64.7,54.9,30.4,99.3,63.8,87.3,94.6,87.0,94.1,90.8,93.69800000000001,18.559,5,5,5,34.274
18.77,4.0,35.051,55.79600000000001,46.953,64.72399999999999,120.964,123.94,64.7,54.9,30.4,99.3,63.8,87.3,94.6,87.0,94.1,90.8,93.699,18.938,5,5,5,34.258
18.79,4.0,35.062,55.794,46.918,64.095,120.914,123.811,64.7,54.9,30.4,99.3,63.8,87.3,94.6,87.0,94.1,90.8,93.699,19.082,5,5,5,34.266
18.81,4.0,34.713,55.396,46.751000000000005,64.25800000000001,120.713,123.796,64.7,54.9,30.4,99.3,63.8,87.3,94.6,87.0,94.1,90.8,93.7,19.266,5,5,5,34.262
18.83,4.0,34.384,55.54,46.802,63.902,120.679,123.695,64.7,54.9,30.4,99.3,63.8,87.3,94.6,87.0,94.1,90.8,93.7,19.461,5,5,5,34.263999999999996
18.85,4.0,34.84,55.486999999999995,46.633,63.633,120.579,123.551,64.7,54.9,30.4,99.3,63.8,87.3,94.6,87.0,94.1,90.8,93.7,19.58,5,5,5,34.263000000000005
18.87,4.0,34.851,55.297,46.896,64.13300000000001,120.478,123.58,64.7,54.9,30.4,99.3,63.8,87.35,94.6,87.0,94.1,90.8,93.7,19.518,5,5,5,34.266
18.89,4.0,35.307,55.742,46.63,63.568999999999996,120.51100000000001,123.565,64.7,54.9,30.4,99.3,63.8,87.416,94.6,87.0,94.1,90.8,93.7,19.114,5,5,5,34.262
18.91,4.0,34.693,55.342,46.81399999999999,63.653999999999996,120.39299999999999,123.37700000000001,64.7,54.9,30.4,99.3,63.8,87.453,94.6,87.0,94.1,90.8,93.7,18.883,5,5,5,34.266999999999996
18.93,4.0,34.374,55.683,46.713,62.982,120.275,123.536,64.7,54.9,30.4,99.3,63.8,87.473,94.6,87.0,94.1,90.8,93.7,18.392000000000003,5,5,5,34.273
18.95,4.0,35.001,55.786,46.613,62.995,120.22399999999999,123.319,64.7,54.9,30.4,99.3,63.8,87.485,94.6,87.0,94.1,90.8,93.7,18.297,5,5,5,34.275999999999996
18.97,4.0,34.126,55.898,46.738,62.66,120.14,123.37700000000001,64.7,54.9,30.4,99.3,63.8,87.492,94.6,87.0,94.1,90.8,93.7,18.332,5,5,5,34.275999999999996
18.99,4.0,33.998000000000005,55.153999999999996,46.688,62.185,120.191,123.23200000000001,64.7,54.9,30.4,99.3,63.8,87.495,94.6,87.0,94.1,90.8,93.7,18.218,5,5,5,34.278999999999996
19.01,4.0,34.319,55.93899999999999,46.622,61.586000000000006,120.15700000000001,123.23200000000001,64.7,54.9,30.4,99.4,63.7,87.497,94.6,87.0,94.1,90.8,93.7,18.369999999999997,5,5,5,34.277
19.03,4.0,34.376999999999995,54.986000000000004,46.573,60.373000000000005,120.089,123.20299999999999,64.7,54.9,30.4,99.4,63.7,87.499,94.6,87.0,94.1,90.8,93.7,18.779000000000003,5,5,5,34.28
19.05,4.0,34.234,55.571999999999996,46.67,61.691,120.055,123.18799999999999,64.7,54.9,30.4,99.4,63.7,87.499,94.6,87.05,94.1,90.8,93.7,18.75,5,5,5,34.274
19.07,4.0,34.335,55.638000000000005,46.552,63.038999999999994,120.00399999999999,123.116,64.7,54.9,30.4,99.4,63.7,87.5,94.6,87.116,94.1,90.8,93.7,19.316,5,5,5,34.271
19.09,4.0,34.244,55.343999999999994,46.643,64.204,119.97,123.02799999999999,64.7,54.9,30.4,99.4,63.7,87.5,94.6,87.153,94.1,90.8,93.7,19.243000000000002,5,5,5,34.283
19.11,4.0,33.709,55.416000000000004,46.552,63.881,119.868,122.912,64.7,54.9,30.4,99.4,63.7,87.5,94.6,87.173,94.1,90.8,93.7,19.668,5,5,5,34.271
19.13,4.0,33.719,55.303000000000004,46.433,65.226,119.766,122.97,64.7,54.9,30.4,99.4,63.7,87.5,94.6,87.185,94.1,90.8,93.7,19.671,5,5,5,34.225
19.15,4.0,33.909000000000006,55.167,46.373999999999995,65.65899999999999,119.8,122.955,64.7,54.9,30.4,99.4,63.7,87.5,94.6,87.192,94.1,90.8,93.7,19.557000000000002,5,5,5,34.201
19.17,4.0,33.978,55.103,46.268,66.56700000000001,119.646,122.795,64.7,54.9,30.4,99.4,63.7,87.5,94.6,87.195,94.1,90.8,93.7,19.395,5,5,5,34.149
19.19,4.0,33.962,55.626000000000005,46.445,65.982,119.51,122.78,64.7,54.9,30.4,99.4,63.7,87.5,94.6,87.197,94.1,90.8,93.7,19.168,5,5,5,34.081999999999994
19.21,4.0,33.789,55.196999999999996,46.427,67.708,119.544,122.72200000000001,64.7,54.9,30.4,99.4,63.7,87.5,94.6,87.199,94.1,90.8,93.7,18.587,5,5,5,34.061
19.23,4.0,33.620999999999995,55.22,46.495,65.899,119.544,122.751,64.7,54.9,30.4,99.4,63.7,87.5,94.6,87.199,94.1,90.8,93.7,18.47,5,5,5,33.993
19.25,4.0,33.794,54.744,46.333999999999996,66.985,119.389,122.575,64.7,54.9,30.4,99.4,63.7,87.5,94.6,87.2,94.1,90.8,93.7,18.014000000000003,5,5,5,33.984
19.27,4.0,33.836,54.799,46.455,65.406,119.389,122.48700000000001,64.7,54.9,30.4,99.4,63.7,87.5,94.6,87.2,94.1,90.8,93.7,18.098,5,5,5,33.983000000000004
19.29,4.0,33.705,55.049,46.213,65.39500000000001,119.40700000000001,122.48700000000001,64.7,54.9,30.4,99.4,63.7,87.5,94.6,87.2,94.1,90.8,93.7,17.997,5,5,5,33.978
19.31,6.0,33.387,54.503,46.184,65.618,119.321,122.399,64.7,54.9,30.4,99.4,63.7,87.5,94.6,87.2,94.1,90.8,93.7,19.168,5,5,5,33.973
19.33,6.0,33.165,54.505,46.522,60.56100000000001,119.08,122.296,64.7,54.9,30.4,99.4,63.7,87.5,94.6,87.2,94.1,90.8,93.7,18.845,5,5,5,33.983000000000004
19.35,6.0,33.266999999999996,54.538000000000004,46.443999999999996,61.233999999999995,119.02799999999999,122.281,64.7,54.9,30.4,99.4,63.7,87.5,94.6,87.2,94.1,90.8,93.7,19.045,5,5,5,34.087
19.37,6.0,33.073,54.731,46.302,50.79600000000001,119.08,122.325,64.7,54.9,30.4,99.4,63.7,87.5,94.6,87.2,94.1,90.8,93.7,18.034,5,5,5,34.662
19.39,6.0,32.701,54.456,46.308,38.942,118.993,122.104,64.7,54.9,30.4,99.4,63.7,87.5,94.6,87.2,94.1,90.8,93.7,17.756999999999998,5,5,5,36.061
19.41,6.0,32.939,54.48,46.388000000000005,31.340999999999998,118.889,122.178,64.7,54.9,30.4,99.4,63.7,87.5,94.6,87.2,94.1,90.8,93.7,17.595999999999997,5,5,5,37.658
19.43,6.0,33.120999999999995,54.596000000000004,46.245,26.323,118.87200000000001,122.104,64.7,54.9,30.4,99.4,63.7,87.5,94.6,87.2,94.1,90.8,93.7,17.545,5,5,5,39.042
19.45,6.0,33.172,54.581,46.323,42.481,118.92399999999999,122.045,64.7,54.9,30.4,99.4,63.7,87.5,94.6,87.2,94.1,90.8,93.7,18.343,5,5,5,40.169
19.47,6.0,33.021,54.376000000000005,46.559,47.081,118.87200000000001,122.001,64.7,54.9,30.4,99.4,63.7,87.5,94.6,87.2,94.1,90.8,93.7,18.347,5,5,5,40.869
19.49,6.0,33.432,53.986999999999995,46.268,55.18600000000001,118.889,121.927,64.7,54.9,30.4,99.4,63.7,87.5,94.6,87.2,94.1,90.8,93.7,18.447000000000003,5,5,5,41.428
19.51,6.0,33.218,53.533,46.405,57.692,118.785,121.749,64.7,54.9,30.4,99.4,63.7,87.5,94.6,87.2,94.1,90.8,93.7,18.619,5,5,5,41.826
19.53,6.0,32.955,53.423,46.358999999999995,55.453,118.837,121.749,64.7,54.9,30.4,99.4,63.7,87.5,94.6,87.2,94.1,90.8,93.7,18.067,5,5,5,42.085
19.55,6.0,32.772,52.966,46.336000000000006,56.806000000000004,118.73299999999999,121.48100000000001,64.7,54.9,30.4,99.4,63.7,87.5,94.6,87.2,94.1,90.8,93.7,17.578,5,5,5,42.358000000000004
19.57,6.0,33.04,52.61600000000001,46.261,57.288999999999994,118.698,121.33200000000001,64.7,54.9,30.4,99.4,63.7,87.5,94.6,87.2,94.1,90.8,93.7,17.409,5,5,5,42.528
19.59,6.0,33.0,52.098,46.388999999999996,60.542,118.594,121.227,64.7,54.9,30.4,99.4,63.7,87.5,94.6,87.2,94.1,90.8,93.7,17.558,5,5,5,42.709
19.61,6.0,32.68300000000001,51.732,46.589,58.552,118.611,121.197,64.7,54.9,30.4,99.4,63.7,87.5,94.6,87.2,94.1,90.8,93.7,18.494999999999997,5,5,5,42.861999999999995
19.63,6.0,32.501,51.321000000000005,46.35,58.865,118.542,121.10700000000001,64.7,54.9,30.4,99.4,63.7,87.5,94.6,87.2,94.1,90.8,93.7,18.893,5,5,5,43.025
19.65,6.0,32.175,51.428000000000004,46.203,57.157,118.542,121.03200000000001,64.7,54.9,30.4,99.4,63.7,87.5,94.6,87.2,94.1,90.8,93.7,18.669,5,5,5,43.149
19.67,6.0,32.804,50.898,46.349,59.067,118.33200000000001,120.897,64.7,54.9,30.4,99.4,63.7,87.5,94.6,87.2,94.1,90.8,93.7,19.143,5,5,5,43.296
19.69,6.0,32.661,50.291000000000004,46.213,59.91,118.314,120.807,64.7,54.9,30.4,99.4,63.7,87.5,94.6,87.2,94.1,90.8,93.7,18.424,5,5,5,43.458
19.71,6.0,32.364000000000004,49.86,46.156000000000006,60.326,118.367,120.837,64.7,54.9,30.4,99.4,63.7,87.5,94.6,87.2,94.1,90.8,93.7,17.668,5,5,5,43.634
19.73,6.0,32.475,50.196999999999996,46.316,59.187,118.17399999999999,120.837,64.7,54.9,30.4,99.4,63.7,87.5,94.6,87.2,94.1,90.8,93.7,17.718,5,5,5,43.812
19.75,6.0,32.562,49.943999999999996,46.332,58.776,118.209,120.73200000000001,64.7,54.9,30.4,99.4,63.7,87.5,94.6,87.2,94.1,90.8,93.7,17.533,5,5,5,43.976
19.77,6.0,32.182,49.659,46.339,59.536,118.15700000000001,120.73200000000001,64.7,54.9,30.4,99.4,63.7,87.5,94.6,87.2,94.1,90.8,93.7,17.793,5,5,5,44.119
19.79,6.0,32.486000000000004,50.146,46.236999999999995,62.278,118.104,120.626,64.7,54.9,30.4,99.4,63.7,87.5,94.6,87.2,94.1,90.8,93.7,18.326,5,5,5,44.27
19.81,6.0,32.385999999999996,49.614,46.22,60.413000000000004,117.98100000000001,120.626,64.7,54.9,30.4,99.4,63.7,87.5,94.6,87.2,94.1,90.8,93.7,18.706,5,5,5,44.483000000000004
19.83,6.0,32.081999999999994,49.74100000000001,46.256,59.88,117.875,120.581,64.7,54.9,30.4,99.4,63.7,87.5,94.6,87.2,94.1,90.8,93.7,18.754,5,5,5,44.619
19.85,6.0,32.054,48.786,46.248999999999995,59.485,117.91,120.535,64.7,54.9,30.4,99.4,63.7,87.5,94.6,87.2,94.1,90.8,93.7,18.447000000000003,5,5,5,44.792
19.87,6.0,31.851,49.464,46.266999999999996,59.483000000000004,117.85700000000001,120.384,64.7,54.9,30.4,99.4,63.7,87.5,94.6,87.2,94.1,90.8,93.7,17.756999999999998,5,5,5,44.953
19.89,6.0,31.976999999999997,49.391000000000005,45.924,63.44,117.786,120.399,64.7,54.9,30.4,99.4,63.7,87.5,94.6,87.2,94.1,90.8,93.7,17.561,5,5,5,45.118
19.91,6.0,32.266999999999996,49.19,46.141999999999996,59.937,117.68,120.414,64.7,54.9,30.4,99.4,63.7,87.5,94.6,87.2,94.1,90.8,93.7,17.326,5,5,5,45.251
19.93,6.0,31.795,49.04,45.977,59.619,117.662,120.29299999999999,64.7,54.9,30.4,99.4,63.7,87.5,94.6,87.2,94.1,90.8,93.7,17.39,5,5,5,45.428000000000004
19.95,6.0,31.618000000000002,49.351000000000006,45.915,61.239,117.698,120.323,64.7,54.9,30.4,99.4,63.7,87.5,94.6,87.2,94.1,90.8,93.7,18.162,5,5,5,45.588
19.97,6.0,31.715,49.086000000000006,45.825,59.092,117.449,120.171,64.7,54.9,30.4,99.4,63.7,87.5,94.6,87.2,94.1,90.8,93.7,18.394,5,5,5,45.775
19.99,6.0,32.564,49.256,46.001000000000005,62.23,117.574,120.27799999999999,64.7,54.9,30.4,99.4,63.7,87.5,94.6,87.2,94.1,90.8,93.7,18.737000000000002,5,5,5,45.915
20.01,6.0,31.406,49.172,46.20399999999999,62.882,117.52,120.141,64.7,54.9,30.4,99.4,63.7,87.5,94.6,87.2,94.1,90.8,93.7,18.384999999999998,5,5,5,46.068000000000005
20.03,6.0,31.824,48.823,45.746,60.931000000000004,117.50299999999999,120.369,64.7,54.9,30.4,99.4,63.7,87.5,94.6,87.2,94.1,90.8,93.7,18.147,5,5,5,46.218
20.05,6.0,31.433000000000003,48.523,45.783,62.239,117.37799999999999,120.141,64.7,54.9,30.4,99.4,63.7,87.5,94.6,87.2,94.1,90.8,93.7,17.78,5,5,5,46.381
20.07,6.0,31.646,48.992,45.842,61.70399999999999,117.289,120.08,64.7,54.9,30.4,99.4,63.7,87.5,94.6,87.2,94.1,90.8,93.7,17.343,5,5,5,46.504
20.09,6.0,31.805999999999997,48.67100000000001,45.847,63.025,117.307,119.973,64.7,54.9,30.4,99.4,63.7,87.5,94.6,87.2,94.1,90.8,93.7,17.334000000000003,5,5,5,46.677
20.11,6.0,31.191999999999997,49.055,45.839,65.812,117.146,120.00399999999999,64.7,54.9,30.4,99.4,63.7,87.5,94.6,87.2,94.1,90.8,93.7,17.893,5,5,5,46.852
20.13,6.0,31.267,48.608000000000004,45.778,63.553999999999995,117.11,120.00399999999999,64.7,54.9,30.4,99.4,63.7,87.5,94.6,87.2,94.1,90.8,93.7,18.284,5,5,5,47.005
20.15,6.0,31.081,48.791000000000004,45.836999999999996,63.44,117.056,119.927,64.7,54.9,30.4,99.4,63.7,87.5,94.6,87.2,94.1,90.8,93.7,18.68,5,5,5,47.133
20.17,6.0,30.628,48.7,45.713,62.038999999999994,117.00200000000001,119.943,64.7,54.9,30.4,99.4,63.7,87.5,94.6,87.2,94.1,90.8,93.7,18.578,5,5,5,47.306999999999995
20.19,6.0,30.963,48.192,45.711,63.512,117.146,119.912,64.7,54.9,30.4,99.4,63.7,87.5,94.6,87.2,94.1,90.8,93.7,18.331,5,5,5,47.438
20.21,6.0,31.238000000000003,48.386,45.698,64.902,116.912,119.729,64.7,54.9,30.4,99.4,63.7,87.5,94.6,87.2,94.1,90.8,93.7,17.617,5,5,5,47.58
20.23,6.0,31.093000000000004,48.354,45.61,64.048,116.85799999999999,119.805,64.7,54.9,30.4,99.4,63.7,87.5,94.6,87.2,94.1,90.8,93.7,17.622,5,5,5,47.746
20.25,6.0,30.358,48.528999999999996,45.622,62.71,116.876,119.744,64.7,54.9,30.4,99.4,63.7,87.5,94.6,87.2,94.1,90.8,93.7,17.449,5,5,5,47.861999999999995
20.27,6.0,31.046,48.461999999999996,45.621,63.196000000000005,116.714,119.575,64.7,54.9,30.4,99.4,63.7,87.5,94.6,87.2,94.1,90.8,93.7,17.64,5,5,5,48.014
20.29,6.0,30.737,48.245,45.336,62.597,116.714,119.59100000000001,64.7,54.9,30.4,99.4,63.7,87.5,94.6,87.2,94.1,90.8,93.7,17.574,5,5,5,48.161
20.31,6.0,30.588,48.12,45.454,66.345,116.73200000000001,119.375,64.7,54.9,30.4,99.4,63.7,87.5,94.6,87.2,94.1,90.8,93.7,18.167,5,5,5,48.262
20.33,6.0,30.135,48.129,45.46,65.178,116.678,119.49799999999999,64.7,54.9,30.4,99.4,63.7,87.5,94.6,87.2,94.1,90.8,93.7,17.241,5,5,5,48.404
20.35,6.0,30.554000000000002,48.028,45.499,63.644,116.569,119.48299999999999,64.7,54.9,30.4,99.4,63.7,87.5,94.6,87.2,94.1,90.8,93.7,16.656,5,5,5,48.522
20.37,6.0,30.638,47.216,45.376999999999995,64.82,116.44200000000001,119.406,64.7,54.9,30.4,99.4,63.7,87.5,94.6,87.2,94.1,90.8,93.7,17.333,5,5,5,48.685
20.39,6.0,30.168000000000003,47.906000000000006,45.426,62.052,116.53299999999999,119.329,64.7,54.9,30.4,99.4,63.7,87.5,94.6,87.2,94.1,90.8,93.7,16.369999999999997,5,5,5,48.772
20.41,6.0,30.13,47.718999999999994,45.209,65.146,116.479,119.206,64.7,54.9,30.4,99.4,63.7,87.5,94.6,87.2,94.1,90.8,93.7,16.03,5,5,5,48.909
20.43,6.0,30.289,47.797,45.37,64.71100000000001,116.38799999999999,119.314,64.7,54.9,30.4,99.4,63.7,87.5,94.6,87.2,94.1,90.8,93.7,17.079,5,5,5,49.055
20.45,6.0,29.838,47.507,45.302,63.092,116.22399999999999,119.329,64.7,54.9,30.4,99.4,63.7,87.5,94.6,87.2,94.1,90.8,93.7,15.547,5,5,5,49.185
20.47,6.0,30.413,47.985,45.54,64.017,116.315,119.236,64.7,54.9,30.4,99.4,63.7,87.5,94.6,87.2,94.1,90.8,93.7,15.935,5,5,5,49.271
20.49,6.0,30.228,47.563,45.272,62.733999999999995,116.29700000000001,119.14399999999999,64.7,54.9,30.4,99.4,63.7,87.5,94.6,87.2,94.1,90.8,93.7,16.342,5,5,5,49.384
20.51,6.0,29.921,47.391999999999996,45.305,64.275,116.023,119.12799999999999,64.7,54.9,30.4,99.4,63.7,87.5,94.6,87.2,94.1,90.8,93.7,15.179,5,5,5,49.515
20.53,6.0,29.988000000000003,47.425,45.124,66.59700000000001,116.11399999999999,119.051,64.7,54.9,30.4,99.4,63.7,87.5,94.6,87.2,94.1,90.8,93.7,15.633,5,5,5,49.645
20.55,6.0,29.730999999999998,47.492,45.507,63.498999999999995,116.023,119.066,64.7,54.9,30.4,99.4,63.7,87.5,94.625,87.2,94.1,90.8,93.7,15.823,5,5,5,49.788000000000004
20.57,6.0,30.078000000000003,47.338,45.28,63.83,116.096,119.00399999999999,64.7,54.9,30.4,99.4,63.7,87.5,94.658,87.2,94.1,90.8,93.7,14.548,5,5,5,49.917
20.59,6.0,29.618000000000002,47.653999999999996,45.388000000000005,63.42100000000001,116.023,119.00399999999999,64.7,54.9,30.4,99.4,63.7,87.5,94.676,87.2,94.1,90.8,93.7,15.422,5,5,5,50.001999999999995
20.61,6.0,29.576,47.403,45.159,64.046,116.06,118.94200000000001,64.7,54.9,30.4,99.4,63.7,87.5,94.687,87.2,94.1,90.8,93.7,15.123,5,5,5,50.124
20.63,6.0,29.666999999999998,47.275,45.347,66.892,115.876,119.00399999999999,64.7,54.9,30.4,99.4,63.7,87.5,94.692,87.2,94.1,90.8,93.7,14.38,5,5,5,50.211
20.65,6.0,29.396,47.402,45.123000000000005,64.503,115.84,118.896,64.7,54.9,30.4,99.4,63.7,87.5,94.696,87.2,94.1,90.8,93.7,15.424000000000001,5,5,5,50.35
20.67,6.0,29.761,47.343999999999994,45.238,65.47399999999999,115.729,118.756,64.7,54.9,30.4,99.4,63.7,87.5,94.69800000000001,87.2,94.1,90.8,93.7,14.701,5,5,5,50.472
20.69,6.0,29.465,47.21,45.150999999999996,64.221,115.637,118.709,64.7,54.9,30.4,99.4,63.7,87.5,94.699,87.2,94.1,90.8,93.7,14.339,5,5,5,50.58
20.71,6.0,29.44,46.977,45.339,64.969,115.729,118.616,64.7,54.9,30.4,99.4,63.7,87.5,94.699,87.2,94.1,90.8,93.7,15.571,5,5,5,50.708
20.73,6.0,29.23,46.466,45.106,68.054,115.656,118.631,64.7,54.9,30.4,99.4,63.7,87.5,94.7,87.2,94.1,90.8,93.7,14.568,5,5,5,50.799
20.75,6.0,29.634,47.326,45.256,66.87,115.637,118.584,64.7,54.9,30.4,99.4,63.7,87.5,94.7,87.2,94.1,90.8,93.7,14.857000000000001,5,5,5,50.902
20.77,6.0,29.564,47.27,45.339,65.09,115.508,118.506,64.7,54.9,30.4,99.4,63.7,87.5,94.7,87.2,94.1,90.8,93.7,15.662,5,5,5,50.998000000000005
20.79,6.0,29.498,46.783,45.103,65.783,115.471,118.397,64.7,54.9,30.4,99.4,63.7,87.5,94.7,87.2,94.125,90.8,93.7,14.587,5,5,5,51.107
20.81,6.0,28.773000000000003,46.483000000000004,44.986,64.351,115.45200000000001,118.381,64.7,54.9,30.4,99.4,63.7,87.5,94.7,87.2,94.202,90.8,93.7,15.083,5,5,5,51.202
20.83,6.0,29.259,47.281000000000006,45.161,68.64699999999999,115.508,118.413,64.7,54.9,30.4,99.4,63.7,87.5,94.7,87.2,94.245,90.8,93.7,15.411,5,5,5,51.317
20.85,6.0,29.590999999999998,46.5,44.914,66.652,115.397,118.397,64.7,54.9,30.4,99.4,63.7,87.5,94.7,87.2,94.26899999999999,90.8,93.7,14.274,5,5,5,51.406000000000006
20.87,6.0,29.403000000000002,46.733999999999995,45.348,65.678,115.415,118.177,64.7,54.9,30.4,99.4,63.7,87.5,94.7,87.2,94.282,90.8,93.7,15.103,5,5,5,51.49100000000001
20.89,6.0,28.592,46.35,45.078,67.564,115.434,118.22399999999999,64.7,54.9,30.4,99.4,63.7,87.5,94.7,87.2,94.29,90.8,93.7,14.997,5,5,5,51.575
20.91,6.0,29.147,46.98,45.321999999999996,65.345,115.229,118.02,64.7,54.9,30.4,99.4,63.7,87.5,94.7,87.2,94.294,90.8,93.7,13.998,5,5,5,51.673
20.93,6.0,29.0,46.537,45.025,67.596,115.211,118.052,64.7,54.9,30.4,99.4,63.7,87.5,94.7,87.2,94.297,90.8,93.7,15.062000000000001,5,5,5,51.773999999999994
20.95,6.0,28.94,46.56399999999999,45.268,69.477,115.04299999999999,118.02,64.7,54.9,30.4,99.4,63.7,87.5,94.7,87.2,94.298,90.8,93.7,14.433,5,5,5,51.848
20.97,6.0,28.801,46.318999999999996,45.086999999999996,67.329,115.024,118.036,64.7,54.9,30.4,99.4,63.7,87.5,94.7,87.2,94.29899999999999,90.8,93.7,13.887,5,5,5,51.941
20.99,6.0,28.694000000000003,46.745,45.006,67.264,115.118,117.941,64.7,54.9,30.4,99.4,63.7,87.5,94.7,87.2,94.29899999999999,90.8,93.7,15.234,5,5,5,52.028999999999996
21.01,6.0,28.755,46.619,45.067,66.31899999999999,115.06200000000001,117.98899999999999,65.0,54.9,30.3,99.7,63.7,87.5,94.7,87.2,94.3,90.8,93.7,14.477,5,5,5,52.128
21.03,6.0,28.725,46.419,45.264,67.618,115.04299999999999,117.91,65.0,54.9,30.3,99.7,63.7,87.5,94.7,87.2,94.3,90.8,93.7,14.109,5,5,5,52.242
21.05,6.0,28.785999999999998,46.471000000000004,44.995,70.01100000000001,114.95,117.846,65.0,54.9,30.3,99.7,63.7,87.5,94.7,87.2,94.3,90.8,93.7,15.163,5,5,5,52.353
21.07,6.0,28.461,45.996,45.226,68.05799999999999,114.931,117.87799999999999,65.0,54.9,30.3,99.7,63.7,87.5,94.7,87.2,94.3,90.8,93.7,14.501,5,5,5,52.451
21.09,6.0,28.412,46.39,45.158,68.412,114.818,117.72,65.0,54.9,30.3,99.7,63.7,87.5,94.7,87.2,94.3,90.8,93.7,15.425999999999998,5,5,5,52.575
21.11,6.0,28.337,46.214,44.988,67.06700000000001,114.743,117.67200000000001,65.0,54.9,30.3,99.7,63.7,87.5,94.7,87.2,94.3,90.8,93.7,15.661,5,5,5,52.708
21.13,6.0,28.285,45.875,45.023,68.152,114.649,117.65700000000001,65.0,54.9,30.3,99.7,63.7,87.5,94.7,87.2,94.3,90.8,93.7,14.196,5,5,5,52.843
21.15,6.0,28.415,46.247,44.986,71.292,114.649,117.48200000000001,65.0,54.9,30.3,99.7,63.7,87.5,94.7,87.2,94.3,90.8,93.7,15.016,5,5,5,52.955
21.17,6.0,27.929000000000002,45.927,44.996,69.041,114.48,117.49799999999999,65.0,54.9,30.3,99.7,63.7,87.5,94.7,87.2,94.3,90.8,93.7,15.311,5,5,5,53.082
21.19,6.0,28.244,46.162,45.095,68.97200000000001,114.649,117.46600000000001,65.0,54.9,30.3,99.7,63.7,87.5,94.7,87.2,94.3,90.8,93.7,14.01,5,5,5,53.25899999999999
21.21,6.0,28.095,46.073,44.865,69.66,114.42299999999999,117.38600000000001,65.0,54.9,30.3,99.7,63.7,87.5,94.7,87.2,94.3,90.8,93.7,15.183,5,5,5,53.361000000000004
21.23,6.0,27.877,46.325,44.985,68.43,114.555,117.38600000000001,65.0,54.9,30.3,99.7,63.7,87.5,94.7,87.2,94.3,90.8,93.7,14.763,5,5,5,53.547
21.25,6.0,27.8,45.783,44.948,73.092,114.385,117.307,65.0,54.9,30.3,99.7,63.7,87.5,94.7,87.2,94.3,90.8,93.7,13.777999999999999,5,5,5,53.681000000000004
21.27,6.0,28.013,45.931,45.148,72.19800000000001,114.44200000000001,117.307,65.0,54.9,30.3,99.7,63.7,87.5,94.7,87.2,94.3,90.8,93.7,15.126,5,5,5,53.833
21.29,6.0,27.781999999999996,46.012,45.058,69.624,114.34700000000001,117.37100000000001,65.0,54.9,30.3,99.7,63.7,87.5,94.7,87.2,94.3,90.8,93.7,14.115,5,5,5,54.013999999999996
21.31,6.0,28.003,45.596,44.989000000000004,71.283,114.271,117.259,65.0,54.9,30.3,99.7,63.7,87.5,94.7,87.2,94.3,90.8,93.7,14.709,5,5,5,54.15
21.33,6.0,27.596999999999998,45.903,44.806999999999995,68.706,114.271,117.243,65.0,54.9,30.3,99.7,63.7,87.5,94.7,87.2,94.3,90.8,93.7,12.815999999999999,5,5,5,54.313
21.35,6.0,27.755,45.781,44.806999999999995,71.788,114.271,117.275,65.0,54.9,30.3,99.7,63.7,87.5,94.7,87.2,94.3,90.8,93.7,13.802,5,5,5,54.451
21.37,6.0,27.502,45.78,44.788000000000004,72.32300000000001,114.23299999999999,117.195,65.0,54.9,30.3,99.7,63.7,87.5,94.7,87.2,94.3,90.8,93.7,13.226,5,5,5,54.643
21.39,6.0,27.503,45.458,45.012,69.509,114.176,117.131,65.0,54.9,30.3,99.7,63.7,87.5,94.7,87.2,94.3,90.8,93.7,12.827000000000002,5,5,5,54.824
21.41,6.0,27.153000000000002,45.458,44.804,70.847,114.081,116.98700000000001,65.0,54.9,30.3,99.7,63.7,87.5,94.7,87.2,94.3,90.8,93.7,13.17,5,5,5,54.953
21.43,6.0,27.651999999999997,45.596,44.976,69.642,114.1,117.06700000000001,65.0,54.9,30.3,99.7,63.7,87.5,94.7,87.2,94.3,90.8,93.7,12.004,5,5,5,55.148999999999994
21.45,6.0,27.555,45.501,44.645,71.319,114.119,117.051,65.0,54.9,30.3,99.7,63.7,87.5,94.7,87.2,94.3,90.8,93.7,13.003,5,5,5,55.288999999999994
21.47,6.0,27.589000000000002,45.842,44.963,74.807,114.081,116.955,65.0,54.9,30.3,99.7,63.7,87.5,94.7,87.2,94.3,90.8,93.7,11.190000000000001,5,5,5,55.464
21.49,6.0,27.285999999999998,45.562,44.836,70.947,113.775,116.98700000000001,65.0,54.9,30.3,99.7,63.7,87.5,94.7,87.2,94.3,90.8,93.7,12.377,5,5,5,55.623999999999995
21.51,6.0,27.604,45.376999999999995,44.951,70.532,113.87100000000001,117.06700000000001,65.0,54.9,30.3,99.7,63.7,87.5,94.7,87.2,94.3,90.8,93.7,12.074,5,5,5,55.791000000000004
21.53,6.0,26.945999999999998,45.357,44.884,69.413,113.89,116.92299999999999,65.0,54.9,30.3,99.7,63.7,87.5,94.7,87.2,94.3,90.8,93.7,11.881,5,5,5,55.943999999999996
21.55,6.0,27.26,45.369,45.083,70.557,113.87100000000001,116.859,65.0,54.9,30.3,99.7,63.7,87.5,94.7,87.2,94.3,90.8,93.7,12.135,5,5,5,56.138000000000005
21.57,6.0,27.267,45.532,44.674,72.39699999999999,113.89,116.859,65.0,54.9,30.3,99.7,63.7,87.5,94.7,87.2,94.3,90.8,93.7,11.292000000000002,5,5,5,56.273
21.59,6.0,27.1,45.403,44.958,69.758,113.756,116.74600000000001,65.0,54.9,30.3,99.7,63.7,87.5,94.7,87.2,94.3,90.8,93.7,12.426,5,5,5,56.449
21.61,6.0,27.21,45.661,44.709,70.917,113.775,116.762,65.0,54.9,30.3,99.7,63.7,87.5,94.7,87.2,94.3,90.8,93.7,11.033999999999999,5,5,5,56.638000000000005
21.63,6.0,27.239,45.347,44.817,70.34,113.66,116.681,65.0,54.9,30.3,99.7,63.7,87.5,94.7,87.2,94.3,90.8,93.7,11.753,5,5,5,56.806999999999995
21.65,6.0,27.155,45.321,44.580999999999996,70.157,113.62200000000001,116.617,65.0,54.9,30.3,99.7,63.7,87.5,94.7,87.2,94.3,90.8,93.7,12.128,5,5,5,56.966
21.67,6.0,27.183000000000003,45.316,44.745,74.49600000000001,113.603,116.552,65.0,54.9,30.3,99.7,63.7,87.5,94.7,87.2,94.3,90.8,93.7,11.504999999999999,5,5,5,57.13
21.69,6.0,26.753,45.295,44.757,73.009,113.603,116.42299999999999,65.0,54.9,30.3,99.7,63.7,87.5,94.7,87.2,94.3,90.8,93.7,11.997,5,5,5,57.29600000000001
21.71,6.0,27.131,44.974000000000004,44.84,70.678,113.39,116.42299999999999,65.0,54.9,30.3,99.7,63.7,87.5,94.7,87.2,94.3,90.8,93.7,10.875,5,5,5,57.452
21.73,6.0,26.585,44.705999999999996,44.799,72.899,113.41,116.50399999999999,65.0,54.9,30.3,99.7,63.7,87.5,94.7,87.2,94.3,90.8,93.7,12.472000000000001,5,5,5,57.646
21.75,6.0,26.925,44.783,44.663000000000004,69.887,113.33200000000001,116.40700000000001,65.0,54.9,30.3,99.7,63.7,87.5,94.7,87.2,94.3,90.8,93.7,11.120000000000001,5,5,5,57.806999999999995
21.77,6.0,26.901999999999997,45.051,44.812,73.833,113.33200000000001,116.42299999999999,65.0,54.9,30.3,99.7,63.7,87.5,94.7,87.2,94.3,90.8,93.7,11.558,5,5,5,57.977
21.79,6.0,26.796999999999997,44.802,44.788000000000004,73.058,113.255,116.374,65.0,54.9,30.3,99.7,63.7,87.5,94.7,87.2,94.3,90.8,93.7,11.306000000000001,5,5,5,58.17
21.81,6.0,26.664,44.995,44.602,71.536,113.235,116.26100000000001,65.0,54.9,30.3,99.7,63.7,87.5,94.7,87.2,94.3,90.8,93.7,11.347000000000001,5,5,5,58.343
21.83,6.0,25.906,45.147,44.897,72.2,113.294,116.212,65.0,54.9,30.3,99.7,63.7,87.5,94.7,87.2,94.3,90.8,93.7,11.952000000000002,5,5,5,58.536
21.85,6.0,26.693,44.664,44.335,70.248,113.1,116.18,65.0,54.9,30.3,99.7,63.7,87.5,94.7,87.2,94.3,90.8,93.7,10.722999999999999,5,5,5,58.707
21.87,6.0,26.288,44.435,44.596,72.421,113.15799999999999,116.26100000000001,65.0,54.9,30.3,99.7,63.7,87.5,94.7,87.2,94.3,90.8,93.7,12.302,5,5,5,58.906000000000006
21.89,6.0,26.073,44.755,44.542,75.512,113.1,116.196,65.0,54.9,30.3,99.7,63.7,87.5,94.7,87.2,94.3,90.8,93.7,11.299,5,5,5,59.053000000000004
21.91,6.0,26.086,44.771,44.659,71.604,113.041,116.196,65.0,54.9,30.3,99.7,63.7,87.5,94.7,87.2,94.3,90.8,93.7,11.204,5,5,5,59.201
21.93,6.0,26.386999999999997,44.576,44.56,71.313,113.08,116.098,65.0,54.9,30.3,99.7,63.7,87.5,94.7,87.2,94.3,90.8,93.7,11.613,5,5,5,59.381
21.95,6.0,26.195,44.525999999999996,44.751999999999995,70.783,113.041,115.935,65.0,54.9,30.3,99.7,63.7,87.5,94.7,87.2,94.3,90.8,93.7,10.998,5,5,5,59.566
21.97,6.0,25.906,44.031,44.753,71.7,113.041,116.03299999999999,65.0,54.9,30.3,99.7,63.7,87.5,94.7,87.2,94.3,90.8,93.7,11.879999999999999,5,5,5,59.742
21.99,6.0,26.29,44.266,44.588,73.752,113.061,116.0,65.0,54.9,30.3,99.7,63.7,87.5,94.7,87.2,94.3,90.8,93.7,10.332999999999998,5,5,5,59.902
22.01,6.0,25.88,44.208,44.659,71.056,112.787,115.919,65.0,54.9,30.3,99.7,63.7,87.5,94.7,87.2,94.3,90.8,93.7,11.754999999999999,5,5,5,60.106
22.03,6.0,26.709,44.287,44.484,71.502,112.82600000000001,115.853,65.0,54.9,30.3,99.7,63.7,87.5,94.7,87.2,94.3,90.8,93.7,11.142,5,5,5,60.254
22.05,6.0,26.163,44.726,44.419000000000004,69.973,112.728,115.837,65.0,54.9,30.3,99.7,63.7,87.5,94.7,87.2,94.3,90.8,93.7,11.103,5,5,5,60.452
22.07,6.0,25.765,44.385999999999996,44.65,70.615,112.67,115.65700000000001,65.0,54.9,30.3,99.7,63.7,87.5,94.7,87.2,94.3,90.8,93.7,11.449,5,5,5,60.651
22.09,6.0,26.055999999999997,44.159,44.677,74.891,112.67,115.59100000000001,65.0,54.9,30.3,99.7,63.7,87.5,94.7,87.2,94.3,90.8,93.7,10.827000000000002,5,5,5,60.802
22.11,6.0,26.418000000000003,44.297,44.321,72.83,112.611,115.492,65.0,54.9,30.3,99.7,63.7,87.5,94.7,87.2,94.3,90.8,93.7,11.803,5,5,5,60.981
22.13,6.0,25.988000000000003,43.586999999999996,44.477,70.935,112.59100000000001,115.60700000000001,65.0,54.9,30.3,99.7,63.7,87.5,94.7,87.2,94.3,90.8,93.7,10.115,5,5,5,61.156000000000006
22.15,6.0,25.638,44.283,44.561,72.283,112.552,115.542,65.0,54.9,30.3,99.7,63.7,87.5,94.7,87.2,94.3,90.8,93.7,11.631,5,5,5,61.31399999999999
22.17,6.0,25.671,44.288000000000004,44.525999999999996,70.319,112.45299999999999,115.59100000000001,65.0,54.9,30.3,99.7,63.7,87.5,94.7,87.2,94.3,90.8,93.7,11.299,5,5,5,61.508
22.19,6.0,25.137999999999998,44.244,44.722,74.66199999999999,112.43299999999999,115.64,65.0,54.9,30.3,99.7,63.7,87.5,94.7,87.2,94.3,90.8,93.7,11.059000000000001,5,5,5,61.696000000000005
22.21,6.0,25.927,44.121,44.371,74.2,112.552,115.525,65.0,54.9,30.3,99.7,63.7,87.5,94.7,87.2,94.3,90.8,93.7,11.3,5,5,5,61.86600000000001
22.23,6.0,25.659000000000002,44.446,44.45,72.248,112.473,115.525,65.0,54.9,30.3,99.7,63.7,87.5,94.7,87.2,94.3,90.8,93.7,10.648,5,5,5,62.027
22.25,6.0,25.422,43.899,44.211,73.25,112.255,115.443,65.0,54.9,30.3,99.7,63.7,87.5,94.7,87.2,94.3,90.8,93.7,12.157,5,5,5,62.22
22.27,6.0,25.584,43.993,44.623000000000005,70.827,112.275,115.426,65.0,54.9,30.3,99.7,63.7,87.5,94.7,87.2,94.3,90.8,93.7,10.562000000000001,5,5,5,62.386
22.29,6.0,25.425,43.805,44.522,73.35,112.255,115.41,65.0,54.9,30.3,99.7,63.7,87.5,94.7,87.2,94.3,90.8,93.7,11.387,5,5,5,62.586000000000006
22.31,6.0,25.519000000000002,43.664,44.518,75.834,112.07700000000001,115.426,65.0,54.9,30.3,99.7,63.7,87.5,94.7,87.2,94.3,90.8,93.75,11.57,5,5,5,62.747
22.33,6.0,25.007,43.994,44.241,71.885,111.99700000000001,115.37700000000001,65.0,54.9,30.3,99.7,63.7,87.5,94.7,87.2,94.3,90.8,93.816,11.303999999999998,5,5,5,62.928000000000004
22.35,6.0,25.385,43.727,44.435,71.845,112.117,115.11200000000001,65.0,54.9,30.3,99.7,63.7,87.587,94.7,87.2,94.3,90.8,93.85300000000001,11.75,5,5,5,63.113
22.37,6.0,25.358,43.606,44.396,72.03399999999999,112.156,115.212,65.0,54.9,30.3,99.7,63.7,87.637,94.7,87.2,94.3,90.8,93.873,11.178,5,5,5,63.284
22.39,6.0,25.45,43.508,44.468,72.764,112.176,115.245,65.0,54.9,30.3,99.7,63.7,87.664,94.7,87.2,94.3,90.8,93.885,11.585,5,5,5,63.471000000000004
22.41,6.0,25.043,43.859,44.514,75.32300000000001,112.176,115.079,65.0,54.9,30.3,99.7,63.7,87.68,94.7,87.2,94.3,90.8,93.892,11.169,5,5,5,63.655
22.43,6.0,25.242,43.736,44.425,72.461,111.897,115.212,65.0,54.9,30.3,99.7,63.7,87.689,94.7,87.2,94.3,90.8,93.895,11.748999999999999,5,5,5,63.835
22.45,6.0,25.274,43.303000000000004,44.328,72.28699999999999,112.057,114.979,65.0,54.9,30.3,99.7,63.7,87.694,94.7,87.2,94.3,90.8,93.89699999999999,11.222999999999999,5,5,5,63.993
22.47,6.0,25.049,43.16,44.429,70.751,111.95700000000001,115.06200000000001,65.0,54.9,30.3,99.7,63.7,87.696,94.7,87.2,94.3,90.8,93.898,13.05,5,5,5,64.197
22.49,6.0,25.012,43.013000000000005,44.259,72.029,111.917,115.046,65.0,54.9,30.3,99.7,63.7,87.69800000000001,94.7,87.2,94.3,90.8,93.899,11.117,5,5,5,64.376
22.51,6.0,24.84,43.434,44.209,74.485,111.917,114.896,65.0,54.9,30.3,99.7,63.7,87.699,94.7,87.2,94.3,90.8,93.9,12.49,5,5,5,64.554
22.53,6.0,25.026,43.181,44.296,72.11399999999999,111.977,114.896,65.0,54.9,30.3,99.7,63.7,87.699,94.7,87.2,94.3,90.8,93.9,11.082999999999998,5,5,5,64.71199999999999
22.55,6.0,24.872,43.15,44.397,71.271,111.637,114.946,65.0,54.9,30.3,99.7,63.7,87.7,94.7,87.2,94.3,90.8,93.9,12.129999999999999,5,5,5,64.904
22.57,6.0,25.012,42.945,44.16,71.27199999999999,111.77799999999999,114.946,65.0,54.9,30.3,99.7,63.7,87.7,94.7,87.26899999999999,94.3,90.8,93.9,11.461,5,5,5,65.07300000000001
22.59,6.0,25.049,43.402,44.113,70.039,111.818,114.929,65.0,54.9,30.3,99.7,63.7,87.7,94.7,87.32600000000001,94.3,90.8,93.9,11.889,5,5,5,65.263
22.61,6.0,24.727999999999998,43.211,44.413000000000004,75.018,111.77799999999999,114.829,65.0,54.9,30.3,99.7,63.7,87.7,94.7,87.358,94.3,90.8,93.9,12.585,5,5,5,65.426
22.63,6.0,24.495,43.559,44.51,73.455,111.677,114.729,65.0,54.9,30.3,99.7,63.7,87.7,94.7,87.377,94.3,90.8,93.9,11.615,5,5,5,65.598
22.65,6.0,24.592,42.832,44.288000000000004,71.53699999999999,111.49600000000001,114.729,65.0,54.9,30.3,99.7,63.7,87.7,94.7,87.387,94.3,90.8,93.9,11.904,5,5,5,65.75800000000001
22.67,6.0,24.22,42.495,44.499,72.905,111.537,114.796,65.0,54.9,30.3,99.7,63.7,87.7,94.7,87.393,94.3,90.8,93.9,11.763,5,5,5,65.949
22.69,6.0,24.079,42.826,44.38,70.747,111.557,114.74600000000001,65.0,54.9,30.3,99.7,63.7,87.7,94.7,87.396,94.3,90.8,93.9,11.93,5,5,5,66.11600000000001
22.71,6.0,24.272000000000002,43.266999999999996,44.486,74.068,111.557,114.729,65.0,54.9,30.3,99.7,63.7,87.7,94.7,87.398,94.3,90.8,93.9,11.695,5,5,5,66.304
22.73,6.0,24.233,42.955,44.146,74.233,111.516,114.596,65.0,54.9,30.3,99.7,63.7,87.7,94.7,87.399,94.3,90.8,93.9,12.102,5,5,5,66.454
22.75,6.0,24.209,42.818000000000005,44.225,71.905,111.416,114.579,65.0,54.9,30.3,99.7,63.7,87.7,94.7,87.399,94.3,90.8,93.9,11.324,5,5,5,66.67
22.77,6.0,24.195,42.207,44.358000000000004,73.01,111.49600000000001,114.61200000000001,65.0,54.9,30.3,99.7,63.7,87.7,94.7,87.4,94.3,90.8,93.9,12.52,5,5,5,66.81700000000001
22.79,6.0,23.949,42.641999999999996,44.343,71.538,111.476,114.696,65.0,54.9,30.3,99.7,63.7,87.7,94.7,87.4,94.3,90.8,93.9,11.019,5,5,5,67.03999999999999
22.81,6.0,23.715999999999998,42.634,44.122,73.503,111.315,114.512,65.0,54.9,30.3,99.7,63.7,87.7,94.7,87.4,94.3,90.8,93.9,12.719999999999999,5,5,5,67.21000000000001
22.83,6.0,23.655,43.006,44.309,76.83,111.274,114.445,65.0,54.9,30.3,99.7,63.7,87.7,94.7,87.4,94.3,90.8,93.9,11.207999999999998,5,5,5,67.378
22.85,6.0,24.284000000000002,42.397,44.234,73.081,111.213,114.428,65.0,54.9,30.3,99.7,63.7,87.7,94.7,87.4,94.3,90.8,93.9,12.492,5,5,5,67.56
22.87,6.0,24.032,42.841,44.315,71.991,111.274,114.411,65.0,54.9,30.3,99.7,63.7,87.7,94.7,87.4,94.3,90.8,93.9,11.205,5,5,5,67.755
22.89,6.0,23.706,42.254,44.311,71.649,111.132,114.445,65.0,54.9,30.3,99.7,63.7,87.7,94.7,87.4,94.3,90.8,93.9,12.568999999999999,5,5,5,67.924
22.91,6.0,23.915,42.602,44.236999999999995,72.43,111.09200000000001,114.31,65.0,54.9,30.3,99.7,63.7,87.7,94.7,87.4,94.3,90.8,93.9,11.359,5,5,5,68.123
22.93,6.0,23.687,42.792,44.163000000000004,74.839,111.051,114.29299999999999,65.0,54.9,30.3,99.7,63.7,87.7,94.7,87.4,94.3,90.8,93.9,11.906,5,5,5,68.28999999999999
22.95,6.0,23.878,42.454,44.31,72.60600000000001,111.09200000000001,114.19200000000001,65.0,54.9,30.3,99.7,63.7,87.7,94.7,87.4,94.3,90.8,93.9,11.963,5,5,5,68.476
22.97,6.0,23.991,42.653,44.246,72.285,111.01,114.277,65.0,54.9,30.3,99.7,63.7,87.7,94.7,87.4,94.3,90.8,93.9,11.752,5,5,5,68.65
22.99,6.0,24.022000000000002,42.22,44.097,70.589,111.051,114.175,65.0,54.9,30.3,99.7,63.7,87.7,94.7,87.4,94.3,90.8,93.9,12.068999999999999,5,5,5,68.83600000000001
23.01,6.0,23.311,42.733000000000004,44.18,71.59899999999999,111.031,114.057,65.2,55.0,30.3,100.2,63.8,87.7,94.7,87.4,94.3,90.8,93.9,11.729,5,5,5,69.02000000000001
23.03,6.0,23.674,42.563,44.214,75.417,110.929,114.10799999999999,65.2,55.0,30.3,100.2,63.8,87.7,94.7,87.4,94.3,90.8,93.9,12.092,5,5,5,69.189
23.05,6.0,23.69,42.409,44.137,73.726,110.88799999999999,114.15899999999999,65.2,55.0,30.3,100.2,63.8,87.7,94.7,87.4,94.3,90.8,93.9,11.666,5,5,5,69.35300000000001
23.07,6.0,23.235,42.094,44.193000000000005,71.6,110.867,114.09100000000001,65.2,55.0,30.3,100.2,63.8,87.7,94.7,87.4,94.3,90.8,93.9,12.27,5,5,5,69.55
23.09,6.0,23.599,42.427,44.156,72.37899999999999,110.929,114.074,65.2,55.0,30.3,100.2,63.8,87.7,94.7,87.4,94.3,90.8,93.9,11.506,5,5,5,69.721
23.11,6.0,23.699,42.624,44.171,69.789,111.01,114.09100000000001,65.2,55.0,30.3,100.2,63.8,87.7,94.7,87.4,94.3,90.8,93.9,12.532,5,5,5,69.894
23.13,6.0,23.886,41.895,43.994,74.08800000000001,110.929,114.074,65.2,55.0,30.3,100.2,63.8,87.7,94.7,87.4,94.3,90.8,93.9,11.325,5,5,5,70.08699999999999
23.15,6.0,23.177,42.742,44.287,72.84100000000001,110.82600000000001,114.023,65.2,55.0,30.3,100.2,63.8,87.7,94.7,87.4,94.3,90.8,93.9,12.658999999999999,5,5,5,70.268
23.17,6.0,23.677,42.705999999999996,44.157,71.115,110.867,113.956,65.2,55.0,30.3,100.2,63.8,87.7,94.7,87.4,94.3,90.8,93.9,11.029,5,5,5,70.434
23.19,6.0,23.430999999999997,42.756,43.85,72.708,110.62100000000001,113.956,65.2,55.0,30.3,100.2,63.8,87.7,94.7,87.4,94.3,90.8,93.9,12.821000000000002,5,5,5,70.61600000000001
23.21,6.0,23.335,42.154,43.935,70.594,110.64200000000001,113.82,65.2,55.0,30.3,100.2,63.8,87.7,94.7,87.4,94.3,90.8,93.9,11.01,5,5,5,70.787
23.23,6.0,23.073,41.965,44.104,73.335,110.58,113.70100000000001,65.2,55.0,30.3,100.2,63.8,87.7,94.7,87.4,94.3,90.8,93.9,12.472999999999999,5,5,5,70.964
23.25,6.0,23.1,42.125,44.236,75.52600000000001,110.49799999999999,113.87100000000001,65.2,55.0,30.3,100.2,63.8,87.7,94.7,87.4,94.3,90.8,93.9,11.387,5,5,5,71.141
23.27,6.0,23.229,41.908,44.053000000000004,73.017,110.64200000000001,113.92200000000001,65.2,55.0,30.3,100.2,63.8,87.7,94.7,87.4,94.3,90.8,93.9,11.885,5,5,5,71.334
23.29,6.0,23.73,41.87,43.908,72.352,110.68299999999999,113.854,65.2,55.0,30.3,100.2,63.8,87.7,94.7,87.4,94.3,90.8,93.9,12.715,5,5,5,71.523
23.31,6.0,23.255,41.952,44.16,72.23,110.477,113.70100000000001,65.2,55.0,30.3,100.2,63.8,87.7,94.7,87.4,94.3,90.8,93.9,11.467,5,5,5,71.707
23.33,6.0,23.239,41.781,43.948,72.86,110.374,113.65,65.2,55.0,30.3,100.2,63.8,87.7,94.7,87.4,94.3,90.8,93.9,12.773,5,5,5,71.881
23.35,6.0,22.410999999999998,41.65,44.04,75.039,110.49799999999999,113.49600000000001,65.2,55.0,30.3,100.2,63.8,87.7,94.7,87.4,94.3,90.8,93.9,11.817,5,5,5,72.071
23.37,6.0,22.793,41.857,43.985,72.718,110.51899999999999,113.667,65.2,55.0,30.3,100.2,63.8,87.7,94.7,87.4,94.3,90.8,93.9,12.763,5,5,5,72.227
23.39,6.0,23.028,41.765,43.928000000000004,72.973,110.395,113.49600000000001,65.2,55.0,30.3,100.2,63.8,87.7,94.7,87.4,94.3,90.8,93.9,12.105,5,5,5,72.424
23.41,6.0,22.989,42.098,44.129,71.03,110.25,113.59899999999999,65.2,55.0,30.3,100.2,63.8,87.7,94.7,87.4,94.3,90.887,93.9,12.871,5,5,5,72.636
23.43,6.0,22.52,41.578,44.106,71.91199999999999,110.209,113.428,65.2,55.0,30.3,100.2,63.8,87.7,94.7,87.4,94.3,90.937,93.9,12.391,5,5,5,72.795
23.45,6.0,22.477,41.82,43.89,75.385,110.25,113.49600000000001,65.2,55.0,30.3,100.2,63.8,87.7,94.7,87.4,94.3,90.964,93.9,12.748,5,5,5,72.976
23.47,6.0,23.029,41.696,43.912,73.476,110.229,113.411,65.2,55.0,30.3,100.2,63.8,87.7,94.7,87.4,94.3,90.98,93.9,12.509,5,5,5,73.136
23.49,6.0,22.564,41.616,43.88,71.737,110.18799999999999,113.376,65.2,55.0,30.3,100.2,63.8,87.7,94.7,87.4,94.3,90.98899999999999,93.9,12.494,5,5,5,73.34
23.51,6.0,22.824,41.558,43.933,72.762,110.042,113.49600000000001,65.2,55.0,30.3,100.2,63.8,87.7,94.7,87.4,94.3,90.994,93.9,12.998999999999999,5,5,5,73.49000000000001
23.53,6.0,22.903,41.479,43.931999999999995,70.544,110.084,113.273,65.2,55.0,30.3,100.2,63.8,87.7,94.7,87.4,94.3,90.99600000000001,93.9,11.911000000000001,5,5,5,73.69300000000001
23.55,6.0,23.035,41.518,43.909,75.256,110.06299999999999,113.411,65.2,55.0,30.3,100.2,63.8,87.7,94.7,87.4,94.3,90.998,93.9,13.434,5,5,5,73.88499999999999
23.57,6.0,22.743,41.211,43.846,73.012,110.021,113.17,65.2,55.0,30.3,100.2,63.8,87.7,94.7,87.4,94.3,90.999,93.9,11.89,5,5,5,74.035
23.59,6.0,22.049,41.723,43.711,70.766,110.042,113.256,65.2,55.0,30.3,100.2,63.8,87.7,94.7,87.4,94.3,90.999,93.9,13.522,5,5,5,74.238
23.61,6.0,22.928,41.42,43.895,72.785,109.93799999999999,113.376,65.2,55.0,30.3,100.2,63.8,87.7,94.7,87.4,94.3,91.0,93.9,12.104,5,5,5,74.42
23.63,6.0,22.575,41.214,43.855,69.69800000000001,109.834,113.273,65.2,55.0,30.3,100.2,63.8,87.7,94.7,87.4,94.3,91.0,93.9,13.302,5,5,5,74.596
23.65,6.0,22.409000000000002,41.107,44.054,72.75399999999999,109.875,113.15299999999999,65.2,55.0,30.3,100.2,63.8,87.7,94.7,87.4,94.3,91.0,93.9,12.32,5,5,5,74.786
23.67,6.0,22.142,41.321999999999996,43.979,74.07300000000001,109.792,113.119,65.2,55.0,30.3,100.2,63.8,87.7,94.7,87.4,94.3,91.0,93.9,13.237,5,5,5,74.947
23.69,6.0,22.278,41.455999999999996,43.885,70.694,109.792,113.101,65.2,55.0,30.3,100.2,63.8,87.7,94.7,87.4,94.3,91.0,93.9,12.455,5,5,5,75.126
23.71,6.0,22.573,41.387,44.103,72.027,109.875,112.99799999999999,65.2,55.0,30.3,100.2,63.8,87.7,94.7,87.4,94.3,91.0,93.9,13.083,5,5,5,75.296
23.73,6.0,21.933,41.169000000000004,43.914,71.303,109.792,112.912,65.2,55.0,30.3,100.2,63.8,87.7,94.7,87.4,94.3,91.0,93.9,12.562000000000001,5,5,5,75.468
23.75,6.0,21.967,41.115,43.953,72.582,109.729,112.929,65.2,55.0,30.3,100.2,63.8,87.7,94.7,87.4,94.3,91.0,93.9,13.187999999999999,5,5,5,75.67
23.77,6.0,22.101,41.318000000000005,43.915,76.14,109.624,112.929,65.2,55.0,30.3,100.2,63.8,87.7,94.7,87.4,94.3,91.0,93.9,12.777000000000001,5,5,5,75.86399999999999
23.79,6.0,21.871,41.278,43.861999999999995,73.715,109.624,112.99799999999999,65.2,55.0,30.3,100.2,63.8,87.7,94.7,87.4,94.3,91.0,93.9,12.885,5,5,5,76.017
23.81,6.0,21.524,41.051,44.061,72.256,109.561,112.98100000000001,65.2,55.0,30.3,100.2,63.8,87.7,94.7,87.4,94.3,91.0,93.9,13.249,5,5,5,76.226
23.83,6.0,21.889,41.51,43.687,69.711,109.476,112.89399999999999,65.2,55.0,30.3,100.2,63.8,87.7,94.7,87.4,94.3,91.0,93.9,12.178,5,5,5,76.416
23.85,6.0,22.041,40.632,43.988,72.229,109.413,112.87700000000001,65.2,55.0,30.3,100.2,63.8,87.7,94.7,87.4,94.3,91.0,93.9,13.707,5,5,5,76.572
23.87,6.0,21.998,41.03,43.900999999999996,75.45100000000001,109.476,112.652,65.2,55.0,30.3,100.2,63.8,87.7,94.7,87.4,94.3,91.0,93.9,11.989,5,5,5,76.768
23.89,6.0,21.83,41.033,43.824,72.57300000000001,109.413,112.721,65.2,55.0,30.3,100.2,63.8,87.7,94.7,87.4,94.3,91.0,93.9,13.737,5,5,5,76.928
23.91,6.0,22.367,41.035,43.719,72.317,109.35,112.756,65.2,55.0,30.3,100.2,63.8,87.7,94.7,87.4,94.3,91.0,93.9,12.419,5,5,5,77.12899999999999
23.93,6.0,22.032,40.699,43.617,72.209,109.32799999999999,112.59899999999999,65.2,55.0,30.3,100.2,63.8,87.7,94.7,87.4,94.3,91.0,93.9,13.762,5,5,5,77.28399999999999
23.95,6.0,21.794,40.568000000000005,43.744,71.21,109.455,112.704,65.2,55.0,30.3,100.2,63.8,87.7,94.7,87.4,94.3,91.0,93.9,12.489,5,5,5,77.47
23.97,6.0,21.637,40.611999999999995,43.889,76.08,109.22200000000001,112.477,65.2,55.0,30.3,100.2,63.8,87.7,94.7,87.4,94.3,91.0,93.9,13.399,5,5,5,77.648
23.99,6.0,22.012,40.459,43.760999999999996,74.936,109.22200000000001,112.652,65.2,55.0,30.3,100.2,63.8,87.7,94.7,87.4,94.3,91.0,93.9,12.690999999999999,5,5,5,77.846
24.01,6.0,22.15,40.773,43.496,72.207,109.35,112.39,65.2,55.0,30.3,100.2,63.8,87.7,94.7,87.4,94.3,91.0,93.9,13.041,5,5,5,78.003
24.03,6.0,21.539,40.196999999999996,43.82,73.665,109.20100000000001,112.443,65.2,55.0,30.3,100.2,63.8,87.7,94.7,87.4,94.3,91.0,93.9,12.567,5,5,5,78.222
24.05,6.0,21.345,40.498000000000005,43.699,70.155,109.307,112.495,65.2,55.0,30.3,100.2,63.8,87.7,94.7,87.4,94.3,91.0,93.9,13.003,5,5,5,78.396
24.07,6.0,21.011,40.463,43.911,73.535,109.15899999999999,112.443,65.2,55.0,30.3,100.2,63.8,87.7,94.7,87.4,94.3,91.0,93.9,12.646,5,5,5,78.577
24.09,6.0,20.994,40.673,43.7,73.865,109.137,112.425,65.2,55.0,30.3,100.2,63.8,87.7,94.7,87.4,94.3,91.0,93.9,12.682,5,5,5,78.759
24.11,6.0,21.188,40.265,43.760999999999996,70.635,109.18,112.338,65.2,55.0,30.3,100.2,63.8,87.7,94.7,87.4,94.3,91.0,93.9,13.186,5,5,5,78.95100000000001
24.13,6.0,21.078,40.455999999999996,43.646,71.863,109.052,112.37299999999999,65.2,55.0,30.3,100.2,63.8,87.7,94.7,87.4,94.3,91.0,93.9,12.152000000000001,5,5,5,79.115
24.15,6.0,21.502,40.634,43.764,70.516,109.137,112.425,65.2,55.0,30.3,100.2,63.8,87.7,94.7,87.4,94.3,91.0,93.9,13.764,5,5,5,79.31
24.17,6.0,21.304000000000002,40.528,43.588,71.719,109.01,112.12799999999999,65.2,55.0,30.3,100.2,63.8,87.7,94.7,87.4,94.3,91.0,93.9,12.082,5,5,5,79.484
24.19,6.0,21.678,40.123000000000005,43.602,75.247,108.96700000000001,112.425,65.2,55.0,30.3,100.2,63.8,87.7,94.7,87.4,94.3,91.0,93.9,13.634,5,5,5,79.655
24.21,6.0,21.086,39.994,43.907,72.22800000000001,108.946,112.303,65.2,55.0,30.3,100.2,63.8,87.7,94.7,87.4,94.3,91.0,93.9,12.4,5,5,5,79.834
24.23,6.0,21.099,40.476,43.525,71.71600000000001,108.90299999999999,112.198,65.2,55.0,30.3,100.2,63.8,87.7,94.7,87.4,94.3,91.0,93.9,13.639,5,5,5,80.001
24.25,6.0,20.996,39.988,43.566,69.984,108.92399999999999,112.04,65.2,55.0,30.3,100.2,63.8,87.7,94.7,87.4,94.3,91.0,93.9,12.434000000000001,5,5,5,80.193
24.27,6.0,21.162,39.975,43.618,71.378,108.839,112.303,65.2,55.0,30.3,100.2,63.8,87.7,94.7,87.4,94.3,91.0,93.9,12.838,5,5,5,80.362
24.29,6.0,21.386,39.688,43.863,73.733,108.774,112.26799999999999,65.2,55.0,30.3,100.2,63.8,87.7,94.7,87.4,94.3,91.0,93.9,13.197000000000001,5,5,5,80.541
24.31,6.0,20.584000000000003,40.227,43.904,70.983,108.92399999999999,112.163,65.2,55.0,30.3,100.2,63.8,87.7,94.7,87.4,94.3,91.0,93.9,12.612,5,5,5,80.726
24.33,6.0,20.701999999999998,40.31,43.638000000000005,71.048,108.774,112.163,65.2,55.0,30.3,100.2,63.8,87.7,94.7,87.4,94.3,91.0,93.9,12.862,5,5,5,80.917
24.35,6.0,20.773,40.211999999999996,43.724000000000004,71.214,108.881,111.95200000000001,65.2,55.0,30.3,100.2,63.8,87.7,94.7,87.4,94.3,91.0,93.9,12.895,5,5,5,81.095
24.37,6.0,20.853,39.891,43.49,70.70100000000001,108.86,112.022,65.2,55.0,30.3,100.2,63.8,87.7,94.7,87.4,94.3,91.0,93.9,12.184000000000001,5,5,5,81.30199999999999
24.39,6.0,20.673000000000002,39.496,43.567,75.623,108.75299999999999,112.022,65.2,55.0,30.3,100.2,63.8,87.7,94.7,87.4,94.3,91.0,93.9,13.612,5,5,5,81.461
24.41,6.0,20.985,39.869,43.52,74.03699999999999,108.68799999999999,112.00399999999999,65.2,55.0,30.3,100.2,63.8,87.7,94.7,87.4,94.3,91.0,93.9,12.075,5,5,5,81.66
24.43,6.0,20.545,39.576,43.553000000000004,71.783,108.73100000000001,111.969,65.2,55.0,30.3,100.2,63.8,87.7,94.7,87.4,94.3,91.0,93.9,13.51,5,5,5,81.866
24.45,6.0,20.422,39.661,43.48,72.971,108.559,112.022,65.2,55.0,30.3,100.2,63.8,87.7,94.7,87.4,94.3,91.0,93.9,12.244,5,5,5,82.045
24.47,6.0,20.598,39.6,43.566,69.541,108.68799999999999,111.881,65.2,55.0,30.3,100.2,63.8,87.7,94.7,87.4,94.3,91.0,93.9,13.382,5,5,5,82.21300000000001
24.49,6.0,20.433,40.013000000000005,43.509,73.979,108.538,111.916,65.2,55.0,30.3,100.2,63.8,87.7,94.7,87.4,94.3,91.0,93.9,12.565999999999999,5,5,5,82.40899999999999
24.51,6.0,20.466,39.527,43.469,72.204,108.494,111.81,65.2,55.0,30.3,100.2,63.8,87.7,94.7,87.4,94.3,91.0,93.9,13.274,5,5,5,82.566
24.53,6.0,20.455,39.828,43.766999999999996,70.163,108.45100000000001,111.669,65.2,55.0,30.3,100.2,63.8,87.7,94.7,87.4,94.3,91.0,93.9,12.727,5,5,5,82.755
24.55,6.0,20.594,39.313,43.704,72.125,108.38600000000001,111.82799999999999,65.2,55.0,30.3,100.2,63.8,87.7,94.7,87.4,94.3,91.0,93.9,13.005,5,5,5,82.934
24.57,6.0,20.060000000000002,39.635,43.599000000000004,70.07300000000001,108.43,111.79299999999999,65.2,55.0,30.3,100.2,63.8,87.7,94.7,87.4,94.3,91.0,93.9,12.959,5,5,5,83.095
24.59,6.0,20.129,40.229,43.522,71.762,108.365,111.68700000000001,65.2,55.0,30.3,100.2,63.8,87.7,94.7,87.4,94.3,91.0,93.9,12.353,5,5,5,83.278
24.61,6.0,20.474,39.351,43.385999999999996,75.688,108.27799999999999,111.598,65.2,55.0,30.3,100.2,63.8,87.7,94.7,87.4,94.3,91.0,93.9,13.652999999999999,5,5,5,83.494
24.63,6.0,19.540999999999997,39.364000000000004,43.539,72.256,108.213,111.775,65.2,55.0,30.3,100.2,63.8,87.7,94.7,87.4,94.3,91.0,93.9,12.157,5,5,5,83.64399999999999
24.65,6.0,20.052,39.662,43.374,71.42,108.256,111.616,65.2,55.0,30.3,100.2,63.8,87.7,94.7,87.4,94.3,91.0,93.9,13.637,5,5,5,83.832
24.67,6.0,20.186,39.504,43.696,70.074,108.191,111.598,65.2,55.0,30.3,100.2,63.8,87.7,94.7,87.4,94.3,91.0,93.9,12.399000000000001,5,5,5,84.009
24.69,6.0,20.372999999999998,38.881,43.543,71.16,108.191,111.47399999999999,65.2,55.0,30.3,100.2,63.8,87.7,94.7,87.4,94.3,91.0,93.9,13.354,5,5,5,84.186
24.71,6.0,19.740000000000002,39.525,43.77,73.154,108.27799999999999,111.509,65.2,55.0,30.3,100.2,63.8,87.7,94.7,87.4,94.3,91.0,93.9,12.713,5,5,5,84.358
24.73,6.0,19.738,39.258,43.471,70.57,108.191,111.42,65.2,55.0,30.3,100.2,63.8,87.7,94.7,87.4,94.3,91.0,93.9,13.015,5,5,5,84.523
24.75,6.0,20.141,39.59,43.54,71.149,108.06,111.42,65.2,55.0,30.3,100.2,63.8,87.7,94.7,87.4,94.3,91.0,93.9,12.774000000000001,5,5,5,84.745
24.77,6.0,19.781,39.485,43.586,69.832,108.169,111.42,65.2,55.0,30.3,100.2,63.8,87.7,94.7,87.4,94.3,91.0,93.9,13.001,5,5,5,84.917
24.79,6.0,19.384,39.571,43.635999999999996,70.84100000000001,108.038,111.34899999999999,65.2,55.0,30.3,100.2,63.8,87.7,94.7,87.4,94.3,91.0,93.9,12.876000000000001,5,5,5,85.105
24.81,6.0,19.930999999999997,39.156,43.433,74.693,107.95100000000001,111.17,65.2,55.0,30.3,100.2,63.8,87.7,94.7,87.4,94.3,91.0,93.9,12.604,5,5,5,85.291
24.83,6.0,19.679000000000002,39.037,43.639,72.633,107.995,111.277,65.2,55.0,30.3,100.2,63.8,87.7,94.7,87.4,94.3,91.0,93.9,13.509,5,5,5,85.47
24.85,6.0,19.484,39.385999999999996,43.518,71.013,107.95100000000001,111.26,65.2,55.0,30.3,100.2,63.8,87.7,94.7,87.4,94.3,91.0,93.9,12.117,5,5,5,85.625
24.87,6.0,19.832,38.762,43.427,72.828,108.06,111.242,65.2,55.0,30.3,100.2,63.8,87.7,94.7,87.4,94.3,91.0,93.9,13.693,5,5,5,85.83800000000001
24.89,6.0,19.711,39.068000000000005,43.376,70.057,108.147,111.31299999999999,65.2,55.0,30.3,100.2,63.8,87.7,94.7,87.4,94.3,91.0,93.9,12.281,5,5,5,86.015
24.91,6.0,19.894,39.262,43.606,74.316,107.90700000000001,111.134,65.2,55.0,30.3,100.2,63.8,87.7,94.7,87.4,94.3,91.0,93.9,13.293,5,5,5,86.194
24.93,6.0,19.54,39.009,43.608000000000004,73.859,107.84100000000001,111.009,65.2,55.0,30.3,100.2,63.8,87.7,94.7,87.4,94.3,91.0,93.9,12.682,5,5,5,86.375
24.95,6.0,19.854,38.969,43.506,70.70100000000001,107.995,111.06299999999999,65.2,55.0,30.3,100.2,63.8,87.7,94.7,87.4,94.3,91.0,93.9,13.329,5,5,5,86.562
24.97,6.0,19.454,38.772,43.29,72.531,107.64399999999999,111.206,65.2,55.0,30.3,100.2,63.8,87.7,94.7,87.4,94.3,91.0,93.9,12.695,5,5,5,86.75399999999999
24.99,6.0,19.387,39.199,43.391999999999996,70.39399999999999,107.77600000000001,111.045,65.2,55.0,30.3,100.2,63.8,87.7,94.7,87.4,94.3,91.0,93.9,13.185,5,5,5,86.954
25.01,6.0,19.423000000000002,38.585,43.395,73.116,107.666,110.991,65.3,55.1,30.2,101.2,63.8,87.7,94.7,87.4,94.3,91.0,93.9,12.883,5,5,5,87.111
25.03,6.0,19.314,38.961,43.594,75.215,107.79799999999999,111.116,65.3,55.1,30.2,101.2,63.8,87.7,94.7,87.4,94.3,91.0,93.9,12.48,5,5,5,87.297
25.05,6.0,19.387999999999998,38.330999999999996,43.319,71.625,107.863,111.18799999999999,65.3,55.1,30.2,101.2,63.8,87.7,94.7,87.4,94.3,91.0,93.9,13.699,5,5,5,87.458
25.07,6.0,19.185000000000002,38.78,43.486999999999995,71.602,107.73200000000001,111.098,65.3,55.1,30.2,101.2,63.8,87.7,94.7,87.4,94.3,91.0,93.9,12.155000000000001,5,5,5,87.657
25.09,6.0,19.688,38.448,43.299,71.23899999999999,107.59899999999999,111.027,65.3,55.1,30.2,101.2,63.8,87.7,94.7,87.4,94.3,91.0,93.9,13.676,5,5,5,87.844
25.11,6.0,19.067999999999998,38.953,43.724000000000004,72.115,107.42299999999999,110.93700000000001,65.3,55.1,30.2,101.2,63.8,87.7,94.7,87.4,94.3,91.0,93.9,12.388,5,5,5,88.04
25.13,6.0,19.032,38.525999999999996,43.336999999999996,74.687,107.62200000000001,110.811,65.3,55.1,30.2,101.2,63.8,87.7,94.7,87.4,94.3,91.0,93.9,13.415,5,5,5,88.188
25.15,6.0,19.218,38.946,43.501999999999995,71.35300000000001,107.51100000000001,110.757,65.3,55.1,30.2,101.2,63.8,87.7,94.7,87.4,94.3,91.0,93.9,12.638,5,5,5,88.391
25.17,6.0,19.492,38.321,43.48,71.67,107.48899999999999,110.84700000000001,65.3,55.1,30.2,101.2,63.8,87.7,94.7,87.4,94.3,91.0,93.9,13.269,5,5,5,88.555
25.19,6.0,19.133,38.291,43.533,69.706,107.46700000000001,110.63,65.3,55.1,30.2,101.2,63.8,87.7,94.7,87.4,94.3,91.0,93.9,12.915,5,5,5,88.727
25.21,6.0,18.965,38.603,43.496,70.039,107.53299999999999,110.811,65.3,55.1,30.2,101.2,63.8,87.7,94.7,87.4,94.3,91.0,93.9,13.231,5,5,5,88.89699999999999
25.23,6.0,18.78,38.365,43.499,73.137,107.42299999999999,110.79299999999999,65.3,55.1,30.2,101.2,63.8,87.7,94.7,87.4,94.3,91.0,93.9,12.902000000000001,5,5,5,89.056
25.25,6.0,18.892000000000003,38.399,43.453,70.528,107.334,110.539,65.3,55.1,30.2,101.2,63.8,87.7,94.7,87.4,94.3,91.0,93.9,12.8,5,5,5,89.234
25.27,6.0,18.969,38.453,43.555,69.577,107.31200000000001,110.57600000000001,65.3,55.1,30.2,101.2,63.8,87.7,94.7,87.4,94.3,91.0,93.9,12.84,5,5,5,89.411
25.29,6.0,18.788,38.501,43.391999999999996,70.704,107.35600000000001,110.594,65.3,55.1,30.2,101.2,63.8,87.7,94.7,87.4,94.3,91.0,93.9,12.881,5,5,5,89.601
25.31,6.0,19.214,38.35,43.225,69.507,107.48899999999999,110.57600000000001,65.3,55.1,30.2,101.2,63.8,87.7,94.7,87.4,94.3,91.0,93.9,12.45,5,5,5,89.794
25.33,6.0,18.432000000000002,38.299,43.477,74.535,107.245,110.70200000000001,65.3,55.1,30.2,101.2,63.8,87.7,94.7,87.4,94.3,91.0,93.9,12.837,5,5,5,89.953
25.35,6.0,18.75,38.571,43.218,73.676,107.4,110.539,65.3,55.1,30.2,101.2,63.8,87.7,94.7,87.4,94.3,91.0,93.9,12.11,5,5,5,90.14699999999999
25.37,6.0,18.354,38.650999999999996,43.429,71.317,107.26700000000001,110.55799999999999,65.3,55.1,30.2,101.2,63.8,87.7,94.7,87.4,94.3,91.0,93.9,12.918,5,5,5,90.328
25.39,6.0,18.519,37.917,43.454,72.266,107.223,110.412,65.3,55.1,30.2,101.2,63.8,87.7,94.7,87.4,94.3,91.0,93.9,11.772,5,5,5,90.503
25.41,6.0,18.46,37.861,43.409,69.135,107.2,110.376,65.3,55.1,30.2,101.2,63.8,87.7,94.7,87.4,94.3,91.0,93.9,12.872,5,5,5,90.656
25.43,6.0,18.398,38.241,43.367,72.60600000000001,107.178,110.376,65.3,55.1,30.2,101.2,63.8,87.7,94.7,87.4,94.3,91.0,93.9,11.418,5,5,5,90.889
25.45,6.0,18.798000000000002,38.577,43.339,72.545,107.089,110.61200000000001,65.3,55.1,30.2,101.2,63.8,87.7,94.7,87.4,94.3,91.0,93.9,13.035,5,5,5,91.083
25.47,6.0,18.768,38.318000000000005,43.306,69.86399999999999,107.111,110.321,65.3,55.1,30.2,101.2,63.8,87.7,94.7,87.4,94.3,91.0,93.9,11.427,5,5,5,91.251
25.49,6.0,18.522,37.765,43.189,71.668,107.111,110.285,65.3,55.1,30.2,101.2,63.8,87.7,94.7,87.4,94.3,91.0,93.9,12.196000000000002,5,5,5,91.407
25.51,6.0,18.121,37.859,43.352,69.946,106.977,110.35799999999999,65.3,55.1,30.2,101.2,63.8,87.7,94.7,87.4,94.3,91.0,93.9,12.183,5,5,5,91.633
25.53,6.0,18.224,37.804,43.384,71.832,107.022,110.212,65.3,55.1,30.2,101.2,63.8,87.7,94.7,87.4,94.3,91.0,93.9,11.777000000000001,5,5,5,91.783
25.55,6.0,18.509,37.71,43.194,75.975,107.111,110.26700000000001,65.3,55.1,30.2,101.2,63.8,87.7,94.7,87.4,94.3,91.0,93.9,11.861,5,5,5,91.95200000000001
25.57,6.0,18.387,37.683,43.301,72.63,106.932,110.139,65.3,55.1,30.2,101.2,63.8,87.7,94.7,87.4,94.3,91.0,93.9,11.745000000000001,5,5,5,92.152
25.59,6.0,18.216,37.731,43.292,71.441,106.91,110.24799999999999,65.3,55.1,30.2,101.2,63.8,87.7,94.7,87.4,94.3,91.0,93.9,11.955,5,5,5,92.311
25.61,7.0,18.285,38.204,43.285,70.39,106.932,110.285,65.3,55.1,30.2,101.2,63.8,87.7,94.7,87.4,94.3,91.0,93.9,11.487,5,5,5,92.49799999999999
25.63,7.0,18.012,37.852,43.314,66.90100000000001,106.887,110.285,65.3,55.1,30.2,101.2,63.8,87.7,94.7,87.4,94.3,91.0,93.9,12.082,5,5,5,92.729
25.65,7.0,17.725,37.598,43.226,56.729,106.91,110.39399999999999,65.3,55.1,30.2,101.2,63.8,87.7,94.7,87.4,94.3,91.0,93.9,11.306000000000001,5,5,5,93.25399999999999
25.67,7.0,17.762,37.817,43.318000000000005,43.459,106.70700000000001,110.01100000000001,65.3,55.1,30.2,101.2,63.8,87.7,94.7,87.4,94.3,91.0,93.9,12.355,5,5,5,93.985
25.69,7.0,17.990000000000002,37.999,43.283,34.313,106.73,109.955,65.3,55.1,30.2,101.2,63.8,87.7,94.7,87.4,94.3,91.0,93.9,10.893,5,5,5,94.656
25.71,7.0,17.987000000000002,37.489000000000004,43.446999999999996,28.346999999999998,106.887,109.992,65.3,55.1,30.2,101.2,63.8,87.7,94.7,87.4,94.3,91.0,93.9,12.5,5,5,5,95.10799999999999
25.73,7.0,17.823,37.507,43.24,22.221,106.84200000000001,109.86399999999999,65.3,55.1,30.2,101.2,63.8,87.7,94.7,87.4,94.3,91.0,93.9,11.096,5,5,5,95.42
25.75,7.0,17.990000000000002,37.435,43.201,16.250999999999998,106.594,109.882,65.3,55.1,30.2,101.2,63.8,87.7,94.7,87.4,94.3,91.0,93.9,12.065999999999999,5,5,5,95.65100000000001
25.77,7.0,17.95,37.944,43.124,12.577000000000002,106.70700000000001,109.79,65.3,55.1,30.2,101.2,63.8,87.7,94.7,87.4,94.3,91.0,93.9,11.879999999999999,5,5,5,95.795
25.79,7.0,17.987000000000002,37.760999999999996,43.23,10.169,106.23,109.45700000000001,65.3,55.1,30.2,101.2,63.8,87.7,94.7,87.4,94.3,91.0,93.9,11.604,5,5,5,96.059
25.81,7.0,17.932000000000002,37.639,43.23,8.146,106.50299999999999,109.605,65.3,55.1,30.2,101.2,63.8,87.7,94.7,87.4,94.3,91.0,93.9,11.776,5,5,5,96.315
25.83,7.0,17.665,37.464,43.222,7.05,106.73,109.735,65.3,55.1,30.2,101.2,63.8,87.7,94.7,87.4,94.3,91.0,93.9,11.498999999999999,5,5,5,96.541
25.85,7.0,17.826999999999998,37.29,43.183,6.504,106.52600000000001,109.75299999999999,65.3,55.1,30.2,101.2,63.8,87.7,94.7,87.4,94.3,91.0,93.9,11.998999999999999,5,5,5,96.809
25.87,7.0,17.804000000000002,37.244,43.056999999999995,8.341000000000001,106.458,109.71600000000001,65.3,55.1,30.2,101.2,63.8,87.7,94.7,87.4,94.3,91.0,93.9,11.507000000000001,5,5,5,96.992
25.89,7.0,17.451,37.434,43.25,9.378,106.52600000000001,109.64200000000001,65.3,55.1,30.2,101.2,63.8,87.7,94.7,87.4,94.3,91.0,93.9,12.102,5,5,5,97.169
25.91,7.0,17.865000000000002,37.086999999999996,43.285,7.7,106.594,109.51299999999999,65.3,55.1,30.2,101.2,63.8,87.7,94.7,87.4,94.3,91.0,93.9,11.232,5,5,5,97.275
25.93,7.0,17.634,36.954,43.076,6.68,106.54899999999999,109.698,65.3,55.1,30.2,101.2,63.8,87.7,94.7,87.4,94.3,91.0,93.9,12.468,5,5,5,97.40299999999999
25.95,7.0,18.084000000000003,37.271,43.23,6.189,106.458,109.587,65.3,55.1,30.2,101.2,63.8,87.7,94.7,87.4,94.3,91.0,93.9,10.908,5,5,5,97.435
25.97,7.0,17.564,37.162,43.241,5.88,106.27600000000001,109.55,65.3,55.1,30.2,101.2,63.8,87.7,94.7,87.4,94.3,91.0,93.9,12.361,5,5,5,97.516
25.99,7.0,17.314999999999998,36.816,43.295,5.26,106.185,109.698,65.3,55.1,30.2,101.2,63.8,87.7,94.7,87.4,94.3,91.0,93.9,10.932,5,5,5,97.575
26.01,7.0,17.475,37.34,43.143,5.099,106.27600000000001,109.40100000000001,65.3,55.1,30.2,101.2,63.8,87.7,94.7,87.4,94.3,91.0,93.9,11.998,5,5,5,97.625
26.03,7.0,17.83,36.913,43.332,8.0,106.435,109.587,65.3,55.1,30.2,101.2,63.8,87.7,94.7,87.4,94.3,91.0,93.9,11.565999999999999,5,5,5,97.665
26.05,7.0,17.72,37.071,43.28,10.431000000000001,106.162,109.51299999999999,65.3,55.1,30.2,101.2,63.8,87.7,94.7,87.4,94.3,91.0,93.9,11.662,5,5,5,97.691
26.07,7.0,17.595,37.461,43.137,8.328,106.139,109.587,65.3,55.1,30.2,101.2,63.8,87.7,94.7,87.4,94.3,91.0,93.9,11.767,5,5,5,97.68799999999999
26.09,7.0,17.286,36.831999999999994,43.144,7.112,106.322,109.29,65.3,55.1,30.2,101.2,63.8,87.7,94.7,87.4,94.3,91.0,93.9,11.568999999999999,5,5,5,97.8
26.11,7.0,17.476,37.053000000000004,43.141,6.385,106.09299999999999,109.42,65.3,55.1,30.2,101.2,63.8,87.7,94.7,87.4,94.3,91.0,93.9,11.919,5,5,5,97.839
26.13,7.0,17.165,36.784000000000006,43.275,5.746,106.116,109.55,65.3,55.1,30.2,101.2,63.8,87.7,94.7,87.4,94.3,91.0,93.9,11.411000000000001,5,5,5,97.89299999999999
26.15,7.0,17.269,36.821,43.109,5.22,106.29899999999999,109.531,65.3,55.1,30.2,101.2,63.8,87.7,94.7,87.4,94.3,91.0,93.9,11.912,5,5,5,97.939
26.17,7.0,17.377000000000002,36.631,43.006,8.322,106.09299999999999,109.439,65.3,55.1,30.2,101.2,63.8,87.7,94.7,87.4,94.3,91.0,93.9,11.172999999999998,5,5,5,97.98100000000001
26.19,7.0,17.584000000000003,36.787,42.991,8.592,106.23,109.383,65.3,55.1,30.2,101.2,63.8,87.7,94.7,87.4,94.3,91.0,93.9,12.547999999999998,5,5,5,98.014
26.21,7.0,17.387999999999998,36.475,43.028,7.009,106.04700000000001,109.40100000000001,65.3,55.1,30.2,101.2,63.8,87.7,94.7,87.4,94.3,91.0,93.9,10.906,5,5,5,98.041
26.23,7.0,17.3,37.2,43.114000000000004,6.786,106.139,109.45700000000001,65.3,55.1,30.2,101.2,63.8,87.7,94.7,87.4,94.3,91.0,93.9,12.428999999999998,5,5,5,98.101
26.25,7.0,17.110999999999997,36.399,42.897,6.063,106.09299999999999,109.178,65.3,55.1,30.2,101.2,63.8,87.7,94.7,87.4,94.3,91.0,93.9,10.795,5,5,5,98.12899999999999
26.27,7.0,17.167,36.9,43.166,5.097,105.84,109.271,65.3,55.1,30.2,101.2,63.8,87.7,94.7,87.4,94.3,91.0,93.9,11.754999999999999,5,5,5,98.209
26.29,7.0,17.051,37.063,43.266999999999996,5.23,105.771,109.141,65.3,55.1,30.2,101.2,63.8,87.7,94.7,87.4,94.3,91.0,93.9,11.587,5,5,5,98.25399999999999
26.31,7.0,16.831,36.601,43.126999999999995,7.8420000000000005,105.932,109.197,65.3,55.1,30.2,101.2,63.8,87.7,94.7,87.4,94.3,91.0,93.9,11.285,5,5,5,98.294
26.33,7.0,17.129,36.888999999999996,43.152,7.214,105.90899999999999,109.36399999999999,65.3,55.1,30.2,101.2,63.8,87.7,94.7,87.4,94.3,91.0,93.9,11.497,5,5,5,98.35
26.35,7.0,16.802,36.286,43.159,7.666,106.04700000000001,109.197,65.3,55.1,30.2,101.2,63.8,87.7,94.7,87.4,94.3,91.0,93.9,10.707999999999998,5,5,5,98.421
26.37,7.0,16.89,36.393,43.071,9.379999999999999,106.04700000000001,109.02799999999999,65.3,55.1,30.2,101.2,63.8,87.7,94.7,87.4,94.3,91.0,93.9,12.04,5,5,5,98.51899999999999
26.39,7.0,17.314999999999998,36.166,43.135,9.197,105.955,109.103,65.3,55.1,30.2,101.2,63.8,87.7,94.7,87.4,94.3,91.0,93.9,11.503,5,5,5,98.65899999999999
26.41,7.0,16.641,36.698,43.0,11.763,105.90899999999999,108.991,65.3,55.1,30.2,101.2,63.8,87.7,94.7,87.4,94.3,91.0,93.9,11.248999999999999,5,5,5,98.771
26.43,7.0,16.908,36.124,42.76,12.692,105.679,109.02799999999999,65.3,55.1,30.2,101.2,63.8,87.7,94.7,87.4,94.3,91.0,93.9,11.354,5,5,5,98.941
26.45,7.0,16.837,35.926,42.961,16.284,105.794,109.084,65.3,55.1,30.2,101.2,63.8,87.7,94.7,87.4,94.3,91.0,93.9,10.768,5,5,5,99.23200000000001
26.47,7.0,16.906,36.144999999999996,42.81,17.035,105.679,108.97200000000001,65.3,55.1,30.2,101.2,63.8,87.7,94.7,87.4,94.3,91.0,93.9,11.717,5,5,5,99.561
26.49,7.0,16.604,36.391999999999996,43.039,19.871,105.74799999999999,108.84100000000001,65.3,55.1,30.2,101.2,63.8,87.7,94.7,87.4,94.3,91.0,93.9,10.515,5,5,5,99.915
26.51,7.0,16.515,35.984,42.808,21.243,105.539,108.84100000000001,65.3,55.1,30.2,101.2,63.8,87.7,94.7,87.4,94.3,91.0,93.9,11.143,5,5,5,100.315
26.53,7.0,16.59,36.414,43.069,21.748,105.609,108.95299999999999,65.3,55.1,30.2,101.2,63.8,87.7,94.7,87.4,94.3,91.0,93.9,11.163,5,5,5,100.806
26.55,7.0,16.723,36.584,43.125,22.105,105.609,108.916,65.3,55.1,30.2,101.2,63.8,87.7,94.7,87.4,94.3,91.0,93.9,10.828,5,5,5,101.306
26.57,7.0,16.409,35.849000000000004,42.869,20.688,105.4,108.897,65.3,55.1,30.2,101.2,63.8,87.7,94.7,87.4,94.3,91.0,93.9,11.475,5,5,5,101.837
26.59,7.0,16.574,36.266,42.899,20.543,105.74799999999999,108.897,65.3,55.1,30.2,101.2,63.8,87.7,94.7,87.4,94.3,91.0,93.9,10.239,5,5,5,102.40299999999999
26.61,7.0,16.716,36.078,42.922,16.561,105.516,108.87799999999999,65.3,55.1,30.2,101.2,63.8,87.7,94.7,87.4,94.3,91.0,93.9,11.186,5,5,5,102.964
26.63,7.0,16.282,36.338,43.07,12.722000000000001,105.586,108.765,65.3,55.1,30.2,101.2,63.8,87.7,94.7,87.4,94.3,91.0,93.9,10.934000000000001,5,5,5,103.492
26.65,7.0,16.408,36.275999999999996,42.813,10.062000000000001,105.539,108.74600000000001,65.3,55.1,30.2,101.2,63.8,87.7,94.7,87.4,94.3,91.0,93.9,10.89,5,5,5,103.93299999999999
26.67,7.0,16.301,36.04,43.054,8.572,104.931,108.501,65.3,55.1,30.2,101.2,63.8,87.7,94.7,87.4,94.3,91.0,93.9,11.33,5,5,5,104.262
26.69,7.0,17.093,35.825,42.93,7.495,104.978,108.34899999999999,65.3,55.1,30.2,101.2,63.8,87.7,94.7,87.4,94.3,91.0,93.9,10.25,5,5,5,104.478
26.71,7.0,16.309,35.836,43.128,6.913,105.26,108.425,65.3,55.1,30.2,101.2,63.8,87.7,94.7,87.4,94.3,91.0,93.9,11.683,5,5,5,104.508
26.73,7.0,16.421,36.343,42.887,4.705,105.376,108.406,65.3,55.1,30.2,101.2,63.8,87.7,94.7,87.4,94.3,91.0,93.9,10.713,5,5,5,104.566
26.75,8.0,15.995,35.286,42.909,4.367,105.14200000000001,108.52,65.3,55.1,30.2,101.2,63.8,87.7,94.7,87.4,94.3,91.0,93.9,10.850999999999999,5,5,5,104.572
26.77,8.0,16.351,36.248000000000005,42.722,5.733,105.14200000000001,108.463,65.3,55.1,30.2,101.2,63.8,87.7,94.7,87.4,94.3,91.0,93.9,11.677,5,5,5,104.573
26.79,8.0,15.917,35.852,42.797,6.429,104.90700000000001,108.34899999999999,65.3,55.1,30.2,101.2,63.8,87.7,94.7,87.4,94.3,91.0,93.9,10.58,5,5,5,104.573
26.81,8.0,15.947000000000001,36.006,42.760999999999996,4.776,104.931,108.34899999999999,65.3,55.1,30.2,101.2,63.8,87.7,94.7,87.4,94.3,91.0,93.9,12.195,5,5,5,104.58
26.83,8.0,16.093,35.318,42.891999999999996,4.851,104.978,108.25399999999999,65.3,55.1,30.2,101.2,63.8,87.7,94.7,87.4,94.3,91.0,93.9,11.033,5,5,5,104.585
26.85,8.0,15.799000000000001,35.725,42.889,5.087,105.04799999999999,108.444,65.3,55.1,30.2,101.2,63.8,87.7,94.7,87.4,94.3,91.0,93.9,11.123,5,5,5,104.581
26.87,8.0,16.009999999999998,35.827,42.689,4.669,105.001,108.292,65.3,55.1,30.2,101.2,63.8,87.7,94.7,87.4,94.3,91.0,93.9,11.571000000000002,5,5,5,104.57799999999999
26.89,8.0,16.051,35.69199999999999,42.931,4.531,105.072,108.25399999999999,65.3,55.1,30.2,101.2,63.8,87.7,94.7,87.4,94.3,91.0,93.9,10.751000000000001,5,5,5,104.579
26.91,8.0,15.925999999999998,35.423,42.819,5.312,104.978,108.178,65.3,55.1,30.2,101.2,63.8,87.7,94.7,87.4,94.3,91.0,93.9,11.754999999999999,5,5,5,104.584
26.93,8.0,16.102,35.620000000000005,42.668,5.449,104.954,108.368,65.3,55.1,30.2,101.2,63.8,87.7,94.7,87.4,94.3,91.0,93.9,10.259,5,5,5,104.58200000000001
26.95,8.0,15.613,35.524,42.943000000000005,5.228,104.86,108.273,65.3,55.1,30.2,101.2,63.8,87.7,94.7,87.4,94.3,91.0,93.9,11.014,5,5,5,104.588
26.97,8.0,15.748,35.343,43.054,5.226,105.14200000000001,108.15799999999999,65.3,55.1,30.2,101.2,63.8,87.7,94.7,87.4,94.3,91.0,93.9,11.389,5,5,5,104.585
26.99,8.0,15.642999999999999,35.803,42.774,4.423,105.072,108.197,65.3,55.1,30.2,101.2,63.8,87.7,94.7,87.4,94.3,91.0,93.9,11.025,5,5,5,104.581
27.01,8.0,16.253,35.56,42.84,4.79,105.025,108.292,65.3,55.1,30.2,101.5,63.9,87.7,94.7,87.4,94.3,91.0,93.9,11.603,5,5,5,104.584
27.03,8.0,15.593,35.423,42.772,5.114,104.978,108.368,65.3,55.1,30.2,101.5,63.9,87.7,94.7,87.4,94.3,91.0,93.9,10.42,5,5,5,104.579
27.05,8.0,15.855,35.778000000000006,42.745,5.052,104.883,108.101,65.3,55.1,30.2,101.5,63.9,87.7,94.7,87.4,94.3,91.0,93.9,11.768,5,5,5,104.574
27.07,8.0,15.627,35.135999999999996,42.904,5.007,104.931,107.96700000000001,65.3,55.1,30.2,101.5,63.9,87.7,94.7,87.4,94.3,91.0,93.9,11.192,5,5,5,104.573
27.09,8.0,15.562000000000001,35.493,42.967,5.059,104.575,108.25399999999999,65.3,55.1,30.2,101.5,63.9,87.7,94.7,87.4,94.3,91.0,93.9,10.961,5,5,5,104.57799999999999
27.11,8.0,15.639000000000001,34.903000000000006,42.72,5.429,104.765,108.21600000000001,65.3,55.1,30.2,101.5,63.9,87.7,94.7,87.4,94.3,91.0,93.9,11.663,5,5,5,104.57799999999999
27.13,8.0,15.582,35.525999999999996,42.788000000000004,5.282,104.836,108.005,65.3,55.1,30.2,101.5,63.9,87.7,94.7,87.4,94.3,91.0,93.9,10.525,5,5,5,104.57799999999999
27.15,8.0,15.569,35.09,42.808,4.899,104.71799999999999,107.948,65.3,55.1,30.2,101.5,63.9,87.7,94.7,87.4,94.3,91.0,93.9,11.918,5,5,5,104.581
27.17,8.0,15.76,34.995999999999995,42.833,4.849,104.71799999999999,108.044,65.3,55.1,30.2,101.5,63.9,87.7,94.7,87.4,94.3,91.0,93.9,10.940000000000001,5,5,5,104.58
27.19,8.0,15.315,34.868,42.559,4.578,104.741,107.986,65.3,55.1,30.2,101.5,63.9,87.7,94.7,87.4,94.3,91.0,93.9,11.09,5,5,5,104.57700000000001
27.21,8.0,15.493,35.554,42.883,4.665,104.67,107.948,65.3,55.1,30.2,101.5,63.9,87.7,94.7,87.4,94.3,91.0,93.9,11.328,5,5,5,104.57600000000001
27.23,8.0,15.395999999999999,35.012,42.589,5.078,104.59899999999999,107.814,65.3,55.1,30.2,101.5,63.9,87.7,94.7,87.4,94.3,91.0,93.9,10.692,5,5,5,104.575
27.25,8.0,15.364,35.489999999999995,42.912,5.114,104.694,107.91,65.3,55.1,30.2,101.5,63.9,87.7,94.7,87.4,94.3,91.0,93.9,10.996,5,5,5,104.57799999999999
27.27,8.0,15.32,35.061,42.614000000000004,4.783,104.71799999999999,107.87100000000001,65.3,55.1,30.2,101.5,63.9,87.7,94.7,87.4,94.3,91.0,93.9,11.773,5,5,5,104.57799999999999
27.29,8.0,15.350999999999999,35.010000000000005,42.827,5.339,104.575,107.833,65.3,55.1,30.2,101.5,63.9,87.7,94.7,87.4,94.3,91.0,93.9,10.459,5,5,5,104.58
27.31,8.0,15.181000000000001,34.969,42.845,4.903,104.71799999999999,107.929,65.3,55.1,30.2,101.5,63.9,87.7,94.7,87.4,94.3,91.0,93.9,10.861,5,5,5,104.57799999999999
27.33,8.0,15.519,35.176,42.84,5.232,104.62299999999999,107.814,65.3,55.1,30.2,101.5,63.9,87.7,94.7,87.4,94.3,91.0,93.9,11.033999999999999,5,5,5,104.575
27.35,8.0,15.437999999999999,34.954,42.839,4.996,104.551,107.756,65.3,55.1,30.2,101.5,63.9,87.7,94.7,87.4,94.3,91.0,93.9,10.631,5,5,5,104.57700000000001
27.37,8.0,15.267999999999999,34.934,42.593,5.19,104.384,107.833,65.3,55.1,30.2,101.5,63.9,87.7,94.7,87.4,94.3,91.0,93.9,11.629999999999999,5,5,5,104.581
27.39,8.0,14.786,34.675,42.897,5.575,104.62299999999999,107.833,65.3,55.1,30.2,101.5,63.9,87.7,94.7,87.4,94.3,91.0,93.9,10.337,5,5,5,104.579
27.41,8.0,15.128,34.760999999999996,42.654,4.96,104.48,107.698,65.3,55.1,30.2,101.5,63.9,87.7,94.7,87.4,94.3,91.0,93.9,11.022,5,5,5,104.57700000000001
27.43,8.0,15.460999999999999,35.039,42.586999999999996,5.255,104.36,107.58200000000001,65.3,55.1,30.2,101.5,63.9,87.7,94.7,87.4,94.3,91.0,93.9,11.135,5,5,5,104.57700000000001
27.45,8.0,15.821,35.105000000000004,42.61,5.674,104.48,107.64,65.3,55.1,30.2,101.5,63.9,87.7,94.7,87.4,94.3,91.0,93.9,10.67,5,5,5,104.585
27.47,8.0,15.302,34.251999999999995,42.647,5.17,104.288,107.601,65.3,55.1,30.2,101.5,63.9,87.7,94.7,87.4,94.3,91.0,93.9,11.825,5,5,5,104.581
27.49,8.0,15.027000000000001,35.253,42.823,5.065,104.36,107.427,65.3,55.1,30.2,101.5,63.9,87.7,94.7,87.4,94.3,91.0,93.9,10.379999999999999,5,5,5,104.581
27.51,8.0,15.007,34.666,42.78,5.009,104.384,107.58200000000001,65.3,55.1,30.2,101.5,63.9,87.7,94.7,87.4,94.3,91.0,93.9,10.934999999999999,5,5,5,104.58
27.53,8.0,14.981,34.286,42.521,5.473,104.40799999999999,107.58200000000001,65.3,55.1,30.2,101.5,63.9,87.7,94.7,87.4,94.3,91.0,93.9,11.367999999999999,5,5,5,104.57799999999999
27.55,8.0,14.755,34.480999999999995,42.709,5.254,104.336,107.485,65.3,55.1,30.2,101.5,63.9,87.7,94.7,87.4,94.3,91.0,93.9,10.734,5,5,5,104.583
27.57,8.0,14.921,34.835,42.733000000000004,4.679,104.31200000000001,107.56299999999999,65.3,55.1,30.2,101.5,63.9,87.7,94.7,87.4,94.3,91.0,93.9,11.687999999999999,5,5,5,104.58
27.59,8.0,15.226,34.563,42.635999999999996,4.711,104.264,107.40799999999999,65.3,55.1,30.2,101.5,63.9,87.7,94.7,87.4,94.3,91.0,93.9,10.381,5,5,5,104.583
27.61,8.0,15.307,34.325,42.574,4.884,104.12,107.427,65.3,55.1,30.2,101.5,63.9,87.7,94.7,87.4,94.3,91.0,93.9,11.008,5,5,5,104.587
27.63,8.0,14.923,34.277,42.664,4.844,104.19200000000001,107.25200000000001,65.3,55.1,30.2,101.5,63.9,87.7,94.7,87.4,94.3,91.0,93.9,11.267,5,5,5,104.585
27.65,8.0,14.757,34.474000000000004,42.698,4.713,104.12,107.33,65.3,55.1,30.2,101.5,63.9,87.7,94.7,87.4,94.3,91.0,93.9,10.742,5,5,5,104.57799999999999
27.67,8.0,14.369,34.726,42.72,4.54,104.096,107.17399999999999,65.3,55.1,30.2,101.5,63.9,87.7,94.7,87.4,94.3,91.0,93.9,11.928999999999998,5,5,5,104.57700000000001
27.69,8.0,14.636000000000001,34.661,42.691,4.317,103.975,107.40799999999999,65.3,55.1,30.2,101.5,63.9,87.7,94.7,87.4,94.3,91.0,93.9,10.293,5,5,5,104.57799999999999
27.71,8.0,14.45,34.273,42.556,4.458,103.999,107.291,65.3,55.1,30.2,101.5,63.9,87.7,94.7,87.4,94.3,91.0,93.9,11.043,5,5,5,104.579
27.73,8.0,14.353,34.076,42.911,4.599,104.096,107.155,65.3,55.1,30.2,101.5,63.9,87.7,94.7,87.4,94.3,91.0,93.9,11.047999999999998,5,5,5,104.571
27.75,8.0,14.701,34.637,42.708,4.478,104.16799999999999,107.194,65.3,55.1,30.2,101.5,63.9,87.7,94.7,87.4,94.3,91.0,93.9,10.752,5,5,5,104.57600000000001
27.77,8.0,14.658999999999999,34.648,42.546,4.617,103.87799999999999,107.291,65.3,55.1,30.2,101.5,63.9,87.7,94.7,87.4,94.3,91.0,93.9,11.742,5,5,5,104.574
27.79,8.0,14.372,34.135000000000005,42.638000000000005,4.73,103.95100000000001,107.01799999999999,65.3,55.1,30.2,101.5,63.9,87.7,94.7,87.4,94.3,91.0,93.9,10.123999999999999,5,5,5,104.572
27.81,8.0,14.467,33.983000000000004,42.687,4.522,104.19200000000001,107.135,65.3,55.1,30.2,101.5,63.9,87.7,94.7,87.4,94.3,91.0,93.9,10.919,5,5,5,104.58
27.83,8.0,14.529,33.792,42.649,4.779,104.12,107.116,65.3,55.1,30.2,101.5,63.9,87.7,94.7,87.4,94.3,91.0,93.9,11.030000000000001,5,5,5,104.57700000000001
27.85,8.0,14.6,34.077,42.626,4.807,103.902,107.155,65.3,55.1,30.2,101.5,63.9,87.7,94.7,87.4,94.3,91.0,93.9,10.594,5,5,5,104.566
27.87,8.0,14.225,33.971000000000004,42.681,4.938,103.87799999999999,107.057,65.3,55.1,30.2,101.5,63.9,87.7,94.7,87.4,94.3,91.0,93.9,11.475,5,5,5,104.568
27.89,8.0,14.269,34.333,42.577,4.851,103.805,107.25200000000001,65.3,55.1,30.2,101.5,63.9,87.7,94.7,87.4,94.3,91.0,93.9,10.106,5,5,5,104.569
27.91,8.0,14.169,34.061,42.619,5.162,103.975,106.959,65.3,55.1,30.2,101.5,63.9,87.7,94.7,87.4,94.3,91.0,93.9,10.827000000000002,5,5,5,104.56
27.93,8.0,14.646,33.668000000000006,42.708,4.879,103.756,106.979,65.3,55.1,30.2,101.5,63.9,87.7,94.7,87.4,94.3,91.0,93.9,10.882000000000001,5,5,5,104.574
27.95,8.0,14.271,34.169,42.553000000000004,5.097,104.071,107.194,65.3,55.1,30.2,101.5,63.9,87.7,94.7,87.4,94.3,91.0,93.9,10.614,5,5,5,104.574
27.97,8.0,14.668,34.340999999999994,42.541,5.517,103.829,107.213,65.3,55.1,30.2,101.5,63.9,87.7,94.7,87.4,94.3,91.0,93.9,11.468,5,5,5,104.57
27.99,8.0,14.471,34.126,42.593,5.372,103.926,107.01799999999999,65.3,55.1,30.2,101.5,63.9,87.7,94.7,87.4,94.3,91.0,93.9,9.927,5,5,5,104.57700000000001
28.01,8.0,14.136000000000001,34.256,42.847,5.092,103.756,106.979,65.3,55.1,30.2,101.5,63.9,87.7,94.7,87.4,94.3,91.0,93.9,10.95,5,5,5,104.573
28.03,8.0,13.965,33.607,42.611999999999995,5.169,103.902,107.057,65.3,55.1,30.2,101.5,63.9,87.7,94.7,87.4,94.3,91.0,93.9,11.014,5,5,5,104.566
28.05,8.0,14.497,33.523,42.757,5.241,103.61,107.057,65.3,55.1,30.2,101.5,63.9,87.7,94.7,87.4,94.3,91.0,93.9,10.661000000000001,5,5,5,104.594
28.07,8.0,13.795,33.589,42.466,5.14,103.829,106.979,65.3,55.1,30.2,101.5,63.9,87.7,94.7,87.4,94.3,91.0,93.9,11.52,5,5,5,104.587
28.09,8.0,13.97,33.417,42.845,5.085,103.68299999999999,106.84100000000001,65.3,55.1,30.2,101.5,63.9,87.7,94.7,87.4,94.3,91.0,93.9,9.897,5,5,5,104.585
28.11,8.0,13.908,33.765,42.76,5.411,103.512,106.99799999999999,65.3,55.1,30.2,101.5,63.9,87.7,94.7,87.4,94.3,91.0,93.9,10.857,5,5,5,104.581
28.13,8.0,14.401,33.802,42.821999999999996,5.218,103.805,107.07600000000001,65.3,55.1,30.2,101.5,63.9,87.7,94.7,87.4,94.3,91.0,93.9,11.006,5,5,5,104.58
28.15,8.0,13.705,34.034000000000006,42.894,5.021,103.805,106.84100000000001,65.3,55.1,30.2,101.5,63.9,87.7,94.7,87.4,94.3,91.0,93.9,10.842,5,5,5,104.58
28.17,8.0,13.674,33.625,42.832,5.258,103.61,107.01799999999999,65.3,55.1,30.2,101.5,63.9,87.7,94.7,87.4,94.3,91.0,93.9,11.488,5,5,5,104.57
28.19,8.0,13.945,33.638000000000005,42.848,4.941,103.561,107.037,65.3,55.1,30.2,101.5,63.9,87.7,94.7,87.4,94.3,91.0,93.9,10.343,5,5,5,104.575
28.21,8.0,14.484,34.025999999999996,42.525,5.648,103.586,106.979,65.3,55.1,30.2,101.5,63.9,87.7,94.7,87.4,94.3,91.0,93.9,10.981,5,5,5,104.57799999999999
28.23,8.0,13.824,33.786,42.443000000000005,5.516,103.805,106.78200000000001,65.3,55.1,30.2,101.5,63.9,87.7,94.7,87.4,94.3,91.0,93.9,10.988,5,5,5,104.585
28.25,8.0,14.283999999999999,34.235,42.559,4.967,103.512,106.99799999999999,65.3,55.1,30.2,101.5,63.9,87.7,94.7,87.4,94.3,91.0,93.9,11.033,5,5,5,104.575
28.27,8.0,13.993,33.325,42.748000000000005,4.835,103.512,106.861,65.3,55.1,30.2,101.5,63.9,87.7,94.7,87.4,94.3,91.0,93.9,11.402000000000001,5,5,5,104.574
28.29,8.0,14.145,33.897,42.535,5.287,103.561,106.939,65.3,55.1,30.2,101.5,63.9,87.7,94.7,87.4,94.3,91.0,93.9,10.765,5,5,5,104.58
28.31,8.0,13.543,33.632,42.484,5.169,103.561,106.99799999999999,65.3,55.1,30.2,101.5,63.9,87.7,94.7,87.4,94.3,91.0,93.9,11.542000000000002,5,5,5,104.58200000000001
28.33,8.0,13.968,33.132,42.672,5.217,103.634,107.096,65.3,55.1,30.2,101.5,63.9,87.7,94.7,87.4,94.3,91.0,93.9,10.495000000000001,5,5,5,104.58
28.35,8.0,13.97,33.221999999999994,42.714,4.851,103.488,107.01799999999999,65.3,55.1,30.2,101.5,63.9,87.7,94.7,87.4,94.3,91.0,93.9,12.014,5,5,5,104.57700000000001
28.37,8.0,13.27,33.793000000000006,42.74,4.869,103.561,106.861,65.3,55.1,30.2,101.5,63.9,87.7,94.7,87.4,94.3,91.0,93.9,11.182,5,5,5,104.57799999999999
28.39,8.0,13.769,33.68,42.384,5.062,103.291,106.664,65.3,55.1,30.2,101.5,63.9,87.7,94.7,87.4,94.3,91.0,93.9,11.156,5,5,5,104.57799999999999
28.41,8.0,13.551,33.379000000000005,42.494,5.196,103.242,106.68299999999999,65.3,55.1,30.2,101.5,63.9,87.7,94.7,87.312,94.3,91.0,93.9,11.627,5,5,5,104.58
28.43,8.0,13.52,33.544,42.621,4.954,103.439,106.762,65.3,55.1,30.2,101.5,63.9,87.7,94.7,87.263,94.3,91.0,93.9,11.068999999999999,5,5,5,104.57600000000001
28.45,8.0,14.207,33.22,42.504,5.235,103.266,106.802,65.3,55.1,30.2,101.5,63.9,87.7,94.7,87.236,94.3,90.95,93.9,11.752,5,5,5,104.575
28.47,8.0,14.097999999999999,33.489000000000004,42.5,5.111,103.266,106.624,65.3,55.1,30.2,101.5,63.9,87.7,94.7,87.22,94.3,90.884,93.9,10.642,5,5,5,104.57799999999999
28.49,8.0,13.585,33.128,42.61,4.838,103.414,106.585,65.3,55.1,30.2,101.5,63.9,87.7,94.7,87.211,94.3,90.847,93.9,12.099,5,5,5,104.58
28.51,8.0,13.532,33.205,42.628,5.05,103.14299999999999,106.585,65.3,55.1,30.2,101.5,63.9,87.7,94.7,87.206,94.3,90.827,93.9,10.812999999999999,5,5,5,104.58
28.53,8.0,13.368,32.671,42.516999999999996,4.901,103.266,106.64399999999999,65.3,55.1,30.2,101.5,63.9,87.7,94.7,87.204,94.3,90.815,93.9,11.334,5,5,5,104.573
28.55,8.0,13.18,33.273,42.516,5.099,103.242,106.604,65.3,55.1,30.2,101.5,63.9,87.7,94.7,87.202,94.3,90.808,93.9,11.503,5,5,5,104.574
28.57,8.0,13.484,32.980999999999995,42.602,4.951,103.439,106.585,65.3,55.1,30.2,101.5,63.9,87.7,94.7,87.20100000000001,94.3,90.805,93.9,11.190999999999999,5,5,5,104.57799999999999
28.59,8.0,13.419,33.655,42.609,4.916,103.21700000000001,106.46600000000001,65.3,55.1,30.2,101.5,63.9,87.7,94.7,87.20100000000001,94.3,90.803,93.9,11.556000000000001,5,5,5,104.57799999999999
28.61,8.0,13.306000000000001,33.412,42.464,5.033,103.365,106.446,65.3,55.1,30.2,101.5,63.9,87.7,94.7,87.2,94.3,90.801,93.9,10.876000000000001,5,5,5,104.575
28.63,8.0,13.265,33.233000000000004,42.559,4.898,103.14299999999999,106.446,65.3,55.1,30.2,101.5,63.9,87.7,94.7,87.2,94.3,90.801,93.9,11.979,5,5,5,104.57799999999999
28.65,8.0,13.225,32.900999999999996,42.580999999999996,4.782,103.069,106.406,65.3,55.1,30.2,101.5,63.9,87.7,94.7,87.2,94.3,90.8,93.9,10.561,5,5,5,104.57799999999999
28.67,8.0,13.079,32.956,42.426,5.279,103.118,106.426,65.3,55.1,30.2,101.5,63.9,87.7,94.7,87.2,94.3,90.8,93.9,11.4,5,5,5,104.575
28.69,8.0,12.957999999999998,32.56699999999999,42.591,4.745,102.944,106.38600000000001,65.3,55.1,30.2,101.5,63.9,87.7,94.7,87.2,94.3,90.8,93.9,11.245000000000001,5,5,5,104.57600000000001
28.71,8.0,13.33,32.887,42.44,4.98,103.242,106.287,65.3,55.1,30.2,101.5,63.9,87.7,94.7,87.2,94.3,90.8,93.9,11.282,5,5,5,104.581
28.73,8.0,13.152000000000001,33.118,42.553000000000004,4.899,103.16799999999999,106.426,65.3,55.1,30.2,101.5,63.9,87.7,94.7,87.2,94.3,90.8,93.9,11.576,5,5,5,104.57700000000001
28.75,8.0,13.009,33.013000000000005,42.523,5.068,103.118,106.505,65.3,55.1,30.2,101.5,63.9,87.7,94.7,87.2,94.3,90.8,93.9,11.015,5,5,5,104.57600000000001
28.77,8.0,13.381,32.789,42.441,5.016,102.994,106.18700000000001,65.3,55.1,30.2,101.5,63.9,87.7,94.7,87.2,94.3,90.8,93.9,12.081,5,5,5,104.57700000000001
28.79,8.0,13.156,33.304,42.396,4.632,102.87,106.34700000000001,65.3,55.1,30.2,101.5,63.9,87.7,94.7,87.2,94.3,90.8,93.9,10.506,5,5,5,104.579
28.81,8.0,13.027999999999999,33.051,42.419000000000004,4.768,102.92,106.10700000000001,65.3,55.1,30.2,101.5,63.9,87.7,94.7,87.2,94.3,90.8,93.9,11.734,5,5,5,104.57700000000001
28.83,8.0,13.074,32.552,42.418,4.917,102.87,106.307,65.3,55.1,30.2,101.5,63.9,87.7,94.7,87.2,94.3,90.8,93.9,11.309000000000001,5,5,5,104.574
28.85,8.0,12.597999999999999,32.652,42.389,4.868,102.745,106.12700000000001,65.3,55.1,30.2,101.5,63.9,87.7,94.7,87.2,94.3,90.8,93.9,11.295,5,5,5,104.57700000000001
28.87,8.0,13.248,32.953,42.54,4.976,102.944,106.18700000000001,65.3,55.1,30.2,101.5,63.9,87.7,94.7,87.2,94.3,90.8,93.9,11.625,5,5,5,104.579
28.89,8.0,12.992,32.903000000000006,42.441,5.381,102.994,106.167,65.3,55.1,30.2,101.5,63.9,87.7,94.7,87.2,94.3,90.8,93.9,11.049,5,5,5,104.58200000000001
28.91,8.0,12.568,32.876999999999995,42.709,5.251,102.92,106.46600000000001,65.3,55.1,30.2,101.5,63.9,87.7,94.7,87.2,94.3,90.8,93.9,11.971,5,5,5,104.57600000000001
28.93,8.0,12.875,32.479,42.575,4.87,103.21700000000001,106.287,65.3,55.1,30.2,101.5,63.9,87.7,94.7,87.2,94.3,90.8,93.9,10.41,5,5,5,104.58200000000001
28.95,8.0,12.555,32.673,42.657,4.934,102.77,106.366,65.3,55.1,30.2,101.5,63.9,87.7,94.7,87.2,94.3,90.8,93.9,11.866,5,5,5,104.58
28.97,8.0,12.149000000000001,32.506,42.531,5.377,102.845,106.20700000000001,65.3,55.1,30.2,101.5,63.9,87.7,94.7,87.2,94.3,90.8,93.9,11.112,5,5,5,104.57600000000001
28.99,8.0,12.363,32.306,42.705999999999996,5.082,102.944,106.20700000000001,65.3,55.1,30.2,101.5,63.9,87.7,94.7,87.2,94.3,90.8,93.9,11.2,5,5,5,104.57799999999999
29.01,8.0,12.472999999999999,32.726,42.614000000000004,5.437,102.845,106.087,65.3,55.1,30.1,101.7,64.0,87.7,94.7,87.2,94.3,90.8,93.9,11.394,5,5,5,104.575
29.03,8.0,12.536000000000001,32.452,42.696999999999996,5.4,102.795,105.947,65.3,55.1,30.1,101.7,64.0,87.7,94.7,87.2,94.3,90.8,93.9,11.166,5,5,5,104.57799999999999
29.05,8.0,12.375,32.712,42.533,5.687,102.77,106.20700000000001,65.3,55.1,30.1,101.7,64.0,87.7,94.7,87.2,94.3,90.8,93.9,11.672999999999998,5,5,5,104.583
29.07,8.0,12.623,32.385999999999996,42.43,5.305,102.67,106.167,65.3,55.1,30.1,101.7,64.0,87.7,94.7,87.2,94.3,90.8,93.9,10.643,5,5,5,104.58200000000001
29.09,8.0,12.641,32.226,42.236999999999995,5.198,102.82,106.287,65.3,55.1,30.1,101.7,64.0,87.7,94.7,87.2,94.3,90.8,93.9,11.98,5,5,5,104.57799999999999
29.11,8.0,13.189,32.39,42.459,5.368,102.72,106.087,65.3,55.1,30.1,101.7,64.0,87.7,94.7,87.2,94.3,90.8,93.9,10.797,5,5,5,104.57600000000001
29.13,8.0,12.414,32.263000000000005,42.332,5.349,102.745,105.98700000000001,65.3,55.1,30.1,101.7,64.0,87.7,94.7,87.2,94.3,90.8,93.9,11.371,5,5,5,104.572
29.15,8.0,12.471,32.412,42.388000000000005,5.429,102.695,106.007,65.3,55.1,30.1,101.7,64.0,87.7,94.7,87.2,94.3,90.8,93.9,11.372,5,5,5,104.572
29.17,8.0,12.527999999999999,31.955,42.567,5.572,102.645,105.867,65.3,55.1,30.1,101.7,64.0,87.7,94.7,87.2,94.3,90.8,93.9,11.247,5,5,5,104.57
29.19,8.0,12.739,32.973,42.333,5.368,102.569,105.806,65.3,55.1,30.1,101.7,64.0,87.7,94.7,87.2,94.3,90.8,93.9,11.736,5,5,5,104.571
29.21,8.0,12.043,32.074,42.445,5.151,102.595,105.786,65.3,55.1,30.1,101.7,64.0,87.7,94.7,87.2,94.3,90.8,93.9,10.946000000000002,5,5,5,104.579
29.23,8.0,12.272,31.974,42.445,5.451,102.51899999999999,105.665,65.3,55.1,30.1,101.7,64.0,87.7,94.7,87.2,94.3,90.8,93.9,11.414,5,5,5,104.574
29.25,8.0,12.434999999999999,32.044,42.683,5.288,102.595,105.766,65.3,55.1,30.1,101.7,64.0,87.7,94.7,87.2,94.3,90.8,93.9,12.32,5,5,5,104.57600000000001
29.27,8.0,12.581,32.545,42.446,4.921,102.51899999999999,105.645,65.3,55.1,30.1,101.7,64.0,87.7,94.7,87.2,94.3,90.8,93.9,11.472999999999999,5,5,5,104.572
29.29,8.0,11.854,32.1,42.512,5.225,102.469,105.685,65.3,55.1,30.1,101.7,64.0,87.7,94.7,87.2,94.3,90.8,93.9,12.26,5,5,5,104.57700000000001
29.31,8.0,12.922,32.286,42.449,5.16,102.595,105.766,65.3,55.1,30.1,101.7,64.0,87.7,94.7,87.2,94.3,90.8,93.9,12.1,5,5,5,104.581
29.33,8.0,12.853,32.111000000000004,42.346,5.14,102.41799999999999,105.584,65.3,55.1,30.1,101.7,64.0,87.7,94.7,87.2,94.3,90.8,93.9,12.325,5,5,5,104.575
29.35,8.0,12.367,31.730999999999998,42.608000000000004,5.069,102.595,105.786,65.3,55.1,30.1,101.7,64.0,87.7,94.7,87.2,94.3,90.8,93.9,13.266,5,5,5,104.571
29.37,8.0,12.293,31.932,42.413000000000004,4.995,102.595,105.604,65.3,55.1,30.1,101.7,64.0,87.7,94.7,87.2,94.3,90.8,93.9,11.883,5,5,5,104.56700000000001
29.39,8.0,11.756,32.175,42.495,5.212,102.444,105.665,65.3,55.1,30.1,101.7,64.0,87.7,94.7,87.2,94.3,90.8,93.9,13.336,5,5,5,104.572
29.41,8.0,11.966000000000001,32.34,42.458,4.978,102.494,105.645,65.3,55.1,30.1,101.7,64.0,87.7,94.7,87.2,94.3,90.8,93.9,12.537,5,5,5,104.57700000000001
29.43,8.0,12.306000000000001,31.785999999999998,42.399,4.69,102.444,105.523,65.3,55.1,30.1,101.7,64.0,87.7,94.7,87.2,94.3,90.8,93.9,13.156,5,5,5,104.57799999999999
29.45,8.0,12.257000000000001,32.06,42.205999999999996,5.247,102.31700000000001,105.665,65.3,55.1,30.1,101.7,64.0,87.7,94.7,87.2,94.3,90.8,93.9,12.797999999999998,5,5,5,104.57799999999999
29.47,8.0,12.306000000000001,31.831999999999997,42.57,4.865,102.494,105.846,65.3,55.1,30.1,101.7,64.0,87.7,94.7,87.2,94.3,90.8,93.9,12.675,5,5,5,104.57700000000001
29.49,8.0,12.059999999999999,32.33,42.454,5.004,102.368,105.584,65.3,55.1,30.1,101.7,64.0,87.7,94.7,87.2,94.3,90.8,93.9,13.69,5,5,5,104.57700000000001
29.51,8.0,12.527000000000001,32.05800000000001,42.576,5.084,102.444,105.523,65.3,55.1,30.1,101.7,64.0,87.7,94.7,87.2,94.3,90.8,93.9,12.671,5,5,5,104.581
29.53,8.0,11.739,31.837,42.409,5.118,102.34299999999999,105.645,65.3,55.1,30.1,101.7,64.0,87.7,94.7,87.2,94.3,90.8,93.9,13.615,5,5,5,104.58
29.55,8.0,12.045,31.95,42.451,5.042,102.31700000000001,105.645,65.3,55.1,30.1,101.7,64.0,87.7,94.7,87.2,94.3,90.8,93.9,12.931000000000001,5,5,5,104.575
29.57,8.0,11.811,31.291999999999998,42.437,5.12,102.241,105.44200000000001,65.3,55.1,30.1,101.7,64.0,87.7,94.7,87.2,94.3,90.8,93.9,13.356,5,5,5,104.57799999999999
29.59,8.0,12.344,31.365,42.415,4.603,102.39299999999999,105.42200000000001,65.3,55.1,30.1,101.7,64.0,87.7,94.7,87.2,94.3,90.8,93.9,13.195,5,5,5,104.58
29.61,8.0,12.009,31.430999999999997,42.45,4.49,102.14,105.786,65.3,55.1,30.1,101.7,64.0,87.7,94.7,87.2,94.3,90.8,93.9,12.463999999999999,5,5,5,104.58200000000001
29.63,8.0,12.181000000000001,32.19199999999999,42.625,4.663,102.368,105.564,65.3,55.1,30.1,101.7,64.0,87.7,94.7,87.2,94.3,90.8,93.9,13.867,5,5,5,104.57700000000001
29.65,8.0,11.678,31.436,42.47,5.599,102.191,105.44200000000001,65.3,55.1,30.1,101.7,64.0,87.7,94.7,87.2,94.3,90.8,93.9,12.863,5,5,5,104.58200000000001
29.67,8.0,11.823,31.568,42.535,5.495,102.444,105.645,65.3,55.1,30.1,101.7,64.0,87.7,94.7,87.2,94.3,90.8,93.9,13.82,5,5,5,104.572
29.69,8.0,12.027000000000001,31.855999999999998,42.383,4.881,102.241,105.645,65.3,55.1,30.1,101.7,64.0,87.7,94.7,87.2,94.3,90.8,93.9,13.22,5,5,5,104.572
29.71,8.0,11.857,31.805,42.571999999999996,5.192,102.11399999999999,105.564,65.3,55.1,30.1,101.7,64.0,87.7,94.7,87.2,94.3,90.8,93.9,13.54,5,5,5,104.573
29.73,8.0,11.858,31.416,42.429,5.02,102.06299999999999,105.48299999999999,65.3,55.1,30.1,101.7,64.0,87.7,94.7,87.2,94.3,90.8,93.9,13.517999999999999,5,5,5,104.57799999999999
29.75,8.0,12.018,32.06699999999999,42.501,5.537,102.292,105.564,65.3,55.1,30.1,101.7,64.0,87.7,94.7,87.2,94.3,90.8,93.9,12.788,5,5,5,104.57600000000001
29.77,8.0,11.922999999999998,31.627,42.389,5.82,102.11399999999999,105.50299999999999,65.3,55.1,30.1,101.7,64.0,87.7,94.7,87.2,94.3,90.8,93.9,14.118,5,5,5,104.57700000000001
29.79,8.0,11.656,31.361,42.419000000000004,5.586,102.26700000000001,105.361,65.3,55.1,30.1,101.7,64.0,87.7,94.7,87.2,94.3,90.8,93.9,13.111,5,5,5,104.579
29.81,8.0,11.329,31.656,42.564,5.497,102.038,105.238,65.3,55.1,30.1,101.7,64.0,87.7,94.7,87.2,94.3,90.8,93.9,13.793,5,5,5,104.584
29.83,8.0,11.904,31.921,42.427,5.824,102.165,105.3,65.3,55.1,30.1,101.7,64.0,87.7,94.7,87.2,94.3,90.8,93.9,13.344,5,5,5,104.57700000000001
29.85,8.0,11.674,31.759,42.445,5.117,101.98700000000001,105.48299999999999,65.3,55.1,30.1,101.7,64.0,87.7,94.7,87.2,94.3,90.8,93.9,13.774,5,5,5,104.579
29.87,8.0,11.594999999999999,31.278000000000002,42.537,5.327,102.26700000000001,105.3,65.3,55.1,30.1,101.7,64.0,87.7,94.7,87.2,94.3,90.8,93.9,13.836,5,5,5,104.587
29.89,8.0,11.491,31.564,42.509,5.652,102.165,105.259,65.3,55.1,30.1,101.7,64.0,87.7,94.7,87.2,94.3,90.8,93.9,12.791,5,5,5,104.57700000000001
29.91,8.0,11.244,31.761,42.411,5.296,102.038,105.32,65.3,55.1,30.1,101.7,64.0,87.7,94.7,87.2,94.3,90.8,93.9,14.211,5,5,5,104.583
29.93,8.0,11.817,31.622,42.296,5.189,102.26700000000001,105.523,65.3,55.1,30.1,101.7,64.0,87.7,94.7,87.2,94.3,90.8,93.9,13.154,5,5,5,104.581
29.95,8.0,11.232,32.275999999999996,42.624,5.144,102.191,105.3,65.3,55.1,30.1,101.7,64.0,87.7,94.7,87.2,94.3,90.8,93.9,13.627,5,5,5,104.57799999999999
29.97,8.0,11.064,31.403000000000002,42.26,4.977,102.11399999999999,105.32,65.3,55.1,30.1,101.7,64.0,87.7,94.7,87.2,94.3,90.8,93.9,13.385,5,5,5,104.579
29.99,8.0,11.439,31.505,42.438,4.394,102.191,105.381,65.3,55.1,30.1,101.7,64.0,87.7,94.7,87.2,94.3,90.8,93.9,14.02,5,5,5,104.58
30.01,8.0,11.717,31.026,42.535,4.551,102.11399999999999,105.3,65.3,55.1,30.1,101.7,64.0,87.7,94.7,87.2,94.3,90.8,93.9,14.07,5,5,5,104.574
30.03,8.0,11.328,31.909000000000002,42.385,5.064,101.91,105.177,65.3,55.1,30.1,101.7,64.0,87.7,94.7,87.2,94.3,90.8,93.9,12.891,5,5,5,104.58
30.05,8.0,11.241,31.430999999999997,42.39,4.487,102.012,105.238,65.3,55.1,30.1,101.7,64.0,87.7,94.7,87.2,94.3,90.8,93.9,14.09,5,5,5,104.579
30.07,8.0,11.515,31.656,42.536,4.332,102.14,105.279,65.3,55.1,30.1,101.7,64.0,87.7,94.7,87.2,94.3,90.8,93.9,13.321,5,5,5,104.575
30.09,8.0,11.138,31.245,42.312,4.563,102.165,105.238,65.3,55.1,30.1,101.7,64.0,87.7,94.7,87.2,94.3,90.8,93.9,13.972000000000001,5,5,5,104.574
30.11,8.0,11.347000000000001,31.752,42.287,4.998,102.089,105.42200000000001,65.3,55.1,30.1,101.7,64.0,87.7,94.7,87.2,94.3,90.8,93.9,13.336,5,5,5,104.574
30.13,8.0,11.455,31.486,42.492,5.106,101.961,105.21799999999999,65.3,55.1,30.1,101.7,64.0,87.7,94.7,87.2,94.3,90.8,93.9,13.321,5,5,5,104.57799999999999
30.15,8.0,11.604,31.088,42.485,4.951,102.012,105.075,65.3,55.1,30.1,101.7,64.0,87.7,94.7,87.2,94.3,90.8,93.9,14.261000000000001,5,5,5,104.57700000000001
30.17,8.0,11.508,31.075,42.202,4.952,101.78200000000001,105.32,65.3,55.1,30.1,101.7,64.0,87.7,94.7,87.2,94.3,90.8,93.9,12.6,5,5,5,104.57600000000001
30.19,8.0,11.263,31.116,42.641999999999996,4.916,101.756,105.197,65.3,55.1,30.1,101.7,64.0,87.7,94.7,87.2,94.3,90.8,93.9,14.135,5,5,5,104.57600000000001
30.21,8.0,11.239,31.074,42.369,5.038,101.833,104.97200000000001,65.3,55.1,30.1,101.7,64.0,87.7,94.7,87.2,94.3,90.8,93.9,13.249,5,5,5,104.57600000000001
30.23,8.0,11.192,31.48,42.38,5.732,101.885,105.054,65.3,55.1,30.1,101.7,64.0,87.7,94.7,87.2,94.3,90.8,93.9,13.498,5,5,5,104.575
30.25,8.0,11.120000000000001,30.721999999999998,42.324,5.182,101.80799999999999,105.15700000000001,65.3,55.1,30.1,101.7,64.0,87.7,94.7,87.2,94.3,90.8,93.9,13.232000000000001,5,5,5,104.581
30.27,8.0,11.27,30.894000000000002,42.513000000000005,5.2620000000000005,101.62799999999999,104.993,65.3,55.1,30.1,101.7,64.0,87.7,94.7,87.2,94.3,90.8,93.9,14.71,5,5,5,104.579
30.29,8.0,11.113,31.304000000000002,42.481,5.148,101.78200000000001,105.095,65.3,55.1,30.1,101.7,64.0,87.7,94.7,87.2,94.3,90.8,93.9,13.705,5,5,5,104.57799999999999
30.31,8.0,11.314,31.238000000000003,42.385999999999996,5.273,101.78200000000001,105.21799999999999,65.3,55.1,30.1,101.7,64.0,87.7,94.7,87.2,94.3,90.8,93.9,13.365,5,5,5,104.584
30.33,8.0,11.193999999999999,31.278000000000002,42.235,5.527,101.679,104.95200000000001,65.3,55.1,30.1,101.7,64.0,87.7,94.7,87.2,94.3,90.8,93.9,14.83,5,5,5,104.58
30.35,8.0,10.82,31.15,42.385999999999996,5.631,101.602,104.91,65.3,55.1,30.1,101.7,64.0,87.7,94.7,87.2,94.3,90.8,93.9,14.043,5,5,5,104.57799999999999
30.37,8.0,10.989,31.430999999999997,42.389,5.356,101.525,104.766,65.3,55.1,30.1,101.7,64.0,87.7,94.7,87.2,94.3,90.8,93.9,13.599,5,5,5,104.57600000000001
30.39,8.0,11.152999999999999,31.201,42.403,5.325,101.73100000000001,104.725,65.3,55.1,30.1,101.7,64.0,87.7,94.7,87.2,94.3,90.8,93.831,15.083,5,5,5,104.579
30.41,8.0,10.926,31.263,42.344,5.421,101.62799999999999,104.807,65.3,55.1,30.1,101.7,64.0,87.7,94.7,87.2,94.3,90.8,93.774,14.439,5,5,5,104.583
30.43,8.0,10.925,31.066999999999997,42.399,5.164,101.705,104.58,65.3,55.1,30.1,101.7,64.0,87.7,94.7,87.2,94.3,90.8,93.742,13.868,5,5,5,104.57799999999999
30.45,8.0,10.918,30.802,42.444,5.246,101.73100000000001,104.663,65.3,55.1,30.1,101.7,64.0,87.7,94.7,87.2,94.3,90.8,93.723,15.152999999999999,5,5,5,104.57799999999999
30.47,8.0,10.934000000000001,31.206,42.406,5.389,101.62799999999999,104.601,65.3,55.1,30.1,101.7,64.0,87.7,94.7,87.2,94.3,90.8,93.71300000000001,15.05,5,5,5,104.579
30.49,8.0,10.684999999999999,31.269000000000002,42.2,5.406,101.369,104.476,65.3,55.1,30.1,101.7,64.0,87.7,94.7,87.2,94.3,90.8,93.707,14.195,5,5,5,104.57600000000001
30.51,8.0,10.628,31.311,42.239000000000004,5.531,101.57600000000001,104.64200000000001,65.3,55.1,30.1,101.7,64.0,87.7,94.7,87.2,94.3,90.8,93.704,15.376,5,5,5,104.57600000000001
30.53,8.0,10.582999999999998,30.919,42.468,5.536,101.369,104.538,65.3,55.1,30.1,101.7,64.0,87.7,94.7,87.2,94.3,90.8,93.702,15.344000000000001,5,5,5,104.58
30.55,8.0,10.795,30.951,42.364000000000004,5.535,101.08200000000001,104.33,65.3,55.1,30.1,101.7,64.0,87.7,94.7,87.2,94.3,90.8,93.70100000000001,14.449,5,5,5,104.574
30.57,8.0,10.91,30.558000000000003,42.152,5.21,101.369,104.37200000000001,65.3,55.1,30.1,101.7,64.0,87.7,94.7,87.2,94.3,90.8,93.70100000000001,15.526,5,5,5,104.57799999999999
30.59,8.0,10.914,30.839000000000002,42.409,4.958,101.447,104.538,65.3,55.1,30.1,101.7,64.0,87.7,94.7,87.2,94.3,90.8,93.7,15.668,5,5,5,104.57700000000001
30.61,8.0,10.894,31.05,42.262,5.034,101.34299999999999,104.559,65.3,55.1,30.1,101.7,64.0,87.7,94.7,87.2,94.3,90.8,93.7,14.652999999999999,5,5,5,104.57799999999999
30.63,8.0,10.517,30.473000000000003,42.36,4.804,101.369,104.49700000000001,65.3,55.1,30.1,101.7,64.0,87.7,94.7,87.2,94.3,90.8,93.7,15.458,5,5,5,104.58
30.65,8.0,10.621,30.776,42.426,5.055,101.31700000000001,104.58,65.3,55.1,30.1,101.7,64.0,87.7,94.7,87.2,94.3,90.8,93.7,15.626,5,5,5,104.584
30.67,8.0,10.737,30.469,42.419000000000004,4.681,101.473,104.49700000000001,65.3,55.1,30.1,101.7,64.0,87.7,94.7,87.2,94.3,90.8,93.7,14.759,5,5,5,104.581
30.69,8.0,10.818999999999999,30.866999999999997,42.398,4.201,101.265,104.49700000000001,65.3,55.1,30.1,101.7,64.0,87.7,94.7,87.2,94.3,90.8,93.7,15.364,5,5,5,104.58
30.71,8.0,10.603,30.764,42.373000000000005,4.607,101.03,104.434,65.3,55.1,30.1,101.7,64.0,87.7,94.7,87.2,94.3,90.8,93.7,15.738,5,5,5,104.58
30.73,8.0,11.344999999999999,30.633000000000003,42.309,4.302,101.23899999999999,104.414,65.3,55.1,30.1,101.7,64.0,87.7,94.7,87.2,94.3,90.8,93.7,14.899,5,5,5,104.583
30.75,8.0,11.178,30.638,42.251,3.999,101.265,104.24700000000001,65.3,55.1,30.1,101.7,64.0,87.7,94.7,87.2,94.3,90.8,93.7,15.097999999999999,5,5,5,104.579
30.77,8.0,10.767,30.491,42.374,4.823,101.23899999999999,104.351,65.3,55.1,30.1,101.7,64.0,87.7,94.7,87.2,94.3,90.8,93.7,15.857000000000001,5,5,5,104.581
30.79,8.0,10.855,30.908,42.37,4.413,101.056,104.476,65.3,55.1,30.1,101.7,64.0,87.7,94.7,87.2,94.3,90.8,93.7,15.062999999999999,5,5,5,104.579
30.81,8.0,10.35,31.063000000000002,42.241,4.673,101.213,104.26799999999999,65.3,55.1,30.1,101.7,64.0,87.7,94.7,87.2,94.3,90.8,93.7,14.963,5,5,5,104.57799999999999
30.83,8.0,10.637,30.807,42.388000000000005,5.033,101.23899999999999,104.309,65.3,55.1,30.1,101.7,64.0,87.7,94.656,87.2,94.3,90.8,93.7,15.857000000000001,5,5,5,104.575
30.85,8.0,10.317,30.935,42.19,4.984,100.977,104.184,65.3,55.1,30.1,101.7,64.0,87.7,94.632,87.2,94.3,90.8,93.7,15.152999999999999,5,5,5,104.579
30.87,8.0,10.603,29.971,42.264,5.024,101.03,103.89,65.3,55.1,30.1,101.7,64.0,87.7,94.618,87.2,94.3,90.8,93.7,14.789,5,5,5,104.57799999999999
30.89,8.0,10.703,30.671999999999997,42.296,5.006,101.291,104.1,65.3,55.1,30.1,101.7,64.0,87.7,94.61,87.2,94.3,90.8,93.7,15.792,5,5,5,104.58
30.91,8.0,10.704,30.33,42.379,5.367,101.135,104.414,65.3,55.1,30.1,101.7,64.0,87.7,94.60600000000001,87.2,94.3,90.8,93.7,15.141,5,5,5,104.581
30.93,8.0,10.609,30.474,42.357,5.431,101.161,104.226,65.3,55.1,30.1,101.7,64.0,87.7,94.60300000000001,87.2,94.3,90.8,93.7,14.697000000000001,5,5,5,104.579
30.95,8.0,10.567,30.281,42.246,4.894,101.135,104.1,65.3,55.1,30.1,101.7,64.0,87.7,94.602,87.2,94.3,90.8,93.7,15.81,5,5,5,104.57799999999999
30.97,8.0,10.769,30.53,42.211,5.13,101.056,103.869,65.3,55.1,30.1,101.7,64.0,87.7,94.601,87.2,94.3,90.8,93.7,15.899000000000001,5,5,5,104.579
30.99,8.0,10.551,30.403000000000002,42.256,5.506,100.899,104.1,65.3,55.1,30.1,101.7,64.0,87.7,94.601,87.2,94.3,90.8,93.7,14.934,5,5,5,104.57799999999999
31.01,8.0,10.414,30.495,42.27,5.98,100.79299999999999,104.226,65.2,55.0,30.1,101.8,64.1,87.7,94.6,87.2,94.3,90.8,93.7,15.742,5,5,5,104.575
31.03,8.0,10.662,29.854,42.274,6.75,101.161,104.226,65.2,55.0,30.1,101.8,64.1,87.7,94.6,87.2,94.3,90.8,93.7,15.827,5,5,5,104.57700000000001
31.05,8.0,10.481,30.364,42.179,6.14,101.18700000000001,104.079,65.2,55.0,30.1,101.8,64.1,87.7,94.6,87.2,94.3,90.8,93.7,14.691,5,5,5,104.57700000000001
31.07,8.0,10.573,30.073,42.274,5.516,101.00399999999999,104.1,65.2,55.0,30.1,101.8,64.1,87.7,94.6,87.2,94.3,90.8,93.7,15.927,5,5,5,104.581
31.09,8.0,10.698,30.783,42.077,6.062,100.899,103.995,65.2,55.0,30.1,101.8,64.1,87.7,94.6,87.2,94.3,90.8,93.7,15.929,5,5,5,104.57600000000001
31.11,8.0,10.575,30.491999999999997,42.463,5.64,101.213,104.14200000000001,65.2,55.0,30.1,101.8,64.1,87.7,94.6,87.2,94.3,90.8,93.7,14.823,5,5,5,104.57799999999999
31.13,8.0,10.562000000000001,30.115,42.467,5.313,101.03,104.079,65.2,55.0,30.1,101.8,64.1,87.7,94.6,87.2,94.3,90.8,93.7,15.807,5,5,5,104.57700000000001
31.15,8.0,10.221,30.250999999999998,42.376999999999995,5.63,101.10799999999999,104.288,65.2,55.0,30.1,101.8,64.1,87.7,94.6,87.2,94.3,90.8,93.7,16.156,5,5,5,104.579
31.17,8.0,9.797,30.076999999999998,42.499,5.5649999999999995,100.846,103.95299999999999,65.2,55.0,30.1,101.8,64.1,87.7,94.6,87.2,94.3,90.8,93.7,14.967,5,5,5,104.57700000000001
31.19,8.0,10.645,30.27,42.3,5.382,100.899,104.05799999999999,65.2,55.0,30.1,101.8,64.1,87.7,94.6,87.2,94.3,90.8,93.7,15.597000000000001,5,5,5,104.57700000000001
31.21,8.0,10.314,30.596999999999998,42.302,4.775,101.08200000000001,104.037,65.2,55.0,30.1,101.8,64.1,87.7,94.6,87.2,94.3,90.8,93.7,15.9,5,5,5,104.57700000000001
31.23,8.0,10.213,30.92,42.256,4.849,100.899,104.163,65.2,55.0,30.1,101.8,64.1,87.7,94.6,87.2,94.3,90.8,93.7,16.242,5,5,5,104.579
31.25,8.0,10.229,30.109,42.216,4.943,100.68700000000001,103.932,65.2,55.0,30.1,101.8,64.1,87.7,94.6,87.2,94.3,90.8,93.7,15.942,5,5,5,104.58
31.27,8.0,9.913,30.261999999999997,42.394,4.683,100.846,103.95299999999999,65.2,55.0,30.1,101.8,64.1,87.7,94.6,87.2,94.3,90.8,93.7,15.587,5,5,5,104.57700000000001
31.29,8.0,10.231,30.465,42.287,4.858,100.87200000000001,104.163,65.2,55.0,30.1,101.8,64.1,87.7,94.6,87.2,94.3,90.8,93.7,15.460999999999999,5,5,5,104.575
31.34,18.0,10.018,30.320999999999998,42.431,4.67,100.846,104.14200000000001,65.2,55.0,30.1,101.8,64.1,87.7,94.6,87.2,94.3,90.8,93.7,16.535,5,5,5,104.58
31.39,18.0,9.681999999999999,30.629,42.393,4.584,100.74,104.05799999999999,65.2,55.0,30.1,101.8,64.1,87.7,94.6,87.2,94.3,90.8,93.7,16.114,5,5,5,104.572
31.44,18.0,9.850999999999999,30.436999999999998,42.233000000000004,4.458,100.82,103.84700000000001,65.2,55.0,30.1,101.8,64.1,87.65,94.6,87.2,94.3,90.8,93.7,16.394,5,5,5,104.58
31.49,18.0,9.896,29.918000000000003,42.355,4.147,101.056,104.163,65.2,55.0,30.1,101.8,64.1,87.536,94.6,87.2,94.3,90.8,93.7,16.546,5,5,5,104.573
31.54,18.0,10.195,29.535,42.228,4.979,101.00399999999999,104.079,65.2,55.0,30.1,101.8,64.1,87.508,94.6,87.2,94.3,90.8,93.7,16.614,5,5,5,104.583
31.59,18.0,9.984,29.54,42.321999999999996,38.477,100.977,104.26799999999999,65.2,55.0,30.1,101.8,64.1,87.502,94.6,87.2,94.3,90.8,93.7,17.064,5,5,5,104.57700000000001
31.64,18.0,9.597,29.858,42.219,57.783,100.95100000000001,103.97399999999999,65.2,55.0,30.1,101.8,64.1,87.5,94.6,87.2,94.3,90.8,93.7,17.631,5,5,5,104.57600000000001
31.69,18.0,9.311,29.997,41.531,59.575,100.79299999999999,104.184,65.2,55.0,30.1,101.8,64.1,87.5,94.6,87.2,94.3,90.8,93.7,17.336,5,5,5,104.575
31.74,18.0,9.678,29.785,41.189,77.634,100.846,104.037,65.2,55.0,30.1,101.8,64.1,87.5,94.6,87.2,94.3,90.8,93.7,17.499000000000002,5,5,5,104.57700000000001
31.79,18.0,9.463999999999999,29.926,40.985,101.035,101.161,103.869,65.2,55.0,30.1,101.8,64.1,87.5,94.6,87.2,94.3,90.8,93.7,17.614,5,5,5,104.58
31.84,18.0,9.535,29.793000000000003,40.903,121.632,100.87200000000001,103.911,65.2,55.0,30.1,101.8,64.1,87.5,94.6,87.2,94.3,90.8,93.7,17.218,5,5,5,104.57799999999999
31.89,18.0,9.525,29.394000000000002,40.907,139.754,100.899,103.742,65.2,55.0,30.1,101.8,64.1,87.5,94.6,87.2,94.3,90.8,93.7,16.692999999999998,5,5,5,104.57600000000001
31.94,18.0,9.716000000000001,29.14,40.889,154.666,100.714,103.82600000000001,65.2,55.0,30.1,101.8,64.1,87.5,94.6,87.2,94.3,90.8,93.7,16.595999999999997,5,5,5,104.584
31.99,18.0,9.667,29.656999999999996,41.03,165.24,100.661,103.678,65.2,55.0,30.1,101.8,64.1,87.5,94.6,87.2,94.3,90.8,93.7,16.761,5,5,5,104.579
32.04,18.0,9.318999999999999,29.448,40.885999999999996,173.53,100.42200000000001,103.402,65.2,55.0,30.1,101.8,64.1,87.5,94.6,87.2,94.3,90.8,93.7,16.991,5,5,5,104.579
32.09,18.0,9.373999999999999,29.180999999999997,40.772,178.06,100.50200000000001,103.59299999999999,65.2,55.0,30.1,101.8,64.1,87.5,94.6,87.2,94.155,90.8,93.7,17.325,5,5,5,104.574
32.14,18.0,8.804,29.479,40.873000000000005,178.225,100.60799999999999,103.78399999999999,65.2,55.0,30.1,101.8,64.1,87.5,94.6,87.2,94.113,90.8,93.7,17.838,5,5,5,104.57700000000001
32.19,18.0,9.434000000000001,29.434,40.803000000000004,176.635,100.68700000000001,103.721,65.2,55.0,30.1,101.8,64.1,87.5,94.6,87.2,94.10300000000001,90.8,93.7,17.866,5,5,5,104.571
32.24,18.0,9.443000000000001,28.889,40.493,173.29,100.315,103.59299999999999,65.2,55.0,30.1,101.8,64.1,87.5,94.6,87.2,94.101,90.8,93.7,17.309,5,5,5,104.575
32.29,18.0,9.474,28.813000000000002,40.588,175.143,100.395,103.65700000000001,65.2,55.0,30.1,101.8,64.1,87.5,94.6,87.2,94.1,90.8,93.7,16.792,5,5,5,104.57
32.34,18.0,9.078,29.243000000000002,40.72,175.791,100.42200000000001,103.76299999999999,65.2,55.0,30.1,101.8,64.1,87.5,94.6,87.2,94.1,90.8,93.7,17.743000000000002,5,5,5,104.571
32.39,18.0,8.903,29.129,40.858000000000004,173.32299999999998,100.50200000000001,103.53,65.2,55.0,30.1,101.8,64.1,87.5,94.6,87.2,94.1,90.8,93.7,18.121,5,5,5,104.57600000000001
32.44,18.0,8.946,28.854,40.641999999999996,173.359,100.52799999999999,103.42299999999999,65.2,55.0,30.1,101.8,64.1,87.5,94.6,87.2,94.1,90.8,93.7,18.079,5,5,5,104.57799999999999
32.49,10.0,8.778,29.311,40.61,144.418,100.288,103.46600000000001,65.2,55.0,30.1,101.8,64.1,87.5,94.6,87.2,94.1,90.8,93.7,17.125999999999998,5,5,5,104.573
32.54,10.0,8.407,29.006999999999998,40.775,102.024,100.181,103.38,65.2,55.0,30.1,101.8,64.1,87.5,94.6,87.098,94.1,90.8,93.7,17.441,5,5,5,104.57799999999999
32.59,10.0,8.431000000000001,28.934,40.499,63.716,100.315,103.25200000000001,65.2,55.0,30.1,101.8,64.1,87.5,94.6,87.023,94.1,90.663,93.7,18.228,5,5,5,104.573
32.64,10.0,8.870000000000001,28.784000000000002,40.488,34.564,99.965,102.77799999999999,65.2,55.0,30.1,101.8,64.1,87.5,94.6,87.006,94.1,90.615,93.7,18.310000000000002,5,5,5,104.58
32.69,10.0,8.638,28.51,40.409,32.947,99.911,103.209,65.2,55.0,30.1,101.8,64.1,87.5,94.6,87.001,94.1,90.604,93.7,17.894,5,5,5,104.57600000000001
32.74,10.0,8.344,28.8,40.372,46.216,100.1,103.12299999999999,65.2,55.0,30.1,101.8,64.1,87.5,94.6,87.0,94.1,90.601,93.7,17.362000000000002,5,5,5,104.581
32.79,10.0,8.507,28.989,40.455,61.26,100.12700000000001,103.25200000000001,65.2,55.0,30.1,101.8,64.1,87.5,94.6,87.0,94.1,90.6,93.7,17.647,5,5,5,104.574
32.84,10.0,8.155,28.27,40.528,64.156,99.911,103.209,65.2,55.0,30.1,101.8,64.1,87.5,94.6,87.0,94.1,90.6,93.7,18.665,5,5,5,104.57700000000001
32.89,10.0,9.022,28.859,40.537,60.486000000000004,100.154,103.338,65.2,55.0,30.1,101.8,64.1,87.5,94.6,87.0,94.1,90.6,93.7,18.235,5,5,5,104.57600000000001
32.94,10.0,8.491,29.335,41.041,69.374,99.911,103.209,65.2,55.0,30.1,101.8,64.1,87.5,94.6,87.0,94.1,90.6,93.7,17.648,5,5,5,104.57700000000001
32.99,10.0,8.519,29.265,41.094,74.438,100.181,102.97200000000001,65.2,55.0,30.1,101.8,64.1,87.5,94.6,87.0,94.1,90.6,93.7,17.278,5,5,5,104.59
33.04,10.0,7.462,29.471999999999998,39.809,74.328,100.1,102.994,65.1,55.0,30.1,101.6,64.2,87.5,94.6,87.0,94.1,90.6,93.7,17.913,5,5,5,104.59700000000001
33.09,10.0,6.297,28.348000000000003,31.725,64.84700000000001,100.073,103.12299999999999,65.1,55.0,30.1,101.6,64.2,87.5,94.6,87.0,94.1,90.6,93.7,18.83,5,5,5,104.601
33.14,10.0,5.37,25.979,37.63,41.363,99.77600000000001,103.209,65.1,55.0,30.1,101.6,64.2,87.5,94.6,87.0,94.1,90.6,93.7,18.41,5,5,5,104.60600000000001
33.19,10.0,5.436,21.83,32.905,24.898,99.448,103.12299999999999,65.1,55.0,30.1,101.6,64.2,87.5,94.6,87.0,94.1,90.6,93.7,17.458,5,5,5,104.62799999999999
33.24,10.0,5.431,15.565999999999999,24.622,12.172999999999998,99.448,102.97200000000001,65.1,55.0,30.1,101.6,64.2,87.5,94.6,87.0,94.1,90.6,93.7,17.335,5,5,5,104.661
33.29,10.0,5.538,7.654,13.197000000000001,25.941,99.39299999999999,102.734,65.1,55.0,30.1,101.6,64.2,87.5,94.6,87.0,94.1,90.6,93.7,16.25,5,5,5,104.65
33.34,10.0,6.116,5.516,9.058,37.976,99.53,102.90799999999999,65.1,55.0,30.1,101.6,64.2,87.5,94.484,87.0,94.1,90.6,93.7,15.8,5,5,5,104.663
33.39,10.0,5.583,5.473,6.615,60.922,99.694,102.21,65.1,55.0,30.1,101.6,64.2,87.5,94.42,87.0,94.1,90.6,93.7,14.642000000000001,5,5,5,104.64299999999999
33.44,10.0,5.745,5.524,9.164,60.461999999999996,99.667,102.36399999999999,65.1,55.0,30.1,101.6,64.2,87.5,94.405,87.0,94.1,90.6,93.7,13.269,5,5,5,104.648
33.49,10.0,5.8100000000000005,5.585,10.048,61.588,99.53,102.14399999999999,65.1,55.0,30.1,101.6,64.2,87.5,94.40100000000001,87.0,94.1,90.6,93.7,13.365,5,5,5,104.65899999999999
33.54,10.0,5.838,5.472,10.123,63.357,99.448,102.18799999999999,65.1,55.0,30.1,101.6,64.2,87.5,94.4,87.0,94.1,90.6,93.7,13.899,5,5,5,104.667
33.59,10.0,5.642,5.479,10.008,62.628,99.85700000000001,101.945,65.1,55.0,30.1,101.6,64.2,87.5,94.4,87.0,94.1,90.6,93.7,13.562000000000001,5,5,5,104.664
33.64,10.0,5.594,5.435,9.803,62.972,99.61200000000001,102.14399999999999,65.1,55.0,30.1,101.6,64.2,87.5,94.4,87.0,94.1,90.6,93.7,12.629,5,5,5,104.671
33.69,10.0,5.632,5.753,10.07,63.863,99.476,102.166,65.1,55.0,30.1,101.6,64.2,87.5,94.4,87.0,94.1,90.6,93.613,12.382000000000001,5,5,5,104.666
33.74,10.0,5.845,5.623,10.11,63.982,99.50299999999999,102.1,65.1,55.0,30.1,101.6,64.2,87.5,94.4,87.0,93.97399999999999,90.6,93.527,12.687999999999999,5,5,5,104.661
33.79,10.0,5.389,5.582,10.248,102.785,99.55799999999999,102.18799999999999,65.1,55.0,30.1,101.6,64.2,87.5,94.4,87.0,93.918,90.6,93.506,13.056000000000001,5,5,5,104.647
33.84,10.0,5.691,5.558,10.186,121.007,99.85700000000001,101.98899999999999,65.1,55.0,30.1,101.6,64.2,87.5,94.4,87.0,93.904,90.6,93.501,12.296,5,5,5,104.667
33.89,10.0,5.704,5.604,10.097,131.269,99.448,102.056,65.1,55.0,30.1,101.6,64.2,87.5,94.4,87.0,93.90100000000001,90.6,93.5,11.376000000000001,5,5,5,104.65899999999999
33.94,10.0,5.54,5.684,10.031,141.653,99.50299999999999,101.98899999999999,65.1,55.0,30.1,101.6,64.2,87.5,94.4,87.0,93.9,90.6,93.5,12.42,5,5,5,104.661
33.99,10.0,5.654,5.561,10.061,149.391,99.803,101.98899999999999,65.1,55.0,30.1,101.6,64.2,87.5,94.4,87.0,93.9,90.6,93.5,13.261000000000001,5,5,5,104.65799999999999
34.04,10.0,5.63,5.443,9.902000000000001,154.895,99.694,102.01100000000001,65.1,55.0,30.1,101.6,64.2,87.5,94.4,87.0,93.9,90.6,93.5,12.805,5,5,5,104.665
34.09,10.0,5.966,5.471,10.164,158.424,99.667,101.81200000000001,65.1,55.0,30.1,101.6,64.2,87.5,94.4,87.0,93.9,90.6,93.5,11.526,5,5,5,104.663
34.14,10.0,5.673,5.61,10.033999999999999,160.486,99.55799999999999,102.01100000000001,65.1,55.0,30.1,101.6,64.2,87.5,94.4,87.0,93.9,90.6,93.5,11.853,5,5,5,104.665
34.19,10.0,5.777,5.578,10.289,154.369,99.476,102.03399999999999,65.1,55.0,30.1,101.6,64.2,87.5,94.4,87.0,93.9,90.6,93.5,12.259,5,5,5,104.676
34.24,10.0,5.571,5.571,9.923,110.435,99.585,101.96700000000001,65.1,55.0,30.1,101.6,64.2,87.5,94.4,87.0,93.9,90.6,93.5,12.104,5,5,5,104.679
34.29,10.0,5.5809999999999995,5.598,10.165,69.396,99.55799999999999,101.90100000000001,65.1,55.0,30.1,101.6,64.2,87.5,94.4,87.0,93.9,90.6,93.5,11.097000000000001,5,5,5,104.66
34.34,10.0,5.913,5.441,10.125,44.574,99.366,101.634,65.1,55.0,30.1,101.6,64.2,87.5,94.4,87.0,93.9,90.6,93.5,10.752,5,5,5,104.681
34.39,10.0,5.6899999999999995,5.547,10.187000000000001,26.891,99.06200000000001,101.477,65.1,55.0,30.1,101.6,64.2,87.5,94.4,87.0,93.9,90.6,93.5,9.953,5,5,5,104.671
34.44,11.0,5.481,5.475,10.115,13.299,99.17299999999999,101.81200000000001,65.1,55.0,30.1,101.6,64.2,87.5,94.4,87.0,93.9,90.6,93.5,9.219999999999999,5,5,5,104.682
34.49,11.0,5.9030000000000005,5.796,10.036999999999999,8.152,99.28299999999999,101.85600000000001,65.1,55.0,30.1,101.6,64.2,87.5,94.4,87.0,93.9,90.6,93.5,8.821,5,5,5,104.675
34.54,11.0,5.543,5.587,10.053999999999998,6.254,99.39299999999999,101.5,65.1,55.0,30.1,101.6,64.2,87.5,94.4,87.0,93.9,90.6,93.5,9.559999999999999,5,5,5,104.679
34.59,11.0,5.892,5.517,10.187000000000001,5.213,99.55799999999999,102.14399999999999,65.1,55.0,30.1,101.6,64.2,87.431,94.4,87.0,93.9,90.6,93.5,7.77,5,5,5,104.681
34.64,11.0,5.58,5.437,10.202000000000002,5.046,99.256,101.87899999999999,65.1,55.0,30.1,101.6,64.2,87.331,94.4,87.0,93.9,90.6,93.5,8.865,5,5,5,104.679
34.69,11.0,5.8149999999999995,5.599,10.263,5.04,99.366,102.056,65.1,55.0,30.1,101.6,64.2,87.307,94.4,87.0,93.9,90.6,93.5,8.29,5,5,5,104.68299999999999
34.74,11.0,5.777,5.63,10.008,4.947,99.256,101.79,65.1,55.0,30.1,101.6,64.2,87.30199999999999,94.4,87.0,93.9,90.6,93.5,8.315,5,5,5,104.67399999999999
34.79,11.0,6.163,5.537,10.09,4.86,99.338,102.1,65.1,55.0,30.1,101.6,64.2,87.3,94.4,87.0,93.9,90.6,93.5,8.22,5,5,5,104.671
34.84,11.0,5.6850000000000005,5.761,10.26,4.903,99.28299999999999,101.87899999999999,65.1,55.0,30.1,101.6,64.2,87.3,94.4,87.0,93.9,90.6,93.5,8.025,5,5,5,104.677
34.89,11.0,6.1240000000000006,5.75,10.193,5.248,99.55799999999999,102.056,65.1,55.0,30.1,101.6,64.2,87.3,94.4,87.0,93.9,90.6,93.5,8.176,5,5,5,104.678
34.94,11.0,5.629,5.646,10.259,5.068,99.50299999999999,102.03399999999999,65.1,55.0,30.1,101.6,64.2,87.3,94.4,87.0,93.9,90.6,93.5,8.149,5,5,5,104.677
34.99,11.0,5.83,5.684,10.272,6.952,99.256,101.678,65.1,55.0,30.1,101.6,64.2,87.3,94.4,87.0,93.9,90.6,93.5,8.634,5,5,5,104.681
35.04,11.0,5.945,5.965,10.147,36.668000000000006,99.448,101.85600000000001,64.9,54.9,30.1,101.3,64.3,87.3,94.4,87.0,93.9,90.447,93.5,7.9030000000000005,5,5,5,104.68299999999999
35.09,11.0,6.42,5.601,10.235,69.464,99.39299999999999,101.87899999999999,64.9,54.9,30.1,101.3,64.3,87.3,94.4,87.0,93.9,90.411,93.5,8.478,5,5,5,104.677
35.14,11.0,6.857,5.811,10.347999999999999,94.10799999999999,99.421,101.87899999999999,64.9,54.9,30.1,101.3,64.3,87.3,94.4,86.913,93.9,90.403,93.5,8.306000000000001,5,5,5,104.677
35.19,11.0,6.299,5.971,10.224,79.083,99.311,101.945,64.9,54.9,30.1,101.3,64.3,87.3,94.4,86.827,93.9,90.40100000000001,93.5,8.4,5,5,5,104.685
35.24,11.0,5.977,5.577,10.216000000000001,45.967,98.728,101.76700000000001,64.9,54.9,30.1,101.3,64.3,87.3,94.4,86.806,93.9,90.4,93.5,8.702,5,5,5,104.685
35.29,11.0,5.734,5.801,10.193,42.541,98.50299999999999,101.5,64.9,54.9,30.1,101.3,64.3,87.3,94.4,86.801,93.9,90.4,93.5,9.024000000000001,5,5,5,104.68799999999999
35.34,11.0,5.896,5.556,10.222000000000001,44.193000000000005,97.935,101.365,64.9,54.9,30.1,101.3,64.3,87.3,94.4,86.8,93.9,90.4,93.5,9.418,5,5,5,104.68700000000001
35.39,12.0,6.195,5.906,10.280000000000001,68.498,97.84899999999999,101.5,64.9,54.9,30.1,101.3,64.3,87.3,94.4,86.8,93.9,90.4,93.5,10.018,5,5,5,104.68299999999999
35.44,12.0,5.771,5.612,9.975,61.056000000000004,97.473,101.00299999999999,64.9,54.9,30.1,101.3,64.3,87.3,94.4,86.8,93.9,90.4,93.5,10.672999999999998,5,5,5,104.679
35.49,12.0,5.678,5.555,9.987,31.929000000000002,97.676,101.32,64.9,54.9,30.1,101.3,64.3,87.3,94.35,86.8,93.9,90.4,93.5,11.105,5,5,5,104.682
35.54,12.0,5.418,5.655,10.258,16.728,97.618,101.117,64.9,54.9,30.1,101.3,64.3,87.3,94.236,86.8,93.9,90.4,93.5,11.504,5,5,5,104.679
35.59,12.0,5.676,5.676,10.112,8.611,97.734,101.04899999999999,64.9,54.9,30.1,101.3,64.3,87.3,94.208,86.8,93.9,90.4,93.5,11.332,5,5,5,104.67299999999999
35.64,12.0,5.507,5.61,10.276,6.556,97.531,101.117,64.9,54.9,30.1,101.3,64.3,87.3,94.202,86.8,93.9,90.4,93.5,11.432,5,5,5,104.68
35.69,12.0,5.879,5.477,10.075,6.01,96.946,100.662,64.9,54.9,30.1,101.3,64.3,87.3,94.2,86.8,93.9,90.4,93.5,11.467,5,5,5,104.679
35.74,12.0,5.683,5.44,10.146,5.429,96.946,100.79899999999999,64.9,54.9,30.1,101.3,64.3,87.3,94.2,86.8,93.9,90.4,93.5,11.232,5,5,5,104.68299999999999
35.79,12.0,5.902,5.547,10.079,4.911,97.473,101.02600000000001,64.9,54.9,30.1,101.3,64.3,87.3,94.2,86.8,93.9,90.4,93.5,11.475,5,5,5,104.678
35.84,12.0,5.552,5.539,10.009,5.048,97.26899999999999,101.00299999999999,64.9,54.9,30.1,101.3,64.3,87.3,94.2,86.8,93.9,90.4,93.5,11.408,5,5,5,104.68
35.89,12.0,5.88,5.482,10.145,5.347,97.531,101.25200000000001,64.9,54.9,30.1,101.3,64.3,87.3,94.2,86.8,93.9,90.4,93.5,11.138,5,5,5,104.67200000000001
35.94,12.0,5.931,5.46,10.3,5.559,97.935,101.544,64.9,54.9,30.1,101.3,64.3,87.3,94.2,86.8,93.9,90.4,93.5,11.152000000000001,5,5,5,104.679
35.99,12.0,6.522,5.705,10.363,5.297,97.791,101.34200000000001,64.9,54.9,30.1,101.3,64.3,87.3,94.2,86.8,93.9,90.4,93.5,11.017,5,5,5,104.67399999999999
36.04,12.0,6.288,5.873,10.215,4.925,97.09299999999999,101.275,64.9,54.9,30.1,101.3,64.3,87.3,94.2,86.8,93.9,90.4,93.5,11.102,5,5,5,104.675
36.09,12.0,6.623,6.052,10.303,5.065,96.679,100.844,64.9,54.9,30.1,101.3,64.3,87.3,94.2,86.8,93.9,90.4,93.5,10.892,5,5,5,104.675
36.14,12.0,6.272,5.859,10.143,5.239,97.12299999999999,99.35700000000001,64.9,54.9,30.1,101.3,64.3,87.3,94.2,86.8,93.9,90.4,93.5,11.073,5,5,5,104.67200000000001
36.19,12.0,6.61,5.808,10.24,5.227,94.46300000000001,94.73100000000001,64.9,54.9,30.1,101.3,64.3,87.3,94.2,86.8,93.9,90.4,93.5,10.934999999999999,5,5,5,104.684
36.24,12.0,6.1530000000000005,5.878,10.235,5.092,93.095,95.08,64.9,54.9,30.1,101.3,64.3,87.3,94.2,86.8,93.9,90.4,93.5,10.690999999999999,5,5,5,104.682
36.29,12.0,6.3580000000000005,5.873,10.287,4.778,92.928,92.81,64.9,54.9,30.1,101.3,64.3,87.3,94.2,86.8,93.9,90.4,93.5,12.003,5,5,5,104.681
36.34,12.0,6.361,6.1370000000000005,10.217,4.715,92.861,92.868,64.9,54.9,30.1,101.3,64.3,87.3,94.2,86.8,93.9,90.4,93.5,12.985,5,5,5,104.68299999999999
36.39,12.0,6.5,5.955,10.242999999999999,4.61,92.65899999999999,92.667,64.9,54.9,30.1,101.3,64.3,87.3,94.2,86.8,93.9,90.4,93.5,13.807,5,5,5,104.686
36.44,12.0,6.356,5.797,10.328,4.741,92.592,92.551,64.9,54.9,30.1,101.3,64.3,87.3,94.2,86.8,93.9,90.4,93.5,14.63,5,5,5,104.684
36.49,12.0,6.668,5.543,10.257000000000001,4.421,92.49,92.34899999999999,64.9,54.9,30.1,101.3,64.3,87.3,94.2,86.8,93.9,90.4,93.5,15.311,5,5,5,104.686
36.54,12.0,6.105,6.0280000000000005,10.276,5.316,92.456,92.436,64.9,54.9,30.1,101.3,64.3,87.3,94.2,86.8,93.9,90.4,93.5,15.472999999999999,5,5,5,104.685
36.59,12.0,6.4,5.841,10.356,4.866,92.962,92.551,64.9,54.9,30.1,101.3,64.3,87.3,94.2,86.8,93.812,90.4,93.347,15.695,5,5,5,104.68299999999999
36.64,12.0,5.929,5.445,10.337,5.242,92.592,92.72399999999999,64.9,54.9,30.1,101.3,64.3,87.3,94.2,86.8,93.727,90.4,93.311,16.083,5,5,5,104.68299999999999
36.69,12.0,6.4399999999999995,5.52,10.383,5.195,92.388,92.58,64.9,54.9,30.1,101.3,64.3,87.3,94.2,86.8,93.706,90.4,93.303,16.045,5,5,5,104.685
36.74,12.0,6.266,5.775,10.285,5.035,92.693,92.378,64.9,54.9,30.1,101.3,64.3,87.3,94.2,86.8,93.70100000000001,90.4,93.301,16.529000000000003,5,5,5,104.68299999999999
36.79,12.0,5.854,5.627,10.385,5.205,92.422,92.34899999999999,64.9,54.9,30.1,101.3,64.3,87.3,94.2,86.8,93.7,90.4,93.3,17.171,5,5,5,104.681
36.84,12.0,6.094,5.748,10.172,4.509,92.524,92.027,64.9,54.9,30.1,101.3,64.3,87.3,94.2,86.8,93.7,90.4,93.3,16.914,5,5,5,104.679
36.89,12.0,5.617,6.121,10.581,4.981,92.693,92.378,64.9,54.9,30.1,101.3,64.3,87.3,94.2,86.8,93.7,90.4,93.3,16.977,5,5,5,104.686
36.94,12.0,5.9559999999999995,5.573,10.265,5.249,92.422,92.319,64.9,54.9,30.1,101.3,64.3,87.3,94.2,86.8,93.7,90.4,93.3,16.777,5,5,5,104.684
36.99,12.0,6.05,5.849,10.204,5.196,92.727,92.378,64.9,54.9,30.1,101.3,64.3,87.3,94.2,86.8,93.7,90.4,93.3,16.942,5,5,5,104.684
37.04,12.0,5.992,5.647,10.448,13.918,92.727,92.609,64.8,54.9,30.0,101.0,64.2,87.3,94.2,86.8,93.7,90.4,93.3,17.237000000000002,5,5,5,104.682
37.09,12.0,6.1530000000000005,5.569,10.375,31.375,92.626,92.465,64.8,54.9,30.0,101.0,64.2,87.3,94.2,86.8,93.7,90.4,93.3,17.145,5,5,5,104.686
37.14,12.0,6.125,5.679,10.259,57.346000000000004,92.828,92.407,64.8,54.9,30.0,101.0,64.2,87.3,94.2,86.8,93.7,90.4,93.3,17.128,5,5,5,104.68799999999999
37.19,12.0,6.102,5.519,10.382000000000001,72.053,92.354,91.998,64.8,54.9,30.0,101.0,64.2,87.3,94.2,86.8,93.7,90.4,93.3,16.893,5,5,5,104.686
37.24,12.0,5.676,5.57,10.451,96.891,92.388,91.762,64.8,54.9,30.0,101.0,64.2,87.3,94.2,86.8,93.7,90.4,93.3,17.73,5,5,5,104.685
