SampleTime,Phase,Sensor1,Sensor2,Sensor3,IJ,Sensor5,Sensor6,MouldTemp1,MouldTemp2,MouldTemp3,MouldTemp4,MouldTemp5,MouldTemp9,MouldTemp10,MouldTemp11,MouldTemp12,MouldTemp13,MouldTemp14,Sensor8,MouldFlow1,MouldFlow2,MouldFlow3,SP
0.0,1,5.409,5.67,5.681,98.96700000000001,92.734,92.229,65.1,55.1,30.8,100.5,69.5,88.2,96.1,87.8,94.6,91.4,94.3,19.767000000000003,5,5,5,104.446
0.05,1,5.495,5.7509999999999994,5.695,69.145,92.704,91.992,65.1,55.1,30.8,100.5,69.5,88.2,96.05,87.8,94.6,91.4,94.3,18.932000000000002,5,5,5,104.45100000000001
0.1,1,5.479,5.798,5.629,43.41,92.274,91.02600000000001,65.1,55.1,30.8,100.5,69.5,88.2,95.936,87.8,94.6,91.4,94.3,20.921,5,5,5,104.45200000000001
0.15,1,5.293,5.777,5.644,32.282,92.181,91.485,65.1,55.1,30.8,100.5,69.5,88.15,95.908,87.8,94.6,91.4,94.3,20.83,5,5,5,104.448
0.2,1,5.482,5.776,5.61,17.905,92.765,91.726,65.1,55.1,30.8,100.5,69.5,88.036,95.902,87.8,94.6,91.4,94.3,18.968,5,5,5,104.449
0.25,1,5.353,5.817,5.686,35.439,92.612,92.176,65.1,55.1,30.8,100.5,69.5,88.008,95.9,87.8,94.6,91.4,94.3,19.585,5,5,5,104.448
0.3,1,5.397,5.812,5.599,33.256,93.128,92.176,65.1,55.1,30.8,100.5,69.5,88.002,95.9,87.8,94.6,91.4,94.3,18.726,5,5,5,104.45100000000001
0.35,1,5.376,5.6690000000000005,5.035,38.631,92.795,92.438,65.1,55.1,30.8,100.5,69.5,88.0,95.9,87.8,94.6,91.4,94.3,19.874000000000002,5,5,5,104.45299999999999
0.4,1,5.396,5.688,5.463,49.225,92.85600000000001,92.41199999999999,65.1,55.1,30.8,100.5,69.5,88.0,95.9,87.8,94.6,91.4,94.3,18.831,5,5,5,104.449
0.45,1,5.383,5.617,5.523,62.138000000000005,93.128,92.36,65.1,55.1,30.8,100.5,69.5,88.0,95.9,87.8,94.6,91.4,94.3,20.060000000000002,5,5,5,104.456
0.5,1,5.405,5.701,5.6,68.072,93.248,92.904,65.1,55.1,30.8,100.5,69.5,88.0,95.9,87.8,94.6,91.4,94.3,18.981,5,5,5,104.455
0.55,1,5.419,5.7940000000000005,5.629,62.071999999999996,93.60600000000001,93.058,65.1,55.1,30.8,100.5,69.5,88.0,95.9,87.8,94.6,91.4,94.3,20.189999999999998,5,5,5,104.45100000000001
0.6,1,5.445,5.643,5.479,59.54,93.666,93.339,65.1,55.1,30.8,100.5,69.5,88.0,95.9,87.8,94.6,91.312,94.3,19.172,5,5,5,104.45200000000001
0.65,1,5.333,5.504,5.483,55.923,93.695,93.567,65.1,55.1,30.8,100.5,69.5,88.0,95.9,87.8,94.531,91.227,94.3,20.232,5,5,5,104.45100000000001
0.7,1,5.382,5.713,5.792,31.031999999999996,93.96,93.818,65.1,55.1,30.8,100.5,69.5,88.0,95.9,87.8,94.431,91.206,94.3,19.130000000000003,5,5,5,104.455
0.75,1,5.362,5.774,5.034,15.95,93.872,93.415,65.1,55.1,30.8,100.5,69.5,88.0,95.9,87.8,94.407,91.20100000000001,94.3,20.139000000000003,5,5,5,104.455
0.8,1,5.388,5.555,5.475,26.755,94.252,93.592,65.1,55.1,30.8,100.5,69.5,88.0,95.9,87.8,94.402,91.2,94.3,19.151,5,5,5,104.45299999999999
0.85,1,5.461,5.709,5.034,29.413,94.01899999999999,93.516,65.1,55.1,30.8,100.5,69.5,88.0,95.9,87.8,94.4,91.2,94.3,20.218,5,5,5,104.449
0.9,1,5.446,5.757,5.3870000000000005,31.090999999999998,94.369,93.843,65.1,55.1,30.8,100.5,69.5,88.0,95.9,87.8,94.4,91.2,94.3,19.272,5,5,5,104.444
0.95,1,5.421,5.865,5.632,24.812,94.34,93.918,65.1,55.1,30.8,100.5,69.5,88.0,95.9,87.8,94.4,91.2,94.3,20.168,5,5,5,104.45100000000001
1.0,1,5.45,5.655,5.579,27.372,94.223,93.793,65.1,55.1,30.8,100.5,69.5,88.0,95.9,87.8,94.4,91.2,94.3,19.122,5,5,5,104.447
1.05,1,5.335,5.752,5.039,28.318,94.6,94.167,65.1,55.1,30.8,100.5,69.5,88.0,95.9,87.8,94.4,91.2,94.3,20.220999999999997,5,5,5,104.444
1.1,1,5.409,5.871,5.469,27.914,94.369,94.217,65.1,55.1,30.8,100.5,69.5,88.0,95.9,87.8,94.4,91.2,94.3,19.177999999999997,5,5,5,104.44200000000001
1.15,1,5.394,5.6899999999999995,5.033,28.103,94.426,94.142,65.1,55.1,30.8,100.5,69.5,88.0,95.9,87.75,94.4,91.2,94.3,20.265,5,5,5,104.445
1.2,1,5.543,5.668,5.465,28.348000000000003,94.252,94.217,65.1,55.1,30.8,100.5,69.5,88.0,95.9,87.63600000000001,94.4,91.2,94.3,19.167,5,5,5,104.446
1.25,1,5.375,5.931,5.033,28.258000000000003,94.714,94.291,65.1,55.1,30.8,100.5,69.5,88.0,95.9,87.608,94.4,91.2,94.3,20.253,5,5,5,104.446
1.3,1,5.34,5.817,5.465,28.397,94.484,94.561,65.1,55.1,30.8,100.5,69.5,88.0,95.9,87.602,94.4,91.2,94.3,19.227,5,5,5,104.448
1.35,1,5.326,5.602,5.033,27.844,94.829,94.61,65.1,55.1,30.8,100.5,69.5,88.0,95.9,87.6,94.4,91.2,94.3,20.15,5,5,5,104.447
1.4,1,5.397,5.729,5.468,28.787,94.714,94.976,65.1,55.1,30.8,100.5,69.5,88.0,95.9,87.6,94.4,91.2,94.25,19.322000000000003,5,5,5,104.444
1.45,1,5.498,5.733,5.033,27.936999999999998,94.571,94.83,65.1,55.1,30.8,100.5,69.5,88.0,95.9,87.6,94.4,91.2,94.13600000000001,20.281,5,5,5,104.448
1.5,1,5.497,5.589,5.718,27.49,94.943,94.92699999999999,65.1,55.1,30.8,100.5,69.5,88.0,95.9,87.6,94.4,91.2,94.108,19.477,5,5,5,104.443
1.55,1,5.386,5.835,5.645,27.608,94.829,95.048,65.1,55.1,30.8,100.5,69.5,88.0,95.85,87.6,94.4,91.2,94.102,20.461,5,5,5,104.446
1.6,1,5.518,5.917,5.718,27.498,94.858,95.024,65.1,55.1,30.8,100.5,69.5,88.0,95.736,87.6,94.4,91.2,94.1,19.46,5,5,5,104.448
1.65,1,5.442,5.7,5.033,27.529,94.943,95.12100000000001,65.1,55.1,30.8,100.5,69.5,88.0,95.708,87.6,94.4,91.2,94.1,20.366,5,5,5,104.45100000000001
1.7,1,5.323,5.747,5.469,27.326,94.858,95.313,65.1,55.1,30.8,100.5,69.5,88.0,95.702,87.6,94.4,91.2,94.1,19.334000000000003,5,5,5,104.445
1.75,1,5.407,5.586,5.534,27.5,94.8,95.241,65.1,55.1,30.8,100.5,69.5,88.0,95.7,87.6,94.4,91.2,94.1,20.185000000000002,5,5,5,104.445
1.8,1,5.33,5.633,5.618,27.041,94.915,95.337,65.1,55.1,30.8,100.5,69.5,88.0,95.7,87.6,94.4,91.2,94.1,19.357999999999997,5,5,5,104.448
1.85,1,5.343,5.552,5.455,27.21,94.829,95.337,65.0,55.0,30.7,100.3,69.5,88.0,95.7,87.6,94.4,91.2,94.1,20.036,5,5,5,104.445
1.9,1,5.327,5.547,5.674,27.008000000000003,95.339,95.743,65.0,55.0,30.7,100.3,69.5,88.0,95.7,87.6,94.4,91.2,94.1,19.375,5,5,5,104.446
1.95,1,5.315,5.606,5.39,26.969,95.311,95.814,65.0,55.0,30.7,100.3,69.5,88.0,95.7,87.6,94.4,91.2,94.1,20.208,5,5,5,104.449
2.0,1,5.356,5.773,5.682,26.691999999999997,95.311,95.861,65.0,55.0,30.7,100.3,69.5,88.0,95.7,87.6,94.4,91.2,94.1,19.364,5,5,5,104.445
2.05,1,5.49,5.478,5.585,26.49,95.508,96.167,65.0,55.0,30.7,100.3,69.5,88.0,95.7,87.6,94.4,91.2,94.1,20.028,5,5,5,104.45100000000001
2.1,1,5.377,5.726,5.63,26.346,95.255,95.908,65.0,55.0,30.7,100.3,69.5,88.0,95.7,87.6,94.4,91.2,94.1,19.310000000000002,5,5,5,104.441
2.15,1,5.356,5.714,5.035,26.346999999999998,95.339,96.214,65.0,55.0,30.7,100.3,69.5,88.0,95.7,87.6,94.4,91.2,94.1,20.073,5,5,5,104.443
2.2,1,5.338,5.9879999999999995,5.498,25.491,95.62,96.14399999999999,65.0,55.0,30.7,100.3,69.5,88.0,95.7,87.6,94.4,91.2,94.1,19.442999999999998,5,5,5,104.441
2.25,1,5.323,5.836,5.034,25.927,95.508,96.26100000000001,65.0,55.0,30.7,100.3,69.5,88.0,95.7,87.6,94.4,91.2,94.1,20.152,5,5,5,104.45100000000001
2.3,1,5.333,5.99,5.507,26.21,95.42399999999999,95.743,65.0,55.0,30.7,100.3,69.5,88.0,95.7,87.6,94.4,91.2,94.1,19.353,5,5,5,104.446
2.35,1,5.301,5.906,5.052,26.19,95.536,96.05,65.0,55.0,30.7,100.3,69.5,88.0,95.7,87.6,94.4,91.2,94.1,19.522,5,5,5,104.444
2.4,1,5.392,5.867,5.485,25.517,95.508,95.672,65.0,55.0,30.7,100.3,69.5,88.0,95.7,87.6,94.4,91.2,94.1,20.264000000000003,5,5,5,104.44
2.45,1,5.395,5.614,5.041,29.7,95.283,95.529,65.0,55.0,30.7,100.3,69.5,88.0,95.7,87.6,94.4,91.2,94.1,19.194000000000003,5,5,5,104.447
2.5,1,5.435,5.7940000000000005,5.497,54.358000000000004,95.536,95.505,65.0,55.0,30.7,100.3,69.5,88.0,95.7,87.6,94.4,91.2,94.1,20.211,5,5,5,104.444
2.55,1,5.289,5.5809999999999995,5.49,87.181,95.255,95.361,65.0,55.0,30.7,100.3,69.5,88.0,95.7,87.6,94.4,91.2,94.1,19.25,5,5,5,104.444
2.6,1,5.324,5.747,5.539,124.402,95.19800000000001,95.457,65.0,55.0,30.7,100.3,69.5,88.0,95.7,87.6,94.4,91.2,94.1,20.085,5,5,5,104.443
2.65,1,5.308,5.714,5.356,152.434,95.17,95.40899999999999,65.0,55.0,30.7,100.3,69.5,88.0,95.7,87.6,94.4,91.2,94.1,19.174,5,5,5,104.439
2.7,1,5.369,5.57,5.494,174.27599999999998,95.592,95.553,65.0,55.0,30.7,100.3,69.5,88.0,95.7,87.6,94.4,91.2,94.1,20.312,5,5,5,104.439
2.75,1,5.291,5.583,5.034,183.632,95.255,95.433,65.0,55.0,30.7,100.3,69.5,88.0,95.7,87.6,94.4,91.2,94.1,19.345999999999997,5,5,5,104.445
2.8,1,5.378,5.61,5.721,183.387,95.19800000000001,95.624,65.0,55.0,30.7,100.3,69.5,87.863,95.7,87.6,94.4,91.2,94.1,20.933,5,5,5,104.446
2.85,1,5.365,5.734,5.454,175.67700000000002,95.452,95.217,65.0,55.0,30.7,100.3,69.5,87.815,95.7,87.6,94.4,91.2,94.1,19.319000000000003,5,5,5,104.444
2.9,1,5.35,5.711,5.568,155.567,95.311,95.457,65.0,55.0,30.7,100.3,69.5,87.804,95.7,87.6,94.4,91.2,94.1,20.485999999999997,5,5,5,104.45100000000001
2.95,1,5.307,5.534,5.57,126.443,95.452,95.433,65.0,55.0,30.7,100.3,69.5,87.801,95.7,87.6,94.263,91.2,94.1,19.426,5,5,5,104.448
3.0,1,5.378,5.676,5.377,93.698,95.255,95.457,65.0,55.0,30.7,100.3,69.5,87.8,95.7,87.6,94.215,91.2,94.1,20.207,5,5,5,104.448
3.05,1,5.311,5.777,5.615,69.391,95.48,95.529,65.0,55.0,30.7,100.3,69.5,87.8,95.7,87.6,94.204,91.2,94.1,19.492,5,5,5,104.447
3.1,1,5.364,5.838,5.638,54.43600000000001,95.508,95.529,65.0,55.0,30.7,100.3,69.5,87.8,95.7,87.455,94.20100000000001,91.2,94.1,20.478,5,5,5,104.45200000000001
3.15,14,5.288,5.521,5.54,123.26100000000001,95.508,95.6,65.0,55.0,30.7,100.3,69.5,87.8,95.7,87.413,94.2,91.2,94.1,19.283,5,5,5,104.447
3.2,14,5.396,5.594,5.406,97.185,95.283,95.529,65.0,55.0,30.7,100.3,69.5,87.8,95.7,87.403,94.2,91.2,94.1,20.118000000000002,5,5,5,104.448
3.25,14,5.521,5.479,5.337,79.51,95.283,95.337,65.0,55.0,30.7,100.3,69.5,87.8,95.7,87.40100000000001,94.2,91.2,94.1,19.199,5,5,5,104.444
3.3,14,5.374,5.79,5.647,50.64,95.17,95.12100000000001,65.0,55.0,30.7,100.3,69.5,87.8,95.7,87.4,94.2,91.2,94.1,20.207,5,5,5,104.449
3.35,14,5.393,5.579,5.465,36.454,94.542,94.53699999999999,65.0,55.0,30.7,100.3,69.5,87.8,95.7,87.4,94.2,91.074,94.1,19.958,5,5,5,104.445
3.4,14,5.413,5.7940000000000005,5.474,41.69,94.829,95.241,65.0,55.0,30.7,100.3,69.5,87.8,95.7,87.4,94.2,91.018,94.1,19.409,5,5,5,104.443
3.45,14,5.319,5.485,5.372,57.121,94.943,95.169,65.0,55.0,30.7,100.3,69.5,87.8,95.7,87.4,94.2,91.00399999999999,94.1,20.219,5,5,5,104.45
3.5,14,5.364,5.702,5.673,75.428,95.227,95.457,65.0,55.0,30.7,100.3,69.5,87.8,95.7,87.4,94.2,91.001,94.1,19.476,5,5,5,104.45
3.55,14,5.349,5.791,5.566,96.00299999999999,95.42399999999999,95.48100000000001,65.0,55.0,30.7,100.3,69.5,87.8,95.7,87.4,94.2,91.0,94.1,20.057000000000002,5,5,5,104.445
3.6,14,5.413,5.701,5.703,116.29700000000001,95.255,95.57600000000001,65.0,55.0,30.7,100.3,69.5,87.8,95.7,87.4,94.2,91.0,94.1,19.630000000000003,5,5,5,104.435
3.65,14,5.389,5.61,5.609,136.077,95.0,95.648,65.0,55.0,30.7,100.3,69.5,87.8,95.547,87.4,94.2,91.0,94.1,20.21,5,5,5,104.436
3.7,14,5.364,5.714,5.451,151.5,95.057,95.40899999999999,65.0,55.0,30.7,100.3,69.5,87.8,95.51100000000001,87.4,94.2,91.0,94.1,19.615000000000002,5,5,5,104.445
3.75,14,5.389,5.72,5.455,163.45,94.972,95.361,65.0,55.0,30.7,100.3,69.5,87.8,95.503,87.4,94.2,91.0,94.1,20.718,5,5,5,104.441
3.8,14,5.347,5.61,5.568,172.55599999999998,94.915,95.024,65.0,55.0,30.7,100.3,69.5,87.8,95.501,87.4,94.2,91.0,94.1,19.585,5,5,5,104.444
3.85,14,5.313,5.635,5.497,178.52700000000002,94.829,95.313,64.9,55.0,30.7,100.3,69.3,87.8,95.5,87.4,94.2,91.0,93.998,20.031,5,5,5,104.446
3.9,14,5.385,5.646,5.594,177.13299999999998,94.972,95.07300000000001,64.9,55.0,30.7,100.3,69.3,87.8,95.5,87.4,94.2,91.0,93.923,19.716,5,5,5,104.43700000000001
3.95,14,5.379,5.464,5.526,178.192,95.057,95.48100000000001,64.9,55.0,30.7,100.3,69.3,87.8,95.5,87.4,94.2,91.0,93.906,20.636,5,5,5,104.446
4.0,14,5.326,5.552,5.5120000000000005,174.04,94.915,95.07300000000001,64.9,55.0,30.7,100.3,69.3,87.8,95.5,87.4,94.2,91.0,93.90100000000001,19.679000000000002,5,5,5,104.448
4.05,14,5.327,5.4879999999999995,5.49,174.145,94.972,94.87899999999999,64.9,55.0,30.7,100.3,69.3,87.8,95.5,87.4,94.2,91.0,93.9,20.353,5,5,5,104.444
4.1,14,5.351,5.7780000000000005,5.605,176.149,94.686,94.92699999999999,64.9,55.0,30.7,100.3,69.3,87.8,95.5,87.4,94.2,91.0,93.9,19.892000000000003,5,5,5,104.44
4.15,14,5.288,5.519,5.46,174.033,94.858,94.976,64.9,55.0,30.7,100.3,69.3,87.8,95.5,87.4,94.2,91.0,93.9,20.024,5,5,5,104.444
4.2,14,5.343,5.514,5.452,173.234,94.743,95.169,64.9,55.0,30.7,100.3,69.3,87.8,95.5,87.4,94.2,91.0,93.9,19.607999999999997,5,5,5,104.441
4.22,3,5.349,5.59,5.316,172.015,94.77199999999999,95.241,64.9,55.0,30.7,100.3,69.3,87.8,95.5,87.4,94.2,91.0,93.9,20.378,5,5,5,104.446
4.24,3,5.29,5.478,5.563,170.863,94.915,94.214,64.9,55.0,30.7,100.3,69.3,87.8,95.5,87.4,94.2,91.0,93.9,20.352,5,5,5,104.45
4.26,3,5.391,5.477,5.591,158.27,95.028,94.634,64.9,55.0,30.7,100.3,69.3,87.8,95.5,87.4,94.2,91.0,93.9,20.075,5,5,5,104.448
4.28,3,5.558,5.659,5.458,139.4,94.972,94.535,64.9,55.0,30.7,100.3,69.3,87.8,95.5,87.4,94.2,91.0,93.9,20.447000000000003,5,5,5,104.447
4.3,3,5.341,5.621,5.65,122.764,95.057,94.41199999999999,64.9,55.0,30.7,100.3,69.3,87.8,95.5,87.4,94.2,91.0,93.9,20.239,5,5,5,104.449
4.32,3,5.289,5.531,5.562,104.402,95.085,94.83,64.9,55.0,30.7,100.3,69.3,87.8,95.5,87.4,94.2,91.0,93.9,20.505000000000003,5,5,5,104.45
4.34,3,5.518,5.701,5.449,87.77600000000001,95.113,94.732,64.9,55.0,30.7,100.3,69.3,87.8,95.5,87.4,94.2,91.0,93.9,20.84,5,5,5,104.45
4.36,3,5.846,5.536,5.021,92.84299999999999,94.915,94.56,64.9,55.0,30.7,100.3,69.3,87.8,95.5,87.4,94.2,91.0,93.9,20.744,5,5,5,104.448
4.38,3,5.75,5.43,5.079,85.289,95.028,94.976,64.9,55.0,30.7,100.3,69.3,87.8,95.5,87.4,94.2,91.0,93.9,20.433,5,5,5,104.145
4.4,3,5.786,5.53,5.029,80.382,95.25399999999999,94.732,64.9,55.0,30.7,100.3,69.3,87.8,95.5,87.4,94.2,91.0,93.9,20.522,5,5,5,103.345
4.42,3,6.166,5.583,5.004,60.632,95.142,94.854,64.9,55.0,30.7,100.3,69.3,87.8,95.5,87.4,94.2,91.0,93.9,20.614,5,5,5,102.18
4.44,3,5.828,5.532,5.013,59.695,95.142,94.732,64.9,55.0,30.7,100.3,69.3,87.8,95.5,87.4,94.2,91.0,93.9,20.762,5,5,5,100.87799999999999
4.46,3,5.985,5.564,5.0,48.545,95.142,94.83,64.9,55.0,30.7,100.3,69.3,87.8,95.5,87.4,94.2,91.0,93.9,20.404000000000003,5,5,5,99.26899999999999
4.48,3,6.192,5.457,5.0,42.295,95.282,95.12100000000001,64.9,55.0,30.7,100.3,69.3,87.8,95.5,87.4,94.2,91.0,93.9,20.357,5,5,5,98.133
4.5,3,6.1899999999999995,5.493,5.0,41.055,95.367,94.878,64.9,55.0,30.7,100.3,69.3,87.8,95.5,87.4,94.2,91.0,93.9,20.288,5,5,5,97.051
4.52,3,5.9879999999999995,5.51,5.004,46.458,95.19800000000001,94.878,64.9,55.0,30.7,100.3,69.3,87.8,95.5,87.4,94.2,91.0,93.9,20.424,5,5,5,96.132
4.54,3,6.066,5.553,5.078,51.055,95.028,94.83,64.9,55.0,30.7,100.3,69.3,87.8,95.5,87.4,94.2,91.0,93.9,20.6,5,5,5,95.23200000000001
4.56,3,6.023,5.606,5.01,55.133,95.19800000000001,94.781,64.9,55.0,30.7,100.3,69.3,87.8,95.5,87.4,94.2,91.0,93.9,20.583,5,5,5,94.337
4.58,3,5.7829999999999995,5.487,5.006,58.343,95.142,94.95100000000001,64.9,55.0,30.7,100.3,69.3,87.8,95.5,87.4,94.2,91.0,93.9,20.335,5,5,5,93.48299999999999
4.6,3,6.202,5.458,5.0,63.461000000000006,95.113,94.83,64.9,55.0,30.7,100.3,69.3,87.8,95.5,87.4,94.2,91.0,93.9,20.528,5,5,5,92.59100000000001
4.62,3,6.279,5.465,5.0,66.94200000000001,95.25399999999999,95.17,64.9,55.0,30.7,100.3,69.3,87.8,95.5,87.4,94.2,91.0,93.9,20.558,5,5,5,91.73
4.64,3,5.712,5.431,5.0,70.56,95.17,95.024,64.9,55.0,30.7,100.3,69.3,87.8,95.5,87.4,94.2,91.0,93.9,20.646,5,5,5,90.876
4.66,3,5.745,5.5120000000000005,5.008,73.55,95.19800000000001,94.903,64.9,55.0,30.7,100.3,69.3,87.8,95.5,87.4,94.113,91.0,93.9,20.487000000000002,5,5,5,89.952
4.68,3,6.034,5.523,5.001,72.044,95.028,94.903,64.9,55.0,30.7,100.3,69.3,87.8,95.5,87.4,94.063,91.0,93.9,20.641,5,5,5,89.043
4.7,3,6.056,5.501,5.0,67.49100000000001,95.0,95.38600000000001,64.9,55.0,30.7,100.3,69.3,87.8,95.5,87.4,94.036,91.0,93.9,20.573,5,5,5,88.28399999999999
4.72,3,6.2940000000000005,5.44,5.002,68.93299999999999,95.142,95.29,64.9,55.0,30.7,100.3,69.3,87.8,95.5,87.4,94.02,91.0,93.9,20.422,5,5,5,87.8
4.74,3,6.1850000000000005,5.5489999999999995,5.0,65.112,95.057,95.602,64.9,55.0,30.7,100.3,69.3,87.8,95.5,87.4,94.01100000000001,91.0,93.9,20.468,5,5,5,87.256
4.76,3,6.239,5.437,5.0,66.10499999999999,95.0,95.935,64.9,55.0,30.7,100.3,69.3,87.8,95.5,87.4,94.006,91.0,93.9,20.490000000000002,5,5,5,86.773
4.78,3,6.115,5.621,5.0,64.166,95.057,96.194,64.9,55.0,30.7,100.3,69.3,87.8,95.5,87.4,94.00399999999999,91.0,93.9,20.545,5,5,5,86.23
4.8,3,5.741,5.727,5.002,64.838,94.972,96.358,64.9,55.0,30.7,100.3,69.3,87.8,95.5,87.4,94.002,91.0,93.9,20.435000000000002,5,5,5,85.766
4.82,3,6.302,5.513,5.0,63.961000000000006,94.829,96.73,64.9,55.0,30.7,100.3,69.3,87.8,95.5,87.4,94.001,91.0,93.9,20.494,5,5,5,85.274
4.84,3,6.241,5.499,5.005,64.16399999999999,95.057,96.915,64.9,55.0,30.7,100.3,69.3,87.8,95.5,87.4,94.001,91.0,93.9,20.655,5,5,5,84.77600000000001
4.86,3,6.011,5.467,5.0,63.635,94.972,97.59899999999999,64.9,55.0,30.7,100.3,69.3,87.8,95.5,87.4,94.0,91.0,93.9,20.633,5,5,5,84.295
4.88,3,6.215,5.517,5.004,64.488,95.142,98.471,64.9,55.0,30.7,100.3,69.3,87.8,95.5,87.4,94.0,91.0,93.9,20.695,5,5,5,83.839
4.9,3,6.38,5.515,5.0,64.721,94.829,99.12799999999999,64.9,55.0,30.7,100.3,69.3,87.8,95.5,87.4,94.0,91.0,93.9,20.732,5,5,5,83.352
4.92,3,5.821,5.435,5.0,64.392,95.085,100.304,64.9,55.0,30.7,100.3,69.3,87.8,95.5,87.4,94.0,91.0,93.9,20.648,5,5,5,82.86399999999999
4.94,3,5.82,5.605,5.0,63.601000000000006,95.19800000000001,101.384,64.9,55.0,30.7,100.3,69.3,87.8,95.5,87.4,94.0,91.0,93.9,20.494,5,5,5,82.35300000000001
4.96,3,5.938,5.546,5.0,63.37,94.943,102.656,64.9,55.0,30.7,100.3,69.3,87.8,95.5,87.4,94.0,91.0,93.9,20.677999999999997,5,5,5,81.902
4.98,3,6.28,5.603,5.0,63.358999999999995,95.17,103.794,64.9,55.0,30.7,100.3,69.3,87.8,95.5,87.4,94.0,91.0,93.9,20.562,5,5,5,81.399
5.0,3,6.332,5.491,5.005,63.653,95.113,105.91,64.9,55.0,30.7,100.3,69.3,87.8,95.5,87.4,94.0,91.0,93.9,20.583,5,5,5,80.90899999999999
5.02,3,6.0809999999999995,5.434,5.0,63.926,95.085,108.632,64.9,55.0,30.7,100.3,69.3,87.8,95.5,87.4,94.0,91.0,93.9,20.749000000000002,5,5,5,80.405
5.04,3,6.05,5.515,5.0,64.11600000000001,95.226,111.819,64.9,55.0,30.7,100.3,69.3,87.8,95.5,87.4,94.0,91.0,93.9,20.537,5,5,5,79.936
5.06,3,6.231,5.463,5.0,63.891999999999996,95.226,116.295,64.9,55.0,30.7,100.3,69.3,87.8,95.45,87.4,94.0,91.0,93.9,20.232999999999997,5,5,5,79.471
5.08,3,6.121,5.43,5.0,63.76,95.226,121.67399999999999,64.9,55.0,30.7,100.3,69.3,87.8,95.384,87.4,94.0,91.0,93.9,20.614,5,5,5,79.002
5.1,3,5.961,5.536,5.0,64.50399999999999,95.646,127.191,64.9,55.0,30.7,100.3,69.3,87.8,95.347,87.4,94.0,91.0,93.9,20.6,5,5,5,78.509
5.12,3,5.745,5.886,5.006,64.852,95.395,133.274,64.9,55.0,30.7,100.3,69.3,87.8,95.327,87.4,94.0,90.95,93.9,20.548000000000002,5,5,5,78.016
5.14,3,5.974,5.678,5.0,65.237,95.507,142.28,64.9,55.0,30.7,100.3,69.3,87.8,95.315,87.4,94.0,90.884,93.9,20.547,5,5,5,77.547
5.16,3,6.042,5.5600000000000005,5.0,65.291,95.895,154.653,64.9,55.0,30.7,100.3,69.3,87.8,95.308,87.4,94.0,90.847,93.9,20.403,5,5,5,77.086
5.18,3,5.934,6.461,5.053,65.227,96.061,171.881,64.9,55.0,30.7,100.3,69.3,87.8,95.305,87.4,94.0,90.827,93.9,20.339,5,5,5,76.60300000000001
5.2,3,6.154,5.797,5.008,65.49199999999999,96.334,218.132,64.9,55.0,30.7,100.3,69.3,87.8,95.303,87.375,94.0,90.815,93.9,20.380000000000003,5,5,5,76.146
5.22,3,6.039,5.918,5.004,65.81,97.009,243.49,64.9,55.0,30.7,100.3,69.3,87.8,95.301,87.298,94.0,90.808,93.9,20.293,5,5,5,75.676
5.24,3,5.937,5.947,5.012,66.798,98.088,238.24,64.9,55.0,30.7,100.3,69.3,87.8,95.301,87.255,94.0,90.805,93.9,20.447000000000003,5,5,5,75.215
5.26,3,5.7780000000000005,6.388,5.08,66.68299999999999,99.15899999999999,233.923,64.9,55.0,30.7,100.3,69.3,87.8,95.3,87.23100000000001,94.0,90.803,93.9,20.384999999999998,5,5,5,74.727
5.28,3,6.273,6.104,5.002,73.70100000000001,100.395,230.453,64.9,55.0,30.7,100.3,69.3,87.8,95.3,87.218,94.0,90.801,93.9,20.383,5,5,5,74.197
5.3,3,6.208,6.716,5.0,72.122,101.91799999999999,227.96099999999998,64.9,55.0,30.7,100.3,69.3,87.8,95.3,87.21,94.0,90.801,93.9,20.494,5,5,5,73.428
5.32,3,6.318,7.053,5.0,77.234,103.449,226.144,64.9,55.0,30.7,100.3,69.3,87.8,95.3,87.206,94.0,90.8,93.9,20.302999999999997,5,5,5,72.71100000000001
5.34,3,6.416,7.122,5.03,78.271,105.46,224.821,64.9,55.0,30.7,100.3,69.3,87.8,95.3,87.203,94.0,90.8,93.9,19.587,5,5,5,71.878
5.36,3,6.192,7.008,5.001,80.416,108.14399999999999,223.926,64.9,55.0,30.7,100.3,69.3,87.8,95.3,87.202,94.0,90.8,93.9,19.278,5,5,5,71.082
5.38,3,6.176,8.278,5.027,80.271,111.04799999999999,223.52700000000002,64.9,55.0,30.7,100.3,69.3,87.8,95.3,87.20100000000001,94.0,90.8,93.9,19.269,5,5,5,70.252
5.4,3,5.856,8.234,5.003,81.73899999999999,114.837,223.38299999999998,64.9,55.0,30.7,100.3,69.3,87.8,95.3,87.20100000000001,94.0,90.8,93.9,19.434,5,5,5,69.437
5.42,3,6.552,8.826,5.001,82.263,119.76700000000001,223.166,64.9,55.0,30.7,100.3,69.3,87.8,95.3,87.2,94.0,90.8,93.9,19.433,5,5,5,68.618
5.44,3,6.165,9.119,5.006,83.43,124.881,222.829,64.9,55.0,30.7,100.3,69.3,87.8,95.3,87.2,94.0,90.8,93.9,19.417,5,5,5,67.801
5.46,3,6.3,9.73,5.005,84.182,133.361,222.54,64.9,55.0,30.7,100.3,69.3,87.8,95.3,87.2,94.0,90.8,93.9,19.515,5,5,5,66.971
5.48,3,6.369,9.626999999999999,5.004,84.748,143.347,222.299,64.9,55.0,30.7,100.3,69.3,87.8,95.3,87.2,94.0,90.8,93.9,19.455,5,5,5,66.157
5.5,3,6.105,10.457999999999998,5.0,85.082,155.4,222.083,64.9,55.0,30.7,100.3,69.3,87.8,95.3,87.2,94.0,90.8,93.9,19.516,5,5,5,65.356
5.52,3,6.241,10.632000000000001,5.005,85.708,180.78,221.831,64.9,55.0,30.7,100.3,69.3,87.75,95.3,87.2,94.0,90.8,93.9,19.48,5,5,5,64.533
5.54,3,6.867,10.908,5.0,85.984,244.345,221.59099999999998,64.9,55.0,30.7,100.3,69.3,87.684,95.3,87.2,94.0,90.8,93.9,19.55,5,5,5,63.668
5.56,3,6.621,11.058,5.0,86.58,239.222,221.208,64.9,55.0,30.7,100.3,69.3,87.64699999999999,95.3,87.2,94.0,90.8,93.9,19.459000000000003,5,5,5,62.847
5.58,3,6.842,11.849,5.0,86.836,235.49900000000002,220.84900000000002,64.9,55.0,30.7,100.3,69.3,87.627,95.3,87.2,94.0,90.8,93.9,19.325,5,5,5,61.994
5.6,3,7.2059999999999995,12.738,5.0,87.20200000000001,232.77900000000002,220.53799999999998,64.9,55.0,30.7,100.3,69.3,87.615,95.3,87.2,94.0,90.8,93.9,19.188,5,5,5,61.152
5.62,3,7.13,13.703,5.0,87.111,230.36599999999999,219.96400000000003,64.9,55.0,30.7,100.3,69.3,87.608,95.3,87.2,94.0,90.8,93.9,19.153,5,5,5,60.263000000000005
5.64,3,7.404999999999999,13.919,5.002,85.278,228.253,219.05900000000003,64.9,55.0,30.7,100.3,69.3,87.605,95.3,87.2,94.0,90.8,93.9,19.604,5,5,5,59.34
5.66,3,7.412,14.906,5.505,83.26100000000001,226.521,218.06,64.9,55.0,30.7,100.3,69.3,87.60300000000001,95.3,87.2,94.0,90.8,93.9,19.631999999999998,5,5,5,58.396
5.68,3,6.926,15.307,6.109,80.031,225.09,217.113,64.9,55.0,30.7,100.3,69.3,87.602,95.3,87.2,94.0,90.8,93.9,19.345999999999997,5,5,5,57.43
5.7,3,7.26,15.152000000000001,6.716,78.116,223.872,216.167,64.9,55.0,30.7,100.3,69.3,87.601,95.3,87.2,94.0,90.8,93.9,19.359,5,5,5,56.498999999999995
5.72,3,7.3740000000000006,15.47,7.04,76.375,222.646,215.225,64.9,55.0,30.7,100.3,69.3,87.6,95.3,87.2,94.0,90.8,93.9,19.338,5,5,5,55.559
5.74,3,7.002,16.222,7.704,76.116,221.365,214.32,64.9,55.0,30.7,100.3,69.3,87.6,95.3,87.2,94.0,90.8,93.9,19.478,5,5,5,54.676
5.76,3,7.218999999999999,16.724,8.051,75.553,219.835,213.359,64.9,55.0,30.7,100.3,69.3,87.6,95.3,87.2,94.0,90.8,93.9,19.352,5,5,5,53.773999999999994
5.78,3,7.279999999999999,17.003,8.676,75.601,218.18,212.727,64.9,55.0,30.7,100.3,69.3,87.6,95.3,87.2,94.0,90.8,93.9,19.295,5,5,5,52.925
5.8,3,7.579,17.244,9.032,75.752,216.795,211.701,64.9,55.0,30.7,100.3,69.3,87.6,95.3,87.2,94.0,90.8,93.9,19.369,5,5,5,52.053000000000004
5.82,3,8.245000000000001,17.808,9.357,74.439,215.356,211.41,64.9,55.0,30.7,100.3,69.3,87.6,95.3,87.2,94.0,90.8,93.9,19.445,5,5,5,51.192
5.84,3,7.787,17.895,9.897,71.399,214.253,211.678,64.8,54.9,30.6,99.9,69.1,87.6,95.3,87.2,94.0,90.8,93.9,19.335,5,5,5,50.391
5.86,3,8.184,18.231,10.190999999999999,72.211,213.485,211.34,64.8,54.9,30.6,99.9,69.1,87.6,95.3,87.2,94.0,90.8,93.9,19.122999999999998,5,5,5,49.696
5.88,3,8.501000000000001,18.75,10.507000000000001,69.61399999999999,212.824,210.77,64.8,54.9,30.6,99.9,69.1,87.6,95.3,87.2,94.0,90.8,93.9,19.274,5,5,5,48.972
5.9,3,8.68,18.970999999999997,10.841000000000001,71.161,212.15200000000002,210.178,64.8,54.9,30.6,99.9,69.1,87.6,95.3,87.2,94.0,90.8,93.9,19.323,5,5,5,48.285
5.92,3,8.352,19.026,11.067,69.483,211.56400000000002,209.657,64.8,54.9,30.6,99.9,69.1,87.6,95.3,87.2,94.0,90.8,93.85,19.386,5,5,5,47.597
5.94,3,8.733,19.076999999999998,11.519,70.796,211.024,209.101,64.8,54.9,30.6,99.9,69.1,87.6,95.3,87.2,94.0,90.8,93.78399999999999,19.242,5,5,5,46.921
5.96,3,8.951,19.152,11.775,70.066,210.578,208.581,64.8,54.9,30.6,99.9,69.1,87.6,95.3,87.2,94.0,90.8,93.747,19.16,5,5,5,46.223
5.98,3,9.367,19.615000000000002,11.968,71.176,210.19099999999997,207.97,64.8,54.9,30.6,99.9,69.1,87.6,95.3,87.2,94.0,90.8,93.727,19.149,5,5,5,45.544000000000004
6.0,3,9.775,19.915999999999997,12.088999999999999,70.385,210.02700000000002,207.267,64.8,54.9,30.6,99.9,69.1,87.6,95.3,87.2,94.0,90.8,93.715,19.259,5,5,5,44.876999999999995
6.02,3,10.337,20.975,12.625,71.184,210.08599999999998,206.669,64.8,54.9,30.6,99.9,69.1,87.6,95.3,87.2,94.0,90.8,93.708,19.175,5,5,5,44.181
6.04,3,14.055,22.134,13.191,69.925,209.828,206.072,64.8,54.9,30.6,99.9,69.1,87.6,95.3,87.2,94.0,90.8,93.705,19.188,5,5,5,43.523
6.06,3,16.641,23.78,14.265,66.689,209.06799999999998,205.52200000000002,64.8,54.9,30.6,99.9,69.1,87.6,95.3,87.2,94.0,90.8,93.703,19.155,5,5,5,42.955
6.08,3,17.785,25.267,15.192,67.811,208.18200000000002,204.90400000000002,64.8,54.9,30.6,99.9,69.1,87.6,95.3,87.2,94.0,90.8,93.70100000000001,19.277,5,5,5,42.551
6.1,3,19.232,25.965,15.859000000000002,65.041,207.146,204.27599999999998,64.8,54.9,30.6,99.9,69.1,87.6,95.3,87.2,94.0,90.8,93.70100000000001,19.184,5,5,5,42.125
6.12,4,20.158,26.502,16.344,66.137,206.08900000000003,203.66,64.8,54.9,30.6,99.9,69.1,87.6,95.3,87.2,94.0,90.8,93.7,19.08,5,5,5,41.78
6.14,4,20.461,27.473000000000003,17.03,59.431999999999995,205.05900000000003,203.045,64.8,54.9,30.6,99.9,69.1,87.6,95.3,87.2,94.0,90.8,93.7,19.151,5,5,5,41.429
6.16,4,21.511,27.432,17.494,55.526,204.157,202.42,64.8,54.9,30.6,99.9,69.1,87.6,95.3,87.2,94.0,90.8,93.7,19.23,5,5,5,41.319
6.18,4,21.858,28.489,20.176,55.956,203.31599999999997,201.81799999999998,64.8,54.9,30.6,99.9,69.1,87.6,95.3,87.2,94.0,90.8,93.7,19.095999999999997,5,5,5,41.429
6.2,4,22.139,28.844,22.722,51.87,202.579,201.183,64.8,54.9,30.6,99.9,69.1,87.6,95.3,87.2,94.0,90.8,93.7,19.040999999999997,5,5,5,41.448
6.22,4,22.399,28.303,23.768,50.812,201.889,200.50400000000002,64.8,54.9,30.6,99.9,69.1,87.6,95.3,87.2,94.0,90.8,93.7,18.927,5,5,5,41.455
6.24,4,22.715999999999998,28.409000000000002,23.881,48.473,201.27,199.88299999999998,64.8,54.9,30.6,99.9,69.1,87.6,95.3,87.2,94.0,90.8,93.7,18.826,5,5,5,41.451
6.26,4,22.595,28.590999999999998,24.128,47.842,200.708,199.274,64.8,54.9,30.6,99.9,69.1,87.6,95.3,87.2,94.0,90.8,93.7,18.854,5,5,5,41.478
6.28,4,22.34,28.474,24.268,46.516999999999996,200.17,198.643,64.8,54.9,30.6,99.9,69.1,87.6,95.3,87.2,94.0,90.8,93.7,19.033,5,5,5,41.497
6.3,4,22.433,27.775,24.307000000000002,45.906,199.68900000000002,198.08,64.8,54.9,30.6,99.9,69.1,87.6,95.3,87.2,94.0,90.8,93.7,18.914,5,5,5,41.498000000000005
6.32,4,23.595,28.09,23.953,45.205,199.22099999999998,197.58599999999998,64.8,54.9,30.6,99.9,69.1,87.6,95.3,87.2,94.0,90.8,93.7,18.957,5,5,5,41.504000000000005
6.34,4,24.669,29.197,24.434,44.789,198.74200000000002,197.115,64.8,54.9,30.6,99.9,69.1,87.6,95.3,87.2,94.0,90.8,93.7,19.877000000000002,5,5,5,41.519999999999996
6.36,4,25.503,29.905,24.857,44.605,198.25099999999998,196.678,64.8,54.9,30.6,99.9,69.1,87.6,95.3,87.2,94.0,90.8,93.7,20.205,5,5,5,41.557
6.38,4,26.519000000000002,30.401999999999997,25.337,44.068000000000005,197.727,196.263,64.8,54.9,30.6,99.9,69.1,87.6,95.3,87.2,94.0,90.8,93.7,20.182000000000002,5,5,5,41.55800000000001
6.4,4,27.368000000000002,30.755,25.685,43.817,197.261,195.69299999999998,64.8,54.9,30.6,99.9,69.1,87.6,95.3,87.2,94.0,90.8,93.7,20.243000000000002,5,5,5,41.571
6.42,4,27.586,31.034000000000002,26.186,42.973,196.692,195.201,64.8,54.9,30.6,99.9,69.1,87.6,95.3,87.2,94.0,90.8,93.7,20.012,5,5,5,41.584
6.44,4,28.149,31.0,26.186,42.99,196.136,194.72099999999998,64.8,54.9,30.6,99.9,69.1,87.6,95.3,87.2,94.0,90.8,93.7,19.84,5,5,5,41.586
6.46,4,27.511999999999997,31.083000000000002,26.603,43.008,195.614,194.18599999999998,64.8,54.9,30.6,99.9,69.1,87.6,95.3,87.2,94.0,90.8,93.7,19.759999999999998,5,5,5,41.589
6.48,4,27.767,30.805999999999997,26.253,43.336999999999996,195.138,193.696,64.8,54.9,30.6,99.9,69.1,87.6,95.3,87.2,94.0,90.8,93.7,19.839,5,5,5,41.581999999999994
6.5,4,27.583000000000002,31.243000000000002,26.358,43.986,194.662,193.273,64.8,54.9,30.6,99.9,69.1,87.6,95.3,87.2,93.913,90.8,93.7,19.965,5,5,5,41.58
6.52,4,28.658,30.785999999999998,26.42,43.895,194.176,192.773,64.8,54.9,30.6,99.9,69.1,87.6,95.3,87.2,93.863,90.8,93.7,19.892000000000003,5,5,5,41.561
6.54,4,29.039,31.101999999999997,26.570999999999998,42.876,193.65599999999998,192.31799999999998,64.8,54.9,30.6,99.9,69.1,87.6,95.3,87.2,93.836,90.8,93.7,19.855,5,5,5,41.544
6.56,4,29.254,31.340999999999998,26.503,43.966,193.204,191.907,64.8,54.9,30.6,99.9,69.1,87.6,95.3,87.2,93.82,90.8,93.7,19.970999999999997,5,5,5,41.55
6.58,4,29.39,31.346,26.845,42.669000000000004,192.71900000000002,191.475,64.8,54.9,30.6,99.9,69.1,87.6,95.3,87.2,93.811,90.8,93.7,19.990000000000002,5,5,5,41.537
6.6,4,29.569000000000003,30.88,26.881,42.942,192.25599999999997,191.032,64.8,54.9,30.6,99.9,69.1,87.6,95.3,87.2,93.806,90.8,93.7,19.839,5,5,5,41.510000000000005
6.62,4,29.738000000000003,31.595,26.781,43.671,191.783,190.645,64.8,54.9,30.6,99.9,69.1,87.6,95.3,87.2,93.804,90.8,93.7,20.023,5,5,5,41.512
6.64,4,29.486,31.463,26.997,42.663000000000004,191.322,190.203,64.8,54.9,30.6,99.9,69.1,87.6,95.3,87.2,93.80199999999999,90.8,93.7,20.005000000000003,5,5,5,41.477
6.66,4,29.986,31.891,27.066999999999997,43.446999999999996,190.826,189.794,64.8,54.9,30.6,99.9,69.1,87.6,95.3,87.2,93.801,90.8,93.7,19.887,5,5,5,41.454
6.68,4,30.166999999999998,32.108000000000004,27.01,43.823,190.377,189.39700000000002,64.8,54.9,30.6,99.9,69.1,87.6,95.3,87.2,93.801,90.8,93.7,19.964,5,5,5,41.432
6.7,4,30.258000000000003,32.313,27.171999999999997,44.736999999999995,189.92700000000002,188.99900000000002,64.8,54.9,30.6,99.9,69.1,87.6,95.3,87.2,93.8,90.8,93.7,19.880000000000003,5,5,5,41.388000000000005
6.72,4,30.254,32.111999999999995,27.229,44.607,189.489,188.60299999999998,64.8,54.9,30.6,99.9,69.1,87.6,95.3,87.2,93.8,90.8,93.7,19.958,5,5,5,41.313
6.74,4,30.973000000000003,32.644000000000005,27.221999999999998,45.024,189.041,188.22799999999998,64.8,54.9,30.6,99.9,69.1,87.6,95.3,87.2,93.8,90.8,93.7,19.854,5,5,5,41.254999999999995
6.76,4,30.993000000000002,32.89,27.241,44.876999999999995,188.614,187.832,64.8,54.9,30.6,99.9,69.1,87.6,95.3,87.2,93.8,90.8,93.7,19.945,5,5,5,41.213
6.78,4,30.796999999999997,33.089,27.554000000000002,45.844,188.2,187.46900000000002,64.8,54.9,30.6,99.9,69.1,87.6,95.25,87.2,93.8,90.8,93.7,19.938,5,5,5,41.174
6.8,4,30.828000000000003,32.68,27.566,45.507,187.752,187.095,64.8,54.9,30.6,99.9,69.1,87.6,95.184,87.2,93.8,90.8,93.7,19.875999999999998,5,5,5,41.144000000000005
6.82,4,31.191999999999997,33.197,27.718000000000004,45.968,187.33700000000002,186.71099999999998,64.8,54.9,30.6,99.9,69.1,87.6,95.14699999999999,87.2,93.8,90.8,93.7,19.964,5,5,5,41.105999999999995
6.84,4,30.703000000000003,33.291,27.675,46.393,186.946,186.382,64.8,54.9,30.6,99.9,69.1,87.6,95.127,87.2,93.8,90.8,93.7,19.933,5,5,5,41.063
6.86,4,31.598000000000003,33.227,27.791,46.405,186.554,186.03,64.8,54.9,30.6,99.9,69.1,87.6,95.115,87.2,93.8,90.8,93.7,19.951999999999998,5,5,5,40.980999999999995
6.88,4,31.371,33.604,27.823,46.543,186.16299999999998,185.669,64.8,54.9,30.6,99.9,69.1,87.6,95.108,87.2,93.8,90.8,93.7,19.845,5,5,5,40.956
6.9,4,31.645,33.944,27.851999999999997,46.745,185.761,185.329,64.8,54.9,30.6,99.9,69.1,87.6,95.105,87.2,93.8,90.8,93.7,20.015,5,5,5,40.891
6.92,4,31.88,33.745999999999995,27.961,47.088,185.37,184.97799999999998,64.8,54.9,30.6,99.9,69.1,87.6,95.10300000000001,87.2,93.8,90.8,93.7,19.984,5,5,5,40.84
6.94,4,31.778000000000002,33.754000000000005,28.07,46.833,184.99,184.65,64.8,54.9,30.6,99.9,69.1,87.6,95.102,87.2,93.8,90.8,93.7,19.937,5,5,5,40.79
6.96,4,32.191,34.046,28.239,46.725,184.644,184.34400000000002,64.8,54.9,30.6,99.9,69.1,87.6,95.101,87.2,93.8,90.8,93.7,19.886,5,5,5,40.736000000000004
6.98,4,32.388999999999996,34.126999999999995,28.159000000000002,46.757,184.243,184.016,64.8,54.9,30.6,99.9,69.1,87.6,95.1,87.2,93.8,90.8,93.7,19.843,5,5,5,40.704
7.0,4,32.019999999999996,34.483000000000004,28.499000000000002,47.147,183.93099999999998,183.699,64.8,54.9,30.6,99.9,69.1,87.6,95.1,87.2,93.8,90.8,93.7,19.911,5,5,5,40.646
7.02,4,31.675,34.351,28.631,47.585,183.507,183.40400000000002,64.8,54.9,30.6,99.9,69.1,87.6,95.1,87.2,93.8,90.8,93.7,20.247,5,5,5,40.613
7.04,4,32.506,34.679,28.573,47.68899999999999,183.18400000000003,183.08700000000002,64.8,54.9,30.6,99.9,69.1,87.6,95.1,87.2,93.8,90.8,93.7,20.092,5,5,5,40.573
7.06,4,32.844,34.809,28.81,47.28,182.827,182.76,64.8,54.9,30.6,99.9,69.1,87.6,95.1,87.2,93.8,90.8,93.7,20.03,5,5,5,40.510000000000005
7.08,4,32.765,35.307,29.006,47.398,182.50400000000002,182.498,64.8,54.9,30.6,99.9,69.1,87.6,95.1,87.2,93.8,90.8,93.7,19.93,5,5,5,40.495000000000005
7.1,4,32.855000000000004,35.398,29.19,47.797,182.137,182.18099999999998,64.8,54.9,30.6,99.9,69.1,87.6,95.1,87.2,93.8,90.8,93.7,19.808,5,5,5,40.435
7.12,4,33.659000000000006,34.806,28.732,48.191,181.84799999999998,181.87599999999998,64.8,54.9,30.6,99.9,69.1,87.6,95.1,87.2,93.8,90.8,93.7,19.963,5,5,5,40.415
7.14,4,33.643,34.838,26.734,47.979,181.46900000000002,181.56,64.8,54.9,30.6,99.9,69.1,87.6,95.1,87.2,93.8,90.8,93.7,20.102,5,5,5,40.369
7.16,4,33.185,35.278999999999996,25.335,48.379,181.158,181.255,64.8,54.9,30.6,99.9,69.1,87.6,95.1,87.2,93.8,90.8,93.7,19.939,5,5,5,40.325
7.18,4,33.81699999999999,35.281,26.578000000000003,47.792,180.835,180.96099999999998,64.8,54.9,30.6,99.9,69.1,87.6,95.1,87.2,93.8,90.8,93.7,19.953,5,5,5,40.287
7.2,4,33.718,35.266,29.101999999999997,48.383,180.502,180.657,64.8,54.9,30.6,99.9,69.1,87.6,95.1,87.2,93.8,90.8,93.7,19.914,5,5,5,40.260000000000005
7.22,4,33.584,35.17,30.381,48.132,180.179,180.395,64.8,54.9,30.6,99.9,69.1,87.6,95.1,87.2,93.8,90.8,93.7,20.023,5,5,5,40.188
7.24,4,34.247,35.503,30.949,48.3,179.90099999999998,180.13400000000001,64.8,54.9,30.6,99.9,69.1,87.6,95.1,87.2,93.8,90.8,93.7,19.84,5,5,5,40.165
7.26,4,33.803,36.349000000000004,31.469,48.168,179.55700000000002,179.88400000000001,64.8,54.9,30.6,99.9,69.1,87.6,95.1,87.2,93.8,90.8,93.7,20.018,5,5,5,40.111999999999995
7.28,4,34.652,36.116,31.605999999999998,48.727,179.27900000000002,179.602,64.8,54.9,30.6,99.9,69.1,87.6,95.1,87.2,93.8,90.8,93.7,20.035,5,5,5,40.074
7.3,4,34.063,36.335,32.153000000000006,48.132,178.946,179.34099999999998,64.8,54.9,30.6,99.9,69.1,87.6,95.1,87.2,93.8,90.8,93.7,20.02,5,5,5,40.004999999999995
7.32,4,34.452,36.971000000000004,32.30800000000001,48.622,178.64600000000002,179.09099999999998,64.8,54.9,30.6,99.9,69.1,87.6,95.1,87.2,93.8,90.8,93.7,19.934,5,5,5,39.979
7.34,4,34.35,36.967,32.574,48.873999999999995,178.379,178.83,64.8,54.9,30.6,99.9,69.1,87.6,95.1,87.2,93.8,90.8,93.7,20.427999999999997,5,5,5,39.945
7.36,4,34.484,36.905,32.798,49.288999999999994,178.102,178.602,64.8,54.9,30.6,99.9,69.1,87.6,95.1,87.2,93.8,90.8,93.7,20.449,5,5,5,39.888000000000005
7.38,4,34.537,37.497,33.041,44.768,177.813,178.342,64.8,54.9,30.6,99.9,69.1,87.6,95.1,87.2,93.8,90.8,93.7,20.283,5,5,5,39.831
7.4,4,34.789,37.129,33.402,44.508,177.491,178.092,64.8,54.9,30.6,99.9,69.1,87.6,95.1,87.2,93.8,90.8,93.7,20.238,5,5,5,39.923
7.42,4,34.914,37.353,33.568,41.328,177.247,177.832,64.8,54.9,30.6,99.9,69.1,87.6,95.1,87.2,93.8,90.8,93.7,20.468,5,5,5,40.044
7.44,4,35.31699999999999,37.444,33.536,40.711999999999996,176.969,177.593,64.8,54.9,30.6,99.9,69.1,87.6,95.1,87.113,93.8,90.8,93.7,20.455,5,5,5,40.25
7.46,4,35.153000000000006,37.861999999999995,33.625,42.155,176.67,177.279,64.8,54.9,30.6,99.9,69.1,87.6,95.1,87.063,93.8,90.8,93.7,20.487000000000002,5,5,5,40.383
7.48,4,35.236000000000004,37.711999999999996,33.618,39.396,176.414,177.03,64.8,54.9,30.6,99.9,69.1,87.6,95.1,87.036,93.8,90.71300000000001,93.7,20.22,5,5,5,40.394999999999996
7.5,4,35.47,37.714,33.734,40.95,176.17,176.791,64.8,54.9,30.6,99.9,69.1,87.6,95.1,87.02,93.8,90.663,93.7,20.353,5,5,5,40.394000000000005
7.52,4,35.68,37.785,33.758,40.957,175.893,176.542,64.8,54.9,30.6,99.9,69.1,87.6,95.1,87.01100000000001,93.8,90.63600000000001,93.7,20.22,5,5,5,40.394999999999996
7.54,4,35.729,38.419000000000004,33.735,42.097,175.637,176.25,64.8,54.9,30.6,99.9,69.1,87.6,95.1,87.006,93.8,90.62,93.7,20.369999999999997,5,5,5,40.396
7.56,4,35.503,37.597,33.493,42.226,175.338,176.055,64.8,54.9,30.6,99.9,69.1,87.6,95.1,87.00399999999999,93.8,90.611,93.7,20.240000000000002,5,5,5,40.383
7.58,4,35.587,37.655,33.508,42.858000000000004,175.105,175.762,64.8,54.9,30.6,99.9,69.1,87.6,95.1,87.002,93.8,90.60600000000001,93.7,20.334000000000003,5,5,5,40.331
7.6,4,35.744,37.260999999999996,33.399,43.662,174.827,175.513,64.8,54.9,30.6,99.9,69.1,87.6,95.1,87.001,93.8,90.604,93.7,20.33,5,5,5,40.305
7.62,4,35.734,37.493,33.333,43.666,174.55,175.275,64.8,54.9,30.6,99.9,69.1,87.6,95.1,87.001,93.8,90.602,93.7,20.582,5,5,5,40.266999999999996
7.64,4,35.161,37.871,33.253,44.566,174.306,175.015,64.8,54.9,30.6,99.9,69.1,87.6,95.1,87.0,93.8,90.601,93.7,20.255000000000003,5,5,5,40.185
7.66,4,35.620999999999995,37.516999999999996,33.249,44.97,174.061,174.767,64.8,54.9,30.6,99.9,69.1,87.6,95.1,87.0,93.8,90.601,93.7,20.485,5,5,5,40.133
7.68,4,35.872,37.193000000000005,33.213,43.84,173.817,174.572,64.8,54.9,30.6,99.9,69.1,87.6,95.1,87.0,93.8,90.6,93.7,20.173000000000002,5,5,5,40.049
7.7,4,35.095,37.505,33.153999999999996,40.494,173.562,174.30200000000002,64.8,54.9,30.6,99.9,69.1,87.6,95.1,87.0,93.8,90.6,93.7,20.470999999999997,5,5,5,40.044
7.72,4,35.448,36.903000000000006,33.202,40.722,173.31799999999998,174.107,64.8,54.9,30.6,99.9,69.1,87.6,95.1,87.0,93.8,90.6,93.7,20.283,5,5,5,40.185
7.74,4,35.581,36.739000000000004,33.021,38.634,173.096,173.869,64.8,54.9,30.6,99.9,69.1,87.6,95.1,87.0,93.8,90.6,93.7,20.173000000000002,5,5,5,40.353
7.76,4,35.516,37.150999999999996,33.19,36.653999999999996,172.81799999999998,173.609,64.8,54.9,30.6,99.9,69.1,87.6,95.1,87.0,93.8,90.6,93.7,20.387,5,5,5,40.510999999999996
7.78,4,35.585,37.196999999999996,33.19,39.699,172.563,173.361,64.8,54.9,30.6,99.9,69.1,87.6,95.1,87.0,93.8,90.6,93.7,20.188,5,5,5,40.647
7.8,4,35.370999999999995,37.119,32.809,35.751,172.33,173.155,64.8,54.9,30.6,99.9,69.1,87.6,95.1,87.0,93.8,90.6,93.7,20.213,5,5,5,40.661
7.82,4,35.45,37.223,33.118,39.733000000000004,172.108,172.885,64.8,54.9,30.6,99.9,69.1,87.6,95.1,87.0,93.8,90.6,93.7,20.295,5,5,5,40.663
7.84,4,35.479,36.461,33.016999999999996,37.7,171.874,172.745,64.7,54.9,30.6,99.8,69.0,87.6,95.1,87.0,93.8,90.6,93.7,20.380000000000003,5,5,5,40.620000000000005
7.86,4,35.369,37.145,32.788,35.837,171.63,172.442,64.7,54.9,30.6,99.8,69.0,87.6,95.1,87.0,93.8,90.6,93.7,20.36,5,5,5,40.614000000000004
7.88,4,35.259,36.620000000000005,32.745999999999995,35.596000000000004,171.408,172.194,64.7,54.9,30.6,99.8,69.0,87.6,95.1,87.0,93.8,90.6,93.7,20.262999999999998,5,5,5,40.674
7.9,4,35.230999999999995,36.44,32.878,33.016999999999996,171.153,171.989,64.7,54.9,30.6,99.8,69.0,87.6,95.1,87.0,93.8,90.6,93.7,20.453,5,5,5,40.8
7.92,4,35.275999999999996,36.527,32.579,32.958,170.908,171.816,64.7,54.9,30.6,99.8,69.0,87.6,95.1,87.0,93.8,90.6,93.7,20.424,5,5,5,40.95
7.94,4,35.135999999999996,36.541,32.508,31.148000000000003,170.686,171.513,64.7,54.9,30.6,99.8,69.0,87.6,95.1,87.0,93.8,90.6,93.7,20.27,5,5,5,41.138000000000005
7.96,4,34.855000000000004,36.528999999999996,32.286,30.55,170.453,171.286,64.7,54.9,30.6,99.8,69.0,87.6,95.1,87.0,93.8,90.6,93.7,20.519,5,5,5,41.295
7.98,4,34.866,35.953,31.886999999999997,32.685,170.197,171.016,64.7,54.9,30.6,99.8,69.0,87.6,95.1,87.0,93.8,90.6,93.7,20.102,5,5,5,41.428
8.0,4,35.037,36.718,31.819000000000003,30.688000000000002,169.986,170.833,64.7,54.9,30.6,99.8,69.0,87.6,95.1,87.0,93.8,90.6,93.7,20.305999999999997,5,5,5,41.444
8.02,4,34.760999999999996,35.491,31.714000000000002,33.609,169.741,170.57399999999998,64.7,54.9,30.6,99.8,69.0,87.6,95.1,87.0,93.8,90.6,93.7,20.299,5,5,5,41.418000000000006
8.04,4,34.471000000000004,35.912,31.244,34.191,169.541,170.39,64.7,54.9,30.6,99.8,69.0,87.6,95.1,87.0,93.8,90.6,93.7,20.238,5,5,5,41.345
8.06,4,34.288,35.293000000000006,31.263,35.673,169.319,170.131,64.7,54.9,30.6,99.8,69.0,87.6,95.1,87.0,93.8,90.6,93.7,20.232,5,5,5,41.258
8.08,4,34.149,34.854,31.064,35.958,169.063,169.915,64.7,54.9,30.6,99.8,69.0,87.6,95.1,87.0,93.8,90.6,93.7,20.194000000000003,5,5,5,41.179
8.1,4,33.565,35.21,30.838,36.747,168.81799999999998,169.678,64.7,54.9,30.6,99.8,69.0,87.6,95.1,87.0,93.8,90.6,93.7,20.258,5,5,5,41.105000000000004
8.12,4,34.456999999999994,35.086,30.459,38.949,168.651,169.472,64.7,54.9,30.6,99.8,69.0,87.6,95.1,87.0,93.8,90.6,93.7,20.227,5,5,5,41.016999999999996
8.14,4,33.924,35.038,30.51,40.329,168.406,169.267,64.7,54.9,30.6,99.8,69.0,87.6,95.1,87.0,93.8,90.6,93.7,20.36,5,5,5,40.953
8.16,4,33.702,34.705,30.506,40.192,168.195,169.062,64.7,54.9,30.6,99.8,69.0,87.6,95.1,87.0,93.8,90.6,93.7,20.57,5,5,5,40.857
8.18,4,33.306,34.656,30.313000000000002,40.316,167.994,168.835,64.7,54.9,30.6,99.8,69.0,87.6,95.1,87.0,93.8,90.6,93.7,20.174,5,5,5,40.721000000000004
8.2,4,33.553,34.703,30.095,42.293,167.77200000000002,168.673,64.7,54.9,30.6,99.8,69.0,87.6,95.1,87.0,93.8,90.6,93.7,20.244999999999997,5,5,5,40.618
8.22,4,32.923,33.881,30.241999999999997,42.571999999999996,167.56,168.458,64.7,54.9,30.6,99.8,69.0,87.6,95.1,87.0,93.8,90.6,93.7,20.322000000000003,5,5,5,40.458
8.24,4,33.197,34.56,30.308000000000003,45.064,167.34799999999998,168.274,64.7,54.9,30.6,99.8,69.0,87.6,95.1,87.0,93.8,90.6,93.7,20.576,5,5,5,40.337
8.26,4,33.090999999999994,34.522,30.129,44.409,167.137,168.101,64.7,54.9,30.6,99.8,69.0,87.6,95.1,87.0,93.8,90.6,93.7,20.33,5,5,5,40.168000000000006
8.28,4,32.911,34.408,30.3,41.772,166.914,167.89600000000002,64.7,54.9,30.6,99.8,69.0,87.6,95.1,87.0,93.8,90.6,93.7,20.383,5,5,5,40.024
8.3,4,32.674,34.322,30.278000000000002,42.88,166.713,167.756,64.7,54.9,30.6,99.8,69.0,87.6,95.1,87.0,93.8,90.6,93.7,20.175,5,5,5,40.028999999999996
8.32,4,33.061,34.616,30.546999999999997,39.719,166.579,167.594,64.7,54.9,30.6,99.8,69.0,87.6,95.1,87.0,93.8,90.6,93.7,19.604,5,5,5,40.083
8.34,4,32.596999999999994,34.986000000000004,30.658,40.75,166.36700000000002,167.464,64.7,54.9,30.6,99.8,69.0,87.6,95.1,87.0,93.8,90.6,93.7,19.309,5,5,5,40.229
8.36,4,32.655,34.771,30.998,36.851,166.234,167.281,64.7,54.9,30.6,99.8,69.0,87.6,95.1,87.0,93.8,90.6,93.7,19.372999999999998,5,5,5,40.311
8.38,4,33.010000000000005,35.03,30.783,37.56,165.999,167.119,64.7,54.9,30.6,99.8,69.0,87.6,95.1,87.0,93.8,90.6,93.7,19.356,5,5,5,40.475
8.4,4,32.94199999999999,35.03,30.746,34.275999999999996,165.798,166.935,64.7,54.9,30.6,99.8,69.0,87.6,95.1,87.0,93.8,90.6,93.7,19.439,5,5,5,40.61
8.42,4,32.730000000000004,34.784000000000006,30.884,33.407,165.609,166.741,64.7,54.9,30.6,99.8,69.0,87.6,95.1,87.0,93.8,90.6,93.7,19.595,5,5,5,40.784000000000006
8.44,4,32.772,35.249,30.747,31.289,165.452,166.579,64.7,54.9,30.6,99.8,69.0,87.6,95.1,87.0,93.8,90.6,93.7,19.448,5,5,5,40.928
8.46,4,32.644000000000005,34.923,30.546999999999997,34.306,165.24,166.33,64.7,54.9,30.6,99.8,69.0,87.6,95.1,87.0,93.8,90.6,93.7,19.561,5,5,5,41.118
8.48,4,32.785,34.519000000000005,30.473000000000003,32.513999999999996,165.061,166.201,64.7,54.9,30.6,99.8,69.0,87.6,95.1,87.0,93.8,90.6,93.7,19.342,5,5,5,41.162
8.5,4,32.71,34.846000000000004,30.409000000000002,34.243,164.894,165.985,64.7,54.9,30.6,99.8,69.0,87.6,95.1,87.0,93.8,90.6,93.7,19.509,5,5,5,41.158
8.52,4,32.812,34.357,30.160999999999998,33.599000000000004,164.681,165.812,64.7,54.9,30.6,99.8,69.0,87.6,95.1,87.0,93.8,90.6,93.7,19.317999999999998,5,5,5,41.102
8.54,4,32.47,34.172,30.019000000000002,36.499,164.491,165.61700000000002,64.7,54.9,30.6,99.8,69.0,87.6,95.1,87.0,93.8,90.6,93.7,19.391,5,5,5,41.055
8.56,4,32.547,34.489999999999995,29.862,36.141,164.32299999999998,165.434,64.7,54.9,30.6,99.8,69.0,87.6,95.1,87.0,93.8,90.6,93.7,19.509,5,5,5,40.955
8.58,4,31.978,34.283,29.998,37.876999999999995,164.144,165.239,64.7,54.9,30.6,99.8,69.0,87.6,95.1,87.0,93.8,90.6,93.7,19.454,5,5,5,40.883
8.6,4,32.165,34.492,29.899,38.363,163.965,165.077,64.7,54.9,30.6,99.8,69.0,87.6,95.1,87.0,93.8,90.6,93.7,19.335,5,5,5,40.783
8.62,4,32.215,33.983000000000004,29.849,39.584,163.741,164.893,64.7,54.9,30.6,99.8,69.0,87.6,95.1,87.0,93.8,90.6,93.7,19.398,5,5,5,40.703
8.64,4,32.061,34.093,29.576,40.596,163.57299999999998,164.72,64.7,54.9,30.6,99.8,69.0,87.6,95.1,87.0,93.8,90.6,93.7,19.231,5,5,5,40.594
8.66,4,31.566999999999997,34.230999999999995,29.713,41.373000000000005,163.405,164.537,64.7,54.9,30.6,99.8,69.0,87.6,95.1,87.0,93.8,90.6,93.7,19.302,5,5,5,40.459
8.68,4,32.128,33.68300000000001,29.682,42.485,163.204,164.374,64.7,54.9,30.6,99.8,69.0,87.6,95.1,87.0,93.8,90.6,93.7,19.343,5,5,5,40.340999999999994
8.7,4,31.791,33.47,29.569000000000003,44.043,163.013,164.234,64.7,54.9,30.6,99.8,69.0,87.6,95.1,87.0,93.8,90.6,93.7,19.544,5,5,5,40.19
8.72,4,31.715,34.129999999999995,29.759,38.185,162.822,164.039,64.7,54.9,30.6,99.8,69.0,87.6,95.1,87.0,93.8,90.6,93.7,19.524,5,5,5,40.089
8.74,4,31.44,33.762,29.756,41.479,162.733,163.899,64.7,54.9,30.6,99.8,69.0,87.6,95.1,87.0,93.8,90.6,93.7,19.415,5,5,5,40.152
8.76,4,32.010000000000005,33.497,29.759,37.388000000000005,162.519,163.747,64.7,54.9,30.6,99.8,69.0,87.6,95.1,87.0,93.8,90.6,93.7,19.325,5,5,5,40.232
8.78,4,31.566,34.199,29.968000000000004,40.265,162.306,163.57399999999998,64.7,54.9,30.6,99.8,69.0,87.6,95.1,87.0,93.8,90.6,93.7,19.342,5,5,5,40.354
8.8,4,31.259,34.137,30.033,39.879,162.194,163.444,64.7,54.9,30.6,99.8,69.0,87.6,95.1,87.0,93.8,90.6,93.675,19.345,5,5,5,40.385999999999996
8.82,4,31.008000000000003,34.045,29.994,40.452,162.082,163.27100000000002,64.7,54.9,30.6,99.8,69.0,87.6,95.1,87.0,93.8,90.6,93.598,19.386,5,5,5,40.387
8.84,4,31.278000000000002,34.33,30.076,41.059,161.879,163.09799999999998,64.7,54.9,30.6,99.8,69.0,87.6,95.1,87.0,93.8,90.6,93.555,19.213,5,5,5,40.299
8.86,4,31.515,33.814,30.206,41.779,161.69899999999998,163.001,64.7,54.9,30.6,99.8,69.0,87.6,95.1,87.0,93.8,90.6,93.531,19.364,5,5,5,40.263999999999996
8.88,4,31.662,34.523,30.149,42.359,161.553,162.817,64.7,54.9,30.6,99.8,69.0,87.6,95.1,87.0,93.8,90.6,93.518,19.357999999999997,5,5,5,40.169
8.9,4,31.746,34.075,30.177,42.946,161.43,162.67600000000002,64.7,54.9,30.6,99.8,69.0,87.6,95.1,87.0,93.8,90.6,93.51,19.584000000000003,5,5,5,40.086
8.92,4,31.268,33.8,30.252,43.934,161.25,162.579,64.7,54.9,30.6,99.8,69.0,87.6,95.1,87.0,93.8,90.6,93.506,19.617,5,5,5,39.992
8.94,4,31.314,33.777,30.243000000000002,44.876,161.137,162.42700000000002,64.7,54.9,30.6,99.8,69.0,87.6,95.1,87.0,93.8,90.6,93.503,19.661,5,5,5,39.915
8.96,4,31.271,34.158,30.409000000000002,43.913000000000004,160.934,162.275,64.7,54.9,30.6,99.8,69.0,87.6,95.1,87.0,93.8,90.6,93.502,19.405,5,5,5,39.836
8.98,4,31.486,33.947,30.515,47.89,160.811,162.167,64.7,54.9,30.6,99.8,69.0,87.6,95.1,87.0,93.8,90.6,93.501,19.490000000000002,5,5,5,39.821
9.0,4,31.616999999999997,34.234,30.427,46.193000000000005,160.675,162.005,64.7,54.9,30.6,99.8,69.0,87.6,95.1,87.0,93.8,90.6,93.501,19.509,5,5,5,39.756
9.02,4,31.784000000000002,34.298,30.581999999999997,47.395,160.529,161.82,64.7,54.9,30.6,99.8,69.0,87.6,95.1,87.0,93.8,90.6,93.5,19.576999999999998,5,5,5,39.672
9.04,4,31.671,35.1,30.789,47.864,160.303,161.71200000000002,64.7,54.9,30.6,99.8,69.0,87.6,95.1,87.0,93.8,90.6,93.5,19.511,5,5,5,39.619
9.06,4,31.570999999999998,34.828,30.991999999999997,48.896,160.25799999999998,161.60399999999998,64.7,54.9,30.6,99.8,69.0,87.6,95.1,87.0,93.8,90.6,93.5,19.630000000000003,5,5,5,39.544
9.08,4,31.096,35.224000000000004,31.357,42.616,160.067,161.463,64.7,54.9,30.6,99.8,69.0,87.6,95.1,87.0,93.8,90.6,93.5,19.61,5,5,5,39.483000000000004
9.1,4,31.77,35.028000000000006,31.293000000000003,43.867,159.942,161.398,64.7,54.9,30.6,99.8,69.0,87.6,95.1,87.0,93.8,90.6,93.5,19.398,5,5,5,39.549
9.12,4,32.122,35.254000000000005,31.406,43.417,159.784,161.148,64.7,54.9,30.6,99.8,69.0,87.6,95.1,87.0,93.8,90.6,93.5,19.653,5,5,5,39.701
9.14,4,32.055,35.453,31.398000000000003,40.858000000000004,159.683,161.07299999999998,64.7,54.9,30.6,99.8,69.0,87.6,95.1,87.0,93.8,90.6,93.5,19.363,5,5,5,39.766999999999996
9.16,4,31.840999999999998,35.92,31.590999999999998,32.68,159.547,160.986,64.7,54.9,30.6,99.8,69.0,87.6,95.1,87.0,93.8,90.6,93.5,19.45,5,5,5,39.926
9.18,4,32.05800000000001,35.952,31.866999999999997,39.412,159.4,160.769,64.7,54.9,30.6,99.8,69.0,87.6,95.1,87.0,93.8,90.6,93.5,19.773,5,5,5,40.055
9.2,4,32.28,35.297,31.72,41.196999999999996,159.276,160.628,64.7,54.9,30.6,99.8,69.0,87.6,95.1,87.0,93.8,90.6,93.5,19.468,5,5,5,40.167
9.22,4,32.144000000000005,35.045,31.479,36.748000000000005,159.118,160.498,64.7,54.9,30.6,99.8,69.0,87.6,95.1,87.0,93.8,90.6,93.5,19.219,5,5,5,40.162
9.24,4,32.383,35.997,31.573,42.78,158.993,160.335,64.7,54.9,30.6,99.8,69.0,87.6,95.1,87.0,93.8,90.6,93.5,19.828,5,5,5,40.150999999999996
9.26,4,32.485,35.598,31.434,34.405,158.869,160.205,64.7,54.9,30.6,99.8,69.0,87.6,95.1,87.0,93.8,90.6,93.5,19.437,5,5,5,40.098
9.28,4,32.399,35.646,31.666999999999998,42.595,158.722,160.107,64.7,54.9,30.6,99.8,69.0,87.6,95.1,87.0,93.8,90.6,93.5,19.535,5,5,5,40.077
9.3,4,32.223,35.9,31.814,40.048,158.529,159.879,64.7,54.9,30.6,99.8,69.0,87.6,95.1,87.0,93.8,90.6,93.5,19.863,5,5,5,40.0
9.32,4,32.024,35.562,31.587,36.989999999999995,158.416,159.738,64.7,54.9,30.6,99.8,69.0,87.6,95.1,87.0,93.8,90.6,93.5,19.895,5,5,5,39.993
9.34,4,31.769000000000002,35.799,31.578000000000003,37.602,158.269,159.651,64.7,54.9,30.6,99.8,69.0,87.6,95.1,87.0,93.8,90.6,93.5,19.962,5,5,5,40.120999999999995
9.36,4,32.066,35.284000000000006,31.478,38.044000000000004,158.053,159.422,64.7,54.9,30.6,99.8,69.0,87.6,95.1,87.0,93.8,90.6,93.5,20.148,5,5,5,40.245999999999995
9.38,4,32.275999999999996,35.793000000000006,31.278000000000002,37.576,158.03,159.325,64.7,54.9,30.6,99.8,69.0,87.6,95.1,87.0,93.8,90.6,93.5,19.752000000000002,5,5,5,40.271
9.4,4,32.004999999999995,34.982,31.326,38.611999999999995,157.826,159.205,64.7,54.9,30.6,99.8,69.0,87.6,95.1,87.0,93.8,90.6,93.5,19.89,5,5,5,40.242
9.42,4,32.126999999999995,35.193,31.271,39.225,157.724,159.053,64.7,54.9,30.6,99.8,69.0,87.6,95.1,87.0,93.8,90.6,93.5,19.713,5,5,5,40.161
9.44,4,31.919,35.696,31.326,40.607,157.531,158.814,64.7,54.9,30.6,99.8,69.0,87.6,95.1,87.0,93.8,90.6,93.5,20.214,5,5,5,40.111999999999995
9.46,4,32.219,35.429,31.116,35.221999999999994,157.395,158.727,64.7,54.9,30.6,99.8,69.0,87.6,95.1,87.0,93.8,90.6,93.5,19.869999999999997,5,5,5,40.043000000000006
9.48,4,31.811999999999998,35.296,31.267,38.523,157.292,158.607,64.7,54.9,30.6,99.8,69.0,87.6,95.1,87.0,93.8,90.6,93.5,19.735999999999997,5,5,5,40.144000000000005
9.5,4,31.649,35.054,31.308000000000003,33.004999999999995,157.11,158.411,64.7,54.9,30.6,99.8,69.0,87.6,95.1,87.0,93.8,90.6,93.5,20.232,5,5,5,40.253
9.52,4,32.199,35.44199999999999,31.090999999999998,40.269,156.951,158.248,64.7,54.9,30.6,99.8,69.0,87.6,95.1,87.0,93.8,90.6,93.5,20.03,5,5,5,40.396
9.54,4,31.962,35.494,30.914,33.743,156.83700000000002,158.139,64.7,54.9,30.6,99.8,69.0,87.6,95.1,87.0,93.8,90.6,93.5,19.649,5,5,5,40.394999999999996
9.56,4,32.417,35.402,30.809,39.72,156.701,157.997,64.7,54.9,30.6,99.8,69.0,87.6,95.1,87.0,93.8,90.6,93.5,19.918,5,5,5,40.368
9.58,4,31.991,34.835,30.901999999999997,37.832,156.553,157.845,64.7,54.9,30.6,99.8,69.0,87.6,95.1,87.0,93.8,90.6,93.5,19.945999999999998,5,5,5,40.269999999999996
9.6,4,31.57,34.455,30.711,40.85,156.439,157.725,64.7,54.9,30.6,99.8,69.0,87.6,95.1,87.0,93.8,90.6,93.5,20.005000000000003,5,5,5,40.198
9.62,4,31.96,34.913,30.71,40.689,156.233,157.583,64.7,54.9,30.6,99.8,69.0,87.6,95.1,87.0,93.8,90.6,93.5,20.008,5,5,5,40.096999999999994
9.64,4,31.826999999999998,35.118,30.912,43.086,156.062,157.441,64.7,54.9,30.6,99.8,69.0,87.6,95.1,87.0,93.8,90.6,93.5,20.256999999999998,5,5,5,39.980999999999995
9.66,4,31.410999999999998,34.887,30.775,34.603,155.903,157.311,64.7,54.9,30.6,99.8,69.0,87.6,95.1,87.0,93.8,90.6,93.5,20.139000000000003,5,5,5,39.926
9.68,4,32.037,35.025,30.344,40.025999999999996,155.88,157.18,64.7,54.9,30.6,99.8,69.0,87.6,95.1,87.0,93.8,90.6,93.5,19.93,5,5,5,40.007
9.7,4,31.885,34.730999999999995,30.462,33.161,155.674,157.005,64.7,54.9,30.6,99.8,69.0,87.6,95.1,87.0,93.8,90.6,93.5,20.625,5,5,5,40.118
9.72,4,31.953000000000003,34.399,30.764,38.209,155.56,156.885,64.7,54.9,30.6,99.8,69.0,87.6,95.1,87.0,93.8,90.6,93.5,20.256999999999998,5,5,5,40.269000000000005
9.74,4,31.678,34.846000000000004,30.745,30.701999999999998,155.434,156.82,64.7,54.9,30.6,99.8,69.0,87.6,95.1,87.0,93.8,90.6,93.5,20.031,5,5,5,40.275
9.76,4,31.653000000000002,34.849000000000004,30.506,35.634,155.285,156.634,64.7,54.9,30.6,99.8,69.0,87.6,95.1,87.0,93.8,90.6,93.5,19.957,5,5,5,40.435
9.78,4,31.761999999999997,34.288,30.361,29.355999999999998,155.125,156.49200000000002,64.7,54.9,30.6,99.8,69.0,87.6,95.1,87.0,93.8,90.6,93.5,19.891,5,5,5,40.56699999999999
9.8,4,31.695999999999998,34.387,30.480999999999998,36.315,154.999,156.317,64.7,54.9,30.6,99.8,69.0,87.6,95.1,87.0,93.8,90.6,93.5,19.889000000000003,5,5,5,40.753
9.82,4,31.77,34.41,30.281999999999996,29.271,154.827,156.208,64.7,54.9,30.6,99.8,69.0,87.6,95.1,87.0,93.8,90.6,93.5,19.977,5,5,5,40.85
9.84,4,31.906,34.024,29.863000000000003,32.623000000000005,154.701,156.033,64.7,54.9,30.6,99.4,68.8,87.6,95.1,87.0,93.8,90.6,93.5,19.805999999999997,5,5,5,41.07
9.86,4,31.941,34.303,29.936,28.697,154.564,155.924,64.7,54.9,30.6,99.4,68.8,87.6,95.1,87.0,93.8,90.6,93.5,19.925,5,5,5,41.168000000000006
9.88,4,31.673000000000002,34.29,29.794,22.063,154.42600000000002,155.738,64.7,54.9,30.6,99.4,68.8,87.6,95.1,87.0,93.8,90.6,93.5,19.869999999999997,5,5,5,41.394999999999996
9.9,4,31.478,34.499,29.418000000000003,27.59,154.254,155.595,64.7,54.9,30.6,99.4,68.8,87.6,95.1,87.0,93.8,90.6,93.5,19.704,5,5,5,41.491
9.92,4,31.623,33.938,29.214000000000002,20.810000000000002,154.139,155.409,64.7,54.9,30.6,99.4,68.8,87.6,95.1,87.0,93.8,90.6,93.5,20.052999999999997,5,5,5,41.68
9.94,4,31.329,33.402,28.813000000000002,27.021,153.97799999999998,155.267,64.7,54.9,30.6,99.4,68.8,87.6,95.1,87.0,93.8,90.6,93.5,19.557000000000002,5,5,5,41.819
9.96,4,31.291999999999998,33.188,28.319000000000003,20.484,153.852,155.136,64.7,54.9,30.6,99.4,68.8,87.6,95.1,87.0,93.8,90.6,93.5,19.799,5,5,5,41.937
9.98,4,31.45,33.214,27.962,14.857000000000001,153.69,155.004,64.7,54.9,30.6,99.4,68.8,87.6,95.1,87.0,93.8,90.6,93.5,19.778,5,5,5,42.116
10.0,4,31.164,32.896,27.414,15.415,153.518,154.796,64.7,54.9,30.6,99.4,68.8,87.6,95.1,87.0,93.8,90.6,93.5,21.331,5,5,5,42.256
10.02,4,31.16,32.559,26.764,22.292,153.403,154.58700000000002,64.7,54.9,30.6,99.4,68.8,87.6,95.1,87.0,93.8,90.6,93.5,19.967,5,5,5,42.347
10.04,4,30.708000000000002,32.152,26.304000000000002,21.908,153.253,154.467,64.7,54.9,30.6,99.4,68.8,87.6,95.1,87.0,93.8,90.6,93.5,19.625999999999998,5,5,5,42.294000000000004
10.06,4,30.708000000000002,31.898000000000003,25.83,26.496,153.06799999999998,154.291,64.7,54.9,30.6,99.4,68.8,87.6,95.1,87.0,93.8,90.6,93.5,20.176,5,5,5,42.217
10.08,4,30.663,32.141999999999996,25.452,26.739,153.011,154.17,64.7,54.9,30.6,99.4,68.8,87.6,95.1,87.0,93.8,90.6,93.5,19.881,5,5,5,42.079
10.1,4,30.285,31.445,25.078,28.986,152.83700000000002,154.006,64.7,54.9,30.6,99.4,68.8,87.6,95.1,87.0,93.8,90.6,93.5,19.89,5,5,5,41.956
10.12,4,30.183000000000003,31.329,24.894000000000002,29.984,152.69899999999998,153.885,64.7,54.9,30.6,99.4,68.8,87.6,95.1,87.0,93.8,90.6,93.5,19.89,5,5,5,41.798
10.14,4,30.076,30.921999999999997,24.746,31.842,152.56,153.72,64.7,54.9,30.6,99.4,68.8,87.6,95.1,87.0,93.8,90.669,93.5,19.797,5,5,5,41.614000000000004
10.16,4,29.572,30.389,24.583,33.421,152.352,153.61,64.7,54.9,30.6,99.4,68.8,87.6,95.1,87.0,93.8,90.726,93.5,19.857,5,5,5,41.44
10.18,4,29.624000000000002,30.168000000000003,24.34,35.054,152.225,153.533,64.7,54.9,30.6,99.4,68.8,87.6,95.1,87.0,93.8,90.758,93.5,19.91,5,5,5,41.201
10.2,4,28.999000000000002,30.266,24.548,36.495000000000005,152.109,153.401,64.7,54.9,30.6,99.4,68.8,87.6,95.1,87.0,93.8,90.777,93.5,19.911,5,5,5,40.971000000000004
10.22,4,29.112,30.344,24.274,38.357,151.993,153.269,64.7,54.9,30.6,99.4,68.8,87.6,95.1,87.0,93.8,90.78699999999999,93.5,19.95,5,5,5,40.758
10.24,4,28.69,30.234,24.64,39.795,151.85399999999998,153.148,64.7,54.9,30.6,99.4,68.8,87.6,95.1,87.0,93.8,90.793,93.5,19.925,5,5,5,40.542
10.26,4,28.843000000000004,29.764,24.578,41.515,151.668,153.10399999999998,64.7,54.9,30.6,99.4,68.8,87.6,95.1,87.0,93.8,90.796,93.5,19.922,5,5,5,40.315
10.28,4,28.894000000000002,30.186,24.936,42.527,151.529,152.95,64.7,54.9,30.6,99.4,68.8,87.6,95.1,87.0,93.8,90.798,93.5,19.894,5,5,5,40.06
10.3,4,28.489,30.355999999999998,25.211,44.99,151.425,152.894,64.7,54.9,30.6,99.4,68.8,87.6,95.1,87.0,93.8,90.79899999999999,93.5,19.893,5,5,5,39.833
10.32,4,28.38,30.973000000000003,25.590999999999998,41.47,151.332,152.784,64.7,54.9,30.6,99.4,68.8,87.6,95.1,87.0,93.8,90.79899999999999,93.5,20.23,5,5,5,39.647
10.34,4,28.840999999999998,30.435,25.824,46.798,151.192,152.718,64.7,54.9,30.6,99.4,68.8,87.6,95.1,87.0,93.8,90.8,93.5,19.97,5,5,5,39.605999999999995
10.36,4,28.441,31.22,25.975,46.653999999999996,151.064,152.674,64.7,54.9,30.6,99.4,68.8,87.6,95.1,87.0,93.8,90.8,93.5,20.268,5,5,5,39.554
10.38,4,28.546999999999997,31.875,26.483,48.776,150.936,152.586,64.7,54.9,30.6,99.4,68.8,87.6,95.1,87.0,93.8,90.8,93.5,20.076,5,5,5,39.426
10.4,4,27.859,31.77,26.919,49.268,150.808,152.509,64.7,54.9,30.6,99.4,68.8,87.6,95.1,87.0,93.8,90.8,93.5,20.095999999999997,5,5,5,39.278000000000006
10.42,4,28.319000000000003,31.891,27.113000000000003,51.011,150.691,152.431,64.7,54.9,30.6,99.4,68.8,87.6,95.1,87.0,93.8,90.8,93.5,20.043,5,5,5,39.15
10.44,4,28.271,31.893,27.483,51.41,150.59799999999998,152.409,64.7,54.9,30.6,99.4,68.8,87.6,95.1,87.0,93.8,90.8,93.5,20.073,5,5,5,39.008
10.46,4,28.546999999999997,32.742,28.059,52.526,150.505,152.321,64.7,54.9,30.6,99.4,68.8,87.6,95.1,87.0,93.8,90.8,93.5,20.188,5,5,5,38.891
10.48,4,28.162,33.010999999999996,28.603,52.306000000000004,150.365,152.244,64.7,54.9,30.6,99.4,68.8,87.6,95.1,87.0,93.8,90.8,93.5,20.203,5,5,5,38.7
10.5,4,28.516,33.227,29.188000000000002,47.68899999999999,150.225,152.111,64.7,54.9,30.6,99.4,68.8,87.6,95.1,87.0,93.8,90.8,93.5,20.168,5,5,5,38.555
10.52,4,28.500999999999998,33.533,29.663,49.665,150.143,152.089,64.7,54.9,30.6,99.4,68.8,87.6,95.1,87.0,93.8,90.8,93.5,20.372999999999998,5,5,5,38.581
10.54,4,28.598000000000003,33.829,29.959,44.249,150.12,152.056,64.7,54.9,30.6,99.4,68.8,87.6,95.1,87.0,93.8,90.8,93.5,20.285,5,5,5,38.644999999999996
10.56,4,28.682,34.446,30.74,47.702,149.921,151.879,64.7,54.9,30.6,99.4,68.8,87.6,95.1,87.0,93.8,90.8,93.5,20.374000000000002,5,5,5,38.8
10.58,4,29.186,34.603,31.078000000000003,45.29,149.839,151.813,64.7,54.9,30.6,99.4,68.8,87.6,95.1,87.0,93.8,90.8,93.5,20.244,5,5,5,38.838
10.6,4,29.015,35.30800000000001,31.337,46.861999999999995,149.851,151.769,64.7,54.9,30.6,99.4,68.8,87.6,95.1,87.0,93.8,90.8,93.5,20.145,5,5,5,38.842
10.62,4,28.906999999999996,35.432,31.616999999999997,45.349000000000004,149.722,151.702,64.7,54.9,30.6,99.4,68.8,87.6,95.1,87.0,93.8,90.8,93.5,20.359,5,5,5,38.82
10.64,4,29.521,35.669,31.717,46.288000000000004,149.605,151.636,64.7,54.9,30.6,99.4,68.8,87.6,95.1,87.0,93.8,90.8,93.5,20.324,5,5,5,38.814
10.66,4,29.686999999999998,36.118,31.801,41.084,149.534,151.503,64.7,54.9,30.6,99.4,68.8,87.6,95.1,87.0,93.8,90.8,93.5,20.115000000000002,5,5,5,38.81699999999999
10.68,4,29.499000000000002,36.316,32.163,43.411,149.429,151.382,64.7,54.9,30.6,99.4,68.8,87.6,95.1,87.0,93.8,90.8,93.5,20.180999999999997,5,5,5,38.989000000000004
10.7,4,29.833000000000002,36.46,32.259,38.896,149.312,151.282,64.7,54.9,30.6,99.4,68.8,87.6,95.1,87.0,93.8,90.8,93.569,20.220999999999997,5,5,5,39.153999999999996
10.72,4,29.941,36.204,32.34,38.765,149.241,151.16,64.7,54.9,30.6,99.4,68.8,87.6,95.1,87.0,93.8,90.8,93.626,20.177,5,5,5,39.321
10.74,4,29.766,36.117,32.376999999999995,37.464,149.077,151.094,64.7,54.9,30.6,99.4,68.8,87.6,95.1,87.0,93.8,90.8,93.658,20.155,5,5,5,39.456999999999994
10.76,4,29.706,36.66,32.368,39.544000000000004,148.936,150.928,64.7,54.9,30.6,99.4,68.8,87.6,95.1,87.0,93.8,90.8,93.67699999999999,19.975,5,5,5,39.624
10.78,4,29.953000000000003,36.456,32.355000000000004,38.293,148.865,150.795,64.7,54.9,30.6,99.4,68.8,87.6,95.1,87.0,93.8,90.8,93.687,20.244999999999997,5,5,5,39.629000000000005
10.8,4,30.189,36.284000000000006,32.209,39.407,148.81799999999998,150.717,64.7,54.9,30.6,99.4,68.8,87.6,95.1,87.0,93.8,90.8,93.693,20.045,5,5,5,39.614999999999995
10.82,4,29.97,36.013000000000005,32.179,39.966,148.71200000000002,150.595,64.7,54.9,30.6,99.4,68.8,87.6,95.1,87.0,93.8,90.8,93.696,20.262999999999998,5,5,5,39.563
10.84,4,30.511,36.412,32.047,40.713,148.559,150.506,64.7,54.9,30.6,99.4,68.8,87.6,95.1,87.0,93.8,90.8,93.69800000000001,20.113,5,5,5,39.527
10.86,4,30.619,36.367,32.134,41.442,148.453,150.329,64.7,54.9,30.6,99.4,68.8,87.6,95.1,87.0,93.8,90.8,93.699,20.163,5,5,5,39.474000000000004
10.88,4,30.241999999999997,36.206,31.954,41.321999999999996,148.347,150.22899999999998,64.7,54.9,30.6,99.4,68.8,87.6,95.1,87.0,93.8,90.8,93.699,20.177,5,5,5,39.391999999999996
10.9,4,30.028000000000002,35.951,32.057,37.589,148.194,150.05100000000002,64.7,54.9,30.6,99.4,68.8,87.6,95.188,87.0,93.8,90.8,93.7,19.932000000000002,5,5,5,39.345
10.92,4,30.628,36.163,31.95,39.203,148.123,150.029,64.7,54.9,30.6,99.4,68.8,87.6,95.237,87.0,93.8,90.8,93.7,20.149,5,5,5,39.41
10.94,4,30.368000000000002,35.983000000000004,32.025,35.559,148.05200000000002,149.906,64.7,54.9,30.6,99.4,68.8,87.6,95.264,87.0,93.8,90.8,93.7,20.206,5,5,5,39.546
10.96,4,30.749000000000002,36.260000000000005,31.848000000000003,38.743,147.887,149.72799999999998,64.7,54.9,30.6,99.4,68.8,87.6,95.28,87.0,93.8,90.8,93.7,19.944000000000003,5,5,5,39.735
10.98,4,30.475,36.288,31.798000000000002,37.945,147.769,149.65,64.7,54.9,30.6,99.4,68.8,87.6,95.289,87.0,93.8,90.8,93.7,20.22,5,5,5,39.769999999999996
11.0,4,30.502,35.840999999999994,31.819000000000003,38.522,147.65,149.628,64.7,54.9,30.6,99.4,68.8,87.6,95.294,87.0,93.8,90.8,93.7,20.232999999999997,5,5,5,39.766
11.02,4,30.899,36.169,31.747,38.311,147.567,149.428,64.7,54.9,30.6,99.4,68.8,87.6,95.296,87.0,93.8,90.8,93.7,20.206,5,5,5,39.718
11.04,4,30.221,36.355000000000004,31.561,40.245,147.47299999999998,149.338,64.7,54.9,30.6,99.4,68.8,87.6,95.298,87.0,93.8,90.8,93.7,20.298000000000002,5,5,5,39.7
11.06,4,30.389,36.053,31.811999999999998,39.92,147.319,149.216,64.7,54.9,30.6,99.4,68.8,87.6,95.29899999999999,87.0,93.8,90.8,93.7,20.191,5,5,5,39.641999999999996
11.08,4,30.386,35.694,31.820999999999998,41.702,147.236,149.138,64.7,54.9,30.6,99.4,68.8,87.6,95.29899999999999,87.0,93.8,90.8,93.7,20.349,5,5,5,39.516
11.1,4,30.362,35.499,31.398000000000003,41.896,147.058,148.937,64.7,54.9,30.6,99.4,68.8,87.6,95.3,87.0,93.8,90.8,93.7,20.235,5,5,5,39.413
11.12,4,30.8,36.094,31.455,38.582,146.974,148.94799999999998,64.7,54.9,30.6,99.4,68.8,87.6,95.3,87.0,93.8,90.8,93.7,20.122999999999998,5,5,5,39.346999999999994
11.14,4,30.745,35.758,31.355999999999998,38.859,146.844,148.77,64.7,54.9,30.6,99.4,68.8,87.6,95.3,87.0,93.8,90.8,93.7,20.292,5,5,5,39.469
11.16,4,30.689,35.643,31.459,36.298,146.737,148.635,64.7,54.9,30.6,99.4,68.8,87.6,95.3,87.0,93.8,90.8,93.7,20.360999999999997,5,5,5,39.614000000000004
11.18,4,30.49,35.579,31.485,36.581,146.606,148.524,64.7,54.9,30.6,99.4,68.8,87.6,95.3,87.0,93.8,90.8,93.7,20.475,5,5,5,39.754999999999995
11.2,4,30.583000000000002,35.629000000000005,31.3,37.085,146.475,148.39,64.7,54.9,30.6,99.4,68.8,87.6,95.3,87.0,93.8,90.8,93.7,20.225,5,5,5,39.924
11.22,4,30.715999999999998,35.936,31.16,36.565,146.403,148.266,64.7,54.9,30.6,99.4,68.8,87.6,95.3,87.0,93.8,90.8,93.7,20.258,5,5,5,39.979
11.24,4,31.046999999999997,35.475,30.896,36.979,146.32,148.3,64.7,54.9,30.6,99.4,68.8,87.6,95.3,87.069,93.8,90.8,93.7,20.413,5,5,5,39.946
11.26,4,30.58,35.665,31.035999999999998,36.485,146.17700000000002,148.121,64.7,54.9,30.6,99.4,68.8,87.6,95.3,87.126,93.8,90.8,93.7,20.312,5,5,5,39.89
11.28,4,31.02,35.501,31.016,38.885,146.08100000000002,148.02,64.7,54.9,30.6,99.4,68.8,87.6,95.3,87.158,93.8,90.8,93.7,20.546,5,5,5,39.858000000000004
11.3,4,30.888,35.116,30.823,38.14,145.974,147.89700000000002,64.7,54.9,30.6,99.4,68.8,87.6,95.3,87.17699999999999,93.8,90.8,93.7,19.853,5,5,5,39.751
11.32,4,30.906999999999996,34.923,30.595,40.815,145.866,147.774,64.7,54.9,30.6,99.4,68.8,87.6,95.3,87.187,93.8,90.8,93.7,19.487000000000002,5,5,5,39.695
11.34,4,30.838,35.413,30.656,40.699,145.75799999999998,147.662,64.7,54.9,30.6,99.4,68.8,87.6,95.3,87.193,93.8,90.8,93.7,19.401,5,5,5,39.555
11.36,4,30.54,35.629000000000005,30.793000000000003,36.042,145.567,147.505,64.7,54.9,30.6,99.4,68.8,87.6,95.3,87.196,93.8,90.8,93.7,19.394,5,5,5,39.435
11.38,4,31.033,35.278999999999996,30.671,39.324,145.507,147.46,64.7,54.9,30.6,99.4,68.8,87.6,95.3,87.19800000000001,93.8,90.8,93.7,19.625,5,5,5,39.479
11.4,4,30.773000000000003,34.598,30.674,34.932,145.399,147.314,64.7,54.9,30.6,99.4,68.8,87.6,95.3,87.199,93.8,90.8,93.7,19.644,5,5,5,39.592
11.42,4,30.698,35.096000000000004,30.616999999999997,37.215,145.303,147.213,64.7,54.9,30.6,99.4,68.8,87.6,95.3,87.199,93.8,90.8,93.7,19.514000000000003,5,5,5,39.743
11.44,4,30.71,35.554,30.451,33.415,145.207,147.123,64.7,54.9,30.6,99.4,68.8,87.6,95.3,87.2,93.8,90.8,93.7,19.694000000000003,5,5,5,39.849000000000004
11.46,4,30.226,35.181,30.594,33.745000000000005,145.123,146.976,64.7,54.9,30.6,99.4,68.8,87.6,95.3,87.2,93.8,90.8,93.7,19.576,5,5,5,40.015
11.48,4,30.035,34.885999999999996,30.665,30.968000000000004,144.967,146.909,64.7,54.9,30.6,99.4,68.8,87.6,95.3,87.2,93.8,90.8,93.7,19.484,5,5,5,40.164
11.5,4,30.487,34.434,30.320999999999998,30.519000000000002,144.822,146.785,64.7,54.9,30.6,99.4,68.8,87.6,95.3,87.2,93.8,90.8,93.7,19.476,5,5,5,40.354
11.52,4,30.706999999999997,35.491,30.246,28.726,144.678,146.684,64.7,54.9,30.6,99.4,68.8,87.6,95.3,87.2,93.85,90.8,93.7,19.61,5,5,5,40.518
11.54,4,30.136,34.452,29.872,27.874000000000002,144.618,146.582,64.7,54.9,30.6,99.4,68.8,87.6,95.3,87.2,93.916,90.8,93.7,19.377000000000002,5,5,5,40.68
11.56,4,30.333000000000002,35.035,29.758000000000003,29.098000000000003,144.425,146.346,64.7,54.9,30.6,99.4,68.8,87.6,95.3,87.2,93.953,90.8,93.7,19.353,5,5,5,40.840999999999994
11.58,4,30.869,34.94199999999999,29.584,30.764,144.364,146.278,64.7,54.9,30.6,99.4,68.8,87.6,95.3,87.2,93.973,90.8,93.7,19.232999999999997,5,5,5,40.931
11.6,4,30.233,34.133,29.468000000000004,30.37,144.304,146.19899999999998,64.7,54.9,30.6,99.4,68.8,87.6,95.3,87.2,93.985,90.8,93.7,19.39,5,5,5,40.914
11.62,4,30.160999999999998,34.281,29.283,31.588,144.171,146.064,64.7,54.9,30.6,99.4,68.8,87.6,95.3,87.2,93.992,90.8,93.7,19.453,5,5,5,40.849000000000004
11.64,4,30.574,33.400999999999996,28.82,33.41,144.08700000000002,145.951,64.7,54.9,30.6,99.4,68.8,87.6,95.3,87.2,93.995,90.8,93.7,19.579,5,5,5,40.788
11.66,4,30.331999999999997,33.345,28.651,33.215,143.893,145.917,64.7,54.9,30.6,99.4,68.8,87.6,95.3,87.2,93.997,90.8,93.7,19.545,5,5,5,40.704
11.68,4,30.37,33.783,28.513,34.71,143.905,145.736,64.7,54.9,30.6,99.4,68.8,87.6,95.3,87.2,93.999,90.8,93.7,19.383,5,5,5,40.6
11.7,4,30.284000000000002,33.213,28.337,35.069,143.736,145.634,64.7,54.9,30.6,99.4,68.8,87.6,95.3,87.2,93.999,90.8,93.7,19.481,5,5,5,40.451
11.72,4,30.023000000000003,33.861999999999995,28.178,36.912,143.59,145.566,64.7,54.9,30.6,99.4,68.8,87.6,95.3,87.2,94.0,90.8,93.7,19.502000000000002,5,5,5,40.331
11.74,4,29.724,33.21,28.35,37.334,143.493,145.464,64.7,54.9,30.6,99.4,68.8,87.6,95.3,87.2,94.0,90.8,93.7,19.451999999999998,5,5,5,40.163
11.76,4,29.881999999999998,33.412,27.938000000000002,34.763000000000005,143.311,145.26,64.7,54.9,30.6,99.4,68.8,87.6,95.3,87.2,94.0,90.8,93.7,19.570999999999998,5,5,5,40.06
11.78,4,30.035,33.196,27.982,36.251999999999995,143.213,145.158,64.7,54.9,30.6,99.4,68.8,87.6,95.3,87.2,94.0,90.8,93.7,19.394,5,5,5,40.08
11.8,4,29.646,33.268,27.759,32.931,143.14,145.09,64.7,54.9,30.6,99.4,68.8,87.6,95.3,87.2,94.0,90.8,93.7,19.252000000000002,5,5,5,40.124
11.82,4,29.87,33.370999999999995,27.814,34.035,143.067,145.011,64.7,54.9,30.6,99.4,68.8,87.6,95.3,87.2,94.0,90.8,93.7,19.353,5,5,5,40.212
11.84,4,29.180999999999997,33.528000000000006,27.94,31.423000000000002,142.946,144.863,64.8,54.9,30.6,99.4,68.7,87.6,95.3,87.2,94.0,90.8,93.7,19.465,5,5,5,40.266999999999996
11.86,4,29.320999999999998,33.516999999999996,27.894000000000002,32.369,142.812,144.704,64.8,54.9,30.6,99.4,68.7,87.6,95.3,87.2,94.0,90.887,93.7,19.279000000000003,5,5,5,40.381
11.88,4,29.451999999999998,32.917,27.909000000000002,34.535,142.775,144.67,64.8,54.9,30.6,99.4,68.7,87.6,95.3,87.2,94.0,90.937,93.7,19.418,5,5,5,40.409000000000006
11.9,4,29.776999999999997,32.518,27.590999999999998,35.214,142.64100000000002,144.602,64.8,54.9,30.6,99.4,68.7,87.6,95.3,87.2,94.0,90.964,93.7,19.508,5,5,5,40.374
11.92,4,29.101999999999997,33.196,27.589000000000002,36.105000000000004,142.506,144.55700000000002,64.8,54.9,30.6,99.4,68.7,87.6,95.3,87.2,94.0,90.98,93.7,19.487000000000002,5,5,5,40.263999999999996
11.94,4,29.261999999999997,33.242,27.785999999999998,37.393,142.36,144.39700000000002,64.8,54.9,30.6,99.4,68.7,87.6,95.3,87.2,94.0,90.98899999999999,93.7,19.463,5,5,5,40.155
11.96,4,29.267,32.739000000000004,27.451,38.17,142.262,144.295,64.8,54.9,30.6,99.4,68.7,87.6,95.3,87.2,94.0,90.994,93.7,19.445999999999998,5,5,5,40.008
11.98,4,29.381,32.908,27.451,33.896,142.115,144.14700000000002,64.8,54.9,30.6,99.4,68.7,87.6,95.3,87.2,94.0,90.99600000000001,93.7,19.316,5,5,5,39.922
12.0,4,28.868000000000002,33.03,27.369,37.13,142.053,144.09,64.8,54.9,30.6,99.4,68.7,87.6,95.3,87.2,94.0,90.998,93.7,19.277,5,5,5,39.946
12.02,4,29.13,32.993,27.401999999999997,32.513999999999996,142.004,144.09,64.8,54.9,30.6,99.4,68.7,87.6,95.3,87.2,94.0,90.999,93.7,19.423000000000002,5,5,5,39.984
12.04,4,28.924,32.504999999999995,27.565,37.407,141.82,143.873,64.8,54.9,30.6,99.4,68.7,87.6,95.3,87.2,94.0,90.999,93.7,19.372999999999998,5,5,5,40.126999999999995
12.06,4,29.017,32.488,27.45,35.368,141.796,143.89600000000002,64.8,54.9,30.6,99.4,68.7,87.6,95.387,87.2,94.0,91.0,93.7,19.602,5,5,5,40.114999999999995
12.08,4,29.059,32.688,27.33,38.4,141.648,143.759,64.8,54.9,30.6,99.4,68.7,87.6,95.437,87.2,94.0,91.0,93.7,19.67,5,5,5,40.052
12.1,4,28.826999999999998,32.72,27.194000000000003,37.367,141.587,143.622,64.8,54.9,30.6,99.4,68.7,87.6,95.464,87.2,94.0,91.0,93.7,19.552,5,5,5,39.94
12.12,4,28.522,32.844,27.369,39.365,141.414,143.622,64.8,54.9,30.6,99.4,68.7,87.6,95.48,87.2,94.0,91.0,93.7,19.496,5,5,5,39.837
12.14,4,28.643,32.535,27.499000000000002,41.205999999999996,141.39,143.46200000000002,64.8,54.9,30.6,99.4,68.7,87.6,95.48899999999999,87.2,94.0,91.0,93.7,19.485,5,5,5,39.698
12.16,4,28.656999999999996,32.519000000000005,27.465999999999998,43.003,141.217,143.359,64.8,54.9,30.6,99.4,68.7,87.6,95.494,87.2,94.0,91.0,93.7,19.473,5,5,5,39.467
12.18,4,28.454,32.724000000000004,27.554000000000002,44.745,141.094,143.244,64.8,54.9,30.6,99.4,68.7,87.6,95.49600000000001,87.2,94.0,91.0,93.7,19.524,5,5,5,39.278000000000006
12.2,4,28.316,32.355999999999995,27.764,46.356,141.007,143.256,64.8,54.9,30.6,99.4,68.7,87.6,95.498,87.2,94.0,91.0,93.7,19.509999999999998,5,5,5,39.109
12.22,4,28.35,32.003,27.660999999999998,47.611999999999995,141.007,143.164,64.8,54.9,30.6,99.4,68.7,87.6,95.499,87.2,94.0,91.0,93.7,19.477,5,5,5,38.946
12.24,4,28.509,32.608000000000004,27.761999999999997,49.138000000000005,140.834,143.07299999999998,64.8,54.9,30.6,99.4,68.7,87.6,95.499,87.2,94.0,91.0,93.7,19.485,5,5,5,38.743
12.26,4,28.368000000000002,32.775999999999996,28.189,50.693000000000005,140.723,142.99200000000002,64.8,54.9,30.6,99.4,68.7,87.6,95.5,87.2,94.0,91.0,93.7,19.398,5,5,5,38.566
12.28,4,28.666999999999998,32.749,28.180999999999997,52.496,140.661,142.969,64.8,54.9,30.6,99.4,68.7,87.6,95.5,87.2,94.0,91.0,93.7,19.48,5,5,5,38.382
12.3,4,28.443,32.934,28.553,53.787,140.537,142.832,64.8,54.9,30.6,99.4,68.7,87.6,95.5,87.2,94.0,91.0,93.7,19.658,5,5,5,38.232
12.32,4,27.779,33.411,28.736,55.728,140.413,142.809,64.8,54.9,30.6,99.4,68.7,87.6,95.5,87.2,94.0,91.0,93.7,19.509,5,5,5,38.056
12.34,4,28.119,33.819,29.079,57.513000000000005,140.375,142.878,64.8,54.9,30.6,99.4,68.7,87.6,95.5,87.2,94.0,91.0,93.7,19.437,5,5,5,37.905
12.36,4,27.684,34.269999999999996,29.543000000000003,58.411,140.251,142.76299999999998,64.8,54.9,30.6,99.4,68.7,87.6,95.5,87.2,94.0,91.0,93.75,19.470999999999997,5,5,5,37.674
12.38,4,28.096,34.001,30.065,58.481,140.127,142.70600000000002,64.8,54.9,30.6,99.4,68.7,87.6,95.5,87.2,94.0,91.0,93.816,19.39,5,5,5,37.518
12.4,4,28.27,34.908,30.315,60.297,140.064,142.70600000000002,64.8,54.9,30.6,99.4,68.7,87.6,95.5,87.2,94.0,91.0,93.85300000000001,19.439999999999998,5,5,5,37.338
12.42,4,28.07,35.426,30.699,59.449,139.977,142.683,64.8,54.9,30.6,99.4,68.7,87.6,95.5,87.2,94.0,91.0,93.873,19.347,5,5,5,37.129999999999995
12.44,4,27.811,36.479,31.338,61.196000000000005,139.878,142.671,64.8,54.9,30.6,99.4,68.7,87.6,95.5,87.2,94.0,91.0,93.885,19.436,5,5,5,36.963
12.46,4,28.051,36.537,31.730999999999998,61.893,139.803,142.717,64.8,54.9,30.6,99.4,68.7,87.6,95.5,87.2,94.0,91.0,93.892,19.473,5,5,5,36.760999999999996
12.48,4,28.22,36.948,32.361000000000004,63.33,139.728,142.637,64.8,54.9,30.6,99.4,68.7,87.6,95.5,87.2,94.0,91.0,93.895,19.43,5,5,5,36.620999999999995
12.5,4,27.962,38.422,33.04,63.677,139.678,142.648,64.8,54.9,30.6,99.4,68.7,87.6,95.5,87.2,94.0,91.0,93.89699999999999,19.469,5,5,5,36.407
12.52,4,28.26,38.61,33.696,66.266,139.628,142.56799999999998,64.8,54.9,30.6,99.4,68.7,87.6,95.5,87.2,94.0,91.0,93.898,19.454,5,5,5,36.265
12.54,4,28.294,39.486999999999995,34.422,67.391,139.51600000000002,142.61399999999998,64.8,54.9,30.6,99.4,68.7,87.6,95.5,87.28699999999999,94.0,91.0,93.899,19.36,5,5,5,36.076
12.56,4,28.191999999999997,40.618,35.133,68.28800000000001,139.49099999999999,142.56799999999998,64.8,54.9,30.6,99.4,68.7,87.6,95.5,87.337,94.0,91.0,93.9,19.336,5,5,5,35.888999999999996
12.58,4,28.323,42.272,35.715,69.435,139.378,142.499,64.8,54.9,30.6,99.4,68.7,87.6,95.5,87.36399999999999,94.0,91.0,93.9,19.357,5,5,5,35.711
12.6,4,28.677,42.788000000000004,36.668000000000006,69.882,139.353,142.522,64.8,54.9,30.6,99.4,68.7,87.6,95.5,87.38,94.0,91.0,93.9,19.445,5,5,5,35.590999999999994
12.62,4,29.01,43.547,37.287,71.155,139.265,142.533,64.8,54.9,30.6,99.4,68.7,87.6,95.5,87.389,94.0,91.0,93.9,19.347,5,5,5,35.39
12.64,4,29.609,45.198,38.12,71.956,139.278,142.499,64.8,54.9,30.6,99.4,68.7,87.6,95.5,87.39399999999999,94.0,91.0,93.9,19.211,5,5,5,35.258
12.66,4,29.361,45.952,38.929,72.661,139.17700000000002,142.499,64.8,54.9,30.6,99.4,68.7,87.6,95.5,87.396,94.0,91.0,93.9,19.45,5,5,5,35.114999999999995
12.68,4,29.825,47.18600000000001,39.75,72.831,139.127,142.48700000000002,64.8,54.9,30.6,99.4,68.7,87.6,95.5,87.398,94.0,91.0,93.9,19.433,5,5,5,34.982
12.7,4,29.910999999999998,48.336999999999996,40.437,73.57600000000001,139.102,142.407,64.8,54.9,30.6,99.4,68.7,87.6,95.5,87.399,94.0,91.0,93.9,19.496,5,5,5,34.861999999999995
12.72,4,30.389,49.608000000000004,41.188,74.565,138.952,142.349,64.8,54.9,30.6,99.4,68.7,87.6,95.5,87.399,94.0,91.0,93.9,19.560000000000002,5,5,5,34.787
12.74,4,31.276999999999997,50.398,41.786,74.376,138.926,142.28,64.8,54.9,30.6,99.4,68.7,87.6,95.5,87.4,94.0,91.0,93.9,19.58,5,5,5,34.657
12.76,4,31.38,51.278,42.567,75.061,138.926,142.23399999999998,64.8,54.9,30.6,99.4,68.7,87.6,95.5,87.4,94.0,91.0,93.9,19.597,5,5,5,34.566
12.78,4,32.062,51.691,43.183,74.236,138.851,142.154,64.8,54.9,30.6,99.4,68.7,87.6,95.5,87.4,94.0,91.0,93.9,19.621,5,5,5,34.504000000000005
12.8,4,32.603,53.088,43.989000000000004,75.789,138.813,142.154,64.8,54.9,30.6,99.4,68.7,87.6,95.5,87.4,94.0,91.0,93.9,19.528,5,5,5,34.435
12.82,4,33.214,53.327,44.635999999999996,74.332,138.813,142.038,64.8,54.9,30.6,99.4,68.7,87.6,95.5,87.4,94.0,91.0,93.9,19.539,5,5,5,34.352
12.84,4,33.644000000000005,54.646,45.074,75.641,138.7,142.015,64.8,54.9,30.6,99.4,68.7,87.6,95.5,87.4,94.05,91.0,93.9,19.589,5,5,5,34.312
12.86,4,34.579,55.001999999999995,45.616,75.554,138.662,141.935,64.8,54.9,30.6,99.4,68.7,87.6,95.5,87.4,94.116,91.0,93.9,19.584000000000003,5,5,5,34.284000000000006
12.88,4,34.937,56.041000000000004,46.382,75.02600000000001,138.54899999999998,141.83100000000002,64.8,54.9,30.6,99.4,68.7,87.6,95.5,87.4,94.153,91.0,93.9,19.584000000000003,5,5,5,34.271
12.9,4,35.1,57.011,47.038999999999994,74.812,138.587,141.762,64.8,54.9,30.6,99.4,68.7,87.6,95.5,87.4,94.173,91.0,93.9,19.528,5,5,5,34.266999999999996
12.92,4,35.922,57.343999999999994,47.346000000000004,74.297,138.499,141.658,64.8,54.9,30.6,99.4,68.7,87.6,95.5,87.4,94.185,91.0,93.9,19.616,5,5,5,34.263999999999996
12.94,4,36.515,58.172,47.731,73.983,138.423,141.507,64.8,54.9,30.6,99.4,68.7,87.6,95.5,87.4,94.192,91.0,93.9,19.603,5,5,5,34.257
12.96,4,37.44,59.011,47.855,73.96300000000001,138.385,141.438,64.8,54.9,30.6,99.4,68.7,87.688,95.5,87.4,94.195,91.0,93.9,19.534,5,5,5,34.260999999999996
12.98,4,37.64,58.993,48.754,73.60600000000001,138.284,141.346,64.8,54.9,30.6,99.4,68.7,87.737,95.587,87.4,94.197,91.0,93.9,19.332,5,5,5,34.253
13.0,4,38.419000000000004,59.891000000000005,48.855,73.22800000000001,138.25900000000001,141.24099999999999,64.8,54.9,30.6,99.4,68.7,87.764,95.637,87.4,94.199,91.0,93.9,19.398,5,5,5,34.251
13.02,4,38.953,59.659,49.06399999999999,72.741,138.221,141.265,64.8,54.9,30.6,99.4,68.7,87.78,95.664,87.4,94.199,91.0,93.9,19.381999999999998,5,5,5,34.253
13.04,4,39.397,60.216,49.61600000000001,72.55,138.12,141.04399999999998,64.8,54.9,30.6,99.4,68.7,87.789,95.68,87.4,94.2,91.0,93.9,19.405,5,5,5,34.254000000000005
13.06,4,39.701,60.693000000000005,49.958999999999996,72.10300000000001,138.10700000000003,140.998,64.8,54.9,30.6,99.4,68.7,87.794,95.689,87.4,94.2,91.0,93.9,19.355,5,5,5,34.253
13.08,4,40.222,60.988,50.062,71.523,137.993,140.894,64.8,54.9,30.6,99.4,68.7,87.796,95.694,87.4,94.2,91.0,93.9,19.345,5,5,5,34.251999999999995
13.1,4,40.726,61.61,50.446000000000005,70.915,137.95499999999998,140.789,64.8,54.9,30.6,99.4,68.7,87.798,95.696,87.4,94.2,91.0,93.9,19.218,5,5,5,34.251
13.12,4,41.125,61.293,50.798,70.67699999999999,137.841,140.662,64.8,54.9,30.6,99.4,68.7,87.79899999999999,95.69800000000001,87.4,94.2,91.0,93.9,19.333,5,5,5,34.241
13.14,4,41.585,62.229,50.768,70.352,137.74,140.603,64.8,54.9,30.6,99.4,68.7,87.79899999999999,95.699,87.4,94.2,91.0,93.9,19.141,5,5,5,34.245000000000005
13.16,4,42.084,62.195,51.055,69.795,137.676,140.476,64.8,54.9,30.6,99.4,68.7,87.8,95.699,87.4,94.2,91.0,93.9,19.159,5,5,5,34.245999999999995
13.18,4,42.22,61.928000000000004,51.126999999999995,69.10600000000001,137.587,140.336,64.8,54.9,30.6,99.4,68.7,87.8,95.7,87.4,94.2,91.0,93.9,19.331,5,5,5,34.248000000000005
13.2,4,42.692,62.364,51.434,68.87100000000001,137.498,140.313,64.8,54.9,30.6,99.4,68.7,87.8,95.7,87.4,94.2,91.05,93.9,19.134,5,5,5,34.249
13.22,4,43.318000000000005,62.505,51.493,68.50399999999999,137.485,140.208,64.8,54.9,30.6,99.4,68.7,87.8,95.7,87.4,94.2,91.116,93.9,19.247999999999998,5,5,5,34.254999999999995
13.24,4,43.747,63.043,51.696999999999996,68.189,137.409,140.033,64.8,54.9,30.6,99.4,68.7,87.8,95.7,87.4,94.2,91.153,93.9,19.345,5,5,5,34.253
13.26,4,44.06,63.265,51.873999999999995,68.03,137.32,139.94,64.8,54.9,30.6,99.4,68.7,87.8,95.7,87.4,94.2,91.173,93.9,19.360999999999997,5,5,5,34.251999999999995
13.28,4,43.955999999999996,63.031000000000006,52.13,68.38499999999999,137.30700000000002,139.881,64.8,54.9,30.6,99.4,68.7,87.8,95.7,87.4,94.2,91.185,93.9,19.381999999999998,5,5,5,34.257
13.3,4,44.909,63.135,52.067,68.234,137.154,139.776,64.8,54.9,30.6,99.4,68.7,87.8,95.7,87.4,94.2,91.192,93.9,20.426,5,5,5,34.259
13.32,4,45.264,63.412,52.223,68.604,137.027,139.683,64.8,54.9,30.6,99.4,68.7,87.8,95.7,87.4,94.2,91.195,93.9,20.278,5,5,5,34.263000000000005
13.34,4,45.052,63.93,52.402,68.626,136.963,139.507,64.8,54.9,30.6,99.4,68.7,87.8,95.7,87.4,94.2,91.197,93.9,20.201,5,5,5,34.256
13.36,4,45.783,64.00399999999999,52.355,68.588,136.95,139.45999999999998,64.8,54.9,30.6,99.4,68.7,87.8,95.7,87.4,94.2,91.199,93.9,20.134,5,5,5,34.254999999999995
13.38,4,45.523,63.57,52.585,68.59100000000001,136.784,139.402,64.8,54.9,30.6,99.4,68.7,87.8,95.7,87.4,94.2,91.199,93.9,20.281,5,5,5,34.248000000000005
13.4,4,46.323,63.86,52.68899999999999,68.77600000000001,136.73200000000003,139.20299999999997,64.8,54.9,30.6,99.4,68.7,87.8,95.7,87.4,94.2,91.2,93.9,20.204,5,5,5,34.254999999999995
13.42,4,46.177,63.905,52.674,69.013,136.61700000000002,139.156,64.8,54.9,30.6,99.4,68.7,87.8,95.7,87.4,94.2,91.2,93.9,20.364,5,5,5,34.260000000000005
13.44,4,46.56399999999999,64.123,52.683,69.209,136.527,139.003,64.8,54.9,30.6,99.4,68.7,87.8,95.7,87.4,94.2,91.2,93.9,20.276,5,5,5,34.263000000000005
13.46,4,46.55,64.191,52.928999999999995,69.292,136.45,138.945,64.8,54.9,30.6,99.4,68.7,87.8,95.7,87.4,94.2,91.2,93.9,20.274,5,5,5,34.263999999999996
13.48,4,47.066,64.203,52.965,69.192,136.373,138.815,64.8,54.9,30.6,99.4,68.7,87.8,95.7,87.4,94.2,91.2,93.9,20.364,5,5,5,34.260999999999996
13.5,4,47.068999999999996,64.607,53.122,69.19,136.296,138.76799999999997,64.8,54.9,30.6,99.4,68.7,87.8,95.7,87.4,94.2,91.2,93.9,20.33,5,5,5,34.251999999999995
13.52,4,47.368,64.946,52.977,68.571,136.219,138.627,64.8,54.9,30.6,99.4,68.7,87.8,95.7,87.4,94.2,91.2,93.9,20.076,5,5,5,34.253
13.54,4,47.136,64.378,53.08,68.88300000000001,136.103,138.533,64.8,54.9,30.6,99.4,68.7,87.8,95.7,87.4,94.2,91.2,93.9,20.368000000000002,5,5,5,34.257
13.56,4,47.463,64.8,53.032,69.035,136.01299999999998,138.45,64.8,54.9,30.6,99.4,68.7,87.8,95.7,87.4,94.2,91.2,93.9,20.369999999999997,5,5,5,34.266
13.58,4,47.808,65.168,53.065,69.61,135.92200000000003,138.356,64.8,54.9,30.6,99.4,68.7,87.8,95.7,87.4,94.2,91.2,93.9,20.332,5,5,5,34.254999999999995
13.6,4,47.972,65.132,53.347,69.308,135.871,138.262,64.8,54.9,30.6,99.4,68.7,87.8,95.7,87.487,94.2,91.2,93.9,20.587,5,5,5,34.256
13.62,4,48.01,64.94399999999999,53.082,69.313,135.74200000000002,138.132,64.8,54.9,30.6,99.4,68.7,87.8,95.7,87.53699999999999,94.2,91.2,93.9,20.32,5,5,5,34.259
13.64,4,47.568000000000005,64.83500000000001,53.248000000000005,69.173,135.69,137.978,64.8,54.9,30.6,99.4,68.7,87.8,95.7,87.564,94.2,91.2,93.9,20.322000000000003,5,5,5,34.258
13.66,4,47.845,65.093,53.263000000000005,69.396,135.574,137.93099999999998,64.8,54.9,30.6,99.4,68.7,87.8,95.7,87.58,94.2,91.2,93.9,20.207,5,5,5,34.258
13.68,4,48.187,64.642,53.132,69.546,135.522,137.86,64.8,54.9,30.6,99.4,68.7,87.8,95.7,87.589,94.2,91.2,93.9,20.278,5,5,5,34.256
13.7,4,48.388999999999996,64.93299999999999,53.437,69.53399999999999,135.457,137.754,64.8,54.9,30.6,99.4,68.7,87.8,95.7,87.594,94.2,91.2,93.925,20.319000000000003,5,5,5,34.248000000000005
13.72,4,48.559,65.10499999999999,53.273999999999994,68.618,135.249,137.57600000000002,64.8,54.9,30.6,99.4,68.7,87.8,95.7,87.596,94.2,91.2,94.002,20.075,5,5,5,34.25
13.74,4,48.808,65.441,53.298,68.186,135.197,137.54000000000002,64.8,54.9,30.6,99.4,68.7,87.8,95.7,87.598,94.2,91.2,94.045,20.217,5,5,5,34.239999999999995
13.76,4,49.036,65.253,53.441,67.954,135.14499999999998,137.469,64.8,54.9,30.6,99.4,68.7,87.8,95.7,87.59899999999999,94.2,91.2,94.069,20.387,5,5,5,34.245000000000005
13.78,4,48.82,64.979,53.526,67.83699999999999,135.041,137.38600000000002,64.8,54.9,30.6,99.4,68.7,87.8,95.7,87.59899999999999,94.2,91.2,94.082,20.311,5,5,5,34.245999999999995
13.8,4,48.865,64.941,53.693000000000005,67.34899999999999,135.015,137.196,64.8,54.9,30.6,99.4,68.7,87.8,95.7,87.6,94.2,91.2,94.09,20.313,5,5,5,34.242
13.82,4,48.931000000000004,65.417,53.604,67.614,134.92399999999998,137.243,64.8,54.9,30.6,99.4,68.7,87.8,95.7,87.6,94.2,91.2,94.094,20.381,5,5,5,34.245000000000005
13.84,4,48.809,65.684,53.744,67.752,134.846,137.125,64.9,54.9,30.5,99.4,68.6,87.8,95.7,87.6,94.2,91.2,94.097,20.491,5,5,5,34.239999999999995
13.86,4,49.405,65.506,53.543,68.55,134.755,136.994,64.9,54.9,30.5,99.4,68.6,87.8,95.7,87.6,94.2,91.2,94.098,20.537,5,5,5,34.244
13.88,4,49.437,65.4,53.644,68.671,134.715,136.92200000000003,64.9,54.9,30.5,99.4,68.6,87.8,95.7,87.6,94.2,91.2,94.09899999999999,20.511,5,5,5,34.245999999999995
13.9,4,49.532,65.136,53.795,68.939,134.533,136.803,64.9,54.9,30.5,99.4,68.6,87.8,95.7,87.6,94.2,91.2,94.09899999999999,20.403,5,5,5,34.243
13.92,4,49.422,65.344,53.632,68.832,134.428,136.755,64.9,54.9,30.5,99.4,68.6,87.8,95.7,87.6,94.2,91.2,94.1,20.353,5,5,5,34.245999999999995
13.94,4,49.285,65.687,53.471000000000004,69.468,134.36200000000002,136.57600000000002,64.9,54.9,30.5,99.4,68.6,87.8,95.7,87.6,94.2,91.2,94.1,20.345,5,5,5,34.242
13.96,4,49.522,65.543,53.652,69.339,134.192,136.564,64.9,54.9,30.5,99.4,68.6,87.8,95.7,87.6,94.2,91.2,94.1,20.368000000000002,5,5,5,34.219
13.98,4,49.678999999999995,65.24600000000001,53.56,69.51100000000001,134.20499999999998,136.397,64.9,54.9,30.5,99.4,68.6,87.8,95.78699999999999,87.6,94.2,91.2,94.1,20.35,5,5,5,34.206
14.0,4,49.401,65.422,53.692,69.21300000000001,134.02100000000002,136.313,64.9,54.9,30.5,99.4,68.6,87.8,95.837,87.6,94.2,91.2,94.1,20.295,5,5,5,34.188
14.02,4,49.92,65.22800000000001,53.708999999999996,69.309,133.942,136.26600000000002,64.9,54.9,30.5,99.4,68.6,87.8,95.86399999999999,87.6,94.2,91.2,94.1,20.347,5,5,5,34.191
14.04,4,49.756,65.535,53.666000000000004,69.791,133.929,136.062,64.9,54.9,30.5,99.4,68.6,87.8,95.88,87.6,94.2,91.2,94.1,20.288,5,5,5,34.188
14.06,4,49.81,65.44399999999999,53.631,69.345,133.85,136.026,64.9,54.9,30.5,99.4,68.6,87.8,95.889,87.6,94.2,91.2,94.1,20.235999999999997,5,5,5,34.171
14.08,4,49.813,65.99000000000001,53.681000000000004,69.744,133.731,136.026,64.9,54.9,30.5,99.4,68.6,87.8,95.89399999999999,87.6,94.2,91.2,94.1,20.163,5,5,5,34.155
14.1,4,50.133,66.02000000000001,53.711000000000006,69.39399999999999,133.613,135.918,64.9,54.9,30.5,99.4,68.6,87.8,95.896,87.6,94.2,91.2,94.1,20.231,5,5,5,34.144999999999996
14.12,4,50.41,65.535,53.674,69.327,133.599,135.798,64.9,54.9,30.5,99.4,68.6,87.8,95.898,87.6,94.2,91.2,94.1,20.42,5,5,5,34.141
14.14,4,50.38,65.46600000000001,53.691,69.143,133.56,135.726,64.9,54.9,30.5,99.4,68.6,87.8,95.899,87.6,94.2,91.2,94.1,20.297,5,5,5,34.141
14.16,4,50.25899999999999,65.809,53.707,69.542,133.401,135.666,64.9,54.9,30.5,99.4,68.6,87.8,95.899,87.6,94.25,91.2,94.1,20.375,5,5,5,34.129000000000005
14.18,4,50.409,65.863,53.79,69.39,133.33499999999998,135.533,64.9,54.9,30.5,99.4,68.6,87.8,95.9,87.6,94.316,91.2,94.1,20.695,5,5,5,34.099000000000004
14.2,4,50.33,65.861,53.815,70.012,133.29500000000002,135.425,64.9,54.9,30.5,99.4,68.6,87.8,95.9,87.6,94.35300000000001,91.2,94.1,20.466,5,5,5,34.089
14.22,4,50.295,65.749,53.898,69.931,133.11,135.353,64.9,54.9,30.5,99.4,68.6,87.8,95.9,87.6,94.373,91.2,94.1,20.833,5,5,5,34.081999999999994
14.24,4,49.641999999999996,66.088,53.949,69.76,133.003,135.292,64.9,54.9,30.5,99.4,68.6,87.8,95.9,87.6,94.385,91.2,94.1,20.759999999999998,5,5,5,34.084
14.26,4,50.7,66.28899999999999,53.757,68.85,132.83100000000002,135.075,64.9,54.9,30.5,99.4,68.6,87.8,95.9,87.6,94.392,91.2,94.1,20.848,5,5,5,34.081
14.28,4,50.62,65.52600000000001,53.843999999999994,68.53999999999999,132.817,134.918,64.9,54.9,30.5,99.4,68.6,87.8,95.9,87.6,94.395,91.2,94.1,20.051,5,5,5,34.084
14.3,4,50.701,65.553,53.736000000000004,68.07300000000001,132.804,134.966,64.9,54.9,30.5,99.4,68.6,87.8,95.9,87.6,94.39699999999999,91.2,94.1,19.776,5,5,5,34.076
14.32,4,50.297,66.114,53.595,68.795,132.644,134.966,64.9,54.9,30.5,99.4,68.6,87.8,95.9,87.6,94.398,91.2,94.1,19.506,5,5,5,34.076
14.34,4,50.341,66.13399999999999,53.699,68.607,132.631,134.85700000000003,64.9,54.9,30.5,99.4,68.6,87.8,95.9,87.6,94.399,91.2,94.1,19.549,5,5,5,34.08
14.36,4,50.163999999999994,66.132,53.842,69.185,132.551,134.748,64.9,54.9,30.5,99.4,68.6,87.8,95.9,87.6,94.4,91.2,94.1,19.461,5,5,5,34.08
14.38,4,50.165,66.17699999999999,53.536,69.264,132.43,134.7,64.9,54.9,30.5,99.4,68.6,87.8,95.9,87.6,94.4,91.2,94.1,19.564999999999998,5,5,5,34.076
14.4,4,49.995,66.088,53.736999999999995,68.946,132.363,134.639,64.9,54.9,30.5,99.4,68.6,87.8,95.9,87.6,94.4,91.2,94.1,19.715,5,5,5,34.077
14.42,4,50.599,66.02000000000001,53.821999999999996,69.04899999999999,132.337,134.51799999999997,64.9,54.9,30.5,99.4,68.6,87.8,95.9,87.6,94.4,91.2,94.1,19.67,5,5,5,34.076
14.44,4,50.746,65.97399999999999,53.739,69.278,132.243,134.433,64.9,54.9,30.5,99.4,68.6,87.8,95.9,87.6,94.4,91.2,94.1,19.668,5,5,5,34.078
14.46,4,50.428000000000004,66.273,53.919,69.421,132.189,134.36,64.9,54.9,30.5,99.4,68.6,87.8,95.9,87.6,94.4,91.2,94.1,19.713,5,5,5,34.063
14.48,4,50.044,66.078,53.756,69.567,132.10899999999998,134.227,64.9,54.9,30.5,99.4,68.6,87.8,95.9,87.6,94.4,91.2,94.1,19.605,5,5,5,34.059
14.5,4,50.43600000000001,66.045,53.765,69.293,131.881,134.178,64.9,54.9,30.5,99.4,68.6,87.8,95.9,87.6,94.4,91.2,94.1,19.572000000000003,5,5,5,34.059
14.52,4,50.236000000000004,66.155,53.831,69.237,131.85399999999998,134.11700000000002,64.9,54.9,30.5,99.4,68.6,87.8,95.9,87.6,94.4,91.2,94.1,19.531,5,5,5,34.061
14.54,4,50.198,66.372,53.927,69.527,131.84,133.971,64.9,54.9,30.5,99.4,68.6,87.887,95.9,87.6,94.4,91.2,94.1,19.732,5,5,5,34.06
14.56,4,50.537,66.632,53.843,69.454,131.73200000000003,133.898,64.9,54.9,30.5,99.4,68.6,87.937,95.9,87.6,94.4,91.2,94.1,19.706,5,5,5,34.059
14.58,4,50.778999999999996,66.239,53.699,69.60600000000001,131.625,133.812,64.9,54.9,30.5,99.4,68.6,87.964,95.9,87.6,94.4,91.2,94.1,19.597,5,5,5,34.061
14.6,4,50.53,66.404,53.586999999999996,69.168,131.54399999999998,133.69,64.9,54.9,30.5,99.4,68.6,87.98,95.9,87.6,94.4,91.2,94.1,19.412,5,5,5,34.055
14.62,4,50.714,66.18100000000001,53.865,69.366,131.463,133.69,64.9,54.9,30.5,99.4,68.6,87.98899999999999,95.9,87.6,94.4,91.2,94.1,19.442999999999998,5,5,5,34.053
14.64,4,50.105,66.45,53.756,69.385,131.381,133.666,64.9,54.9,30.5,99.4,68.6,87.994,95.9,87.6,94.4,91.2,94.1,19.425,5,5,5,34.046
14.66,4,50.332,66.214,53.72,68.983,131.26,133.531,64.9,54.9,30.5,99.4,68.6,87.99600000000001,95.9,87.6,94.4,91.225,94.1,19.419,5,5,5,34.044
14.68,4,50.608000000000004,66.408,53.581,68.844,131.192,133.36,64.9,54.9,30.5,99.4,68.6,87.998,95.9,87.6,94.4,91.30199999999999,94.1,19.332,5,5,5,34.049
14.7,4,50.808,66.1,53.696999999999996,69.334,131.178,133.32299999999998,64.9,54.9,30.5,99.4,68.6,87.999,95.9,87.6,94.4,91.345,94.1,19.500999999999998,5,5,5,34.049
14.72,4,50.465,66.373,53.886,69.066,131.083,133.286,64.9,54.9,30.5,99.4,68.6,87.999,95.9,87.6,94.4,91.369,94.1,19.587,5,5,5,34.051
14.74,4,50.854,65.83600000000001,53.543,69.242,131.029,133.163,64.9,54.9,30.5,99.4,68.6,88.0,95.9,87.6,94.4,91.382,94.1,19.488,5,5,5,34.054
14.76,4,50.803000000000004,65.793,53.547,68.995,130.86599999999999,132.97899999999998,64.9,54.9,30.5,99.4,68.6,88.0,95.9,87.6,94.4,91.39,94.1,19.394,5,5,5,34.052
14.78,4,50.24,66.28800000000001,53.515,68.748,130.812,132.918,64.9,54.9,30.5,99.4,68.6,88.0,95.9,87.6,94.4,91.39399999999999,94.1,19.323,5,5,5,34.05
14.8,4,50.339,66.229,53.413000000000004,68.719,130.73000000000002,132.881,64.9,54.9,30.5,99.4,68.6,88.0,95.9,87.6,94.4,91.39699999999999,94.1,19.374000000000002,5,5,5,34.042
14.82,4,50.658,66.12100000000001,53.833,69.217,130.648,132.844,64.9,54.9,30.5,99.4,68.6,88.0,95.9,87.6,94.4,91.398,94.1,19.402,5,5,5,34.043000000000006
14.84,4,50.236999999999995,66.24600000000001,53.592,69.199,130.539,132.708,64.9,54.9,30.5,99.4,68.6,88.0,95.9,87.712,94.4,91.399,94.1,19.532,5,5,5,34.019000000000005
14.86,4,50.303000000000004,66.33699999999999,53.611999999999995,69.143,130.44299999999998,132.684,64.9,54.9,30.5,99.4,68.6,88.0,95.9,87.795,94.4,91.399,94.1,19.269,5,5,5,34.013999999999996
14.88,4,50.146,66.753,53.605,68.812,130.402,132.597,64.9,54.9,30.5,99.4,68.6,88.0,95.9,87.84100000000001,94.4,91.4,94.1,19.544,5,5,5,34.004000000000005
14.9,4,50.896,66.455,53.481,68.954,130.334,132.548,64.9,54.9,30.5,99.4,68.6,88.0,95.9,87.867,94.4,91.4,94.1,19.374000000000002,5,5,5,33.997
14.92,4,50.42100000000001,66.3,53.568999999999996,69.018,130.279,132.523,64.9,54.9,30.5,99.4,68.6,88.0,95.9,87.881,94.4,91.4,94.1,19.380000000000003,5,5,5,33.995000000000005
14.94,4,50.677,65.969,53.519,69.351,130.142,132.375,64.9,54.9,30.5,99.4,68.6,88.0,95.9,87.889,94.4,91.4,94.1,19.314,5,5,5,33.986000000000004
14.96,4,50.528,65.99100000000001,53.457,69.062,130.128,132.387,64.9,54.9,30.5,99.4,68.6,88.0,95.9,87.89399999999999,94.4,91.4,94.1,19.4,5,5,5,33.980999999999995
14.98,4,50.482,66.013,53.61600000000001,69.241,129.99099999999999,132.264,64.9,54.9,30.5,99.4,68.6,88.0,95.9,87.89699999999999,94.4,91.4,94.1,19.387999999999998,5,5,5,33.978
15.0,4,50.411,66.36600000000001,53.415,69.09899999999999,129.89499999999998,132.14,64.9,54.9,30.5,99.4,68.6,88.0,95.9,87.898,94.4,91.4,94.1,19.467,5,5,5,33.971000000000004
15.02,4,50.626000000000005,66.874,53.597,69.183,129.86700000000002,132.103,64.9,54.9,30.5,99.4,68.6,88.0,95.9,87.899,94.4,91.4,94.1,19.441,5,5,5,33.973
15.04,4,50.253,66.387,53.367,69.707,129.784,131.966,64.9,54.9,30.5,99.4,68.6,88.0,95.9,87.899,94.4,91.4,94.1,19.349,5,5,5,33.971999999999994
15.06,4,50.543,66.46600000000001,53.63399999999999,69.528,129.688,131.88,64.9,54.9,30.5,99.4,68.6,88.0,95.9,87.9,94.4,91.4,94.1,19.451999999999998,5,5,5,33.974000000000004
15.08,4,50.452,66.80799999999999,53.199,69.55,129.55,131.86700000000002,64.9,54.9,30.5,99.4,68.6,88.0,95.9,87.9,94.4,91.4,94.1,19.475,5,5,5,33.963
15.1,4,50.495,66.309,53.31399999999999,69.756,129.45299999999997,131.793,64.9,54.9,30.5,99.4,68.6,88.0,95.9,87.9,94.4,91.4,94.1,19.369,5,5,5,33.959
15.12,4,50.563,66.52199999999999,53.422,69.96300000000001,129.439,131.73000000000002,64.9,54.9,30.5,99.4,68.6,88.0,95.9,87.9,94.4,91.4,94.1,19.466,5,5,5,33.956999999999994
15.14,4,50.398999999999994,66.354,53.136,69.991,129.425,131.594,64.9,54.9,30.5,99.4,68.6,88.0,95.9,87.9,94.4,91.4,94.1,19.466,5,5,5,33.955
15.16,4,50.641999999999996,66.402,53.468999999999994,70.292,129.25900000000001,131.506,64.9,54.9,30.5,99.4,68.6,88.0,95.9,87.9,94.4,91.4,94.1,19.489,5,5,5,33.952
15.18,4,50.393,66.695,53.291000000000004,70.154,129.204,131.44400000000002,64.9,54.9,30.5,99.4,68.6,88.0,95.925,87.9,94.4,91.4,94.1,19.417,5,5,5,33.941
15.2,4,50.751000000000005,66.412,53.108000000000004,69.914,129.12,131.394,64.9,54.9,30.5,99.4,68.6,88.0,96.002,87.9,94.4,91.4,94.1,19.439,5,5,5,33.936
15.22,4,50.451,66.376,53.216,70.333,129.079,131.30700000000002,64.9,54.9,30.5,99.4,68.6,88.0,96.045,87.9,94.4,91.4,94.1,19.425,5,5,5,33.924
15.24,4,50.472,66.447,53.288999999999994,70.319,129.037,131.257,64.9,54.9,30.5,99.4,68.6,88.0,96.069,87.9,94.4,91.4,94.1,19.549,5,5,5,33.915
15.26,4,50.471000000000004,66.329,53.138000000000005,69.58,128.88400000000001,131.16899999999998,64.9,54.9,30.5,99.4,68.6,88.0,96.082,87.9,94.4,91.4,94.1,19.445999999999998,5,5,5,33.914
15.28,4,50.573,66.503,53.303999999999995,69.982,128.87,131.119,64.9,54.9,30.5,99.4,68.6,88.0,96.09,87.9,94.4,91.4,94.15,19.474,5,5,5,33.916
15.3,4,50.648999999999994,66.548,53.358999999999995,69.861,128.8,131.10700000000003,64.9,54.9,30.5,99.4,68.6,88.0,96.094,87.9,94.4,91.4,94.21600000000001,19.305999999999997,5,5,5,33.888000000000005
15.32,4,50.68600000000001,66.27799999999999,53.16,70.03,128.772,131.007,64.9,54.9,30.5,99.4,68.6,88.0,96.097,87.9,94.4,91.4,94.253,19.311,5,5,5,33.867
15.34,4,50.505,66.363,53.283,70.015,128.689,130.844,64.9,54.9,30.5,99.4,68.6,88.0,96.098,87.9,94.4,91.4,94.273,19.258,5,5,5,33.870000000000005
15.36,4,49.897,66.27199999999999,53.271,69.074,128.591,130.91899999999998,64.9,54.9,30.5,99.4,68.6,88.0,96.09899999999999,87.9,94.4,91.4,94.285,19.277,5,5,5,33.869
15.38,4,50.668,66.40899999999999,53.036,68.684,128.507,130.744,64.9,54.9,30.5,99.4,68.6,88.0,96.09899999999999,87.9,94.4,91.4,94.292,19.444000000000003,5,5,5,33.866
15.4,4,50.475,66.612,53.111999999999995,69.502,128.39499999999998,130.69299999999998,64.9,54.9,30.5,99.4,68.6,88.0,96.1,87.9,94.4,91.4,94.295,19.435000000000002,5,5,5,33.867
15.42,4,50.662,66.468,53.068999999999996,69.52600000000001,128.36700000000002,130.69299999999998,64.9,54.9,30.5,99.4,68.6,88.0,96.1,87.9,94.4,91.4,94.297,19.490000000000002,5,5,5,33.872
15.44,4,50.629,66.467,53.026,69.6,128.325,130.555,64.9,54.9,30.5,99.4,68.6,88.0,96.1,87.9,94.4,91.4,94.29899999999999,19.397,5,5,5,33.866
15.46,4,50.381,66.572,53.076,69.581,128.254,130.593,64.9,54.9,30.5,99.4,68.6,88.0,96.1,87.9,94.4,91.4,94.29899999999999,19.345,5,5,5,33.873000000000005
15.48,4,50.201,66.64,52.99,69.128,128.11399999999998,130.404,64.9,54.9,30.5,99.4,68.6,88.0,96.1,87.9,94.4,91.4,94.3,19.409,5,5,5,33.870999999999995
15.5,4,50.152,66.946,52.924,69.145,128.04399999999998,130.392,64.9,54.9,30.5,99.4,68.6,88.0,96.1,87.9,94.4,91.4,94.3,19.604,5,5,5,33.864999999999995
15.52,4,50.211999999999996,66.416,52.748000000000005,68.981,127.959,130.278,64.9,54.9,30.5,99.4,68.6,88.0,96.1,87.9,94.4,91.4,94.3,19.651,5,5,5,33.866
15.54,4,50.403,66.28899999999999,52.92,68.794,127.874,130.127,64.9,54.9,30.5,99.4,68.6,88.0,96.1,87.9,94.4,91.4,94.3,19.564,5,5,5,33.866
15.56,4,50.623999999999995,65.95,52.827,68.734,127.846,130.127,64.9,54.9,30.5,99.4,68.6,88.0,96.1,87.9,94.4,91.4,94.3,19.353,5,5,5,33.861000000000004
15.58,4,50.428999999999995,66.868,52.806000000000004,69.64699999999999,127.804,130.051,64.9,54.9,30.5,99.4,68.6,88.0,96.1,87.9,94.425,91.4,94.3,19.435000000000002,5,5,5,33.854
15.6,4,50.318000000000005,66.594,52.975,70.134,127.677,130.101,64.9,54.9,30.5,99.4,68.6,88.0,96.1,87.9,94.502,91.4,94.3,19.445,5,5,5,33.852
15.62,4,50.287,67.06899999999999,52.925,69.56,127.62,129.988,64.9,54.9,30.5,99.4,68.6,88.0,96.1,87.9,94.545,91.4,94.3,19.503,5,5,5,33.854
15.64,4,50.446000000000005,66.761,53.206,68.137,127.492,129.874,64.9,54.9,30.5,99.4,68.6,88.0,96.1,87.9,94.569,91.4,94.3,19.570999999999998,5,5,5,33.852
15.66,4,49.861999999999995,67.172,52.808,69.52199999999999,127.464,129.887,64.9,54.9,30.5,99.4,68.6,88.0,96.1,87.9,94.582,91.4,94.3,19.592,5,5,5,33.852
15.68,4,50.41,66.956,52.758,70.186,127.351,129.811,64.9,54.9,30.5,99.4,68.6,88.0,96.1,87.9,94.59,91.4,94.3,19.426,5,5,5,33.842
15.7,4,50.082,66.279,52.816,70.089,127.336,129.696,64.9,54.9,30.5,99.4,68.6,88.0,96.1,87.9,94.594,91.4,94.3,19.42,5,5,5,33.829
15.72,4,50.038999999999994,66.368,52.745,69.616,127.223,129.671,64.9,54.9,30.5,99.4,68.6,88.0,96.1,87.9,94.597,91.4,94.3,19.372,5,5,5,33.828
15.74,4,50.713,66.309,52.729,69.468,127.166,129.595,64.9,54.9,30.5,99.4,68.6,88.0,96.1,87.9,94.598,91.4,94.3,19.648,5,5,5,33.826
15.76,4,50.43899999999999,66.275,52.707,69.189,127.15100000000001,129.506,64.9,54.9,30.5,99.4,68.6,88.0,96.1,87.9,94.59899999999999,91.4,94.3,19.546,5,5,5,33.824
15.78,4,50.309,66.494,52.825,69.832,127.023,129.417,64.9,54.9,30.5,99.4,68.6,88.0,96.1,87.9,94.59899999999999,91.4,94.3,19.614,5,5,5,33.826
15.8,4,50.32899999999999,66.695,52.714,69.484,126.98,129.392,64.9,54.9,30.5,99.4,68.6,88.0,96.1,87.9,94.6,91.4,94.3,19.618000000000002,5,5,5,33.828
15.82,4,50.275,66.584,52.728,69.707,126.895,129.341,64.9,54.9,30.5,99.4,68.6,88.0,96.1,87.9,94.6,91.4,94.3,19.554000000000002,5,5,5,33.818
15.84,4,50.608000000000004,66.292,52.658,69.869,126.852,129.252,65.1,55.0,30.4,99.6,68.6,88.0,96.1,87.9,94.6,91.4,94.3,19.464,5,5,5,33.822
15.86,4,50.375,66.322,52.57899999999999,69.543,126.794,129.213,65.1,55.0,30.4,99.6,68.6,88.0,96.1,87.9,94.6,91.4,94.3,19.667,5,5,5,33.819
15.88,4,50.405,66.184,52.426,69.185,126.60799999999999,129.15,65.1,55.0,30.4,99.6,68.6,88.0,96.1,87.9,94.6,91.4,94.3,19.654000000000003,5,5,5,33.816
15.9,4,50.049,66.781,52.526,69.406,126.637,129.048,65.1,55.0,30.4,99.6,68.6,88.0,96.1,87.9,94.6,91.4,94.3,19.564,5,5,5,33.814
15.92,4,50.068000000000005,67.051,52.498000000000005,69.509,126.536,129.022,65.1,55.0,30.4,99.6,68.6,88.0,96.1,87.9,94.6,91.4,94.3,19.567999999999998,5,5,5,33.816
15.94,4,49.976000000000006,66.31,52.59,69.7,126.493,128.971,65.1,55.0,30.4,99.6,68.6,88.0,96.1,87.9,94.6,91.4,94.3,19.505000000000003,5,5,5,33.794
15.96,4,50.167,66.662,52.489,69.702,126.436,128.856,65.1,55.0,30.4,99.6,68.6,88.0,96.1,87.9,94.6,91.4,94.3,19.506999999999998,5,5,5,33.783
15.98,4,50.0,66.59100000000001,52.378,69.416,126.321,128.843,65.1,55.0,30.4,99.6,68.6,88.0,96.1,87.9,94.6,91.4,94.3,19.661,5,5,5,33.784000000000006
16.0,4,49.858000000000004,66.544,52.443999999999996,69.048,126.22,128.69,65.1,55.0,30.4,99.6,68.6,88.0,96.1,87.9,94.6,91.4,94.3,19.555,5,5,5,33.783
16.02,4,49.978,66.59700000000001,52.349,69.04,126.162,128.651,65.1,55.0,30.4,99.6,68.6,88.0,96.1,87.9,94.6,91.4,94.3,19.622,5,5,5,33.787
16.04,4,49.998000000000005,66.667,52.455,69.192,126.03200000000001,128.651,65.1,55.0,30.4,99.6,68.6,88.0,96.1,87.9,94.6,91.4,94.3,19.578,5,5,5,33.786
16.06,4,50.105,66.30600000000001,52.301,69.29,125.98899999999999,128.51,65.1,55.0,30.4,99.6,68.6,88.0,96.1,87.9,94.6,91.4,94.3,19.468,5,5,5,33.785
16.08,4,49.75,66.469,52.373999999999995,69.514,125.97399999999999,128.471,65.1,55.0,30.4,99.6,68.6,88.0,96.1,87.9,94.6,91.4,94.3,19.728,5,5,5,33.781
16.1,4,49.708999999999996,66.25399999999999,52.25899999999999,69.366,125.902,128.446,65.1,55.0,30.4,99.6,68.6,88.0,96.1,87.9,94.6,91.4,94.3,19.538,5,5,5,33.781
16.12,4,49.853,65.935,52.333999999999996,69.229,125.771,128.26600000000002,65.1,55.0,30.4,99.6,68.6,88.0,96.1,87.9,94.6,91.4,94.3,19.457,5,5,5,33.775999999999996
16.14,4,49.481,66.565,52.324,68.805,125.757,128.26600000000002,65.1,55.0,30.4,99.6,68.6,88.0,96.1,87.9,94.6,91.4,94.3,19.591,5,5,5,33.772
16.16,4,49.783,66.43,52.299,69.66199999999999,125.742,128.304,65.1,55.0,30.4,99.6,68.6,88.0,96.1,87.9,94.6,91.4,94.3,19.497999999999998,5,5,5,33.773
16.18,4,49.28,66.878,52.4,69.352,125.699,128.124,65.1,55.0,30.4,99.6,68.6,88.0,96.1,87.969,94.6,91.4,94.3,19.484,5,5,5,33.777
16.2,4,49.589,66.554,52.243,69.393,125.568,128.098,65.1,55.0,30.4,99.6,68.6,88.0,96.1,88.02600000000001,94.6,91.4,94.3,19.606,5,5,5,33.759
16.22,4,49.644,66.22800000000001,52.255,69.51,125.45100000000001,127.995,65.1,55.0,30.4,99.6,68.6,88.0,96.1,88.058,94.6,91.4,94.3,19.463,5,5,5,33.751999999999995
16.24,4,49.63399999999999,66.322,52.2,69.528,125.495,127.969,65.1,55.0,30.4,99.6,68.6,88.0,96.1,88.077,94.6,91.4,94.3,19.34,5,5,5,33.748000000000005
16.26,4,49.485,66.503,52.21,69.189,125.32,127.98200000000001,65.1,55.0,30.4,99.6,68.6,88.0,96.1,88.087,94.6,91.4,94.3,19.239,5,5,5,33.749
16.28,4,49.455,66.62,52.033,69.277,125.306,127.91799999999999,65.1,55.0,30.4,99.6,68.6,88.0,96.1,88.093,94.6,91.4,94.3,20.212,5,5,5,33.748000000000005
16.3,4,49.235,66.667,52.108000000000004,69.436,125.20299999999999,127.788,65.1,55.0,30.4,99.6,68.6,88.087,96.1,88.096,94.6,91.4,94.3,20.141,5,5,5,33.745999999999995
16.32,4,49.238,66.394,52.28,69.694,125.17399999999999,127.65899999999999,65.1,55.0,30.4,99.6,68.6,88.137,96.1,88.098,94.6,91.45,94.3,20.159,5,5,5,33.745999999999995
16.34,4,49.64,66.369,52.001000000000005,69.759,125.086,127.698,65.1,55.0,30.4,99.6,68.6,88.164,96.1,88.09899999999999,94.6,91.516,94.3,20.131999999999998,5,5,5,33.75
16.36,4,49.35,66.565,52.071999999999996,69.44800000000001,125.057,127.529,65.1,55.0,30.4,99.6,68.6,88.18,96.1,88.09899999999999,94.6,91.553,94.3,20.016,5,5,5,33.751
16.38,4,48.817,66.407,52.078,69.328,124.99799999999999,127.50299999999999,65.1,55.0,30.4,99.6,68.6,88.189,96.1,88.1,94.6,91.57300000000001,94.3,20.213,5,5,5,33.756
16.4,4,49.193999999999996,66.233,51.893,69.22,124.851,127.412,65.1,55.0,30.4,99.6,68.6,88.194,96.1,88.1,94.6,91.585,94.3,20.119999999999997,5,5,5,33.754999999999995
16.42,4,48.886,66.72399999999999,51.833999999999996,69.696,124.822,127.321,65.1,55.0,30.4,99.6,68.6,88.196,96.1,88.1,94.6,91.592,94.3,20.127000000000002,5,5,5,33.757
16.44,4,49.138999999999996,66.389,51.803999999999995,69.763,124.837,127.34700000000001,65.1,55.0,30.4,99.6,68.6,88.19800000000001,96.1,88.1,94.6,91.595,94.3,20.214,5,5,5,33.743
16.46,4,49.328,66.16,51.83,69.527,124.734,127.26899999999999,65.1,55.0,30.4,99.6,68.6,88.199,96.1,88.1,94.6,91.597,94.3,20.295,5,5,5,33.744
16.48,4,49.217,67.00999999999999,51.915,69.523,124.734,127.204,65.1,55.0,30.4,99.6,68.6,88.199,96.1,88.1,94.6,91.598,94.3,20.189,5,5,5,33.741
16.5,4,49.048,66.324,51.57899999999999,69.687,124.557,127.113,65.1,55.0,30.4,99.6,68.6,88.2,96.1,88.1,94.6,91.59899999999999,94.3,20.155,5,5,5,33.739000000000004
16.52,4,48.934,66.428,51.672,69.39,124.46799999999999,127.126,65.1,55.0,30.4,99.6,68.6,88.2,96.188,88.1,94.6,91.6,94.3,20.21,5,5,5,33.735
16.54,4,48.95,66.28899999999999,51.763999999999996,69.745,124.39399999999999,126.97,65.1,55.0,30.4,99.6,68.6,88.2,96.237,88.1,94.6,91.6,94.3,20.255000000000003,5,5,5,33.738
16.56,4,48.908,66.33500000000001,51.651,69.712,124.37899999999999,126.98299999999999,65.1,55.0,30.4,99.6,68.6,88.2,96.264,88.1,94.6,91.6,94.3,20.255000000000003,5,5,5,33.741
16.58,4,48.86,66.291,51.733000000000004,69.691,124.24600000000001,126.943,65.1,55.0,30.4,99.6,68.6,88.2,96.28,88.1,94.6,91.6,94.3,20.238,5,5,5,33.730999999999995
16.6,4,48.851000000000006,66.127,51.658,69.757,124.291,126.839,65.1,55.0,30.4,99.6,68.6,88.2,96.289,88.1,94.6,91.6,94.3,20.184,5,5,5,33.732
16.62,4,48.733000000000004,66.49000000000001,51.559,69.288,124.17200000000001,126.8,65.1,55.0,30.4,99.6,68.6,88.2,96.294,88.1,94.6,91.6,94.3,20.259999999999998,5,5,5,33.729
16.64,4,48.96,66.109,51.545,69.036,124.068,126.81299999999999,65.1,55.0,30.4,99.6,68.6,88.2,96.296,88.1,94.6,91.6,94.3,20.238,5,5,5,33.723
16.66,4,48.74100000000001,66.293,51.617,69.35300000000001,123.994,126.708,65.1,55.0,30.4,99.6,68.6,88.2,96.298,88.1,94.6,91.6,94.3,20.294,5,5,5,33.721000000000004
16.68,4,48.871,66.187,51.34,69.568,123.949,126.708,65.1,55.0,30.4,99.6,68.6,88.2,96.29899999999999,88.1,94.6,91.6,94.3,20.302,5,5,5,33.727
16.7,4,48.492,66.547,51.242,69.473,123.934,126.603,65.1,55.0,30.4,99.6,68.6,88.2,96.29899999999999,88.1,94.6,91.6,94.3,20.180999999999997,5,5,5,33.711
16.72,4,48.821999999999996,65.85,51.388000000000005,69.664,123.785,126.551,65.1,55.0,30.4,99.6,68.6,88.2,96.3,88.1,94.6,91.6,94.3,20.213,5,5,5,33.7
16.74,4,48.53,66.473,51.445,69.315,123.785,126.49799999999999,65.1,55.0,30.4,99.6,68.6,88.2,96.3,88.1,94.6,91.6,94.3,20.03,5,5,5,33.7
16.76,4,48.56100000000001,66.468,51.501000000000005,69.24,123.755,126.406,65.1,55.0,30.4,99.6,68.6,88.2,96.3,88.1,94.6,91.6,94.3,19.949,5,5,5,33.703
16.78,4,48.321999999999996,66.72800000000001,51.466,69.143,123.59100000000001,126.38,65.1,55.0,30.4,99.6,68.6,88.2,96.3,88.1,94.6,91.6,94.3,19.949,5,5,5,33.701
16.8,4,48.2,66.75399999999999,51.22,69.279,123.531,126.262,65.1,55.0,30.4,99.6,68.6,88.2,96.3,88.1,94.6,91.6,94.3,19.913,5,5,5,33.7
16.82,4,48.145,66.398,51.321999999999996,69.529,123.516,126.275,65.1,55.0,30.4,99.6,68.6,88.2,96.3,88.1,94.6,91.6,94.3,19.739,5,5,5,33.7
16.84,4,48.323,66.077,51.316,69.626,123.411,126.14299999999999,65.1,55.0,30.4,99.6,68.6,88.2,96.3,88.1,94.6,91.6,94.3,19.8,5,5,5,33.688
16.86,4,48.16,66.425,51.074,69.377,123.351,126.038,65.1,55.0,30.4,99.6,68.6,88.2,96.3,88.1,94.6,91.6,94.3,19.574,5,5,5,33.689
16.88,4,48.118,66.045,51.037,69.259,123.351,126.117,65.1,55.0,30.4,99.6,68.6,88.2,96.3,88.1,94.6,91.6,94.3,19.621,5,5,5,33.687
16.9,4,48.206,66.611,51.214,69.188,123.155,125.932,65.1,55.0,30.4,99.6,68.6,88.2,96.3,88.1,94.6,91.6,94.3,19.540999999999997,5,5,5,33.68300000000001
16.92,4,48.63399999999999,65.88,51.331,68.997,123.14,125.919,65.1,55.0,30.4,99.6,68.6,88.2,96.3,88.1,94.6,91.6,94.3,19.467,5,5,5,33.687
16.94,4,48.568000000000005,66.19200000000001,51.244,69.498,123.14,125.89200000000001,65.1,55.0,30.4,99.6,68.6,88.2,96.3,88.1,94.6,91.6,94.3,19.461,5,5,5,33.684
16.96,4,48.162,66.641,51.211999999999996,69.204,123.04899999999999,125.734,65.1,55.0,30.4,99.6,68.6,88.2,96.3,88.1,94.6,91.6,94.387,19.444000000000003,5,5,5,33.684
16.98,4,48.016000000000005,66.583,51.248000000000005,69.60300000000001,123.04899999999999,125.72,65.1,55.0,30.4,99.6,68.6,88.2,96.3,88.1,94.6,91.6,94.437,19.351,5,5,5,33.681
17.0,4,48.474,66.184,51.049,69.26899999999999,122.913,125.70700000000001,65.1,55.0,30.4,99.6,68.6,88.2,96.3,88.1,94.6,91.6,94.464,19.468,5,5,5,33.679
17.02,4,48.068999999999996,65.774,51.035,69.071,122.838,125.641,65.1,55.0,30.4,99.6,68.6,88.2,96.3,88.1,94.6,91.6,94.48,19.304000000000002,5,5,5,33.678
17.04,4,47.926,66.382,51.016000000000005,69.079,122.762,125.601,65.1,55.0,30.4,99.6,68.6,88.2,96.3,88.1,94.6,91.6,94.48899999999999,19.274,5,5,5,33.677
17.06,4,48.033,66.362,50.967,69.39699999999999,122.70100000000001,125.61399999999999,65.1,55.0,30.4,99.6,68.6,88.2,96.3,88.1,94.6,91.6,94.494,19.519,5,5,5,33.676
17.08,4,48.086999999999996,66.468,51.003,70.05,122.686,125.46799999999999,65.1,55.0,30.4,99.6,68.6,88.2,96.3,88.1,94.6,91.6,94.49600000000001,19.7,5,5,5,33.677
17.1,4,47.431999999999995,66.57300000000001,51.196999999999996,69.88,122.625,125.36200000000001,65.1,55.0,30.4,99.6,68.6,88.2,96.3,88.1,94.6,91.6,94.498,19.55,5,5,5,33.676
17.12,4,48.047,66.33500000000001,50.956,69.241,122.50399999999999,125.402,65.1,55.0,30.4,99.6,68.6,88.2,96.3,88.1,94.6,91.6,94.499,19.55,5,5,5,33.666
17.14,4,48.045,66.298,50.919,69.268,122.412,125.335,65.1,55.0,30.4,99.6,68.6,88.2,96.3,88.1,94.64399999999999,91.6,94.499,19.572000000000003,5,5,5,33.664
17.16,4,47.836999999999996,66.075,50.922,69.003,122.321,125.335,65.1,55.0,30.4,99.6,68.6,88.2,96.3,88.1,94.668,91.6,94.5,19.59,5,5,5,33.663
17.18,4,47.836000000000006,66.32300000000001,50.728,69.52199999999999,122.367,125.229,65.1,55.0,30.4,99.6,68.6,88.2,96.3,88.1,94.682,91.6,94.5,19.4,5,5,5,33.664
17.2,4,47.828,65.975,50.716,69.545,122.26,125.21600000000001,65.1,55.0,30.4,99.6,68.6,88.2,96.3,88.1,94.69,91.6,94.5,19.527,5,5,5,33.661
17.22,4,48.053999999999995,65.801,50.666000000000004,69.569,122.199,125.069,65.1,55.0,30.4,99.6,68.6,88.2,96.3,88.1,94.694,91.6,94.5,19.461,5,5,5,33.661
17.24,4,48.06100000000001,66.252,50.683,69.845,122.13799999999999,125.016,65.1,55.0,30.4,99.6,68.6,88.2,96.3,88.1,94.697,91.6,94.5,19.387,5,5,5,33.653999999999996
17.26,4,47.843,66.21600000000001,50.751000000000005,69.431,122.09200000000001,125.00200000000001,65.1,55.0,30.4,99.6,68.6,88.2,96.3,88.1,94.69800000000001,91.6,94.5,19.477,5,5,5,33.655
17.28,4,47.824,66.144,50.683,69.009,122.046,124.935,65.1,55.0,30.4,99.6,68.6,88.2,96.3,88.1,94.699,91.6,94.5,20.052999999999997,5,5,5,33.653000000000006
17.3,4,47.626999999999995,65.786,50.567,69.472,121.969,124.962,65.1,55.0,30.4,99.6,68.6,88.2,96.3,88.1,94.699,91.6,94.5,18.79,5,5,5,33.650999999999996
17.32,4,47.523999999999994,65.954,50.681000000000004,69.584,121.87700000000001,124.788,65.1,55.0,30.4,99.6,68.6,88.2,96.3,88.1,94.7,91.6,94.5,18.633,5,5,5,33.652
17.34,4,47.141000000000005,65.92699999999999,50.521,69.748,121.861,124.788,65.1,55.0,30.4,99.6,68.6,88.2,96.3,88.1,94.7,91.6,94.5,19.047,5,5,5,33.644000000000005
17.36,4,47.748000000000005,66.048,50.287,69.732,121.785,124.708,65.1,55.0,30.4,99.6,68.6,88.2,96.3,88.1,94.7,91.6,94.5,17.61,5,5,5,33.638000000000005
17.38,4,47.156000000000006,66.08,50.555,69.38,121.785,124.694,65.1,55.0,30.4,99.6,68.6,88.2,96.3,88.1,94.7,91.6,94.5,17.597,5,5,5,33.633
17.4,4,47.288999999999994,66.125,50.51,69.211,121.646,124.587,65.1,55.0,30.4,99.6,68.6,88.2,96.3,88.1,94.7,91.6,94.5,17.869999999999997,5,5,5,33.634
17.42,4,47.645,66.027,50.353,69.27199999999999,121.723,124.587,65.1,55.0,30.4,99.6,68.6,88.2,96.3,88.1,94.7,91.6,94.5,16.570999999999998,5,5,5,33.629999999999995
17.44,4,47.248000000000005,65.91499999999999,50.466,69.459,121.507,124.48,65.1,55.0,30.4,99.6,68.6,88.2,96.3,88.1,94.7,91.6,94.5,17.094,5,5,5,33.631
17.46,4,47.428000000000004,65.63,50.348,69.372,121.337,124.385,65.1,55.0,30.4,99.6,68.6,88.2,96.3,88.1,94.7,91.6,94.5,17.148,5,5,5,33.626
17.48,4,47.2,65.993,50.372,69.682,121.368,124.385,65.1,55.0,30.4,99.6,68.6,88.2,96.3,88.1,94.7,91.6,94.5,15.922,5,5,5,33.611999999999995
17.5,4,47.475,66.277,50.446999999999996,69.347,121.368,124.426,65.1,55.0,30.4,99.6,68.6,88.2,96.3,88.1,94.7,91.6,94.5,16.355,5,5,5,33.617
17.52,4,47.396,65.796,50.163999999999994,69.396,121.352,124.305,65.1,55.0,30.4,99.6,68.6,88.2,96.3,88.1,94.7,91.6,94.5,16.607,5,5,5,33.618
17.54,4,46.85,65.78899999999999,50.358000000000004,69.308,121.213,124.291,65.1,55.0,30.4,99.6,68.6,88.2,96.3,88.1,94.7,91.6,94.5,15.434000000000001,5,5,5,33.619
17.56,4,47.466,66.024,50.166000000000004,69.792,121.244,124.17,65.1,55.0,30.4,99.6,68.6,88.2,96.3,88.1,94.7,91.6,94.5,15.999,5,5,5,33.624
17.58,4,46.724,65.762,50.255,69.73100000000001,121.166,124.156,65.1,55.0,30.4,99.6,68.6,88.2,96.3,88.1,94.7,91.6,94.5,16.305,5,5,5,33.61
17.6,4,46.846000000000004,66.111,50.042,69.639,121.15,124.089,65.1,55.0,30.4,99.6,68.6,88.2,96.3,88.1,94.7,91.6,94.5,15.205,5,5,5,33.614000000000004
17.62,4,47.005,66.238,50.019,69.508,121.02600000000001,124.075,65.1,55.0,30.4,99.6,68.6,88.2,96.3,88.1,94.7,91.6,94.5,15.651,5,5,5,33.602
17.64,4,46.751999999999995,66.066,50.038999999999994,69.411,120.88600000000001,123.994,65.1,55.0,30.4,99.6,68.6,88.2,96.3,88.1,94.7,91.6,94.5,15.995999999999999,5,5,5,33.6
17.66,4,46.831,65.78399999999999,49.985,69.062,120.948,123.95299999999999,65.1,55.0,30.4,99.6,68.6,88.2,96.3,88.1,94.7,91.6,94.5,14.794,5,5,5,33.6
17.68,4,46.82899999999999,65.84100000000001,49.952,69.567,120.839,123.926,65.1,55.0,30.4,99.6,68.6,88.2,96.3,88.1,94.7,91.6,94.5,15.482999999999999,5,5,5,33.604
17.7,4,46.424,66.035,50.138999999999996,69.555,120.839,123.88600000000001,65.1,55.0,30.4,99.6,68.6,88.2,96.3,88.1,94.7,91.6,94.5,15.763,5,5,5,33.602
17.72,4,46.583999999999996,65.848,49.934,69.703,120.698,123.682,65.1,55.0,30.4,99.6,68.6,88.2,96.3,88.1,94.7,91.6,94.5,14.737,5,5,5,33.595
17.74,4,46.388999999999996,65.78399999999999,49.824,69.67399999999999,120.667,123.764,65.1,55.0,30.4,99.6,68.6,88.2,96.3,88.1,94.7,91.6,94.5,15.462,5,5,5,33.596000000000004
17.76,4,46.428999999999995,65.65,49.833,69.465,120.604,123.669,65.1,55.0,30.4,99.6,68.6,88.2,96.3,88.1,94.7,91.6,94.5,15.609000000000002,5,5,5,33.601
17.78,4,46.409,65.94,49.801,69.251,120.604,123.546,65.1,55.0,30.4,99.6,68.6,88.2,96.3,88.169,94.7,91.6,94.5,14.437999999999999,5,5,5,33.6
17.8,4,46.592,66.055,49.751999999999995,69.2,120.557,123.492,65.1,55.0,30.4,99.6,68.6,88.2,96.3,88.226,94.7,91.6,94.5,15.317,5,5,5,33.593
17.82,4,46.248999999999995,66.296,49.835,69.227,120.494,123.506,65.1,55.0,30.4,99.6,68.6,88.2,96.3,88.258,94.7,91.6,94.5,15.574000000000002,5,5,5,33.588
17.84,4,46.301,66.146,49.732,69.494,120.431,123.546,65.1,55.0,30.4,99.9,68.5,88.2,96.3,88.277,94.7,91.6,94.5,14.394,5,5,5,33.593
17.86,4,46.409,65.86,49.622,69.542,120.415,123.397,65.1,55.0,30.4,99.9,68.5,88.2,96.3,88.28699999999999,94.7,91.6,94.5,15.245,5,5,5,33.596000000000004
17.88,4,46.24,65.71600000000001,49.644,69.433,120.29,123.43799999999999,65.1,55.0,30.4,99.9,68.5,88.2,96.3,88.293,94.7,91.6,94.5,15.19,5,5,5,33.590999999999994
17.9,4,46.059,66.52600000000001,49.65,69.435,120.258,123.397,65.1,55.0,30.4,99.9,68.5,88.2,96.3,88.296,94.7,91.6,94.5,14.267000000000001,5,5,5,33.59
17.92,4,46.263999999999996,65.676,49.50899999999999,68.99600000000001,120.242,123.397,65.1,55.0,30.4,99.9,68.5,88.2,96.3,88.298,94.7,91.6,94.5,15.155,5,5,5,33.593
17.94,4,46.122,65.58699999999999,49.803000000000004,69.403,120.211,123.26,65.1,55.0,30.4,99.9,68.5,88.2,96.3,88.29899999999999,94.7,91.6,94.5,15.09,5,5,5,33.588
17.96,4,46.626000000000005,65.685,49.339,69.518,120.084,123.24700000000001,65.1,55.0,30.4,99.9,68.5,88.2,96.3,88.29899999999999,94.7,91.6,94.5,14.229,5,5,5,33.593
17.98,4,46.282,65.4,49.375,69.577,120.021,123.15100000000001,65.1,55.0,30.4,99.9,68.5,88.2,96.3,88.3,94.7,91.6,94.5,15.068,5,5,5,33.59
18.0,4,46.137,65.97,49.176,69.64399999999999,119.958,123.15100000000001,65.1,55.0,30.4,99.9,68.5,88.2,96.3,88.3,94.7,91.6,94.5,14.996,5,5,5,33.585
18.02,4,45.95,65.81800000000001,49.347,69.434,119.98899999999999,123.165,65.1,55.0,30.4,99.9,68.5,88.2,96.3,88.3,94.7,91.6,94.5,14.102,5,5,5,33.586
18.04,4,46.291000000000004,65.77799999999999,49.153999999999996,69.126,119.926,123.11,65.1,55.0,30.4,99.9,68.5,88.2,96.387,88.3,94.7,91.6,94.5,15.04,5,5,5,33.588
18.06,4,45.618,65.455,49.132,69.018,119.78299999999999,123.02799999999999,65.1,55.0,30.4,99.9,68.5,88.2,96.437,88.3,94.7,91.6,94.5,14.669,5,5,5,33.587
18.08,4,45.861,65.983,48.88,69.209,119.70299999999999,122.836,65.1,55.0,30.4,99.9,68.5,88.2,96.464,88.3,94.7,91.6,94.5,14.107000000000001,5,5,5,33.590999999999994
18.1,4,45.843,65.678,48.975,69.166,119.78299999999999,122.87700000000001,65.1,55.0,30.4,99.9,68.5,88.2,96.48,88.3,94.7,91.6,94.5,15.142999999999999,5,5,5,33.588
18.12,4,46.104,65.467,48.629,69.598,119.60799999999999,122.836,65.1,55.0,30.4,99.9,68.5,88.2,96.48899999999999,88.3,94.7,91.6,94.5,14.582,5,5,5,33.581999999999994
18.14,4,45.516999999999996,65.418,48.919,69.309,119.57600000000001,122.75299999999999,65.1,55.0,30.4,99.9,68.5,88.2,96.494,88.3,94.7,91.6,94.5,14.074,5,5,5,33.579
18.16,4,45.39,65.803,48.538999999999994,69.35600000000001,119.56,122.712,65.1,55.0,30.4,99.9,68.5,88.2,96.49600000000001,88.3,94.7,91.6,94.5,15.033999999999999,5,5,5,33.581
18.18,4,45.635,65.467,48.49100000000001,69.245,119.544,122.76700000000001,65.1,55.0,30.4,99.9,68.5,88.2,96.498,88.3,94.7,91.6,94.5,14.572000000000001,5,5,5,33.581999999999994
18.2,4,45.547,65.44800000000001,48.473,69.347,119.416,122.65700000000001,65.1,55.0,30.4,99.9,68.5,88.2,96.499,88.3,94.7,91.6,94.5,13.999,5,5,5,33.581
18.22,4,45.229,65.533,48.621,69.773,119.368,122.478,65.1,55.0,30.4,99.9,68.5,88.2,96.499,88.3,94.7,91.6,94.5,15.086,5,5,5,33.578
18.24,4,45.749,65.511,48.386,69.556,119.272,122.53299999999999,65.1,55.0,30.4,99.9,68.5,88.2,96.5,88.3,94.7,91.6,94.5,14.6,5,5,5,33.563
18.26,4,45.44,65.002,48.42,69.84100000000001,119.24,122.53299999999999,65.1,55.0,30.4,99.9,68.5,88.2,96.5,88.3,94.7,91.6,94.5,14.228,5,5,5,33.57
18.28,4,45.629,65.495,48.417,69.506,119.176,122.43700000000001,65.1,55.0,30.4,99.9,68.5,88.28699999999999,96.5,88.3,94.7,91.6,94.5,14.969,5,5,5,33.565
18.3,4,45.169000000000004,65.166,48.495,69.194,119.22399999999999,122.506,65.1,55.0,30.4,99.9,68.5,88.337,96.5,88.3,94.7,91.6,94.5,14.693,5,5,5,33.564
18.32,4,45.118,65.781,48.341,69.36399999999999,119.079,122.381,65.1,55.0,30.4,99.9,68.5,88.36399999999999,96.5,88.3,94.7,91.6,94.5,14.007,5,5,5,33.562
18.34,4,45.255,65.285,48.501999999999995,69.56,119.079,122.229,65.1,55.0,30.4,99.9,68.5,88.38,96.5,88.3,94.7,91.6,94.5,14.982000000000001,5,5,5,33.568
18.36,4,45.445,65.266,48.37,69.547,119.04700000000001,122.395,65.1,55.0,30.4,99.9,68.5,88.389,96.5,88.3,94.7,91.6,94.5,14.406,5,5,5,33.55800000000001
18.38,4,45.402,65.22800000000001,48.426,69.639,118.999,122.17399999999999,65.1,55.0,30.4,99.9,68.5,88.39399999999999,96.5,88.3,94.7,91.6,94.5,14.416,5,5,5,33.551
18.4,4,45.481,65.703,48.367,69.414,118.91799999999999,122.146,65.1,55.0,30.4,99.9,68.5,88.396,96.5,88.3,94.7,91.6,94.5,15.13,5,5,5,33.556
18.42,4,45.25,64.861,48.288000000000004,69.499,118.88600000000001,122.119,65.1,55.0,30.4,99.9,68.5,88.398,96.5,88.3,94.7,91.6,94.5,14.079,5,5,5,33.546
18.44,4,45.149,65.18,48.298,69.392,118.708,121.98,65.1,55.0,30.4,99.9,68.5,88.399,96.5,88.3,94.7,91.6,94.5,14.594,5,5,5,33.549
18.46,4,44.881,65.704,48.365,69.827,118.72399999999999,121.98,65.1,55.0,30.4,99.9,68.5,88.399,96.5,88.3,94.7,91.6,94.5,14.967,5,5,5,33.548
18.48,4,45.152,64.794,48.272,69.343,118.708,122.119,65.1,55.0,30.4,99.9,68.5,88.4,96.5,88.3,94.7,91.6,94.5,13.88,5,5,5,33.541
18.5,4,44.856,65.44800000000001,48.352,68.713,118.64299999999999,121.883,65.1,55.0,30.4,99.9,68.5,88.4,96.5,88.3,94.7,91.6,94.5,14.834,5,5,5,33.533
18.52,4,45.188,65.225,48.33,68.74600000000001,118.53,121.81299999999999,65.1,55.0,30.4,99.9,68.5,88.4,96.5,88.3,94.7,91.6,94.5,14.183,5,5,5,33.527
18.54,4,45.053000000000004,65.055,48.299,69.357,118.514,121.757,65.1,55.0,30.4,99.9,68.5,88.4,96.5,88.3,94.7,91.6,94.5,14.119,5,5,5,33.525999999999996
18.56,4,44.528,65.50999999999999,48.269,69.331,118.432,121.757,65.1,55.0,30.4,99.9,68.5,88.4,96.5,88.3,94.7,91.6,94.5,15.023,5,5,5,33.523
18.58,4,44.775,65.295,48.141999999999996,69.464,118.416,121.618,65.1,55.0,30.4,99.9,68.5,88.4,96.5,88.3,94.7,91.6,94.5,14.163,5,5,5,33.521
18.6,4,44.836999999999996,64.774,48.352,69.487,118.302,121.66,65.1,55.0,30.4,99.9,68.5,88.4,96.5,88.3,94.7,91.6,94.5,14.705,5,5,5,33.525
18.62,4,44.664,65.08600000000001,48.36600000000001,69.23899999999999,118.4,121.646,65.1,55.0,30.4,99.9,68.5,88.4,96.5,88.3,94.7,91.6,94.5,15.075,5,5,5,33.515
18.64,4,44.917,64.81700000000001,48.315,69.77199999999999,118.204,121.604,65.1,55.0,30.4,99.9,68.5,88.4,96.5,88.3,94.7,91.6,94.5,13.891,5,5,5,33.512
18.66,4,44.861,65.166,48.202,69.434,118.12200000000001,121.53399999999999,65.1,55.0,30.4,99.9,68.5,88.4,96.5,88.3,94.7,91.6,94.5,14.797,5,5,5,33.507
18.68,4,44.494,64.919,48.141999999999996,69.22399999999999,118.057,121.436,65.1,55.0,30.4,99.9,68.5,88.4,96.5,88.3,94.7,91.688,94.5,14.315,5,5,5,33.508
18.7,4,44.486999999999995,65.03,48.266999999999996,69.258,118.10600000000001,121.42200000000001,65.1,55.0,30.4,99.9,68.5,88.4,96.5,88.3,94.7,91.737,94.5,13.792,5,5,5,33.507
18.72,4,44.19,65.227,48.446999999999996,69.642,118.09,121.39399999999999,65.1,55.0,30.4,99.9,68.5,88.4,96.5,88.3,94.7,91.764,94.5,14.958,5,5,5,33.509
18.74,4,44.217,65.331,48.238,69.485,118.10600000000001,121.42200000000001,65.1,55.0,30.4,99.9,68.5,88.4,96.5,88.3,94.7,91.78,94.5,14.052,5,5,5,33.504999999999995
18.76,4,44.185,64.911,48.286,69.64,118.09,121.28200000000001,65.1,55.0,30.4,99.9,68.5,88.4,96.5,88.3,94.7,91.789,94.5,14.381,5,5,5,33.498000000000005
18.78,4,44.032,65.098,48.155,69.514,117.876,121.26799999999999,65.1,55.0,30.4,99.9,68.5,88.4,96.5,88.3,94.7,91.794,94.5,14.969,5,5,5,33.495999999999995
18.8,4,44.187,65.344,48.041000000000004,69.47,117.77799999999999,121.198,65.1,55.0,30.4,99.9,68.5,88.4,96.5,88.3,94.7,91.796,94.5,13.846,5,5,5,33.494
18.82,4,43.871,65.195,48.255,69.433,117.844,121.11399999999999,65.1,55.0,30.4,99.9,68.5,88.4,96.5,88.3,94.7,91.798,94.5,14.64,5,5,5,33.497
18.84,4,44.145,64.782,48.047,69.51899999999999,117.728,121.198,65.1,55.0,30.4,99.9,68.5,88.4,96.5,88.3,94.7,91.79899999999999,94.5,14.577,5,5,5,33.489999999999995
18.86,4,44.056999999999995,64.602,48.208999999999996,69.65100000000001,117.745,121.11399999999999,65.1,55.0,30.4,99.9,68.5,88.4,96.5,88.3,94.7,91.79899999999999,94.5,13.687000000000001,5,5,5,33.492
18.88,4,44.062,64.84700000000001,48.068999999999996,69.485,117.695,120.98700000000001,65.1,55.0,30.4,99.9,68.5,88.4,96.5,88.3,94.7,91.8,94.5,14.726,5,5,5,33.494
18.9,4,43.933,65.18,48.143,69.86,117.56299999999999,121.015,65.1,55.0,30.4,99.9,68.5,88.4,96.5,88.3,94.7,91.8,94.5,14.128,5,5,5,33.492
18.92,4,43.591,65.18299999999999,48.178000000000004,69.45100000000001,117.58,120.931,65.1,55.0,30.4,99.9,68.5,88.4,96.5,88.3,94.7,91.8,94.5,13.857999999999999,5,5,5,33.489000000000004
18.94,4,43.834,64.78399999999999,48.118,69.30199999999999,117.54700000000001,120.917,65.1,55.0,30.4,99.9,68.5,88.4,96.5,88.3,94.7,91.8,94.5,14.877,5,5,5,33.486000000000004
18.96,4,43.641,65.078,48.035,69.119,117.431,120.874,65.1,55.0,30.4,99.9,68.5,88.4,96.5,88.3,94.7,91.8,94.5,13.932,5,5,5,33.486999999999995
18.98,4,44.158,64.595,47.79600000000001,69.46300000000001,117.464,120.79,65.1,55.0,30.4,99.9,68.5,88.4,96.5,88.3,94.7,91.8,94.5,14.42,5,5,5,33.488
19.0,4,43.836999999999996,64.93,47.919,69.583,117.315,120.846,65.1,55.0,30.4,99.9,68.5,88.4,96.5,88.3,94.7,91.8,94.5,14.869,5,5,5,33.486999999999995
19.02,4,43.403,65.157,47.998000000000005,69.626,117.348,120.719,65.1,55.0,30.4,99.9,68.5,88.4,96.5,88.3,94.7,91.8,94.5,13.881,5,5,5,33.486999999999995
19.04,4,43.757,65.238,48.04,69.418,117.33200000000001,120.677,65.1,55.0,30.4,99.9,68.5,88.4,96.5,88.3,94.7,91.8,94.5,14.667,5,5,5,33.486000000000004
19.06,4,43.845,64.75899999999999,47.792,69.398,117.23200000000001,120.648,65.1,55.0,30.4,99.9,68.5,88.4,96.5,88.3,94.7,91.8,94.5,14.198,5,5,5,33.488
19.08,4,43.641,64.814,47.843999999999994,69.124,117.166,120.57799999999999,65.1,55.0,30.4,99.9,68.5,88.4,96.5,88.3,94.7,91.8,94.5,13.741,5,5,5,33.486000000000004
19.1,4,43.338,64.69300000000001,47.883,69.507,117.132,120.493,65.1,55.0,30.4,99.9,68.5,88.4,96.5,88.3,94.7,91.8,94.5,14.908,5,5,5,33.480999999999995
19.12,4,43.391999999999996,65.141,47.803000000000004,69.5,117.04899999999999,120.493,65.1,55.0,30.4,99.9,68.5,88.4,96.5,88.3,94.7,91.8,94.5,14.2,5,5,5,33.485
19.14,4,43.501999999999995,64.967,47.644,69.416,117.116,120.42200000000001,65.1,55.0,30.4,99.9,68.5,88.4,96.5,88.3,94.7,91.8,94.544,14.501,5,5,5,33.489999999999995
19.16,4,43.336999999999996,64.702,47.856,69.378,117.066,120.464,65.1,55.0,30.4,99.9,68.5,88.4,96.5,88.3,94.7,91.8,94.568,15.107999999999999,5,5,5,33.485
19.18,4,43.178000000000004,64.493,47.746,69.232,116.916,120.337,65.1,55.0,30.4,99.9,68.5,88.4,96.5,88.3,94.7,91.8,94.582,13.879,5,5,5,33.486000000000004
19.2,4,43.164,64.874,47.833999999999996,69.186,116.83200000000001,120.337,65.1,55.0,30.4,99.9,68.5,88.4,96.5,88.3,94.7,91.8,94.59,14.665,5,5,5,33.478
19.22,4,43.195,64.809,47.643,69.067,116.84899999999999,120.40799999999999,65.1,55.0,30.4,99.9,68.5,88.4,96.5,88.3,94.7,91.8,94.594,14.58,5,5,5,33.483000000000004
19.24,4,42.997,64.60300000000001,47.681999999999995,68.995,116.79799999999999,120.337,65.1,55.0,30.4,99.9,68.5,88.4,96.5,88.3,94.7,91.8,94.597,13.673,5,5,5,33.488
19.26,4,43.203,64.218,47.763999999999996,69.446,116.815,120.28,65.1,55.0,30.4,99.9,68.5,88.4,96.5,88.3,94.75,91.8,94.598,14.882,5,5,5,33.488
19.28,4,42.883,64.34700000000001,47.595,69.367,116.73100000000001,120.152,65.1,55.0,30.4,99.9,68.5,88.4,96.5,88.3,94.816,91.8,94.59899999999999,14.24,5,5,5,33.493
19.3,4,42.896,64.463,47.645,69.329,116.73100000000001,120.038,65.1,55.0,30.4,99.9,68.5,88.4,96.5,88.3,94.85300000000001,91.8,94.59899999999999,14.16,5,5,5,33.495000000000005
19.32,4,42.968,64.21600000000001,47.638999999999996,69.305,116.51299999999999,120.009,65.1,55.0,30.4,99.9,68.5,88.4,96.5,88.3,94.873,91.8,94.6,15.244000000000002,5,5,5,33.495999999999995
19.34,4,42.609,64.512,47.607,69.015,116.54700000000001,119.96600000000001,65.1,55.0,30.4,99.9,68.5,88.4,96.5,88.3,94.885,91.8,94.6,15.917,5,5,5,33.493
19.36,4,42.806999999999995,64.42,47.6,69.35,116.51299999999999,119.92299999999999,65.1,55.0,30.4,99.9,68.5,88.4,96.5,88.3,94.892,91.8,94.6,15.154,5,5,5,33.491
19.38,4,42.556,64.412,47.645,69.574,116.49600000000001,119.895,65.1,55.0,30.4,99.9,68.5,88.4,96.5,88.3,94.895,91.8,94.6,14.936,5,5,5,33.498000000000005
19.4,4,42.163000000000004,64.05199999999999,47.578,69.59899999999999,116.361,119.823,65.1,55.0,30.4,99.9,68.5,88.4,96.5,88.3,94.89699999999999,91.8,94.6,15.367,5,5,5,33.493
19.42,4,42.671,64.075,47.228,69.71,116.243,119.723,65.1,55.0,30.4,99.9,68.5,88.4,96.5,88.3,94.898,91.8,94.6,15.892000000000001,5,5,5,33.489000000000004
19.44,4,42.602,64.329,47.318999999999996,69.471,116.226,119.75200000000001,65.1,55.0,30.4,99.9,68.5,88.4,96.5,88.3,94.899,91.8,94.6,16.129,5,5,5,33.489000000000004
19.46,4,42.571,63.863,47.443999999999996,69.308,116.226,119.73700000000001,65.1,55.0,30.4,99.9,68.5,88.4,96.5,88.3,94.9,91.8,94.6,15.366,5,5,5,33.484
19.48,4,42.171,64.582,47.415,69.262,116.19200000000001,119.709,65.1,55.0,30.4,99.9,68.5,88.4,96.5,88.3,94.9,91.8,94.6,15.11,5,5,5,33.486999999999995
19.5,4,41.978,64.09899999999999,47.64,69.682,116.26,119.73700000000001,65.1,55.0,30.4,99.9,68.5,88.4,96.5,88.3,94.9,91.8,94.6,16.087,5,5,5,33.488
19.52,4,42.565,64.015,47.498000000000005,69.661,116.26,119.709,65.1,55.0,30.4,99.9,68.5,88.4,96.5,88.3,94.9,91.8,94.6,16.527,5,5,5,33.483000000000004
19.54,4,42.329,64.36500000000001,47.536,69.85300000000001,116.19200000000001,119.68,65.1,55.0,30.4,99.9,68.5,88.4,96.5,88.3,94.9,91.8,94.6,16.164,5,5,5,33.479
19.56,4,42.164,64.555,47.28,69.533,116.09,119.551,65.1,55.0,30.4,99.9,68.5,88.4,96.5,88.3,94.9,91.8,94.6,15.67,5,5,5,33.476
19.58,4,41.887,64.09700000000001,47.363,69.874,116.09,119.522,65.1,55.0,30.4,99.9,68.5,88.4,96.5,88.3,94.9,91.8,94.6,15.699000000000002,5,5,5,33.476
19.6,4,42.071,63.772,47.433,69.74,115.93700000000001,119.436,65.1,55.0,30.4,99.9,68.5,88.4,96.5,88.3,94.9,91.8,94.6,16.604,5,5,5,33.477
19.62,6,42.129,63.858999999999995,47.466,69.125,115.869,119.421,65.1,55.0,30.4,99.9,68.5,88.4,96.5,88.3,94.9,91.8,94.6,17.197000000000003,5,5,5,33.477
19.64,6,42.004,63.549,48.451,64.55699999999999,115.92,119.508,65.1,55.0,30.4,99.9,68.5,88.4,96.5,88.3,94.9,91.8,94.6,16.049,5,5,5,33.475
19.66,6,41.662,63.903,48.716,63.284,115.92,119.37799999999999,65.1,55.0,30.4,99.9,68.5,88.4,96.5,88.3,94.9,91.8,94.6,15.706,5,5,5,33.638000000000005
19.68,6,42.024,63.68600000000001,48.468,48.43899999999999,115.818,119.277,65.1,55.0,30.4,99.9,68.5,88.4,96.5,88.3,94.9,91.8,94.6,16.354,5,5,5,34.589
19.7,6,41.759,64.095,48.373999999999995,37.772,115.76700000000001,119.205,65.1,55.0,30.4,99.9,68.5,88.4,96.5,88.3,94.9,91.8,94.6,16.962,5,5,5,36.309
19.72,6,41.446999999999996,64.219,48.353,30.455,115.596,119.162,65.1,55.0,30.4,99.9,68.5,88.4,96.5,88.3,94.9,91.8,94.6,17.425,5,5,5,37.999
19.74,6,41.704,63.604,48.423,25.246,115.71600000000001,119.118,65.1,55.0,30.4,99.9,68.5,88.4,96.5,88.3,94.9,91.8,94.6,16.208,5,5,5,39.328
19.76,6,41.441,63.23,48.184,55.211999999999996,115.71600000000001,119.089,65.1,55.0,30.4,99.9,68.5,88.4,96.5,88.3,94.9,91.8,94.6,15.794,5,5,5,40.407
19.78,6,41.575,62.853,48.323,43.348,115.699,118.87200000000001,65.1,55.0,30.4,99.9,68.5,88.4,96.5,88.3,94.9,91.8,94.6,16.891,5,5,5,41.047
19.8,6,41.722,62.3,48.363,52.558,115.493,118.727,65.1,55.0,30.4,99.9,68.5,88.4,96.5,88.3,94.9,91.8,94.6,17.1,5,5,5,41.518
19.82,6,41.732,61.906000000000006,48.408,53.443000000000005,115.63,118.552,65.1,55.0,30.4,99.9,68.5,88.4,96.5,88.3,94.9,91.8,94.6,16.255000000000003,5,5,5,41.906
19.84,6,41.946,61.327,48.24,60.148999999999994,115.493,118.318,65.1,55.1,30.4,100.3,68.5,88.4,96.5,88.369,94.9,91.8,94.6,15.929,5,5,5,42.176
19.86,6,42.073,60.195,48.393,58.308,115.44200000000001,118.259,65.1,55.1,30.4,100.3,68.5,88.4,96.5,88.426,94.9,91.8,94.6,16.18,5,5,5,42.374
19.88,6,42.053000000000004,59.451,48.301,54.516000000000005,115.44200000000001,118.12700000000001,65.1,55.1,30.4,100.3,68.5,88.4,96.5,88.458,94.9,91.8,94.6,16.919,5,5,5,42.554
19.9,6,41.716,58.451,48.476000000000006,58.376999999999995,115.459,118.039,65.1,55.1,30.4,100.3,68.5,88.4,96.5,88.477,94.9,91.8,94.6,17.061,5,5,5,42.741
19.92,6,41.727,57.492,48.356,59.782,115.321,117.87700000000001,65.1,55.1,30.4,100.3,68.5,88.4,96.5,88.487,94.9,91.8,94.6,16.39,5,5,5,42.895
19.94,6,41.79,57.784,48.355,58.674,115.25200000000001,117.89200000000001,65.1,55.1,30.4,100.3,68.5,88.4,96.5,88.493,94.9,91.8,94.6,15.995999999999999,5,5,5,43.046
19.96,6,41.564,57.278,48.293,62.456,115.25200000000001,117.803,65.1,55.1,30.4,100.3,68.5,88.4,96.5,88.49600000000001,94.9,91.8,94.6,16.839,5,5,5,43.201
19.98,6,41.701,56.949,48.441,57.603,115.132,117.789,65.1,55.1,30.4,100.3,68.5,88.4,96.5,88.498,94.9,91.8,94.6,17.175,5,5,5,43.364000000000004
20.0,6,41.815,56.665,48.393,59.806000000000004,115.11399999999999,117.59700000000001,65.1,55.1,30.4,100.3,68.5,88.4,96.5,88.499,94.9,91.8,94.6,17.024,5,5,5,43.518
20.02,6,41.422,55.522,48.425,59.419,115.045,117.493,65.1,55.1,30.4,100.3,68.5,88.4,96.5,88.499,94.9,91.8,94.6,16.351,5,5,5,43.68
20.04,6,41.703,55.9,48.438,58.501000000000005,115.166,117.611,65.1,55.1,30.4,100.3,68.5,88.4,96.5,88.5,94.9,91.8,94.6,16.188,5,5,5,43.854
20.06,6,41.692,55.597,48.364,61.668,115.06200000000001,117.43299999999999,65.1,55.1,30.4,100.3,68.5,88.4,96.5,88.5,94.9,91.8,94.6,16.985,5,5,5,44.023
20.08,6,41.797,54.602,48.196000000000005,59.763999999999996,114.92399999999999,117.463,65.1,55.1,30.4,100.3,68.5,88.4,96.5,88.5,94.9,91.8,94.6,17.34,5,5,5,44.198
20.1,6,41.321,55.504,48.265,58.071000000000005,114.906,117.419,65.1,55.1,30.4,100.3,68.5,88.4,96.5,88.5,94.9,91.8,94.6,16.414,5,5,5,44.364000000000004
20.12,6,41.431999999999995,54.522,48.261,59.75,114.941,117.344,65.1,55.1,30.4,100.3,68.5,88.4,96.5,88.5,94.9,91.8,94.6,16.127000000000002,5,5,5,44.544000000000004
20.14,6,41.548,55.048,48.107,58.542,114.75,117.463,65.1,55.1,30.4,100.3,68.5,88.4,96.5,88.5,94.9,91.8,94.6,16.4,5,5,5,44.68
20.16,6,41.454,55.071999999999996,47.93899999999999,61.049,114.854,117.389,65.1,55.1,30.4,100.3,68.5,88.4,96.5,88.5,94.9,91.8,94.6,17.046,5,5,5,44.86
20.18,6,41.238,54.878,48.086999999999996,63.333999999999996,114.73299999999999,117.3,65.1,55.1,30.4,100.3,68.5,88.4,96.5,88.5,94.9,91.8,94.6,16.921,5,5,5,45.008
20.2,6,40.833,54.623000000000005,48.25,57.842,114.59299999999999,117.344,65.1,55.1,30.4,100.3,68.5,88.4,96.5,88.5,94.9,91.8,94.6,16.182000000000002,5,5,5,45.172
20.22,6,41.094,54.553999999999995,48.097,60.083,114.663,117.24,65.1,55.1,30.4,100.3,68.5,88.4,96.5,88.5,94.9,91.8,94.6,16.002000000000002,5,5,5,45.299
20.24,6,41.408,54.316,47.857,59.535,114.62799999999999,117.196,65.1,55.1,30.4,100.3,68.5,88.4,96.5,88.5,94.9,91.8,94.6,16.579,5,5,5,45.455
20.26,6,41.018,54.918,48.081,60.565,114.506,117.24,65.1,55.1,30.4,100.3,68.5,88.4,96.5,88.5,94.9,91.8,94.6,16.104,5,5,5,45.599000000000004
20.28,6,40.814,54.317,48.036,62.534,114.471,117.09100000000001,65.1,55.1,30.4,100.3,68.5,88.4,96.5,88.5,94.9,91.8,94.6,15.644,5,5,5,45.783
20.3,6,40.974000000000004,54.827,48.078,61.489,114.436,117.13600000000001,65.1,55.1,30.4,100.3,68.5,88.4,96.5,88.5,94.9,91.8,94.6,14.84,5,5,5,45.92
20.32,6,40.626999999999995,53.88,47.966,62.173,114.40100000000001,117.15100000000001,65.1,55.1,30.4,100.3,68.5,88.4,96.5,88.5,94.9,91.8,94.6,15.376,5,5,5,46.062
20.34,6,40.649,53.644,47.885,61.128,114.41799999999999,117.15100000000001,65.1,55.1,30.4,100.3,68.5,88.4,96.5,88.5,94.9,91.8,94.6,14.076,5,5,5,46.199
20.36,6,40.489000000000004,54.24100000000001,47.669,62.218,114.296,117.07600000000001,65.1,55.1,30.4,100.3,68.5,88.4,96.5,88.5,94.9,91.8,94.6,13.965,5,5,5,46.334
20.38,6,40.861,53.678000000000004,47.605,64.28899999999999,114.348,116.95700000000001,65.1,55.1,30.4,100.3,68.5,88.4,96.5,88.5,94.9,91.8,94.6,13.634,5,5,5,46.473
20.4,6,40.622,53.316,47.592,63.945,114.225,116.97200000000001,65.1,55.1,30.4,100.3,68.5,88.4,96.5,88.5,94.9,91.8,94.6,12.992999999999999,5,5,5,46.647
20.42,6,40.097,53.731,47.605,62.788000000000004,114.102,116.882,65.1,55.1,30.4,100.3,68.5,88.4,96.5,88.5,94.9,91.8,94.6,13.566,5,5,5,46.795
20.44,6,39.981,53.611999999999995,47.492,62.677,114.084,116.94200000000001,65.1,55.1,30.4,100.3,68.5,88.4,96.5,88.5,94.9,91.8,94.6,12.632000000000001,5,5,5,46.949
20.46,6,40.288000000000004,53.321999999999996,47.38,61.854,114.19,116.94200000000001,65.1,55.1,30.4,100.3,68.5,88.4,96.5,88.5,94.9,91.8,94.6,12.604,5,5,5,47.07
20.48,6,40.211,52.77,47.547,65.208,114.014,116.837,65.1,55.1,30.4,100.3,68.5,88.4,96.5,88.5,94.9,91.8,94.6,12.643,5,5,5,47.228
20.5,6,40.039,53.32899999999999,47.661,63.38399999999999,114.014,117.046,65.1,55.1,30.4,100.3,68.5,88.4,96.5,88.5,94.9,91.8,94.6,12.094999999999999,5,5,5,47.376
20.52,6,40.04,52.748999999999995,47.464,63.063,114.084,116.852,65.1,55.1,30.4,100.3,68.5,88.4,96.587,88.5,94.9,91.8,94.6,12.786000000000001,5,5,5,47.498000000000005
20.54,6,40.135,53.254,47.471000000000004,64.015,113.943,116.822,65.1,55.1,30.4,100.3,68.5,88.4,96.637,88.5,94.9,91.8,94.6,11.832,5,5,5,47.631
20.56,6,40.019,53.361000000000004,47.601000000000006,62.357,114.031,116.73200000000001,65.1,55.1,30.4,100.3,68.5,88.4,96.664,88.5,94.9,91.8,94.6,11.982,5,5,5,47.792
20.58,6,40.148,52.956,47.47,64.816,113.978,116.792,65.1,55.1,30.4,100.3,68.5,88.4,96.68,88.5,94.9,91.8,94.6,11.967,5,5,5,47.896
20.6,6,40.382,52.722,47.346000000000004,65.543,113.90799999999999,116.807,65.1,55.1,30.4,100.3,68.5,88.4,96.689,88.5,94.9,91.8,94.6,11.533,5,5,5,48.042
20.62,6,39.814,52.927,47.375,62.38399999999999,113.837,116.64200000000001,65.1,55.1,30.4,100.3,68.5,88.4,96.694,88.5,94.9,91.8,94.6,12.274000000000001,5,5,5,48.181
20.64,6,40.021,52.431000000000004,47.248000000000005,63.36,113.74799999999999,116.56700000000001,65.1,55.1,30.4,100.3,68.5,88.4,96.696,88.5,94.9,91.8,94.6,11.36,5,5,5,48.271
20.66,6,40.039,52.773,47.423,62.607,113.695,116.67200000000001,65.1,55.1,30.4,100.3,68.5,88.4,96.69800000000001,88.5,94.9,91.8,94.6,11.588999999999999,5,5,5,48.422
20.68,6,39.49,52.394,47.388000000000005,64.25899999999999,113.57,116.64200000000001,65.1,55.1,30.4,100.3,68.5,88.4,96.699,88.5,94.9,91.8,94.6,11.699,5,5,5,48.556999999999995
20.7,6,39.083,52.37,47.431999999999995,67.171,113.51700000000001,116.59700000000001,65.1,55.1,30.4,100.3,68.5,88.4,96.699,88.5,94.9,91.8,94.6,11.207999999999998,5,5,5,48.696999999999996
20.72,6,39.298,52.582,47.265,62.861999999999995,113.553,116.491,65.1,55.1,30.4,100.3,68.5,88.4,96.7,88.5,94.9,91.8,94.6,11.972000000000001,5,5,5,48.786
20.74,6,39.841,52.493,47.22,63.122,113.588,116.491,65.1,55.1,30.4,100.3,68.5,88.4,96.7,88.5,94.9,91.8,94.6,11.182,5,5,5,48.924
20.76,6,39.516999999999996,52.551,47.49100000000001,62.333999999999996,113.303,116.521,65.1,55.1,30.4,100.3,68.5,88.4,96.7,88.5,94.9,91.8,94.6,11.367,5,5,5,49.048
20.78,6,39.32,52.205,47.479,63.739,113.41,116.446,65.1,55.1,30.4,100.3,68.5,88.4,96.7,88.5,94.9,91.8,94.6,11.36,5,5,5,49.181
20.8,6,39.403,51.902,47.348,65.213,113.446,116.40100000000001,65.1,55.1,30.4,100.3,68.5,88.4,96.7,88.5,94.9,91.8,94.6,11.022,5,5,5,49.293
20.82,6,39.659,51.77,47.458999999999996,63.95399999999999,113.338,116.37100000000001,65.1,55.1,30.4,100.3,68.5,88.4,96.7,88.5,94.9,91.8,94.6,11.651,5,5,5,49.396
20.84,6,38.863,51.479,47.223,63.13399999999999,113.32,116.14399999999999,65.1,55.1,30.4,100.3,68.5,88.4,96.7,88.5,94.9,91.8,94.6,10.869,5,5,5,49.536
20.86,6,39.157,52.183,47.251999999999995,63.544,113.35600000000001,116.325,65.1,55.1,30.4,100.3,68.5,88.4,96.7,88.5,94.9,91.8,94.6,11.228,5,5,5,49.647
20.88,6,39.034,52.188,47.394,63.714,113.285,116.14399999999999,65.1,55.1,30.4,100.3,68.5,88.4,96.7,88.5,94.9,91.8,94.6,11.184000000000001,5,5,5,49.787
20.9,6,38.964,51.873000000000005,47.31100000000001,67.389,113.23100000000001,116.25,65.1,55.1,30.4,100.3,68.5,88.4,96.7,88.5,94.9,91.8,94.6,10.982,5,5,5,49.918
20.92,6,38.857,52.211999999999996,47.376999999999995,66.006,113.051,116.098,65.1,55.1,30.4,100.3,68.5,88.4,96.7,88.5,94.9,91.8,94.6,11.76,5,5,5,49.999
20.94,6,39.521,51.747,47.188,64.126,112.99700000000001,115.977,65.1,55.1,30.4,100.3,68.5,88.4,96.7,88.5,94.9,91.8,94.6,10.699,5,5,5,50.133
20.96,6,39.071,51.928000000000004,47.348,65.295,112.889,116.15899999999999,65.1,55.1,30.4,100.3,68.5,88.4,96.7,88.5,94.9,91.8,94.6,11.115,5,5,5,50.216
20.98,6,39.008,52.037,47.208,63.131,112.943,116.053,65.1,55.1,30.4,100.3,68.5,88.4,96.7,88.5,94.9,91.8,94.6,11.022,5,5,5,50.35
21.0,6,38.894,51.391999999999996,47.196000000000005,66.89500000000001,113.051,115.90100000000001,65.1,55.1,30.4,100.3,68.5,88.4,96.7,88.5,94.9,91.8,94.6,10.844999999999999,5,5,5,50.474000000000004
21.02,6,38.594,51.908,47.221000000000004,65.41499999999999,112.961,115.87,65.1,55.1,30.4,100.3,68.5,88.4,96.7,88.5,94.9,91.8,94.6,11.611,5,5,5,50.574
21.04,6,38.496,51.381,47.1,64.19200000000001,113.015,115.962,65.1,55.1,30.4,100.3,68.5,88.4,96.7,88.5,94.9,91.8,94.6,10.551,5,5,5,50.676
21.06,6,38.266999999999996,52.093999999999994,47.162,66.382,112.81700000000001,116.007,65.1,55.1,30.4,100.3,68.5,88.4,96.7,88.5,94.9,91.8,94.6,10.885,5,5,5,50.766999999999996
21.08,6,38.891,51.606,47.198,64.625,112.853,115.90100000000001,65.1,55.1,30.4,100.3,68.5,88.4,96.7,88.5,94.9,91.8,94.6,11.024000000000001,5,5,5,50.87
21.1,6,38.69,51.373000000000005,47.263999999999996,66.499,112.835,115.90100000000001,65.1,55.1,30.4,100.3,68.5,88.4,96.7,88.5,94.9,91.8,94.6,10.787,5,5,5,50.945
21.12,6,38.683,51.755,47.205,69.518,112.835,115.84,65.1,55.1,30.4,100.3,68.5,88.4,96.7,88.5,94.9,91.8,94.6,11.449,5,5,5,51.051
21.14,6,38.46,51.951,47.06,66.554,112.67200000000001,115.87,65.1,55.1,30.4,100.3,68.5,88.4,96.7,88.5,94.9,91.8,94.6,10.58,5,5,5,51.11600000000001
21.16,6,38.596,51.726000000000006,47.24100000000001,66.139,112.762,115.68700000000001,65.1,55.1,30.4,100.3,68.5,88.4,96.7,88.5,94.9,91.8,94.6,10.937999999999999,5,5,5,51.215
21.18,6,38.255,51.693000000000005,47.294,65.74600000000001,112.78,115.764,65.1,55.1,30.4,100.3,68.5,88.4,96.7,88.5,94.9,91.8,94.6,11.14,5,5,5,51.321000000000005
21.2,6,38.247,51.332,47.273,66.815,112.67200000000001,115.73299999999999,65.1,55.1,30.4,100.3,68.5,88.4,96.7,88.5,94.9,91.8,94.6,10.74,5,5,5,51.412
21.22,6,38.357,51.419,47.16,68.56800000000001,112.581,115.611,65.1,55.1,30.4,100.3,68.5,88.4,96.7,88.5,94.9,91.8,94.6,11.404,5,5,5,51.504
21.24,6,38.314,51.69,46.97,66.356,112.67200000000001,115.626,65.1,55.1,30.4,100.3,68.5,88.487,96.7,88.5,94.9,91.8,94.6,10.318,5,5,5,51.6
21.26,6,38.042,51.66,47.07,66.704,112.52600000000001,115.55,65.1,55.1,30.4,100.3,68.5,88.53699999999999,96.7,88.5,94.9,91.8,94.6,10.717,5,5,5,51.7
21.28,6,38.448,51.174,46.971000000000004,66.42,112.454,115.443,65.1,55.1,30.4,100.3,68.5,88.564,96.7,88.5,94.9,91.8,94.6,11.033,5,5,5,51.815
21.3,6,37.953,50.97,47.153,66.561,112.49,115.412,65.1,55.1,30.4,100.3,68.5,88.58,96.7,88.5,94.9,91.8,94.6,10.341000000000001,5,5,5,51.9
21.32,6,38.084,51.658,47.111000000000004,69.575,112.32600000000001,115.427,65.1,55.1,30.4,100.3,68.5,88.589,96.7,88.5,94.9,91.8,94.6,9.395,5,5,5,51.986000000000004
21.34,6,37.863,51.638000000000005,46.964,69.266,112.36200000000001,115.427,65.1,55.1,30.4,100.3,68.5,88.594,96.7,88.5,94.9,91.8,94.6,9.974,5,5,5,52.104
21.36,6,38.039,51.105,47.045,67.232,112.399,115.258,65.1,55.1,30.4,100.3,68.5,88.596,96.7,88.5,94.9,91.8,94.6,10.623,5,5,5,52.208
21.38,6,37.734,51.563,47.028,68.804,112.32600000000001,115.443,65.1,55.1,30.4,100.3,68.5,88.598,96.7,88.5,94.9,91.8,94.6,9.913,5,5,5,52.32
21.4,6,37.854,51.183,47.023,66.52600000000001,112.198,115.335,65.1,55.1,30.4,100.3,68.5,88.59899999999999,96.7,88.5,94.9,91.8,94.6,9.1,5,5,5,52.427
21.42,6,37.5,51.092,47.114,71.158,112.03299999999999,115.228,65.1,55.1,30.4,100.3,68.5,88.59899999999999,96.7,88.5,94.9,91.8,94.6,9.564,5,5,5,52.565
21.44,6,37.478,51.477,46.988,70.852,112.069,115.274,65.1,55.1,30.4,100.3,68.5,88.6,96.7,88.5,94.9,91.8,94.6,9.716999999999999,5,5,5,52.703
21.46,6,37.715,51.338,47.093,68.757,111.99600000000001,115.304,65.1,55.1,30.4,100.3,68.5,88.6,96.7,88.5,94.9,91.8,94.6,9.394,5,5,5,52.833
21.48,6,37.922,51.056000000000004,46.976000000000006,69.753,111.978,115.181,65.1,55.1,30.4,100.3,68.5,88.6,96.7,88.5,94.9,91.8,94.6,9.474,5,5,5,52.958
21.5,6,37.65,51.205,47.062,68.079,111.99600000000001,115.04299999999999,65.1,55.1,30.4,100.3,68.5,88.6,96.7,88.5,94.9,91.8,94.6,9.24,5,5,5,53.07899999999999
21.52,6,37.549,51.148,46.842,70.41199999999999,111.867,115.012,65.1,55.1,30.4,100.3,68.5,88.6,96.7,88.5,94.9,91.8,94.6,9.208,5,5,5,53.253
21.54,6,37.171,50.906000000000006,47.065,72.64399999999999,111.978,115.089,65.1,55.1,30.4,100.3,68.5,88.6,96.7,88.5,94.9,91.8,94.6,9.324,5,5,5,53.36
21.56,6,37.315,50.662,46.93,69.744,111.885,115.04299999999999,65.1,55.1,30.4,100.3,68.5,88.6,96.7,88.5,94.9,91.8,94.6,9.21,5,5,5,53.528999999999996
21.58,6,37.615,50.45,46.945,69.748,111.79299999999999,115.05799999999999,65.1,55.1,30.4,100.3,68.5,88.6,96.7,88.5,94.9,91.8,94.6,9.027000000000001,5,5,5,53.663999999999994
21.6,6,37.603,50.452,46.79600000000001,68.786,111.79299999999999,115.05799999999999,65.1,55.1,30.4,100.3,68.5,88.6,96.7,88.5,94.9,91.8,94.6,9.022,5,5,5,53.827
21.62,6,37.1,50.961999999999996,46.994,70.113,111.81200000000001,114.95,65.1,55.1,30.4,100.3,68.5,88.6,96.7,88.5,94.9,91.8,94.6,9.274000000000001,5,5,5,53.996
21.64,6,37.092,50.798,46.883,72.544,111.756,114.98100000000001,65.1,55.1,30.4,100.3,68.5,88.6,96.7,88.5,94.9,91.8,94.6,8.908999999999999,5,5,5,54.13399999999999
21.66,6,37.275999999999996,50.29,46.935,70.204,111.682,114.749,65.1,55.1,30.4,100.3,68.5,88.6,96.7,88.5,94.9,91.8,94.6,8.745000000000001,5,5,5,54.297
21.68,6,37.263000000000005,50.742,47.105,69.874,111.738,114.85700000000001,65.1,55.1,30.4,100.3,68.5,88.6,96.7,88.5,94.9,91.8,94.6,8.951,5,5,5,54.406000000000006
21.7,6,37.363,50.163999999999994,47.013999999999996,68.525,111.682,114.73299999999999,65.1,55.1,30.4,100.3,68.5,88.6,96.7,88.5,94.9,91.8,94.6,9.096,5,5,5,54.596000000000004
21.72,6,36.86,50.431000000000004,46.828,69.807,111.664,114.904,65.1,55.1,30.4,100.3,68.5,88.6,96.7,88.5,94.9,91.8,94.6,8.814,5,5,5,54.787
21.74,6,36.543000000000006,50.677,46.976000000000006,73.495,111.571,114.78,65.1,55.1,30.4,100.3,68.5,88.6,96.7,88.5,94.9,91.8,94.6,8.43,5,5,5,54.911
21.76,6,36.881,50.571000000000005,46.82,71.503,111.49700000000001,114.655,65.1,55.1,30.4,100.3,68.5,88.6,96.7,88.5,94.9,91.8,94.6,8.798,5,5,5,55.12
21.78,6,37.149,50.361999999999995,46.985,69.122,111.53399999999999,114.655,65.1,55.1,30.4,100.3,68.5,88.6,96.7,88.5,94.9,91.8,94.6,9.141,5,5,5,55.276
21.8,6,36.980999999999995,50.386,46.958999999999996,70.502,111.441,114.71799999999999,65.1,55.1,30.4,100.3,68.5,88.6,96.7,88.5,94.9,91.8,94.6,8.86,5,5,5,55.445
21.82,6,36.878,50.683,46.879,68.49199999999999,111.404,114.59299999999999,65.1,55.1,30.4,100.3,68.5,88.6,96.7,88.5,94.9,91.8,94.6,8.282,5,5,5,55.617
21.84,6,37.111999999999995,50.325,46.772,72.835,111.478,114.749,65.1,55.1,30.3,100.7,68.4,88.6,96.7,88.5,94.9,91.8,94.6,8.64,5,5,5,55.773
21.86,6,37.009,50.295,46.842,72.14699999999999,111.459,114.57799999999999,65.1,55.1,30.3,100.7,68.4,88.6,96.7,88.5,94.9,91.8,94.6,9.333,5,5,5,55.943000000000005
21.88,6,36.870000000000005,50.104,46.923,70.793,111.329,114.5,65.1,55.1,30.3,100.7,68.4,88.6,96.7,88.5,94.9,91.8,94.6,8.641,5,5,5,56.12
21.9,6,36.515,50.004,46.886,71.643,111.385,114.57799999999999,65.1,55.1,30.3,100.7,68.4,88.6,96.7,88.5,94.9,91.8,94.6,7.9239999999999995,5,5,5,56.255
21.92,6,36.273,50.191,46.86,69.34100000000001,111.161,114.45299999999999,65.1,55.1,30.3,100.7,68.4,88.6,96.7,88.5,94.9,91.8,94.6,8.692,5,5,5,56.452
21.94,6,36.413,50.096000000000004,46.538999999999994,72.86399999999999,111.25399999999999,114.5,65.1,55.1,30.3,100.7,68.4,88.6,96.7,88.5,94.9,91.8,94.6,9.383,5,5,5,56.628
21.96,6,36.584,49.611000000000004,46.798,73.85,111.12299999999999,114.266,65.1,55.1,30.3,100.7,68.4,88.6,96.7,88.5,94.9,91.8,94.6,8.897,5,5,5,56.791000000000004
21.98,6,36.629000000000005,50.038999999999994,46.676,71.156,111.161,114.484,65.1,55.1,30.3,100.7,68.4,88.6,96.7,88.5,94.9,91.8,94.6,8.105,5,5,5,56.956
22.0,6,36.335,49.883,46.7,71.62100000000001,111.12299999999999,114.359,65.1,55.1,30.3,100.7,68.4,88.6,96.7,88.5,94.9,91.8,94.6,8.634,5,5,5,57.129
22.02,6,36.201,50.063,46.787,71.189,111.14200000000001,114.32799999999999,65.1,55.1,30.3,100.7,68.4,88.6,96.7,88.5,94.9,91.8,94.6,9.406,5,5,5,57.288000000000004
22.04,6,36.542,49.943000000000005,46.833,72.494,111.04799999999999,114.359,65.1,55.1,30.3,100.7,68.4,88.6,96.7,88.5,94.9,91.8,94.6,8.883,5,5,5,57.457
22.06,6,36.066,50.145,46.646,75.398,110.992,114.156,65.1,55.1,30.3,100.7,68.4,88.6,96.7,88.5,94.9,91.8,94.6,8.392,5,5,5,57.646
22.08,6,35.905,49.757,46.67100000000001,72.328,111.03,114.20299999999999,65.1,55.1,30.3,100.7,68.4,88.6,96.7,88.5,94.9,91.8,94.6,8.871,5,5,5,57.81
22.1,6,35.986000000000004,49.41,46.886,71.977,110.898,114.09299999999999,65.1,55.1,30.3,100.7,68.4,88.6,96.7,88.5,94.9,91.8,94.6,8.804,5,5,5,57.965
22.12,6,36.175,49.488,46.644,70.51899999999999,110.898,114.125,65.1,55.1,30.3,100.7,68.4,88.6,96.7,88.5,94.9,91.8,94.6,9.027000000000001,5,5,5,58.145
22.14,6,35.646,49.615,46.638000000000005,71.655,110.766,113.98299999999999,65.1,55.1,30.3,100.7,68.4,88.6,96.7,88.5,94.9,91.8,94.6,9.001000000000001,5,5,5,58.333999999999996
22.16,6,36.230999999999995,49.758,46.72,74.702,110.728,114.18700000000001,65.1,55.1,30.3,100.7,68.4,88.6,96.7,88.5,94.9,91.8,94.6,8.604,5,5,5,58.525
22.18,6,36.374,49.473,46.695,72.532,110.596,113.92,65.1,55.1,30.3,100.7,68.4,88.6,96.7,88.5,94.9,91.8,94.6,8.731,5,5,5,58.68899999999999
22.2,6,35.980000000000004,49.349,46.783,71.68,110.766,113.81,65.1,55.1,30.3,100.7,68.4,88.6,96.7,88.5,94.9,91.8,94.6,9.126000000000001,5,5,5,58.863
22.22,6,35.896,49.801,46.67100000000001,72.025,110.67200000000001,114.046,65.1,55.1,30.3,100.7,68.4,88.6,96.7,88.5,94.9,91.8,94.6,8.605,5,5,5,59.021
22.24,6,35.542,49.266999999999996,46.688,70.436,110.709,113.905,65.1,55.1,30.3,100.7,68.4,88.6,96.7,88.5,94.9,91.8,94.6,8.702,5,5,5,59.188
22.26,6,35.624,49.607,46.683,75.226,110.596,113.84200000000001,65.1,55.1,30.3,100.7,68.4,88.6,96.7,88.5,94.9,91.8,94.6,8.83,5,5,5,59.343999999999994
22.28,6,35.843,49.06,46.728,74.2,110.539,113.85700000000001,65.1,55.1,30.3,100.7,68.4,88.6,96.7,88.5,94.9,91.8,94.6,8.901,5,5,5,59.523999999999994
22.3,6,35.504999999999995,49.598,46.611000000000004,71.241,110.444,113.81,65.1,55.1,30.3,100.7,68.4,88.6,96.7,88.5,94.9,91.8,94.6,8.051,5,5,5,59.725
22.32,6,35.321,49.644,46.53,72.65100000000001,110.57700000000001,113.889,65.1,55.1,30.3,100.7,68.4,88.6,96.7,88.5,94.9,91.8,94.6,8.987,5,5,5,59.873999999999995
22.34,6,35.497,49.25899999999999,46.647,69.782,110.463,113.715,65.1,55.1,30.3,100.7,68.4,88.6,96.7,88.5,94.9,91.8,94.6,9.423,5,5,5,60.088
22.36,6,35.824,48.941,46.676,73.344,110.34899999999999,113.779,65.1,55.1,30.3,100.7,68.4,88.6,96.7,88.5,94.9,91.8,94.6,8.96,5,5,5,60.24100000000001
22.38,6,35.495000000000005,49.135,46.506,73.047,110.311,113.589,65.1,55.1,30.3,100.7,68.4,88.6,96.7,88.5,94.9,91.8,94.6,8.658999999999999,5,5,5,60.433
22.4,6,35.437,49.178999999999995,46.455,70.775,110.292,113.652,65.1,55.1,30.3,100.7,68.4,88.6,96.7,88.5,94.9,91.8,94.6,8.961,5,5,5,60.628
22.42,6,35.068,48.95,46.623000000000005,72.215,110.33,113.573,65.1,55.1,30.3,100.7,68.4,88.6,96.7,88.5,94.9,91.8,94.6,8.873000000000001,5,5,5,60.773999999999994
22.44,6,35.634,48.976000000000006,46.806000000000004,70.945,110.292,113.541,65.1,55.1,30.3,100.7,68.4,88.6,96.7,88.5,94.9,91.8,94.6,8.068999999999999,5,5,5,60.977
22.46,6,35.524,49.106,46.56,72.85600000000001,110.292,113.557,65.1,55.1,30.3,100.7,68.4,88.6,96.7,88.5,94.9,91.8,94.6,8.935,5,5,5,61.147
22.48,6,35.485,48.937,46.473,76.35600000000001,110.15799999999999,113.478,65.1,55.1,30.3,100.7,68.4,88.6,96.7,88.5,94.9,91.8,94.6,9.603,5,5,5,61.303999999999995
22.5,6,35.256,49.293,46.641999999999996,73.50399999999999,110.235,113.414,65.1,55.1,30.3,100.7,68.4,88.6,96.7,88.5,94.9,91.8,94.6,9.105,5,5,5,61.498000000000005
22.52,6,35.480000000000004,49.185,46.50899999999999,71.95100000000001,110.15799999999999,113.51,65.1,55.1,30.3,100.7,68.4,88.6,96.7,88.5,94.9,91.8,94.6,8.777,5,5,5,61.672
22.54,6,35.132,48.937,46.641000000000005,71.04,110.15799999999999,113.494,65.1,55.1,30.3,100.7,68.4,88.6,96.7,88.5,94.9,91.8,94.6,9.053,5,5,5,61.854
22.56,6,34.977,49.008,46.481,72.773,110.08200000000001,113.62100000000001,65.1,55.1,30.3,100.7,68.4,88.6,96.7,88.5,94.9,91.8,94.6,9.184999999999999,5,5,5,62.023999999999994
22.58,6,34.826,48.497,46.68,75.223,110.139,113.383,65.1,55.1,30.3,100.7,68.4,88.6,96.7,88.5,94.9,91.8,94.6,8.188,5,5,5,62.222
22.6,6,34.85,48.478,46.68899999999999,72.442,110.08200000000001,113.22399999999999,65.1,55.1,30.3,100.7,68.4,88.6,96.7,88.5,94.9,91.8,94.6,9.04,5,5,5,62.394
22.62,6,34.61,48.56100000000001,46.41,72.9,109.986,113.367,65.1,55.1,30.3,100.7,68.4,88.6,96.7,88.5,94.9,91.8,94.6,9.681999999999999,5,5,5,62.597
22.64,6,34.916,48.821999999999996,46.486000000000004,71.492,109.96600000000001,113.367,65.1,55.1,30.3,100.7,68.4,88.6,96.7,88.5,94.9,91.8,94.6,9.122,5,5,5,62.756
22.66,6,34.662,48.434,46.547,71.619,109.986,113.351,65.1,55.1,30.3,100.7,68.4,88.6,96.7,88.5,94.9,91.8,94.6,8.84,5,5,5,62.951
22.68,6,34.001,48.121,46.543,76.296,109.96600000000001,113.176,65.1,55.1,30.3,100.7,68.4,88.6,96.7,88.5,94.9,91.8,94.6,8.991,5,5,5,63.119
22.7,6,34.528999999999996,48.418,46.6,74.249,109.96600000000001,113.399,65.1,55.1,30.3,100.7,68.4,88.6,96.7,88.5,94.9,91.8,94.6,9.053,5,5,5,63.312
22.72,6,34.575,48.757,46.528,71.6,110.005,113.414,65.1,55.1,30.3,100.7,68.4,88.6,96.7,88.5,94.9,91.8,94.6,8.338000000000001,5,5,5,63.475
22.74,6,34.564,48.765,46.455,73.579,109.96600000000001,113.0,65.1,55.1,30.3,100.7,68.4,88.6,96.7,88.5,94.9,91.8,94.6,9.062000000000001,5,5,5,63.663999999999994
22.76,6,34.608000000000004,48.72,46.534,70.203,109.89,113.016,65.1,55.1,30.3,100.7,68.4,88.6,96.7,88.5,94.9,91.8,94.6,9.634,5,5,5,63.83
22.78,6,34.374,48.303000000000004,46.451,74.587,110.04299999999999,113.16,65.1,55.1,30.3,100.7,68.4,88.6,96.7,88.5,94.9,91.8,94.6,8.993,5,5,5,63.994
22.8,6,34.756,48.126000000000005,46.422,73.376,109.735,113.23899999999999,65.1,55.1,30.3,100.7,68.4,88.6,96.7,88.5,94.9,91.8,94.6,8.927,5,5,5,64.185
22.82,6,34.129000000000005,48.885,46.443000000000005,70.97399999999999,109.71600000000001,113.11200000000001,65.1,55.1,30.3,100.7,68.4,88.6,96.7,88.5,94.9,91.8,94.6,9.104,5,5,5,64.354
22.84,6,34.661,48.083,46.443000000000005,72.87,109.735,113.08,65.1,55.1,30.3,100.7,68.4,88.6,96.7,88.5,94.9,91.8,94.6,9.052,5,5,5,64.553
22.86,6,33.772,48.619,46.415,69.55199999999999,109.639,112.95200000000001,65.1,55.1,30.3,100.7,68.4,88.6,96.7,88.5,94.925,91.8,94.6,8.366,5,5,5,64.71600000000001
22.88,6,33.955,48.504,46.38,72.444,109.639,112.936,65.1,55.1,30.3,100.7,68.4,88.6,96.7,88.5,95.002,91.8,94.6,9.036999999999999,5,5,5,64.911
22.9,6,34.388000000000005,48.238,46.306000000000004,75.365,109.677,112.88799999999999,65.1,55.1,30.3,100.7,68.4,88.6,96.7,88.5,95.045,91.8,94.6,10.065999999999999,5,5,5,65.07
22.92,6,34.144000000000005,48.36600000000001,46.503,71.586,109.6,112.92,65.1,55.1,30.3,100.7,68.4,88.6,96.7,88.5,95.069,91.8,94.6,9.288,5,5,5,65.268
22.94,6,34.037,48.068000000000005,46.321000000000005,72.092,109.425,112.84,65.1,55.1,30.3,100.7,68.4,88.6,96.7,88.5,95.082,91.8,94.6,9.009,5,5,5,65.437
22.96,6,34.174,48.156000000000006,46.433,71.93,109.484,112.695,65.1,55.1,30.3,100.7,68.4,88.6,96.7,88.5,95.09,91.8,94.6,9.24,5,5,5,65.607
22.98,6,33.604,47.695,46.415,72.34,109.522,113.096,65.1,55.1,30.3,100.7,68.4,88.6,96.7,88.5,95.094,91.8,94.6,9.468,5,5,5,65.773
23.0,6,34.126,47.848,46.438,75.655,109.50299999999999,112.984,65.1,55.1,30.3,100.7,68.4,88.6,96.7,88.5,95.097,91.8,94.6,8.465,5,5,5,65.958
23.02,6,33.772,48.451,46.218999999999994,73.255,109.6,112.88799999999999,65.1,55.1,30.3,100.7,68.4,88.6,96.7,88.5,95.098,91.8,94.6,9.178999999999998,5,5,5,66.124
23.04,6,33.824,47.867,46.358999999999995,72.209,109.464,112.711,65.1,55.1,30.3,100.7,68.4,88.6,96.7,88.5,95.09899999999999,91.8,94.6,9.85,5,5,5,66.31
23.06,6,33.349000000000004,47.708999999999996,46.417,70.984,109.445,112.727,65.1,55.1,30.3,100.7,68.4,88.6,96.7,88.5,95.09899999999999,91.8,94.6,9.132,5,5,5,66.47200000000001
23.08,6,33.812,48.17100000000001,46.428000000000004,72.227,109.348,112.743,65.1,55.1,30.3,100.7,68.4,88.6,96.7,88.5,95.1,91.8,94.6,8.947,5,5,5,66.673
23.1,6,33.628,47.506,46.198,76.065,109.32799999999999,112.85600000000001,65.1,55.1,30.3,100.7,68.4,88.6,96.7,88.5,95.1,91.8,94.6,9.407,5,5,5,66.851
23.12,6,33.927,48.681999999999995,46.118,74.21600000000001,109.289,112.631,65.1,55.1,30.3,100.7,68.4,88.6,96.7,88.5,95.1,91.8,94.688,9.26,5,5,5,67.079
23.14,6,33.55800000000001,48.043,46.278,72.255,109.25,112.647,65.1,55.1,30.3,100.7,68.4,88.6,96.7,88.5,95.1,91.8,94.737,8.509,5,5,5,67.243
23.16,6,33.426,47.852,46.351000000000006,73.304,109.25,112.695,65.1,55.1,30.3,100.7,68.4,88.6,96.7,88.5,95.1,91.8,94.764,9.193999999999999,5,5,5,67.436
23.18,6,33.576,48.068000000000005,46.324,70.742,109.27,112.679,65.1,55.1,30.3,100.7,68.4,88.6,96.7,88.5,95.1,91.8,94.78,9.661999999999999,5,5,5,67.601
23.2,6,33.482,47.945,46.369,75.76899999999999,109.32799999999999,112.679,65.1,55.1,30.3,100.7,68.4,88.6,96.7,88.5,95.1,91.8,94.789,9.370000000000001,5,5,5,67.797
23.22,6,33.603,47.81100000000001,46.29,75.08,109.211,112.566,65.1,55.1,30.3,100.7,68.4,88.6,96.7,88.5,95.1,91.8,94.794,8.971,5,5,5,67.97800000000001
23.24,6,33.8,48.049,46.208999999999996,72.469,109.152,112.58200000000001,65.1,55.1,30.3,100.7,68.4,88.6,96.7,88.5,95.1,91.8,94.796,9.251999999999999,5,5,5,68.15899999999999
23.26,6,33.023,47.625,46.232,73.861,109.055,112.34,65.1,55.1,30.3,100.7,68.4,88.6,96.7,88.5,95.1,91.8,94.798,10.062999999999999,5,5,5,68.33500000000001
23.28,6,33.576,47.976000000000006,46.25899999999999,71.21300000000001,109.133,112.59899999999999,65.1,55.1,30.3,100.7,68.4,88.6,96.7,88.5,95.1,91.8,94.79899999999999,9.449,5,5,5,68.506
23.3,6,33.143,47.538000000000004,46.223,73.944,109.133,112.647,65.1,55.1,30.3,100.7,68.4,88.6,96.7,88.5,95.1,91.8,94.79899999999999,9.142,5,5,5,68.676
23.32,6,33.212,47.3,46.028,75.5,108.99600000000001,112.291,65.1,55.1,30.3,100.7,68.4,88.6,96.7,88.5,95.1,91.8,94.8,9.805,5,5,5,68.862
23.34,6,32.851,47.696999999999996,46.167,72.306,109.035,112.45299999999999,65.1,55.1,30.3,100.7,68.4,88.6,96.7,88.5,95.1,91.8,94.8,9.706,5,5,5,69.045
23.36,6,32.991,47.486000000000004,46.272,71.947,108.93700000000001,112.259,65.1,55.1,30.3,100.7,68.4,88.6,96.7,88.5,95.1,91.8,94.8,8.818999999999999,5,5,5,69.207
23.38,6,32.959,47.778,45.979,71.791,108.87799999999999,112.50200000000001,65.1,55.1,30.3,100.7,68.4,88.6,96.7,88.5,95.1,91.8,94.8,9.426,5,5,5,69.382
23.4,6,33.336,47.58,46.06100000000001,72.47,108.917,112.259,65.1,55.1,30.3,100.7,68.4,88.6,96.7,88.5,95.1,91.8,94.8,9.697,5,5,5,69.57300000000001
23.42,6,32.718,47.68899999999999,46.211000000000006,76.069,108.838,112.30799999999999,65.1,55.1,30.3,100.7,68.4,88.6,96.7,88.5,95.1,91.8,94.8,8.870000000000001,5,5,5,69.749
23.44,6,33.068,47.592,46.266000000000005,73.258,108.79899999999999,112.34,65.1,55.1,30.3,100.7,68.4,88.6,96.7,88.5,95.1,91.8,94.8,9.411999999999999,5,5,5,69.937
23.46,6,32.774,47.405,46.373999999999995,72.256,108.7,112.12899999999999,65.1,55.1,30.3,100.7,68.4,88.6,96.7,88.5,95.1,91.8,94.8,9.982,5,5,5,70.101
23.48,6,33.048,47.424,46.00899999999999,71.223,108.74,112.064,65.1,55.1,30.3,100.7,68.4,88.6,96.7,88.5,95.1,91.8,94.8,9.716000000000001,5,5,5,70.287
23.5,6,32.653000000000006,47.071000000000005,46.07899999999999,72.782,108.819,112.324,65.1,55.1,30.3,100.7,68.4,88.6,96.7,88.5,95.1,91.8,94.8,9.428,5,5,5,70.47200000000001
23.52,6,33.111999999999995,47.148,46.155,75.51,108.76,112.324,65.1,55.1,30.3,100.7,68.4,88.6,96.7,88.5,95.1,91.8,94.8,10.239,5,5,5,70.65299999999999
23.54,6,32.852,47.648999999999994,46.125,72.792,108.681,111.885,65.1,55.1,30.3,100.7,68.4,88.6,96.7,88.5,95.1,91.8,94.8,9.683,5,5,5,70.826
23.56,6,32.44199999999999,47.435,46.229,72.89399999999999,108.79899999999999,112.162,65.1,55.1,30.3,100.7,68.4,88.6,96.7,88.5,95.1,91.8,94.8,9.163,5,5,5,71.013
23.58,6,32.533,47.398999999999994,46.141000000000005,72.346,108.542,112.324,65.1,55.1,30.3,100.7,68.4,88.6,96.7,88.5,95.1,91.8,94.8,9.654,5,5,5,71.18199999999999
23.6,6,32.54,47.121,46.3,71.692,108.50200000000001,112.259,65.1,55.1,30.3,100.7,68.4,88.6,96.7,88.5,95.1,91.8,94.8,9.7,5,5,5,71.38399999999999
23.62,6,32.236000000000004,47.231,46.233000000000004,76.64,108.443,112.031,65.1,55.1,30.3,100.7,68.4,88.6,96.7,88.5,95.1,91.8,94.8,8.737,5,5,5,71.582
23.64,6,32.157,47.301,46.21,75.67399999999999,108.56200000000001,111.836,65.1,55.1,30.3,100.7,68.4,88.6,96.7,88.5,95.1,91.8,94.8,9.561,5,5,5,71.779
23.66,6,32.348,46.897,46.17100000000001,72.536,108.542,111.98299999999999,65.1,55.1,30.3,100.7,68.4,88.6,96.7,88.5,95.1,91.8,94.8,9.937000000000001,5,5,5,71.958
23.68,6,32.307,47.019,45.986000000000004,74.551,108.62100000000001,111.999,65.1,55.1,30.3,100.7,68.4,88.6,96.7,88.5,95.1,91.8,94.8,9.583,5,5,5,72.13300000000001
23.7,6,32.027,47.278999999999996,46.222,70.727,108.463,111.999,65.1,55.1,30.3,100.7,68.4,88.6,96.7,88.5,95.1,91.8,94.8,9.511,5,5,5,72.309
23.72,6,32.215,46.861000000000004,46.126000000000005,75.09,108.40299999999999,112.08,65.1,55.1,30.3,100.7,68.4,88.6,96.7,88.5,95.1,91.8,94.8,10.457,5,5,5,72.50899999999999
23.74,6,32.286,47.067,46.032,73.86399999999999,108.34299999999999,112.015,65.1,55.1,30.3,100.7,68.4,88.6,96.7,88.5,95.1,91.8,94.8,9.778,5,5,5,72.69300000000001
23.76,6,31.906,46.974,46.049,71.635,108.42299999999999,111.62299999999999,65.1,55.1,30.3,100.7,68.4,88.6,96.7,88.5,95.1,91.8,94.8,9.174,5,5,5,72.88399999999999
23.78,6,32.124,47.1,46.041000000000004,73.581,108.28299999999999,112.031,65.1,55.1,30.3,100.7,68.4,88.6,96.7,88.5,95.1,91.8,94.8,9.588000000000001,5,5,5,73.054
23.8,6,32.349000000000004,47.297,46.128,70.532,108.303,111.98299999999999,65.1,55.1,30.3,100.7,68.4,88.6,96.7,88.5,95.1,91.8,94.8,9.739,5,5,5,73.233
23.82,6,32.059,46.68,45.766,72.824,108.184,111.90100000000001,65.1,55.1,30.3,100.7,68.4,88.6,96.7,88.5,95.1,91.8,94.8,8.783999999999999,5,5,5,73.404
23.84,6,31.855,46.92,46.153999999999996,77.235,108.22399999999999,111.67200000000001,64.9,55.1,30.2,101.0,68.3,88.6,96.7,88.5,95.1,91.8,94.8,9.568999999999999,5,5,5,73.56800000000001
23.86,6,32.234,46.793,46.049,73.366,108.264,111.62299999999999,64.9,55.1,30.2,101.0,68.3,88.6,96.7,88.5,95.1,91.8,94.8,9.899000000000001,5,5,5,73.75899999999999
23.88,6,31.563000000000002,46.775,46.04600000000001,71.689,108.323,111.803,64.9,55.1,30.2,101.0,68.3,88.6,96.7,88.5,95.1,91.8,94.8,9.198,5,5,5,73.924
23.9,6,31.412,46.878,45.83,70.928,108.064,111.721,64.9,55.1,30.2,101.0,68.3,88.6,96.7,88.5,95.1,91.8,94.8,9.535,5,5,5,74.116
23.92,6,31.561999999999998,47.04600000000001,45.758,71.997,108.023,111.819,64.9,55.1,30.2,101.0,68.3,88.6,96.7,88.5,95.1,91.869,94.8,10.217,5,5,5,74.29899999999999
23.94,6,32.039,47.192,45.609,74.025,108.084,111.67200000000001,64.9,55.1,30.2,101.0,68.3,88.6,96.7,88.5,95.1,91.926,94.8,9.474,5,5,5,74.488
23.96,6,31.941,46.391000000000005,45.758,71.102,108.084,111.803,64.9,55.1,30.2,101.0,68.3,88.6,96.7,88.5,95.1,91.958,94.8,9.26,5,5,5,74.656
23.98,6,31.671,46.271,45.754,72.182,108.023,111.34299999999999,64.9,55.1,30.2,101.0,68.3,88.6,96.7,88.5,95.1,91.977,94.8,9.958,5,5,5,74.835
24.0,6,31.879,46.648,45.77,71.389,108.104,111.29299999999999,64.9,55.1,30.2,101.0,68.3,88.6,96.7,88.5,95.1,91.987,94.8,9.389,5,5,5,75.02
24.02,6,31.456,46.613,45.891999999999996,71.494,108.124,111.425,64.9,55.1,30.2,101.0,68.3,88.6,96.7,88.5,95.1,91.993,94.8,8.918,5,5,5,75.22399999999999
24.04,6,31.311,46.175,45.733000000000004,75.844,107.963,111.44200000000001,64.9,55.1,30.2,101.0,68.3,88.6,96.7,88.5,95.1,91.99600000000001,94.8,9.493,5,5,5,75.383
24.06,6,31.324,47.006,45.909,74.585,108.204,111.639,64.9,55.1,30.2,101.0,68.3,88.6,96.7,88.5,95.1,91.998,94.8,9.798,5,5,5,75.586
24.08,6,31.54,46.013000000000005,45.803000000000004,72.617,107.98299999999999,111.68799999999999,64.9,55.1,30.2,101.0,68.3,88.6,96.7,88.5,95.1,91.999,94.8,8.79,5,5,5,75.755
24.1,6,31.725,46.278999999999996,45.599000000000004,73.816,108.124,111.40899999999999,64.9,55.1,30.2,101.0,68.3,88.6,96.7,88.5,95.1,91.999,94.8,9.656,5,5,5,75.931
24.12,6,31.491999999999997,46.138000000000005,45.788000000000004,70.639,107.90299999999999,111.491,64.9,55.1,30.2,101.0,68.3,88.6,96.7,88.5,95.1,92.0,94.8,9.975999999999999,5,5,5,76.101
24.14,6,31.294,46.095,45.808,75.96300000000001,107.943,111.29299999999999,64.9,55.1,30.2,101.0,68.3,88.6,96.7,88.5,95.1,92.0,94.8,9.469999999999999,5,5,5,76.346
24.16,6,30.982,46.21,45.839,75.051,107.90299999999999,111.31,64.9,55.1,30.2,101.0,68.3,88.6,96.7,88.5,95.1,92.0,94.8,9.656,5,5,5,76.48100000000001
24.18,6,31.509,47.032,45.72,72.88600000000001,107.742,111.211,64.9,55.1,30.2,101.0,68.3,88.6,96.7,88.5,95.1,92.0,94.8,10.645,5,5,5,76.69
24.2,6,31.074,46.292,45.736,72.82300000000001,107.802,111.194,64.9,55.1,30.2,101.0,68.3,88.6,96.7,88.5,95.1,92.0,94.8,9.876000000000001,5,5,5,76.88
24.22,6,31.396,46.034,45.719,70.1,107.742,111.178,64.9,55.1,30.2,101.0,68.3,88.6,96.7,88.5,95.1,92.0,94.8,9.203,5,5,5,77.058
24.24,6,31.16,46.192,45.748000000000005,73.414,107.822,111.145,64.9,55.1,30.2,101.0,68.3,88.6,96.7,88.5,95.1,92.0,94.8,9.771,5,5,5,77.237
24.26,6,31.353,46.111999999999995,45.564,75.8,107.6,111.161,64.9,55.1,30.2,101.0,68.3,88.6,96.7,88.5,95.1,92.0,94.8,10.232,5,5,5,77.42399999999999
24.28,6,31.075,46.086000000000006,45.694,72.032,107.84200000000001,111.145,64.9,55.1,30.2,101.0,68.3,88.6,96.7,88.5,95.1,92.0,94.8,9.844999999999999,5,5,5,77.611
24.3,6,31.468000000000004,45.746,45.793,72.372,107.70100000000001,111.045,64.9,55.1,30.2,101.0,68.3,88.6,96.7,88.5,95.1,92.0,94.8,9.690000000000001,5,5,5,77.789
24.32,6,30.956,45.758,45.94,71.081,107.641,111.07799999999999,64.9,55.1,30.2,101.0,68.3,88.6,96.7,88.5,95.1,92.0,94.8,10.565999999999999,5,5,5,77.96300000000001
24.34,6,30.784000000000002,45.804,46.053000000000004,71.985,107.559,111.045,64.9,55.1,30.2,101.0,68.3,88.6,96.7,88.5,95.1,92.0,94.8,9.894,5,5,5,78.15899999999999
24.36,6,30.92,45.204,45.959,75.942,107.62,111.06200000000001,64.9,55.1,30.2,101.0,68.3,88.6,96.7,88.5,95.1,92.0,94.8,9.312999999999999,5,5,5,78.365
24.38,6,30.67,45.481,45.865,72.109,107.43799999999999,110.912,64.9,55.1,30.2,101.0,68.3,88.6,96.7,88.5,95.1,92.0,94.8,9.948,5,5,5,78.531
24.4,6,30.831999999999997,45.692,45.492,71.525,107.539,110.829,64.9,55.1,30.2,101.0,68.3,88.6,96.7,88.5,95.1,92.0,94.8,9.847,5,5,5,78.721
24.42,6,30.959,45.388000000000005,45.818000000000005,70.07300000000001,107.6,110.846,64.9,55.1,30.2,101.0,68.3,88.6,96.7,88.5,95.1,92.0,94.8,8.848,5,5,5,78.933
24.44,6,30.627,45.458,45.555,70.734,107.58,110.945,64.9,55.1,30.2,101.0,68.3,88.6,96.7,88.5,95.1,92.0,94.8,9.588999999999999,5,5,5,79.10600000000001
24.46,6,30.95,45.541,45.806999999999995,73.388,107.37700000000001,110.796,64.9,55.1,30.2,101.0,68.3,88.6,96.7,88.5,95.1,92.0,94.8,9.841999999999999,5,5,5,79.29899999999999
24.48,6,30.713,45.621,45.913000000000004,71.108,107.295,110.779,64.9,55.1,30.2,101.0,68.3,88.6,96.7,88.5,95.1,92.0,94.8,8.95,5,5,5,79.476
24.5,6,30.805999999999997,45.646,45.835,71.22800000000001,107.37700000000001,110.762,64.9,55.1,30.2,101.0,68.3,88.6,96.7,88.5,95.1,92.0,94.8,9.437000000000001,5,5,5,79.668
24.52,6,30.783,45.189,45.832,70.807,107.397,110.62799999999999,64.9,55.1,30.2,101.0,68.3,88.6,96.7,88.5,95.1,92.0,94.8,10.079,5,5,5,79.845
24.54,6,30.77,45.523,45.684,70.138,107.25399999999999,110.712,64.9,55.1,30.2,101.0,68.3,88.6,96.7,88.5,95.1,92.0,94.8,9.309999999999999,5,5,5,80.036
24.56,6,30.531999999999996,45.596,45.683,75.059,107.152,110.729,64.9,55.1,30.2,101.0,68.3,88.6,96.7,88.5,95.1,92.0,94.8,9.341999999999999,5,5,5,80.236
24.58,6,30.756999999999998,45.346,45.864000000000004,74.436,107.35600000000001,110.796,64.9,55.1,30.2,101.0,68.3,88.6,96.7,88.5,95.1,92.0,94.8,10.123,5,5,5,80.39399999999999
24.6,6,30.247,45.342,45.755,71.66,107.336,110.645,64.9,55.1,30.2,101.0,68.3,88.6,96.7,88.5,95.1,92.0,94.8,9.437000000000001,5,5,5,80.612
24.62,6,30.305,45.972,45.645,73.5,107.315,110.62799999999999,64.9,55.1,30.2,101.0,68.3,88.6,96.7,88.5,95.1,92.0,94.8,8.949,5,5,5,80.79899999999999
24.64,6,30.523000000000003,45.551,45.489000000000004,70.233,107.295,110.56200000000001,64.9,55.1,30.2,101.0,68.3,88.6,96.7,88.5,95.1,92.0,94.8,9.562000000000001,5,5,5,81.017
24.66,6,30.565,45.173,45.74,73.358,107.152,110.444,64.9,55.1,30.2,101.0,68.3,88.6,96.7,88.5,95.1,92.0,94.8,9.669,5,5,5,81.21
24.68,6,30.518,44.69,45.563,73.273,107.111,110.645,64.9,55.1,30.2,101.0,68.3,88.6,96.7,88.5,95.1,92.0,94.8,8.679,5,5,5,81.431
24.7,6,30.389,45.455999999999996,45.616,71.32,107.131,110.729,64.9,55.1,30.2,101.0,68.3,88.6,96.7,88.5,95.1,92.0,94.8,9.478,5,5,5,81.638
24.72,6,30.433000000000003,45.324,45.567,71.854,107.111,110.57799999999999,64.9,55.1,30.2,101.0,68.3,88.6,96.7,88.5,95.1,92.0,94.8,9.832,5,5,5,81.848
24.74,6,30.078000000000003,44.529,45.816,70.346,107.111,110.61200000000001,64.9,55.1,30.2,101.0,68.3,88.6,96.7,88.5,95.1,92.0,94.8,9.378,5,5,5,82.05199999999999
24.76,6,29.999000000000002,45.516,45.687,72.39,107.029,110.478,64.9,55.1,30.2,101.0,68.3,88.6,96.7,88.5,95.1,92.0,94.8,9.281,5,5,5,82.26100000000001
24.78,6,30.076999999999998,45.705,45.595,75.852,107.07,110.478,64.9,55.1,30.2,101.0,68.3,88.6,96.7,88.5,95.1,92.0,94.8,10.045,5,5,5,82.473
24.8,6,29.955,44.769,45.575,71.666,107.04899999999999,110.36,64.9,55.1,30.2,101.0,68.3,88.6,96.7,88.5,95.1,92.0,94.8,9.395,5,5,5,82.71300000000001
24.82,6,30.291,45.32,45.632,71.63,107.008,110.444,64.9,55.1,30.2,101.0,68.3,88.6,96.7,88.5,95.1,92.0,94.8,9.017,5,5,5,82.916
24.84,6,30.046,45.054,45.834,71.142,107.07,110.34299999999999,64.9,55.1,30.2,101.0,68.3,88.6,96.7,88.5,95.1,92.0,94.8,9.455,5,5,5,83.134
24.86,6,29.776,44.971,45.67,71.429,107.04899999999999,110.27600000000001,64.9,55.1,30.2,101.0,68.3,88.6,96.7,88.5,95.1,92.0,94.8,9.766,5,5,5,83.366
24.88,6,29.669,44.769,45.513000000000005,73.425,106.988,110.225,64.9,55.1,30.2,101.0,68.3,88.6,96.7,88.5,95.1,92.0,94.8,8.649,5,5,5,83.59
24.9,6,29.961,45.15,45.662,71.935,106.76100000000001,110.175,64.9,55.1,30.2,101.0,68.3,88.6,96.7,88.5,95.1,92.0,94.8,9.49,5,5,5,83.819
24.92,6,29.764,45.054,45.562,71.298,106.86399999999999,110.37700000000001,64.9,55.1,30.2,101.0,68.3,88.6,96.7,88.5,95.1,92.0,94.8,9.889,5,5,5,84.047
24.94,6,29.855,44.402,45.671,70.01899999999999,106.885,110.27600000000001,64.9,55.1,30.2,101.0,68.3,88.6,96.7,88.5,95.1,92.0,94.8,9.431999999999999,5,5,5,84.283
24.96,6,29.919,44.43,45.672,69.866,106.699,110.10700000000001,64.9,55.1,30.2,101.0,68.3,88.6,96.7,88.5,95.1,92.0,94.8,9.399000000000001,5,5,5,84.531
24.98,6,29.549,44.921,45.678000000000004,73.512,106.802,110.19200000000001,64.9,55.1,30.2,101.0,68.3,88.6,96.7,88.5,95.1,92.0,94.8,10.241,5,5,5,84.753
25.0,6,29.653000000000002,44.635999999999996,45.426,71.747,106.885,110.175,64.9,55.1,30.2,101.0,68.3,88.6,96.7,88.5,95.1,92.0,94.8,9.369,5,5,5,84.987
25.02,6,29.791,45.215,45.663000000000004,69.842,106.72,110.124,64.9,55.1,30.2,101.0,68.3,88.6,96.7,88.5,95.1,92.0,94.8,9.233,5,5,5,85.21300000000001
25.04,6,29.461,44.731,45.42,71.59899999999999,106.53299999999999,110.023,64.9,55.1,30.2,101.0,68.3,88.6,96.7,88.5,95.1,92.0,94.8,9.528,5,5,5,85.414
25.06,6,29.614,44.859,45.649,69.06,106.596,110.29299999999999,64.9,55.1,30.2,101.0,68.3,88.6,96.7,88.5,95.1,92.0,94.8,9.579,5,5,5,85.62
25.08,6,29.467,44.533,45.672,73.676,106.596,110.09,64.9,55.1,30.2,101.0,68.3,88.6,96.7,88.5,95.1,92.0,94.8,8.758,5,5,5,85.845
25.1,6,29.48,44.266,45.528,73.55,106.575,110.006,64.9,55.1,30.2,101.0,68.3,88.6,96.7,88.5,95.1,92.0,94.8,9.562000000000001,5,5,5,86.05199999999999
25.12,6,29.342,44.194,45.411,70.709,106.616,110.10700000000001,64.9,55.1,30.2,101.0,68.3,88.6,96.7,88.5,95.1,92.0,94.8,9.66,5,5,5,86.23899999999999
25.14,6,29.325,45.007,45.792,72.105,106.596,109.97200000000001,64.9,55.1,30.2,101.0,68.3,88.6,96.7,88.5,95.1,92.0,94.8,9.419,5,5,5,86.435
25.16,6,29.211,44.131,45.623000000000005,69.93,106.575,109.98899999999999,64.9,55.1,30.2,101.0,68.3,88.6,96.7,88.5,95.1,92.0,94.8,9.440000000000001,5,5,5,86.632
25.18,6,29.285,44.429,45.744,72.038,106.637,109.819,64.9,55.1,30.2,101.0,68.3,88.6,96.7,88.5,95.1,92.0,94.8,10.045,5,5,5,86.82600000000001
25.2,6,29.02,44.431,45.522,73.794,106.512,109.887,64.9,55.1,30.2,101.0,68.3,88.6,96.7,88.5,95.1,92.0,94.8,9.399000000000001,5,5,5,87.02600000000001
25.22,6,28.949,44.138000000000005,45.616,71.025,106.492,109.955,64.9,55.1,30.2,101.0,68.3,88.6,96.7,88.5,95.1,92.0,94.8,9.294,5,5,5,87.22399999999999
25.24,6,28.861,44.668,45.546,71.482,106.40799999999999,110.006,64.9,55.1,30.2,101.0,68.3,88.6,96.7,88.5,95.1,92.0,94.8,9.341999999999999,5,5,5,87.381
25.26,6,29.368000000000002,44.157,45.852,70.391,106.492,110.09,64.9,55.1,30.2,101.0,68.3,88.6,96.7,88.5,95.1,92.0,94.8,9.664,5,5,5,87.585
25.28,6,29.006999999999998,43.908,45.598,71.66,106.45,109.921,64.9,55.1,30.2,101.0,68.3,88.6,96.7,88.5,95.1,92.0,94.8,9.577,5,5,5,87.76
25.3,6,28.732,43.786,45.727,74.742,106.512,109.921,64.9,55.1,30.2,101.0,68.3,88.6,96.7,88.5,95.1,92.0,94.8,9.135,5,5,5,87.961
25.32,6,28.572,44.32,45.472,71.683,106.45,109.853,64.9,55.1,30.2,101.0,68.3,88.6,96.7,88.5,95.1,92.0,94.8,9.477,5,5,5,88.142
25.34,6,28.743000000000002,44.336999999999996,45.629,70.803,106.40799999999999,109.921,64.9,55.1,30.2,101.0,68.3,88.6,96.7,88.5,95.1,92.0,94.8,9.421,5,5,5,88.291
25.36,6,28.122,44.247,45.493,69.617,106.325,109.921,64.9,55.1,30.2,101.0,68.3,88.6,96.7,88.5,95.1,92.0,94.8,8.559,5,5,5,88.482
25.38,6,28.936,44.424,45.619,71.013,106.304,109.87,64.9,55.1,30.2,101.0,68.3,88.6,96.7,88.5,95.1,92.0,94.8,9.254,5,5,5,88.631
25.4,6,28.980999999999998,43.69,45.625,73.59100000000001,106.325,109.751,64.9,55.1,30.2,101.0,68.3,88.6,96.7,88.5,95.1,92.0,94.8,9.908999999999999,5,5,5,88.831
25.42,6,28.936,44.004,45.563,71.595,106.262,109.887,64.9,55.1,30.2,101.0,68.3,88.6,96.7,88.5,95.1,92.0,94.8,9.104,5,5,5,88.99
25.44,6,28.947,44.416,45.412,70.048,106.241,109.785,64.9,55.1,30.2,101.0,68.3,88.6,96.7,88.5,95.1,92.0,94.8,8.519,5,5,5,89.164
25.46,6,28.479,43.628,45.626,70.194,106.346,109.734,64.9,55.1,30.2,101.0,68.3,88.6,96.7,88.5,95.1,92.0,94.8,9.062999999999999,5,5,5,89.35
25.48,6,28.318,43.906,45.576,68.989,106.346,109.785,64.9,55.1,30.2,101.0,68.3,88.6,96.7,88.5,95.1,92.0,94.8,9.422,5,5,5,89.556
25.5,6,28.491999999999997,43.626999999999995,45.534,73.367,106.137,109.632,64.9,55.1,30.2,101.0,68.3,88.6,96.7,88.5,95.1,92.0,94.8,8.841000000000001,5,5,5,89.725
25.52,6,28.485,43.99,45.328,72.682,106.116,109.734,64.9,55.1,30.2,101.0,68.3,88.6,96.7,88.5,95.1,92.0,94.8,8.807,5,5,5,89.885
25.54,6,28.374000000000002,44.418,45.446,69.96300000000001,106.095,109.7,64.9,55.1,30.2,101.0,68.3,88.6,96.7,88.5,95.1,92.0,94.8,8.929,5,5,5,90.1
25.56,6,28.371,44.227,45.459,71.398,106.22,109.649,64.9,55.1,30.2,101.0,68.3,88.6,96.7,88.5,95.1,92.0,94.8,8.876999999999999,5,5,5,90.298
25.58,6,28.538,43.868,45.441,68.757,106.095,109.529,64.9,55.1,30.2,101.0,68.3,88.6,96.7,88.5,95.1,92.0,94.8,8.85,5,5,5,90.47399999999999
25.6,6,28.514,43.701,45.482,72.473,106.053,109.666,64.9,55.1,30.2,101.0,68.3,88.6,96.7,88.5,95.1,92.0,94.8,8.965,5,5,5,90.639
25.62,6,28.35,43.727,45.446,71.903,106.179,109.529,64.9,55.1,30.2,101.0,68.3,88.6,96.7,88.5,95.1,92.0,94.8,9.315000000000001,5,5,5,90.84
25.64,6,28.32,43.89,45.656,70.392,106.095,109.324,64.9,55.1,30.2,101.0,68.3,88.6,96.7,88.5,95.1,92.0,94.8,8.934,5,5,5,91.032
25.66,6,28.134,43.859,45.554,70.97,106.116,109.41,64.9,55.1,30.2,101.0,68.3,88.6,96.7,88.5,95.1,92.0,94.8,8.418,5,5,5,91.227
25.68,6,28.045,43.16,45.374,69.723,106.053,109.444,64.9,55.1,30.2,101.0,68.3,88.6,96.7,88.5,95.1,92.0,94.8,9.036999999999999,5,5,5,91.39699999999999
25.7,6,27.983,43.738,45.607,71.115,105.99,109.444,64.9,55.1,30.2,101.0,68.3,88.6,96.7,88.5,95.1,92.0,94.8,9.635,5,5,5,91.634
25.72,6,28.459,43.345,45.35,75.12,105.926,109.444,64.9,55.1,30.2,101.0,68.3,88.6,96.7,88.5,95.1,92.0,94.8,9.114,5,5,5,91.801
25.74,6,28.655,43.748000000000005,45.529,71.57300000000001,105.947,109.375,64.9,55.1,30.2,101.0,68.3,88.6,96.7,88.5,95.1,92.0,94.8,8.677,5,5,5,91.994
25.76,6,27.801,43.494,45.415,70.179,105.99,109.20299999999999,64.9,55.1,30.2,101.0,68.3,88.6,96.7,88.5,95.1,92.0,94.8,8.981,5,5,5,92.196
25.78,6,27.866,43.292,45.579,69.921,105.905,109.255,64.9,55.1,30.2,101.0,68.3,88.6,96.7,88.5,95.1,92.0,94.8,9.306000000000001,5,5,5,92.381
25.8,7,28.36,42.805,45.14,70.32600000000001,105.99,109.307,64.9,55.1,30.2,101.0,68.3,88.6,96.7,88.5,95.1,92.0,94.8,9.009,5,5,5,92.59299999999999
25.82,7,27.842,43.22,45.474000000000004,67.178,106.053,109.41,64.9,55.1,30.2,101.0,68.3,88.6,96.7,88.5,95.1,92.0,94.8,8.848,5,5,5,92.814
25.84,7,27.581999999999997,43.245,45.253,54.253,105.821,109.186,64.8,54.9,30.2,101.1,68.3,88.6,96.7,88.5,95.1,92.0,94.8,8.943,5,5,5,93.338
25.86,7,27.28,43.107,45.53,41.486,105.821,109.289,64.8,54.9,30.2,101.1,68.3,88.6,96.7,88.5,95.1,92.0,94.8,9.485,5,5,5,94.06
25.88,7,27.989,42.659,45.333,33.486000000000004,105.63,109.1,64.8,54.9,30.2,101.1,68.3,88.6,96.7,88.5,95.1,92.0,94.8,9.138,5,5,5,94.698
25.9,7,27.916999999999998,43.275,45.571999999999996,27.607,105.588,109.20299999999999,64.8,54.9,30.2,101.1,68.3,88.6,96.7,88.5,95.1,92.0,94.8,8.898,5,5,5,95.085
25.92,7,27.787,42.908,45.531,21.895,105.48100000000001,109.272,64.8,54.9,30.2,101.1,68.3,88.6,96.7,88.5,95.1,92.0,94.8,9.963999999999999,5,5,5,95.35700000000001
25.94,7,28.031999999999996,42.933,45.537,14.845,105.439,108.979,64.8,54.9,30.2,101.1,68.3,88.6,96.7,88.5,95.1,92.0,94.8,9.364,5,5,5,95.55
25.96,7,27.594,43.141,45.41,8.605,105.545,109.083,64.8,54.9,30.2,101.1,68.3,88.6,96.7,88.5,95.1,92.0,94.8,8.94,5,5,5,95.70200000000001
25.98,7,28.116,43.101,45.464,4.945,105.031,108.56299999999999,64.8,54.9,30.2,101.1,68.3,88.6,96.7,88.5,95.1,92.0,94.8,9.693000000000001,5,5,5,95.865
26.0,7,28.154,43.226,45.424,7.019,105.417,108.89299999999999,64.8,54.9,30.2,101.1,68.3,88.6,96.7,88.5,95.1,92.0,94.8,9.948,5,5,5,96.105
26.02,7,27.923000000000002,42.48,45.354,8.529,105.50299999999999,108.945,64.8,54.9,30.2,101.1,68.3,88.6,96.7,88.5,95.1,92.0,94.8,9.355,5,5,5,96.31200000000001
26.04,7,27.603,42.988,45.228,7.367,105.439,108.962,64.8,54.9,30.2,101.1,68.3,88.6,96.7,88.5,95.1,92.0,94.8,8.828,5,5,5,96.473
26.06,7,28.039,43.155,45.235,13.318,105.566,109.014,64.8,54.9,30.2,101.1,68.3,88.6,96.7,88.5,95.1,92.0,94.8,9.102,5,5,5,96.618
26.08,7,27.781,42.579,45.15,9.344,105.375,108.875,64.8,54.9,30.2,101.1,68.3,88.6,96.7,88.5,95.1,92.0,94.8,9.321000000000002,5,5,5,96.774
26.1,7,27.69,42.994,45.234,8.042,105.33200000000001,108.927,64.8,54.9,30.2,101.1,68.3,88.6,96.7,88.5,95.1,92.0,94.8,9.406,5,5,5,96.86399999999999
26.12,7,27.265,42.955,45.357,13.681000000000001,105.24600000000001,108.823,64.8,54.9,30.2,101.1,68.3,88.6,96.7,88.5,95.1,92.0,94.8,9.036999999999999,5,5,5,96.94
26.14,7,27.444000000000003,42.991,45.616,11.940000000000001,105.566,108.89299999999999,64.8,54.9,30.2,101.1,68.3,88.6,96.7,88.5,95.1,92.0,94.8,9.187000000000001,5,5,5,97.01799999999999
26.16,7,27.557,42.65,45.278,9.893,105.353,108.73700000000001,64.8,54.9,30.2,101.1,68.3,88.6,96.7,88.5,95.1,92.0,94.8,9.299,5,5,5,97.12200000000001
26.18,7,27.174,42.426,45.577,7.8469999999999995,105.33200000000001,108.823,64.8,54.9,30.2,101.1,68.3,88.6,96.7,88.5,95.1,92.0,94.8,8.806000000000001,5,5,5,97.208
26.2,7,27.122,42.65,45.219,6.224,105.311,108.85799999999999,64.8,54.9,30.2,101.1,68.3,88.6,96.7,88.5,95.1,92.0,94.8,9.051,5,5,5,97.314
26.22,7,27.144000000000002,42.638000000000005,45.44,14.673,105.353,108.945,64.8,54.9,30.2,101.1,68.3,88.6,96.7,88.5,95.1,92.0,94.8,9.134,5,5,5,97.479
26.24,7,27.475,42.282,45.229,13.48,105.33200000000001,108.719,64.8,54.9,30.2,101.1,68.3,88.6,96.7,88.5,95.1,92.0,94.8,9.05,5,5,5,97.76100000000001
26.26,7,27.287,42.225,45.338,17.615000000000002,105.26799999999999,108.806,64.8,54.9,30.2,101.1,68.3,88.6,96.7,88.5,95.1,92.0,94.8,9.299,5,5,5,98.125
26.28,7,27.049,42.496,45.336999999999996,19.825,105.26799999999999,108.806,64.8,54.9,30.2,101.1,68.3,88.6,96.7,88.5,95.1,92.0,94.8,8.963000000000001,5,5,5,98.56700000000001
26.3,7,27.039,42.616,45.222,21.365,105.225,108.615,64.8,54.9,30.2,101.1,68.3,88.6,96.7,88.5,95.1,92.0,94.8,8.9,5,5,5,99.046
26.32,7,27.394000000000002,42.566,45.17,21.727999999999998,105.139,108.667,64.8,54.9,30.2,101.1,68.3,88.6,96.7,88.5,95.1,92.0,94.8,8.976,5,5,5,99.56700000000001
26.34,7,27.226999999999997,42.178000000000004,45.231,21.197,105.01,108.458,64.8,54.9,30.2,101.1,68.3,88.6,96.7,88.5,95.1,92.0,94.8,9.036999999999999,5,5,5,100.095
26.36,7,27.123,42.222,45.463,21.378,105.096,108.545,64.8,54.9,30.2,101.1,68.3,88.6,96.7,88.5,95.1,92.0,94.8,8.719,5,5,5,100.631
26.38,7,27.139,42.495,45.291,20.581,105.16,108.51,64.8,54.9,30.2,101.1,68.3,88.6,96.7,88.5,95.1,92.0,94.8,8.646,5,5,5,101.161
26.4,7,27.27,42.161,45.123000000000005,20.323,105.225,108.632,64.8,54.9,30.2,101.1,68.3,88.6,96.7,88.5,95.1,92.0,94.8,8.832,5,5,5,101.715
26.42,7,26.69,42.668,45.25,20.040999999999997,104.96700000000001,108.65,64.8,54.9,30.2,101.1,68.3,88.6,96.7,88.5,95.1,92.0,94.8,8.979,5,5,5,102.258
26.44,7,26.335,41.955,45.189,20.044,105.24600000000001,108.70200000000001,64.8,54.9,30.2,101.1,68.3,88.6,96.7,88.5,95.1,92.0,94.8,8.821,5,5,5,102.775
26.46,7,26.958000000000002,42.135,45.262,14.102,104.88,108.44,64.8,54.9,30.2,101.1,68.3,88.6,96.7,88.5,95.1,92.0,94.8,8.696,5,5,5,103.304
26.48,7,26.965999999999998,41.77,45.189,10.974,105.053,108.42299999999999,64.8,54.9,30.2,101.1,68.3,88.6,96.7,88.5,95.1,92.0,94.8,8.669,5,5,5,103.74799999999999
26.5,7,26.791,42.244,45.264,8.554,104.48899999999999,108.072,64.8,54.9,30.2,101.1,68.3,88.6,96.7,88.5,95.1,92.0,94.8,8.807,5,5,5,104.086
26.52,7,26.336,42.289,45.126999999999995,7.669,104.292,107.96600000000001,64.8,54.9,30.2,101.1,68.3,88.6,96.7,88.5,95.1,92.0,94.8,8.661999999999999,5,5,5,104.273
26.54,7,26.384,41.997,45.108000000000004,6.529,104.336,108.14200000000001,64.8,54.9,30.2,101.1,68.3,88.6,96.7,88.5,95.1,92.0,94.8,8.367,5,5,5,104.353
26.56,7,26.693,41.973,45.108000000000004,5.489,104.64200000000001,108.3,64.8,54.9,30.2,101.1,68.3,88.6,96.7,88.5,95.1,92.0,94.8,8.859,5,5,5,104.389
26.58,8,26.38,42.144,45.205,5.732,104.51100000000001,108.335,64.8,54.9,30.2,101.1,68.3,88.6,96.7,88.5,95.1,92.0,94.8,9.463000000000001,5,5,5,104.41799999999999
26.6,8,26.659000000000002,42.179,45.236,5.274,104.48899999999999,108.14200000000001,64.8,54.9,30.2,101.1,68.3,88.6,96.7,88.5,95.1,92.0,94.8,9.264,5,5,5,104.431
26.62,8,26.225,42.311,45.094,5.098,104.46700000000001,108.125,64.8,54.9,30.2,101.1,68.3,88.6,96.7,88.5,95.1,92.0,94.8,8.554,5,5,5,104.447
26.64,8,26.345,42.205,45.133,5.016,104.555,108.037,64.8,54.9,30.2,101.1,68.3,88.6,96.7,88.5,95.1,92.0,94.8,8.908,5,5,5,104.443
26.66,8,26.272,41.82,45.238,5.155,104.445,108.01899999999999,64.8,54.9,30.2,101.1,68.3,88.6,96.7,88.5,95.1,92.0,94.8,9.669,5,5,5,104.45200000000001
26.68,8,26.357,42.103,45.118,4.668,104.48899999999999,108.01899999999999,64.8,54.9,30.2,101.1,68.3,88.6,96.7,88.5,95.1,92.0,94.8,9.382,5,5,5,104.46700000000001
26.7,8,26.558000000000003,41.664,45.199,4.98,104.46700000000001,107.931,64.8,54.9,30.2,101.1,68.3,88.6,96.7,88.5,95.1,92.0,94.8,8.476,5,5,5,104.46
26.72,8,26.875,41.675,45.126,5.094,104.314,108.001,64.8,54.9,30.2,101.1,68.3,88.6,96.7,88.5,95.1,92.0,94.8,8.842,5,5,5,104.458
26.74,8,26.719,41.482,45.048,5.039,104.48899999999999,107.984,64.8,54.9,30.2,101.1,68.3,88.6,96.7,88.5,95.1,92.0,94.8,9.445,5,5,5,104.458
26.76,8,26.076,42.094,45.082,5.195,104.51100000000001,107.949,64.8,54.9,30.2,101.1,68.3,88.6,96.7,88.5,95.1,92.0,94.8,9.014,5,5,5,104.46600000000001
26.78,8,26.296999999999997,41.76,45.239000000000004,4.784,104.42399999999999,108.195,64.8,54.9,30.2,101.1,68.3,88.6,96.7,88.5,95.1,92.0,94.8,8.426,5,5,5,104.46
26.8,8,26.648000000000003,41.421,44.978,5.344,104.53299999999999,108.01899999999999,64.8,54.9,30.2,101.1,68.3,88.6,96.7,88.5,95.1,92.0,94.8,8.89,5,5,5,104.46600000000001
26.82,8,26.111,41.84,45.122,5.49,104.42399999999999,107.984,64.8,54.9,30.2,101.1,68.3,88.6,96.7,88.5,95.1,92.0,94.8,9.677,5,5,5,104.464
26.84,8,25.914,41.852,45.126999999999995,5.336,104.555,108.125,64.8,54.9,30.2,101.1,68.3,88.6,96.7,88.5,95.1,92.0,94.8,9.219,5,5,5,104.462
26.86,8,26.436999999999998,41.995,45.066,5.166,104.226,107.913,64.8,54.9,30.2,101.1,68.3,88.6,96.7,88.5,95.1,92.0,94.8,8.422,5,5,5,104.463
26.88,8,26.234,41.596,45.05,5.62,104.27,107.84200000000001,64.8,54.9,30.2,101.1,68.3,88.6,96.7,88.5,95.1,92.0,94.8,8.956,5,5,5,104.463
26.9,8,25.93,41.262,45.064,5.598,104.13799999999999,107.825,64.8,54.9,30.2,101.1,68.3,88.6,96.7,88.5,95.1,92.0,94.8,9.667,5,5,5,104.46799999999999
26.92,8,26.055,41.388000000000005,45.141999999999996,5.081,104.204,107.825,64.8,54.9,30.2,101.1,68.3,88.6,96.7,88.5,95.1,92.0,94.8,9.196000000000002,5,5,5,104.46600000000001
26.94,8,25.833000000000002,41.357,45.171,4.927,104.226,107.86,64.8,54.9,30.2,101.1,68.3,88.6,96.7,88.5,95.1,92.0,94.8,8.318,5,5,5,104.462
26.96,8,25.855999999999998,41.8,44.954,5.474,104.24799999999999,108.001,64.8,54.9,30.2,101.1,68.3,88.6,96.7,88.5,95.1,92.0,94.8,8.911999999999999,5,5,5,104.463
26.98,8,25.799,41.898,45.036,5.072,104.402,107.896,64.8,54.9,30.2,101.1,68.3,88.6,96.7,88.5,95.1,92.0,94.8,9.966999999999999,5,5,5,104.469
27.0,8,25.67,40.553000000000004,44.928000000000004,4.539,104.116,107.896,64.8,54.9,30.2,101.1,68.3,88.6,96.7,88.5,95.1,92.0,94.8,9.376000000000001,5,5,5,104.465
27.02,8,26.094,41.778,44.979,4.361,104.116,107.789,64.8,54.9,30.2,101.1,68.3,88.6,96.7,88.5,95.1,92.0,94.8,8.495000000000001,5,5,5,104.463
27.04,8,25.974,41.57,45.032,4.984,104.13799999999999,107.789,64.8,54.9,30.2,101.1,68.3,88.6,96.7,88.5,95.1,92.0,94.8,9.09,5,5,5,104.46799999999999
27.06,8,26.065,41.201,44.966,4.149,104.226,108.09,64.8,54.9,30.2,101.1,68.3,88.6,96.7,88.5,95.1,92.0,94.8,9.946000000000002,5,5,5,104.469
27.08,8,25.99,41.729,45.086999999999996,3.965,104.16,107.789,64.8,54.9,30.2,101.1,68.3,88.6,96.7,88.5,95.1,92.0,94.8,9.196000000000002,5,5,5,104.46700000000001
27.1,8,25.807,41.358000000000004,45.08,4.483,104.24799999999999,107.75399999999999,64.8,54.9,30.2,101.1,68.3,88.6,96.7,88.5,95.1,92.0,94.8,8.574,5,5,5,104.46799999999999
27.12,8,25.837,41.304,45.043,5.124,104.16,107.789,64.8,54.9,30.2,101.1,68.3,88.6,96.7,88.5,95.1,92.0,94.8,8.988,5,5,5,104.46700000000001
27.14,8,25.76,40.945,45.015,4.828,104.116,107.63,64.8,54.9,30.2,101.1,68.3,88.6,96.7,88.5,95.1,92.0,94.8,9.916,5,5,5,104.46600000000001
27.16,8,25.526999999999997,41.482,44.916,4.574,104.24799999999999,107.789,64.8,54.9,30.2,101.1,68.3,88.6,96.7,88.5,95.1,92.0,94.8,9.279,5,5,5,104.469
27.18,8,25.735,41.076,45.089,4.13,103.762,107.71799999999999,64.8,54.9,30.2,101.1,68.3,88.6,96.7,88.5,95.1,92.0,94.8,8.422,5,5,5,104.463
27.2,8,25.566,40.731,44.869,4.2509999999999994,103.917,107.736,64.8,54.9,30.2,101.1,68.3,88.6,96.7,88.5,95.1,92.0,94.8,9.139,5,5,5,104.46700000000001
27.22,8,25.875999999999998,40.974000000000004,45.028,4.351,103.962,107.68299999999999,64.8,54.9,30.2,101.1,68.3,88.6,96.7,88.5,95.1,92.0,94.8,9.297,5,5,5,104.46600000000001
27.24,8,25.570999999999998,40.918,45.064,4.778,104.094,107.57600000000001,64.8,54.9,30.2,101.1,68.3,88.6,96.7,88.5,95.1,92.0,94.8,10.049,5,5,5,104.46799999999999
27.26,8,25.416,41.308,45.094,4.719,103.762,107.61200000000001,64.8,54.9,30.2,101.1,68.3,88.6,96.7,88.5,95.1,92.0,94.8,9.193000000000001,5,5,5,104.463
27.28,8,25.456,40.944,45.12,5.366,103.984,107.68299999999999,64.8,54.9,30.2,101.1,68.3,88.6,96.7,88.5,95.1,92.0,94.8,10.495000000000001,5,5,5,104.46799999999999
27.3,8,25.499000000000002,41.098,44.941,5.271,103.87299999999999,107.647,64.8,54.9,30.2,101.1,68.3,88.6,96.7,88.5,95.1,92.0,94.8,10.408,5,5,5,104.46799999999999
27.32,8,25.347,41.294000000000004,45.181,5.9030000000000005,103.895,107.48700000000001,64.8,54.9,30.2,101.1,68.3,88.6,96.7,88.5,95.1,92.0,94.8,9.884,5,5,5,104.46600000000001
27.34,8,25.381,41.153,44.974000000000004,6.117,103.539,107.541,64.8,54.9,30.2,101.1,68.3,88.6,96.7,88.5,95.1,92.0,94.8,11.121,5,5,5,104.471
27.36,8,25.397000000000002,40.967,45.102,6.086,103.65100000000001,107.398,64.8,54.9,30.2,101.1,68.3,88.6,96.7,88.5,95.1,92.0,94.8,9.445,5,5,5,104.46799999999999
27.38,8,25.500999999999998,40.418,45.009,6.934,103.917,107.505,64.8,54.9,30.2,101.1,68.3,88.6,96.7,88.5,95.1,92.0,94.8,10.158,5,5,5,104.46700000000001
27.4,8,25.276,40.79,44.829,6.8149999999999995,103.851,107.434,64.8,54.9,30.2,101.1,68.3,88.6,96.7,88.5,95.1,92.0,94.8,11.143,5,5,5,104.46700000000001
27.42,8,25.008,40.85,45.075,6.823,103.87299999999999,107.416,64.8,54.9,30.2,101.1,68.3,88.6,96.7,88.5,95.1,92.0,94.8,9.876999999999999,5,5,5,104.465
27.44,8,25.529,41.086,45.137,6.666,103.695,107.38,64.8,54.9,30.2,101.1,68.3,88.6,96.7,88.5,95.1,92.0,94.8,11.297,5,5,5,104.464
27.46,8,25.182000000000002,40.839,44.882,6.546,103.36,107.309,64.8,54.9,30.2,101.1,68.3,88.6,96.7,88.5,95.1,92.0,94.8,11.254,5,5,5,104.46600000000001
27.48,8,25.511999999999997,40.467,44.933,5.9990000000000006,103.584,107.38,64.8,54.9,30.2,101.1,68.3,88.6,96.7,88.5,95.1,92.0,94.8,10.597000000000001,5,5,5,104.46700000000001
27.5,8,25.488000000000003,40.823,44.999,6.196,103.67299999999999,107.38,64.8,54.9,30.2,101.1,68.3,88.6,96.7,88.5,95.1,92.0,94.8,11.752,5,5,5,104.46700000000001
27.52,8,25.259,40.775,44.965,6.024,103.539,107.273,64.8,54.9,30.2,101.1,68.3,88.6,96.7,88.5,95.1,92.0,94.8,10.377,5,5,5,104.461
27.54,8,25.230999999999998,40.63,45.167,4.841,103.47200000000001,107.273,64.8,54.9,30.2,101.1,68.3,88.6,96.7,88.5,95.1,92.0,94.8,10.928999999999998,5,5,5,104.469
27.56,8,24.816,40.975,45.06,4.674,103.67299999999999,107.09299999999999,64.8,54.9,30.2,101.1,68.3,88.6,96.7,88.5,95.1,92.0,94.8,11.577000000000002,5,5,5,104.463
27.58,8,24.924,40.568000000000005,44.99,4.989,103.539,107.057,64.8,54.9,30.2,101.1,68.3,88.6,96.7,88.5,95.1,92.0,94.8,10.542000000000002,5,5,5,104.461
27.6,8,24.914,40.762,44.967,4.819,103.449,106.895,64.8,54.9,30.2,101.1,68.3,88.6,96.7,88.5,95.1,92.0,94.8,11.842,5,5,5,104.46700000000001
27.62,8,24.808,40.265,44.982,4.594,103.65100000000001,107.057,64.8,54.9,30.2,101.1,68.3,88.6,96.7,88.5,95.1,92.0,94.8,11.392,5,5,5,104.46700000000001
27.64,8,25.327,40.428000000000004,45.118,4.579,103.47200000000001,106.823,64.8,54.9,30.2,101.1,68.3,88.6,96.7,88.5,95.1,92.0,94.8,11.059000000000001,5,5,5,104.46700000000001
27.66,8,24.945999999999998,40.845,44.952,4.593,103.405,106.931,64.8,54.9,30.2,101.1,68.3,88.6,96.7,88.5,95.1,92.0,94.8,11.956,5,5,5,104.46
27.68,8,24.408,40.565,44.981,4.448,103.539,106.805,64.8,54.9,30.2,101.1,68.3,88.6,96.7,88.5,95.1,92.0,94.8,10.957999999999998,5,5,5,104.46600000000001
27.7,8,25.147000000000002,40.424,45.04,4.573,103.24700000000001,106.87700000000001,64.8,54.9,30.2,101.1,68.3,88.6,96.7,88.5,95.1,92.0,94.8,11.187999999999999,5,5,5,104.461
27.72,8,24.749000000000002,40.134,44.757,4.338,103.51700000000001,106.823,64.8,54.9,30.2,101.1,68.3,88.6,96.7,88.5,95.1,92.0,94.8,11.731,5,5,5,104.465
27.74,8,24.865,39.988,44.972,4.224,103.27,106.823,64.8,54.9,30.2,101.1,68.3,88.6,96.7,88.5,95.1,92.0,94.8,10.676,5,5,5,104.465
27.76,8,24.803,40.025999999999996,44.938,4.187,103.225,106.96700000000001,64.8,54.9,30.2,101.1,68.3,88.6,96.7,88.5,95.1,92.0,94.8,11.751000000000001,5,5,5,104.47200000000001
27.78,8,24.766,40.02,44.803000000000004,4.189,103.405,106.913,64.8,54.9,30.2,101.1,68.3,88.6,96.7,88.5,95.1,92.0,94.8,11.696000000000002,5,5,5,104.464
27.8,8,25.12,40.083,44.924,4.098,103.539,106.678,64.8,54.9,30.2,101.1,68.3,88.6,96.7,88.5,95.1,92.0,94.8,11.336,5,5,5,104.463
27.82,8,24.899,39.76,44.876,3.9779999999999998,103.51700000000001,106.931,64.8,54.9,30.2,101.1,68.3,88.6,96.7,88.5,95.1,92.0,94.8,12.543,5,5,5,104.461
27.84,8,24.703,40.385999999999996,44.929,4.036,103.337,106.823,64.7,54.9,30.2,101.0,68.4,88.6,96.7,88.5,95.1,92.0,94.8,11.54,5,5,5,104.463
27.86,8,24.822,40.228,44.964,4.35,103.292,106.787,64.7,54.9,30.2,101.0,68.4,88.6,96.7,88.5,95.1,92.0,94.8,11.265,5,5,5,104.464
27.88,8,24.804000000000002,39.817,44.909,4.362,103.15700000000001,106.895,64.7,54.9,30.2,101.0,68.4,88.6,96.7,88.5,95.1,92.0,94.8,11.879999999999999,5,5,5,104.46
27.9,8,24.76,40.525,44.898,4.393,103.315,106.75,64.7,54.9,30.2,101.0,68.4,88.6,96.7,88.5,95.1,92.0,94.8,10.686,5,5,5,104.461
27.92,8,24.533,40.052,44.924,4.71,103.24700000000001,106.87700000000001,64.7,54.9,30.2,101.0,68.4,88.6,96.7,88.5,95.1,92.0,94.8,11.261,5,5,5,104.465
27.94,8,24.793,39.832,44.966,4.655,103.089,106.587,64.7,54.9,30.2,101.0,68.4,88.6,96.7,88.5,95.1,92.0,94.8,11.716000000000001,5,5,5,104.462
27.96,8,24.567999999999998,40.117,44.921,5.835,103.089,106.587,64.7,54.9,30.2,101.0,68.4,88.6,96.7,88.5,95.1,92.0,94.8,11.087,5,5,5,104.465
27.98,8,24.564,40.215,44.853,5.7379999999999995,103.044,106.624,64.7,54.9,30.2,101.0,68.4,88.6,96.7,88.5,95.1,92.0,94.8,12.34,5,5,5,104.465
28.0,8,25.081,40.041,44.75,5.907,102.976,106.42299999999999,64.7,54.9,30.2,101.0,68.4,88.6,96.7,88.5,95.1,92.0,94.8,11.853,5,5,5,104.46600000000001
28.02,8,24.44,39.564,44.912,5.718,103.11200000000001,106.551,64.7,54.9,30.2,101.0,68.4,88.6,96.7,88.5,95.1,92.0,94.8,11.254999999999999,5,5,5,104.46600000000001
28.04,8,24.451,40.257,44.82,5.983,102.93,106.587,64.7,54.9,30.2,101.0,68.4,88.6,96.7,88.5,95.1,92.0,94.8,12.24,5,5,5,104.461
28.06,8,24.35,39.45,44.978,6.146,102.90799999999999,106.569,64.7,54.9,30.2,101.0,68.4,88.6,96.7,88.5,95.1,92.0,94.8,10.58,5,5,5,104.46600000000001
28.08,8,24.329,39.817,44.851,6.432,102.839,106.64200000000001,64.7,54.9,30.2,101.0,68.4,88.6,96.7,88.5,95.1,92.0,94.8,11.27,5,5,5,104.46600000000001
28.1,8,24.458,39.951,44.981,6.443,102.95299999999999,106.569,64.7,54.9,30.2,101.0,68.4,88.6,96.7,88.5,95.1,92.0,94.8,11.987,5,5,5,104.46799999999999
28.12,8,24.387,39.765,44.673,6.346,103.225,106.551,64.7,54.9,30.2,101.0,68.4,88.6,96.7,88.5,95.1,92.0,94.8,11.178999999999998,5,5,5,104.464
28.14,8,24.71,39.598,44.839,6.173,103.06700000000001,106.42299999999999,64.7,54.9,30.2,101.0,68.4,88.6,96.7,88.5,95.1,92.0,94.8,12.385,5,5,5,104.465
28.16,8,24.317,39.863,44.749,5.938,102.976,106.49600000000001,64.7,54.9,30.2,101.0,68.4,88.6,96.7,88.5,95.1,92.0,94.8,11.989,5,5,5,104.469
28.18,8,24.351,39.659,44.757,5.755,102.93,106.551,64.7,54.9,30.2,101.0,68.4,88.6,96.7,88.5,95.1,92.0,94.8,11.440999999999999,5,5,5,104.465
28.2,8,24.791,39.376,44.796,5.161,103.089,106.405,64.7,54.9,30.2,101.0,68.4,88.6,96.7,88.5,95.1,92.0,94.8,11.654,5,5,5,104.46799999999999
28.22,8,24.313,39.81,44.753,4.788,102.93,106.46,64.7,54.9,30.2,101.0,68.4,88.6,96.7,88.5,95.1,92.0,94.8,12.675,5,5,5,104.46700000000001
28.24,8,24.113,39.799,44.515,4.865,102.999,106.587,64.7,54.9,30.2,101.0,68.4,88.6,96.7,88.5,95.1,92.0,94.8,11.609,5,5,5,104.46799999999999
28.26,8,23.592,40.067,44.84,4.478,102.93,106.569,64.7,54.9,30.2,101.0,68.4,88.6,96.7,88.5,95.1,92.0,94.8,13.197000000000001,5,5,5,104.46700000000001
28.28,8,24.102,39.395,44.974000000000004,4.202,103.021,106.295,64.7,54.9,30.2,101.0,68.4,88.6,96.7,88.5,95.1,92.0,94.8,11.854,5,5,5,104.46600000000001
28.3,8,24.16,39.117,44.931,4.144,102.725,106.295,64.7,54.9,30.2,101.0,68.4,88.6,96.7,88.5,95.1,92.0,94.8,13.372,5,5,5,104.464
28.32,8,24.066,39.268,44.765,4.019,102.95299999999999,106.33200000000001,64.7,54.9,30.2,101.0,68.4,88.6,96.7,88.5,95.1,92.0,94.8,12.025,5,5,5,104.462
28.34,8,24.03,39.216,44.664,3.968,102.90799999999999,106.387,64.7,54.9,30.2,101.0,68.4,88.6,96.7,88.5,95.1,92.0,94.8,13.616,5,5,5,104.46700000000001
28.36,8,24.083,39.228,44.812,3.963,102.74799999999999,106.295,64.7,54.9,30.2,101.0,68.4,88.6,96.7,88.5,95.1,92.0,94.8,12.289,5,5,5,104.462
28.38,8,24.078,39.599000000000004,44.719,3.963,102.794,106.35,64.7,54.9,30.2,101.0,68.4,88.6,96.7,88.5,95.1,92.0,94.8,13.804,5,5,5,104.464
28.4,8,24.115,39.491,44.869,3.963,102.771,106.295,64.7,54.9,30.2,101.0,68.4,88.6,96.7,88.5,95.1,92.0,94.8,12.98,5,5,5,104.463
28.42,8,23.864,39.077,44.842,3.963,102.771,106.277,64.7,54.9,30.2,101.0,68.4,88.6,96.7,88.5,95.1,92.0,94.8,13.78,5,5,5,104.463
28.44,8,24.141,38.678000000000004,44.768,3.963,102.771,106.33200000000001,64.7,54.9,30.2,101.0,68.4,88.6,96.7,88.5,95.1,92.0,94.8,13.227,5,5,5,104.46799999999999
28.46,8,23.291,38.978,44.87,3.963,102.70299999999999,106.35,64.7,54.9,30.2,101.0,68.4,88.6,96.7,88.5,95.1,92.0,94.8,13.208,5,5,5,104.469
28.48,8,23.718,39.068000000000005,44.803000000000004,4.292,102.565,106.149,64.7,54.9,30.2,101.0,68.4,88.6,96.7,88.5,95.1,92.0,94.8,12.989,5,5,5,104.469
28.5,8,23.448,38.858000000000004,44.81,5.6129999999999995,102.542,106.186,64.7,54.9,30.2,101.0,68.4,88.6,96.7,88.5,95.1,92.0,94.8,11.792000000000002,5,5,5,104.46
28.52,8,23.531,38.857,44.684,6.954,102.771,106.35,64.7,54.9,30.2,101.0,68.4,88.6,96.7,88.5,95.1,92.0,94.8,11.678,5,5,5,104.463
28.54,8,23.517,38.835,44.804,7.3100000000000005,102.588,106.186,64.7,54.9,30.2,101.0,68.4,88.6,96.7,88.5,95.1,92.0,94.8,11.459,5,5,5,104.462
28.56,8,23.624000000000002,39.779,44.765,7.375,102.611,106.11200000000001,64.7,54.9,30.2,101.0,68.4,88.6,96.7,88.5,95.1,92.0,94.8,11.742,5,5,5,104.469
28.58,8,23.954,39.278,44.652,9.074,102.611,106.33200000000001,64.7,54.9,30.2,101.0,68.4,88.6,96.7,88.5,95.1,92.0,94.8,11.432,5,5,5,104.463
28.6,8,23.335,38.895,44.693000000000005,9.577,102.542,106.167,64.7,54.9,30.2,101.0,68.4,88.6,96.7,88.5,95.1,92.0,94.8,11.939,5,5,5,104.462
28.62,8,23.308,39.204,44.946999999999996,6.478,102.634,106.094,64.7,54.9,30.2,101.0,68.4,88.6,96.7,88.5,95.1,92.0,94.8,11.485,5,5,5,104.46700000000001
28.64,8,23.335,38.707,44.766999999999996,6.122,102.65700000000001,106.277,64.7,54.9,30.2,101.0,68.4,88.6,96.7,88.5,95.1,92.0,94.8,12.202000000000002,5,5,5,104.463
28.66,8,23.502,38.900999999999996,44.885999999999996,6.811999999999999,102.65700000000001,106.075,64.7,54.9,30.2,101.0,68.4,88.6,96.7,88.5,95.1,92.0,94.8,11.49,5,5,5,104.461
28.68,8,23.88,38.836,44.605,4.871,102.634,105.98299999999999,64.7,54.9,30.2,101.0,68.4,88.6,96.7,88.5,95.1,92.0,94.8,12.246,5,5,5,104.469
28.7,8,23.022000000000002,38.421,44.933,4.534,102.565,106.02,64.7,54.9,30.2,101.0,68.4,88.6,96.7,88.5,95.1,92.0,94.8,11.455,5,5,5,104.458
28.72,8,23.168,38.833,44.724000000000004,4.981,102.588,106.039,64.7,54.9,30.2,101.0,68.4,88.6,96.7,88.5,95.1,92.0,94.8,12.401,5,5,5,104.461
28.74,8,23.694000000000003,38.65,44.522,5.191,102.68,106.039,64.7,54.9,30.2,101.0,68.4,88.6,96.7,88.5,95.1,92.0,94.8,11.457999999999998,5,5,5,104.463
28.76,8,23.314,38.955999999999996,44.913000000000004,4.803,102.49600000000001,105.947,64.7,54.9,30.2,101.0,68.4,88.6,96.7,88.5,95.1,92.0,94.8,12.71,5,5,5,104.463
28.78,8,23.409000000000002,38.61,44.775999999999996,4.752,102.335,105.79899999999999,64.7,54.9,30.2,101.0,68.4,88.6,96.7,88.5,95.1,92.0,94.8,11.363,5,5,5,104.462
28.8,8,23.69,38.175,44.599000000000004,4.857,102.197,105.91,64.7,54.9,30.2,101.0,68.4,88.6,96.7,88.5,95.1,92.0,94.8,12.623,5,5,5,104.46600000000001
28.82,8,23.822,38.582,44.659,4.583,102.381,105.891,64.7,54.9,30.2,101.0,68.4,88.6,96.7,88.5,95.1,92.0,94.8,11.216000000000001,5,5,5,104.465
28.84,8,23.439,38.56,44.897,4.759,102.335,105.854,64.7,54.9,30.2,101.0,68.4,88.6,96.7,88.5,95.1,92.0,94.8,12.727,5,5,5,104.46
28.86,8,23.551,38.649,44.813,4.705,102.427,105.965,64.7,54.9,30.2,101.0,68.4,88.6,96.7,88.5,95.1,92.0,94.8,11.386,5,5,5,104.465
28.88,8,23.164,38.611999999999995,44.696999999999996,5.014,102.31200000000001,105.928,64.7,54.9,30.2,101.0,68.4,88.6,96.7,88.5,95.1,92.0,94.8,12.413,5,5,5,104.463
28.9,8,23.332,38.795,44.789,4.93,102.335,106.02,64.7,54.9,30.2,101.0,68.4,88.6,96.7,88.5,95.1,92.0,94.8,11.928,5,5,5,104.469
28.92,8,23.057000000000002,38.32,44.756,4.951,102.35799999999999,106.02,64.7,54.9,30.2,101.0,68.4,88.6,96.7,88.5,95.1,92.0,94.8,11.924,5,5,5,104.46700000000001
28.94,8,22.875,38.765,44.729,4.875,102.45,105.762,64.7,54.9,30.2,101.0,68.4,88.6,96.7,88.5,95.1,92.0,94.8,12.172,5,5,5,104.46600000000001
28.96,8,22.82,38.266999999999996,44.652,4.894,102.31200000000001,105.725,64.7,54.9,30.2,101.0,68.4,88.6,96.7,88.5,95.1,92.0,94.8,11.826,5,5,5,104.463
28.98,8,22.923,38.77,44.926,4.672,102.15,105.87299999999999,64.7,54.9,30.2,101.0,68.4,88.6,96.7,88.5,95.1,92.0,94.8,11.873999999999999,5,5,5,104.462
29.0,8,22.95,38.428000000000004,44.505,5.009,102.15,105.947,64.7,54.9,30.2,101.0,68.4,88.6,96.7,88.5,95.1,92.0,94.8,11.847000000000001,5,5,5,104.464
29.02,8,23.148,38.681,44.65,5.119,102.35799999999999,105.68799999999999,64.7,54.9,30.2,101.0,68.4,88.6,96.7,88.5,95.1,92.0,94.8,11.93,5,5,5,104.46600000000001
29.04,8,23.023,38.039,44.69,4.733,102.15,105.928,64.7,54.9,30.2,101.0,68.4,88.6,96.7,88.5,95.1,92.0,94.8,11.794,5,5,5,104.464
29.06,8,23.088,38.44,44.579,4.973,102.404,105.632,64.7,54.9,30.2,101.0,68.4,88.6,96.7,88.5,95.1,92.0,94.8,12.131,5,5,5,104.46700000000001
29.08,8,22.766,38.064,44.986999999999995,4.967,102.266,105.79899999999999,64.7,54.9,30.2,101.0,68.4,88.6,96.7,88.5,95.1,92.0,94.8,11.671,5,5,5,104.46600000000001
29.1,8,22.459,38.416,44.823,5.175,102.104,105.595,64.7,54.9,30.2,101.0,68.4,88.6,96.7,88.5,95.1,92.0,94.8,12.045,5,5,5,104.464
29.12,8,22.756,38.419000000000004,44.692,5.341,102.243,105.539,64.7,54.9,30.2,101.0,68.4,88.6,96.7,88.5,95.1,92.0,94.8,11.628,5,5,5,104.464
29.14,8,22.902,38.619,44.629,4.878,102.081,105.55799999999999,64.7,54.9,30.2,101.0,68.4,88.6,96.7,88.5,95.1,92.0,94.8,12.227,5,5,5,104.464
29.16,8,22.862000000000002,38.126,44.529,4.92,102.17299999999999,105.65100000000001,64.7,54.9,30.2,101.0,68.4,88.6,96.7,88.5,95.1,92.0,94.8,11.498999999999999,5,5,5,104.456
29.18,8,22.695,38.131,44.825,4.996,102.081,105.539,64.7,54.9,30.2,101.0,68.4,88.6,96.7,88.5,95.1,92.0,94.8,12.338,5,5,5,104.469
29.2,8,22.869,38.042,44.629,4.908,102.15,105.521,64.7,54.9,30.2,101.0,68.4,88.6,96.7,88.5,95.1,92.0,94.8,12.257000000000001,5,5,5,104.459
29.22,8,22.982,37.707,44.829,5.076,101.964,105.39,64.7,54.9,30.2,101.0,68.4,88.6,96.7,88.5,95.1,92.0,94.8,11.529,5,5,5,104.463
29.24,8,22.198,38.621,44.661,5.149,102.057,105.669,64.7,54.9,30.2,101.0,68.4,88.6,96.7,88.5,95.1,92.0,94.8,12.838,5,5,5,104.462
29.26,8,22.494,37.634,44.483000000000004,5.329,102.057,105.725,64.7,54.9,30.2,101.0,68.4,88.6,96.7,88.5,95.1,91.91199999999999,94.8,12.461,5,5,5,104.464
29.28,8,22.237000000000002,38.074,44.774,5.623,102.197,105.68799999999999,64.7,54.9,30.2,101.0,68.4,88.6,96.7,88.5,95.1,91.863,94.8,12.207,5,5,5,104.47200000000001
29.3,8,22.529,37.866,44.543,5.041,102.243,105.595,64.7,54.9,30.2,101.0,68.4,88.6,96.7,88.5,95.1,91.836,94.8,13.448,5,5,5,104.46600000000001
29.32,8,22.369,37.818000000000005,44.832,5.402,102.081,105.706,64.7,54.9,30.2,101.0,68.4,88.6,96.7,88.5,95.1,91.82,94.8,12.695,5,5,5,104.46600000000001
29.34,8,22.707,37.792,44.552,5.486,101.91799999999999,105.334,64.7,54.9,30.2,101.0,68.4,88.6,96.7,88.5,95.1,91.811,94.8,13.281,5,5,5,104.46700000000001
29.36,8,22.21,37.792,44.468,5.066,102.15,105.40899999999999,64.7,54.9,30.2,101.0,68.4,88.6,96.7,88.5,95.1,91.806,94.8,13.809,5,5,5,104.465
29.38,8,22.104,37.959,44.739000000000004,5.424,102.22,105.50200000000001,64.7,54.9,30.2,101.0,68.4,88.6,96.7,88.5,95.1,91.804,94.8,12.812000000000001,5,5,5,104.462
29.4,8,22.392,37.906,44.555,5.716,101.70700000000001,105.40899999999999,64.7,54.9,30.2,101.0,68.4,88.6,96.7,88.5,95.1,91.80199999999999,94.8,13.737,5,5,5,104.46700000000001
29.42,8,22.315,37.489000000000004,44.8,5.201,101.89399999999999,105.353,64.7,54.9,30.2,101.0,68.4,88.6,96.7,88.5,95.1,91.801,94.8,13.601,5,5,5,104.461
29.44,8,22.444000000000003,37.563,44.615,5.2780000000000005,101.824,105.22200000000001,64.7,54.9,30.2,101.0,68.4,88.6,96.7,88.5,95.1,91.801,94.8,12.809000000000001,5,5,5,104.465
29.46,8,21.961,38.019,44.662,5.238,101.70700000000001,105.446,64.7,54.9,30.2,101.0,68.4,88.6,96.7,88.5,95.1,91.8,94.8,14.054,5,5,5,104.462
29.48,8,21.508,37.547,44.757,5.01,101.566,105.147,64.7,54.9,30.2,101.0,68.4,88.6,96.7,88.5,95.1,91.8,94.8,13.496,5,5,5,104.463
29.5,8,22.495,37.977,44.635,5.34,101.988,105.446,64.7,54.9,30.2,101.0,68.4,88.6,96.7,88.5,95.1,91.8,94.8,13.401,5,5,5,104.46700000000001
29.52,8,21.957,37.635,44.666,4.977,101.848,105.29700000000001,64.7,54.9,30.2,101.0,68.4,88.6,96.7,88.5,95.1,91.8,94.8,14.359,5,5,5,104.463
29.54,8,22.486,37.523,44.562,5.039,101.848,105.29700000000001,64.7,54.9,30.2,101.0,68.4,88.6,96.7,88.5,95.1,91.8,94.8,13.369,5,5,5,104.469
29.56,8,22.222,37.623000000000005,44.721,4.736,101.66,105.12799999999999,64.7,54.9,30.2,101.0,68.4,88.6,96.7,88.5,95.1,91.8,94.8,14.037,5,5,5,104.46600000000001
29.58,8,22.283,37.397,44.78,4.875,101.77799999999999,105.37100000000001,64.7,54.9,30.2,101.0,68.4,88.6,96.7,88.5,95.1,91.8,94.8,14.424,5,5,5,104.463
29.6,8,21.994,37.659,44.655,4.777,101.59,104.99600000000001,64.7,54.9,30.2,101.0,68.4,88.6,96.7,88.5,95.1,91.8,94.8,13.307,5,5,5,104.46600000000001
29.62,8,21.827,37.379,44.736,4.448,101.637,104.94,64.7,54.9,30.2,101.0,68.4,88.6,96.7,88.5,95.1,91.8,94.8,14.16,5,5,5,104.46700000000001
29.64,8,21.666,37.361,44.535,4.821,101.51899999999999,105.109,64.7,54.9,30.2,101.0,68.4,88.6,96.7,88.5,95.1,91.8,94.8,13.892999999999999,5,5,5,104.46700000000001
29.66,8,22.131,37.589,44.638000000000005,4.847,101.75399999999999,105.053,64.7,54.9,30.2,101.0,68.4,88.6,96.7,88.5,95.1,91.8,94.8,13.25,5,5,5,104.46700000000001
29.68,8,21.852999999999998,37.746,44.593,4.282,101.566,105.03399999999999,64.7,54.9,30.2,101.0,68.4,88.6,96.7,88.5,95.1,91.8,94.8,14.61,5,5,5,104.46700000000001
29.7,8,21.921,37.769,44.675,4.665,101.47200000000001,104.846,64.7,54.9,30.2,101.0,68.4,88.6,96.7,88.5,95.1,91.8,94.8,13.741,5,5,5,104.46700000000001
29.72,8,22.315,36.980999999999995,44.566,5.052,101.49600000000001,104.883,64.7,54.9,30.2,101.0,68.4,88.6,96.7,88.5,95.1,91.8,94.8,13.999,5,5,5,104.461
29.74,8,21.902,37.615,44.711999999999996,4.689,101.425,104.921,64.7,54.9,30.2,101.0,68.4,88.6,96.7,88.5,95.1,91.8,94.8,14.801,5,5,5,104.46600000000001
29.76,8,21.754,37.688,44.618,4.579,101.51899999999999,105.072,64.7,54.9,30.2,101.0,68.4,88.6,96.7,88.5,95.1,91.8,94.8,13.649,5,5,5,104.46799999999999
29.78,8,21.665,37.415,44.864000000000004,5.235,101.684,104.921,64.7,54.9,30.2,101.0,68.4,88.6,96.7,88.5,95.1,91.8,94.8,14.443,5,5,5,104.463
29.8,8,22.059,37.031,44.319,5.376,101.40100000000001,104.846,64.7,54.9,30.2,101.0,68.4,88.6,96.7,88.5,95.1,91.8,94.8,14.467,5,5,5,104.46700000000001
29.82,8,21.422,37.111,44.711999999999996,4.977,101.66,104.94,64.7,54.9,30.2,101.0,68.4,88.6,96.7,88.5,95.1,91.8,94.8,13.4,5,5,5,104.461
29.84,8,21.624000000000002,37.174,44.549,5.066,101.425,104.94,64.7,54.8,30.2,100.7,68.6,88.6,96.7,88.5,95.1,91.8,94.8,14.57,5,5,5,104.463
29.86,8,22.014,37.292,44.357,5.925,101.51899999999999,104.82700000000001,64.7,54.8,30.2,100.7,68.6,88.6,96.7,88.5,95.1,91.8,94.8,13.9,5,5,5,104.46600000000001
29.88,8,21.662,37.201,44.467,5.8,101.354,104.94,64.7,54.8,30.2,100.7,68.6,88.6,96.7,88.5,95.1,91.8,94.8,13.631,5,5,5,104.46
29.9,8,21.799,37.226,44.616,5.273,101.51899999999999,104.902,64.7,54.8,30.2,100.7,68.6,88.6,96.7,88.5,95.1,91.8,94.8,14.838,5,5,5,104.463
29.92,8,21.725,37.079,44.346,4.396,101.66,104.902,64.7,54.8,30.2,100.7,68.6,88.6,96.7,88.5,95.1,91.8,94.8,13.771,5,5,5,104.462
29.94,8,21.915,37.083,44.633,4.586,101.425,104.921,64.7,54.8,30.2,100.7,68.6,88.6,96.7,88.5,95.1,91.8,94.8,14.424,5,5,5,104.461
29.96,8,21.547,37.336999999999996,44.641,4.995,101.28299999999999,104.883,64.7,54.8,30.2,100.7,68.6,88.6,96.7,88.5,95.1,91.8,94.8,14.779,5,5,5,104.465
29.98,8,21.395,37.084,44.817,5.426,101.70700000000001,104.883,64.7,54.8,30.2,100.7,68.6,88.6,96.7,88.5,95.1,91.8,94.8,13.696,5,5,5,104.463
30.0,8,21.133,36.738,44.648,5.287,101.49600000000001,104.902,64.7,54.8,30.2,100.7,68.6,88.6,96.7,88.5,95.1,91.8,94.8,14.585,5,5,5,104.459
30.02,8,21.528,36.65,44.611,4.892,101.51899999999999,105.072,64.7,54.8,30.2,100.7,68.6,88.6,96.7,88.5,95.1,91.8,94.8,14.225,5,5,5,104.465
30.04,8,21.749000000000002,36.953,44.588,4.84,101.49600000000001,105.03399999999999,64.7,54.8,30.2,100.7,68.6,88.6,96.7,88.5,95.1,91.8,94.8,13.418,5,5,5,104.46799999999999
30.06,8,21.265,37.034,44.775,5.2,101.54299999999999,104.959,64.7,54.8,30.2,100.7,68.6,88.6,96.7,88.5,95.1,91.8,94.8,14.702,5,5,5,104.464
30.08,8,21.506,36.577,44.516,5.274,101.613,104.82700000000001,64.7,54.8,30.2,100.7,68.6,88.6,96.7,88.5,95.1,91.8,94.8,13.899,5,5,5,104.464
30.1,8,21.718,36.785,44.806999999999995,4.93,101.54299999999999,105.09100000000001,64.7,54.8,30.2,100.7,68.6,88.6,96.7,88.5,95.1,91.8,94.8,13.866,5,5,5,104.46
30.12,8,21.708,36.784000000000006,44.373000000000005,5.302,101.425,104.883,64.7,54.8,30.2,100.7,68.6,88.6,96.7,88.5,95.1,91.8,94.8,14.742,5,5,5,104.464
30.14,8,21.605,36.566,44.733000000000004,5.285,101.448,104.99600000000001,64.7,54.8,30.2,100.7,68.6,88.6,96.7,88.5,95.1,91.8,94.8,13.71,5,5,5,104.464
30.16,8,21.528,37.239000000000004,44.558,5.344,101.54299999999999,105.015,64.7,54.8,30.2,100.7,68.6,88.6,96.7,88.5,95.1,91.8,94.8,14.545,5,5,5,104.465
30.18,8,20.362000000000002,37.108000000000004,44.808,4.625,101.40100000000001,104.77,64.7,54.8,30.2,100.7,68.6,88.6,96.7,88.5,95.1,91.8,94.8,14.044,5,5,5,104.465
30.2,8,21.208,36.872,44.596,4.936,101.33,104.694,64.7,54.8,30.2,100.7,68.6,88.6,96.7,88.5,95.1,91.8,94.8,14.663,5,5,5,104.462
30.22,8,21.082,36.978,44.597,5.035,101.448,104.94,64.7,54.8,30.2,100.7,68.6,88.6,96.7,88.5,95.1,91.8,94.8,15.232000000000001,5,5,5,104.461
30.24,8,21.406,36.635000000000005,44.532,4.952,101.47200000000001,104.789,64.7,54.8,30.2,100.7,68.6,88.6,96.7,88.5,95.1,91.8,94.8,15.374,5,5,5,104.46600000000001
30.26,8,21.039,37.056,44.452,4.981,101.49600000000001,104.959,64.7,54.8,30.2,100.7,68.6,88.6,96.7,88.5,95.1,91.8,94.8,15.056000000000001,5,5,5,104.463
30.28,8,21.405,36.925,44.428000000000004,4.806,101.259,104.82700000000001,64.7,54.8,30.2,100.7,68.6,88.6,96.7,88.5,95.1,91.8,94.8,14.853,5,5,5,104.463
30.3,8,21.2,36.784000000000006,44.566,4.577,101.354,104.86399999999999,64.7,54.8,30.2,100.7,68.6,88.6,96.7,88.5,95.1,91.8,94.8,14.827,5,5,5,104.465
30.32,8,21.162,36.418000000000006,44.576,4.768,101.40100000000001,104.58,64.7,54.8,30.2,100.7,68.6,88.6,96.7,88.5,95.1,91.8,94.8,15.725,5,5,5,104.46700000000001
30.34,8,21.111,36.483000000000004,44.424,4.804,101.116,104.713,64.7,54.8,30.2,100.7,68.6,88.6,96.7,88.5,95.1,91.8,94.8,16.433,5,5,5,104.46600000000001
30.36,8,21.302,37.275,44.383,4.35,101.045,104.656,64.7,54.8,30.2,100.7,68.6,88.6,96.7,88.5,95.1,91.8,94.8,16.544,5,5,5,104.46600000000001
30.38,8,20.794,36.489000000000004,44.516999999999996,4.821,101.09200000000001,104.39,64.7,54.8,30.2,100.7,68.6,88.6,96.7,88.5,95.1,91.8,94.8,16.112000000000002,5,5,5,104.464
30.4,8,21.164,36.736000000000004,44.543,4.605,101.18799999999999,104.751,64.7,54.8,30.2,100.7,68.6,88.6,96.7,88.5,95.1,91.8,94.8,15.706,5,5,5,104.46700000000001
30.42,8,21.107,36.518,44.396,4.657,100.973,104.618,64.7,54.8,30.2,100.7,68.6,88.6,96.7,88.5,95.1,91.8,94.8,15.587,5,5,5,104.465
30.44,8,21.139,36.182,44.481,4.366,100.949,104.40899999999999,64.7,54.8,30.2,100.7,68.6,88.6,96.7,88.5,95.1,91.8,94.8,16.399,5,5,5,104.46600000000001
30.46,8,21.097,36.565,44.523,4.678,101.045,104.561,64.7,54.8,30.2,100.7,68.6,88.6,96.7,88.5,95.1,91.8,94.8,16.985999999999997,5,5,5,104.462
30.48,8,21.137999999999998,36.587,44.468,4.951,100.973,104.428,64.7,54.8,30.2,100.7,68.6,88.6,96.7,88.5,95.1,91.8,94.8,17.103,5,5,5,104.46700000000001
30.5,8,20.924,36.608000000000004,44.585,4.863,101.09200000000001,104.59899999999999,64.7,54.8,30.2,100.7,68.6,88.6,96.7,88.5,95.1,91.8,94.8,16.72,5,5,5,104.46700000000001
30.52,8,20.929000000000002,36.626,44.556999999999995,5.127,100.949,104.523,64.7,54.8,30.2,100.7,68.6,88.6,96.7,88.5,95.1,91.8,94.8,16.227,5,5,5,104.46799999999999
30.54,8,20.778,36.477,44.726,5.5809999999999995,101.116,104.523,64.7,54.8,30.2,100.7,68.6,88.6,96.7,88.5,95.1,91.8,94.8,16.049,5,5,5,104.46600000000001
30.56,8,20.964,36.510000000000005,44.367,5.498,101.116,104.40899999999999,64.7,54.8,30.2,100.7,68.6,88.6,96.7,88.5,95.1,91.8,94.8,16.742,5,5,5,104.46700000000001
30.58,8,21.073,36.492,44.521,6.125,100.973,104.352,64.7,54.8,30.2,100.7,68.6,88.6,96.7,88.5,95.1,91.8,94.8,17.354,5,5,5,104.464
30.6,8,20.965,36.478,44.157,6.0809999999999995,100.973,104.16,64.7,54.8,30.2,100.7,68.6,88.6,96.7,88.5,95.1,91.8,94.8,17.606,5,5,5,104.469
30.62,8,20.889000000000003,36.251,44.556999999999995,5.927,101.045,104.447,64.7,54.8,30.2,100.7,68.6,88.6,96.7,88.5,95.1,91.8,94.8,17.175,5,5,5,104.463
30.64,8,20.737000000000002,36.284000000000006,44.36,5.8420000000000005,101.14,104.40899999999999,64.7,54.8,30.2,100.7,68.6,88.6,96.7,88.5,95.1,91.8,94.8,16.582,5,5,5,104.462
30.66,8,20.583,36.824,44.442,5.463,100.805,104.333,64.7,54.8,30.2,100.7,68.6,88.6,96.7,88.5,95.1,91.8,94.8,16.415,5,5,5,104.46700000000001
30.68,8,20.559,36.31699999999999,44.465,4.773,100.853,104.40899999999999,64.7,54.8,30.2,100.7,68.6,88.6,96.7,88.5,95.1,91.8,94.8,16.842,5,5,5,104.462
30.7,8,20.679000000000002,35.989000000000004,44.364000000000004,5.041,100.781,104.199,64.7,54.8,30.2,100.7,68.6,88.6,96.7,88.5,95.1,91.8,94.8,17.467,5,5,5,104.461
30.72,8,20.829,35.976,44.313,4.538,100.757,104.523,64.7,54.8,30.2,100.7,68.6,88.6,96.7,88.5,95.1,91.8,94.75,17.671,5,5,5,104.464
30.74,8,20.078,35.846000000000004,44.376,4.628,100.637,104.50399999999999,64.7,54.8,30.2,100.7,68.6,88.6,96.7,88.5,95.1,91.8,94.684,17.293,5,5,5,104.465
30.76,8,20.719,35.864999999999995,44.291,4.547,101.069,104.103,64.7,54.8,30.2,100.7,68.6,88.6,96.7,88.5,95.1,91.8,94.64699999999999,16.674,5,5,5,104.46700000000001
30.78,8,20.574,35.899,44.421,4.904,100.925,104.31299999999999,64.7,54.8,30.2,100.7,68.6,88.6,96.7,88.5,95.1,91.8,94.627,16.493000000000002,5,5,5,104.46700000000001
30.8,8,20.369,35.506,44.196999999999996,5.254,100.90100000000001,104.199,64.7,54.8,30.2,100.7,68.6,88.6,96.7,88.5,95.1,91.8,94.615,16.83,5,5,5,104.464
30.82,8,20.489,35.864000000000004,44.423,4.743,100.87700000000001,104.21799999999999,64.7,54.8,30.2,100.7,68.6,88.6,96.7,88.5,95.1,91.8,94.608,17.746,5,5,5,104.46600000000001
30.84,8,20.235999999999997,36.415,44.486,4.828,100.87700000000001,104.256,64.7,54.8,30.2,100.7,68.6,88.6,96.7,88.5,95.1,91.8,94.605,17.942999999999998,5,5,5,104.46799999999999
30.86,8,20.107999999999997,35.763000000000005,44.577,5.397,100.949,104.294,64.7,54.8,30.2,100.7,68.6,88.6,96.7,88.5,95.1,91.8,94.60300000000001,17.552,5,5,5,104.464
30.88,8,20.247,36.168000000000006,44.445,5.214,100.87700000000001,104.333,64.7,54.8,30.2,100.7,68.6,88.6,96.7,88.5,95.1,91.8,94.602,16.896,5,5,5,104.464
30.9,8,20.158,35.72,44.292,4.858,100.781,104.333,64.7,54.8,30.2,100.7,68.6,88.6,96.7,88.5,95.1,91.8,94.601,16.622,5,5,5,104.462
30.92,8,20.506,35.919,44.508,5.333,100.949,104.12200000000001,64.7,54.8,30.2,100.7,68.6,88.6,96.7,88.5,95.1,91.8,94.6,16.875,5,5,5,104.463
30.94,8,20.703,36.013999999999996,44.115,5.134,100.805,104.428,64.7,54.8,30.2,100.7,68.6,88.6,96.7,88.5,95.1,91.8,94.6,17.77,5,5,5,104.46
30.96,8,20.314,35.922,44.305,4.708,100.949,104.275,64.7,54.8,30.2,100.7,68.6,88.6,96.7,88.5,95.1,91.8,94.6,17.935000000000002,5,5,5,104.464
30.98,8,19.867,35.876,44.335,4.518,100.90100000000001,104.141,64.7,54.8,30.2,100.7,68.6,88.6,96.7,88.5,95.1,91.8,94.6,17.594,5,5,5,104.46600000000001
31.0,8,19.899,35.668000000000006,44.398,4.604,100.637,104.352,64.7,54.8,30.2,100.7,68.6,88.6,96.7,88.5,95.1,91.8,94.6,16.970999999999997,5,5,5,104.463
31.02,8,19.759,35.715999999999994,44.343,4.761,100.853,104.31299999999999,64.7,54.8,30.2,100.7,68.6,88.6,96.7,88.5,95.1,91.8,94.6,16.875,5,5,5,104.461
31.04,8,20.468,35.851,44.193000000000005,4.4879999999999995,100.925,104.12200000000001,64.7,54.8,30.2,100.7,68.6,88.6,96.7,88.5,95.1,91.8,94.6,17.028,5,5,5,104.461
31.06,8,20.241,35.908,44.577,4.508,100.829,104.179,64.7,54.8,30.2,100.7,68.6,88.6,96.7,88.5,95.1,91.8,94.6,18.104,5,5,5,104.463
31.08,8,20.43,35.734,44.319,4.769,100.685,104.179,64.7,54.8,30.2,100.7,68.6,88.6,96.7,88.5,95.1,91.8,94.6,17.918,5,5,5,104.461
31.1,8,20.278,35.648,44.254,4.543,100.613,104.064,64.7,54.8,30.2,100.7,68.6,88.6,96.7,88.5,95.1,91.8,94.6,17.854,5,5,5,104.465
31.12,8,19.625,35.516999999999996,44.477,4.762,100.829,103.91,64.7,54.8,30.2,100.7,68.6,88.6,96.7,88.5,95.1,91.8,94.6,17.08,5,5,5,104.463
31.14,8,19.970999999999997,34.977,44.278,5.206,100.443,103.949,64.7,54.8,30.2,100.7,68.6,88.6,96.7,88.5,95.1,91.8,94.6,16.756,5,5,5,104.463
31.16,8,19.886,35.522,44.038000000000004,4.631,100.54,103.891,64.7,54.8,30.2,100.7,68.6,88.6,96.7,88.5,95.1,91.8,94.6,16.841,5,5,5,104.46600000000001
31.18,8,19.697000000000003,35.559,44.482,4.885,100.637,104.179,64.7,54.8,30.2,100.7,68.6,88.6,96.7,88.5,95.1,91.8,94.6,17.128,5,5,5,104.462
31.2,8,20.179000000000002,35.649,44.578,5.153,100.395,104.083,64.7,54.8,30.2,100.7,68.6,88.6,96.7,88.5,95.1,91.8,94.6,16.622,5,5,5,104.463
31.22,8,20.129,35.593,44.228,5.205,100.492,104.103,64.7,54.8,30.2,100.7,68.6,88.6,96.7,88.5,95.1,91.8,94.6,17.39,5,5,5,104.462
31.24,8,19.848,35.225,44.144,4.709,100.46700000000001,104.103,64.7,54.8,30.2,100.7,68.6,88.6,96.7,88.5,95.1,91.8,94.6,16.572000000000003,5,5,5,104.465
31.26,8,19.974,35.337,44.412,4.62,100.564,103.87100000000001,64.7,54.8,30.2,100.7,68.6,88.6,96.7,88.5,95.1,91.8,94.6,15.953,5,5,5,104.469
31.28,8,19.904000000000003,35.155,44.413000000000004,4.555,100.419,103.891,64.7,54.8,30.2,100.7,68.6,88.6,96.7,88.5,95.1,91.8,94.6,16.895,5,5,5,104.463
31.3,8,19.506,35.331,44.27,5.016,100.564,103.65799999999999,64.7,54.8,30.2,100.7,68.6,88.6,96.7,88.5,95.1,91.8,94.6,16.778,5,5,5,104.465
31.32,8,19.9,35.378,44.321999999999996,5.057,100.322,103.697,64.7,54.8,30.2,100.7,68.6,88.6,96.7,88.5,95.1,91.8,94.6,15.812000000000001,5,5,5,104.46600000000001
31.34,8,20.08,35.063,44.044000000000004,5.208,100.443,104.02600000000001,64.7,54.8,30.2,100.7,68.6,88.6,96.7,88.5,95.1,91.8,94.6,16.364,5,5,5,104.46700000000001
31.36,8,19.624000000000002,34.903000000000006,44.387,5.819,100.588,103.87100000000001,64.7,54.8,30.2,100.7,68.6,88.6,96.7,88.5,95.1,91.8,94.6,16.752000000000002,5,5,5,104.465
31.38,8,19.508,34.97,44.482,5.123,100.613,103.775,64.7,54.8,30.2,100.7,68.6,88.6,96.7,88.5,95.1,91.8,94.6,15.642999999999999,5,5,5,104.46700000000001
31.4,8,20.045,34.924,44.406,5.039,100.492,103.87100000000001,64.7,54.8,30.2,100.7,68.6,88.6,96.7,88.5,95.1,91.8,94.6,15.398,5,5,5,104.465
31.42,8,19.290999999999997,35.135000000000005,44.406,4.979,100.73299999999999,104.045,64.7,54.8,30.2,100.7,68.6,88.6,96.7,88.5,95.1,91.8,94.6,16.426,5,5,5,104.462
31.44,8,19.762999999999998,35.144000000000005,44.35,4.562,100.395,103.929,64.7,54.8,30.2,100.7,68.6,88.6,96.7,88.5,95.1,91.8,94.6,15.665999999999999,5,5,5,104.462
31.46,8,19.381,35.086,44.201,4.71,100.492,103.891,64.7,54.8,30.2,100.7,68.6,88.6,96.7,88.5,95.012,91.8,94.6,15.031,5,5,5,104.46799999999999
31.48,8,19.750999999999998,35.474000000000004,44.336999999999996,5.203,100.322,103.833,64.7,54.8,30.2,100.7,68.6,88.6,96.7,88.5,94.96300000000001,91.8,94.6,15.927999999999999,5,5,5,104.46700000000001
31.5,8,19.663,35.010999999999996,44.122,4.619,100.613,103.794,64.7,54.8,30.2,100.7,68.6,88.6,96.7,88.5,94.936,91.8,94.6,16.17,5,5,5,104.465
31.52,8,20.167,35.06,44.279,4.309,100.346,103.91,64.7,54.8,30.2,100.7,68.6,88.6,96.7,88.5,94.92,91.8,94.6,15.107999999999999,5,5,5,104.463
31.54,8,19.35,35.256,44.336,4.499,100.2,103.833,64.7,54.8,30.2,100.7,68.6,88.6,96.7,88.5,94.911,91.8,94.6,15.681,5,5,5,104.46799999999999
31.56,8,19.652,35.042,44.124,4.662,100.516,103.65799999999999,64.7,54.8,30.2,100.7,68.6,88.6,96.7,88.5,94.906,91.8,94.6,16.078,5,5,5,104.464
31.58,8,19.534,35.349000000000004,44.209,4.621,100.395,103.71600000000001,64.7,54.8,30.2,100.7,68.6,88.6,96.7,88.5,94.904,91.8,94.6,15.312000000000001,5,5,5,104.469
31.6,8,19.528,34.635000000000005,44.37,5.019,100.46700000000001,103.891,64.7,54.8,30.2,100.7,68.6,88.6,96.7,88.5,94.902,91.8,94.6,14.801,5,5,5,104.46700000000001
31.65,18,19.225,35.007,44.566,5.414,100.54,103.775,64.7,54.8,30.2,100.7,68.6,88.6,96.7,88.5,94.902,91.8,94.6,15.097000000000001,5,5,5,104.469
31.7,18,19.384999999999998,34.782,44.214,4.935,100.322,103.833,64.7,54.8,30.2,100.7,68.6,88.6,96.7,88.5,94.9,91.8,94.6,14.633,5,5,5,104.473
31.75,18,19.836,34.661,44.023,4.891,100.564,103.775,64.7,54.8,30.2,100.7,68.6,88.6,96.7,88.5,94.9,91.8,94.6,15.425,5,5,5,104.463
31.8,18,19.107999999999997,35.135999999999996,44.393,5.19,100.613,103.678,64.7,54.8,30.2,100.7,68.6,88.6,96.7,88.5,94.9,91.8,94.6,15.669,5,5,5,104.471
31.85,18,19.679000000000002,35.131,44.379,4.9,100.613,104.103,64.7,54.8,30.2,100.7,68.6,88.6,96.7,88.5,94.9,91.8,94.6,15.241,5,5,5,104.46700000000001
31.9,18,19.212,34.923,44.274,33.971999999999994,100.564,103.794,64.7,54.8,30.1,100.5,68.8,88.6,96.7,88.5,94.9,91.8,94.6,14.812999999999999,5,5,5,104.463
31.95,18,19.07,34.797,44.427,50.08,100.443,103.697,64.7,54.8,30.1,100.5,68.8,88.6,96.7,88.5,94.9,91.8,94.6,15.288,5,5,5,104.465
32.0,18,19.46,34.364000000000004,43.972,64.231,100.443,103.852,64.7,54.8,30.1,100.5,68.8,88.6,96.547,88.5,94.9,91.8,94.6,15.72,5,5,5,104.47200000000001
32.05,18,19.22,35.021,42.787,81.279,100.443,103.71600000000001,64.7,54.8,30.1,100.5,68.8,88.6,96.51100000000001,88.5,94.9,91.8,94.6,15.427,5,5,5,104.469
32.1,18,18.689999999999998,35.385999999999996,42.379,102.064,100.22399999999999,103.639,64.7,54.8,30.1,100.5,68.8,88.6,96.503,88.5,94.9,91.8,94.6,14.783999999999999,5,5,5,104.473
32.15,18,18.824,35.062,42.378,121.883,100.249,103.561,64.7,54.8,30.1,100.5,68.8,88.6,96.501,88.5,94.9,91.8,94.6,15.123,5,5,5,104.469
32.2,18,19.158,34.623000000000005,42.373000000000005,140.046,100.273,103.678,64.7,54.8,30.1,100.5,68.8,88.6,96.5,88.5,94.9,91.8,94.6,15.865,5,5,5,104.471
32.25,18,18.816,34.173,42.201,154.559,100.249,103.6,64.7,54.8,30.1,100.5,68.8,88.6,96.5,88.5,94.9,91.8,94.6,14.046,5,5,5,104.462
32.3,18,19.224,34.55,42.215,165.671,100.249,103.522,64.7,54.8,30.1,100.5,68.8,88.6,96.5,88.5,94.9,91.8,94.6,13.586,5,5,5,104.465
32.35,18,19.29,34.521,41.927,173.5,100.249,103.619,64.7,54.8,30.1,100.5,68.8,88.6,96.5,88.5,94.9,91.8,94.6,13.054,5,5,5,104.46
32.4,18,18.893,34.361000000000004,41.986999999999995,177.845,100.2,103.522,64.7,54.8,30.1,100.5,68.8,88.6,96.5,88.5,94.9,91.8,94.6,12.71,5,5,5,104.46
32.45,18,18.999000000000002,34.569,41.885,178.79,100.00399999999999,103.346,64.7,54.8,30.1,100.5,68.8,88.6,96.5,88.363,94.9,91.8,94.6,12.149000000000001,5,5,5,104.461
32.5,18,18.504,34.340999999999994,42.115,175.392,100.2,103.346,64.7,54.8,30.1,100.5,68.8,88.6,96.5,88.315,94.9,91.8,94.6,11.428,5,5,5,104.465
32.55,18,18.634999999999998,34.116,41.915,173.968,100.15100000000001,103.6,64.7,54.8,30.1,100.5,68.8,88.6,96.5,88.304,94.9,91.8,94.6,11.178,5,5,5,104.46600000000001
32.6,18,18.744999999999997,34.333,41.905,175.8,100.2,103.444,64.7,54.8,30.1,100.5,68.8,88.6,96.5,88.301,94.9,91.8,94.6,10.854,5,5,5,104.464
32.65,18,18.564,34.382,42.074,173.66299999999998,100.102,103.307,64.7,54.8,30.1,100.5,68.8,88.6,96.5,88.3,94.9,91.8,94.6,10.366,5,5,5,104.471
32.7,18,18.453,33.935,41.836,172.96200000000002,99.93,103.209,64.7,54.8,30.1,100.5,68.8,88.6,96.5,88.3,94.9,91.8,94.6,10.161000000000001,5,5,5,104.47
32.75,18,18.05,34.062,41.746,174.97,100.053,103.405,64.7,54.8,30.1,100.5,68.8,88.6,96.5,88.3,94.9,91.8,94.6,9.697,5,5,5,104.469
32.8,10,18.676,33.827,41.87,144.709,100.02799999999999,103.19,64.7,54.8,30.1,100.5,68.8,88.6,96.5,88.3,94.9,91.8,94.6,10.576,5,5,5,104.471
32.85,10,18.485,34.059,41.968,100.665,99.881,103.052,64.7,54.8,30.1,100.5,68.8,88.6,96.5,88.3,94.9,91.8,94.6,10.535,5,5,5,104.463
32.9,10,18.317999999999998,33.869,41.842,61.373000000000005,99.905,103.01299999999999,64.7,54.8,30.1,100.5,68.8,88.6,96.5,88.3,94.9,91.8,94.6,10.815000000000001,5,5,5,104.471
32.95,10,18.353,34.243,41.899,34.072,99.53399999999999,102.855,64.7,54.8,30.1,100.5,68.8,88.6,96.5,88.3,94.9,91.8,94.6,10.625,5,5,5,104.464
33.0,10,18.305,33.993,41.656,47.32,99.708,102.954,64.7,54.8,30.1,100.5,68.8,88.6,96.5,88.3,94.9,91.8,94.6,11.165,5,5,5,104.465
33.05,10,17.903,33.816,41.671,49.909,99.73299999999999,102.71600000000001,64.7,54.8,30.1,100.5,68.8,88.6,96.5,88.3,94.9,91.8,94.6,11.264,5,5,5,104.465
33.1,10,18.594,33.416,41.588,59.63,99.78200000000001,102.874,64.7,54.8,30.1,100.5,68.8,88.6,96.5,88.3,94.9,91.8,94.6,10.452000000000002,5,5,5,104.46600000000001
33.15,10,18.22,33.885999999999996,41.625,62.978,99.85600000000001,102.954,64.7,54.8,30.1,100.5,68.8,88.6,96.5,88.3,94.9,91.8,94.6,10.325,5,5,5,104.469
33.2,10,18.28,33.831,41.576,61.638000000000005,99.881,102.855,64.7,54.8,30.1,100.5,68.8,88.6,96.5,88.3,94.9,91.8,94.6,10.413,5,5,5,104.48100000000001
33.25,10,18.758,34.090999999999994,41.997,70.642,99.559,102.954,64.7,54.8,30.1,100.5,68.8,88.6,96.5,88.3,94.9,91.8,94.6,10.413,5,5,5,104.465
33.3,10,18.46,34.543000000000006,42.442,76.77600000000001,99.53399999999999,103.03200000000001,64.7,54.8,30.1,100.5,68.8,88.6,96.5,88.3,94.9,91.8,94.6,8.841000000000001,5,5,5,104.476
33.35,10,17.392000000000003,34.243,42.316,77.22399999999999,99.634,102.954,64.7,54.8,30.1,100.5,68.8,88.6,96.5,88.3,94.9,91.655,94.6,9.165,5,5,5,104.46600000000001
33.4,10,16.153,33.25,41.593,68.362,99.83200000000001,102.89399999999999,64.7,54.8,30.1,100.5,68.8,88.6,96.5,88.3,94.9,91.613,94.6,8.657,5,5,5,104.469
33.45,10,12.934999999999999,31.08,39.131,46.911,99.609,102.89399999999999,64.7,54.8,30.1,100.5,68.8,88.6,96.5,88.3,94.9,91.60300000000001,94.6,8.522,5,5,5,104.469
33.5,10,8.598,27.146,34.367,27.459,99.559,102.756,64.7,54.8,30.1,100.5,68.8,88.55,96.5,88.3,94.9,91.601,94.6,8.311,5,5,5,104.484
33.55,10,5.677,20.302,25.967,13.377,99.46,102.676,64.7,54.8,30.1,100.5,68.8,88.436,96.5,88.3,94.9,91.6,94.6,8.213000000000001,5,5,5,104.49600000000001
33.6,10,5.821,11.635,14.231,24.855,98.806,102.57700000000001,64.7,54.8,30.1,100.5,68.8,88.408,96.5,88.3,94.9,91.6,94.6,7.987,5,5,5,104.486
33.65,10,6.2940000000000005,5.495,5.067,36.557,99.26,102.176,64.7,54.8,30.1,100.5,68.8,88.402,96.5,88.3,94.9,91.6,94.6,8.035,5,5,5,104.49799999999999
33.7,10,5.845,5.54,5.0,62.183,99.008,102.015,64.7,54.8,30.1,100.5,68.8,88.4,96.384,88.3,94.9,91.6,94.6,7.913,5,5,5,104.492
33.75,10,6.2219999999999995,5.555,5.012,61.36600000000001,99.134,101.975,64.7,54.8,30.1,100.5,68.8,88.4,96.32,88.3,94.85,91.6,94.6,8.022,5,5,5,104.494
33.8,10,5.834,5.6,5.025,60.988,99.31,101.772,64.7,54.8,30.1,100.5,68.8,88.4,96.305,88.3,94.736,91.6,94.6,8.013,5,5,5,104.492
33.85,10,6.05,5.486,5.003,63.24100000000001,99.059,102.156,64.7,54.8,30.1,100.5,68.8,88.4,96.301,88.3,94.708,91.6,94.6,7.955,5,5,5,104.50399999999999
33.9,10,6.091,5.656,5.0,63.806999999999995,99.36,102.07600000000001,64.8,54.9,30.1,100.3,69.0,88.4,96.3,88.3,94.702,91.6,94.6,7.898,5,5,5,104.50200000000001
33.95,10,5.79,5.481,5.0,63.953,99.285,102.07600000000001,64.8,54.9,30.1,100.3,69.0,88.4,96.3,88.3,94.7,91.6,94.6,7.8870000000000005,5,5,5,104.509
34.0,10,5.83,5.491,5.0,63.839,99.209,101.975,64.8,54.9,30.1,100.3,69.0,88.4,96.3,88.3,94.7,91.6,94.6,7.886,5,5,5,104.509
34.05,10,5.814,5.493,5.002,65.31899999999999,99.109,101.853,64.8,54.9,30.1,100.3,69.0,88.4,96.3,88.3,94.7,91.6,94.542,7.859999999999999,5,5,5,104.50399999999999
34.1,10,6.151,5.442,5.0,101.90899999999999,99.509,102.23700000000001,64.8,54.9,30.1,100.3,69.0,88.4,96.3,88.3,94.7,91.6,94.51,7.998,5,5,5,104.509
34.15,10,5.934,5.513,5.0,121.391,99.335,102.035,64.8,54.9,30.1,100.3,69.0,88.4,96.3,88.3,94.7,91.6,94.502,7.856999999999999,5,5,5,104.501
34.2,10,6.0969999999999995,5.523,5.02,131.60899999999998,99.26,102.015,64.8,54.9,30.1,100.3,69.0,88.4,96.3,88.3,94.7,91.6,94.501,7.465999999999999,5,5,5,104.506
34.25,10,6.291,5.5760000000000005,5.0,141.285,99.134,101.853,64.8,54.9,30.1,100.3,69.0,88.4,96.3,88.3,94.7,91.6,94.5,8.613,5,5,5,104.49700000000001
34.3,10,5.8149999999999995,5.46,5.0,149.722,99.41,102.035,64.8,54.9,30.1,100.3,69.0,88.4,96.3,88.3,94.7,91.6,94.5,8.441,5,5,5,104.50399999999999
34.35,10,6.177,5.582,5.0,154.989,99.084,101.955,64.8,54.9,30.1,100.3,69.0,88.4,96.3,88.3,94.7,91.6,94.5,7.832,5,5,5,104.50299999999999
34.4,10,5.924,5.43,5.0,159.19799999999998,99.134,101.89399999999999,64.8,54.9,30.1,100.3,69.0,88.4,96.3,88.3,94.7,91.6,94.5,8.922,5,5,5,104.50200000000001
34.45,10,5.912,5.538,5.0,160.696,99.335,101.995,64.8,54.9,30.1,100.3,69.0,88.4,96.3,88.3,94.7,91.6,94.5,8.595,5,5,5,104.501
34.5,10,5.745,5.71,5.0,157.918,99.209,101.874,64.8,54.9,30.1,100.3,69.0,88.4,96.3,88.3,94.7,91.6,94.5,8.143,5,5,5,104.50399999999999
34.55,10,5.752,5.583,5.0,117.60700000000001,99.134,101.934,64.8,54.9,30.1,100.3,69.0,88.4,96.3,88.3,94.7,91.6,94.5,9.123999999999999,5,5,5,104.50399999999999
34.6,10,5.825,5.491,5.0,74.109,99.285,101.955,64.8,54.9,30.1,100.3,69.0,88.4,96.3,88.3,94.7,91.6,94.5,9.028,5,5,5,104.509
34.65,10,6.357,5.471,5.0,54.898999999999994,99.184,102.035,64.8,54.9,30.1,100.3,69.0,88.4,96.3,88.3,94.7,91.6,94.5,8.305,5,5,5,104.509
34.7,10,6.27,5.429,5.0,30.497,98.346,101.609,64.8,54.9,30.1,100.3,69.0,88.4,96.3,88.14699999999999,94.7,91.6,94.5,9.587,5,5,5,104.51100000000001
34.75,11,6.0009999999999994,5.473,5.0,16.048000000000002,98.78,101.446,64.8,54.9,30.1,100.3,69.0,88.4,96.3,88.111,94.7,91.6,94.5,8.733,5,5,5,104.509
34.8,11,6.416,5.473,5.001,9.347999999999999,98.882,101.569,64.8,54.9,30.1,100.3,69.0,88.4,96.3,88.10300000000001,94.7,91.6,94.5,8.596,5,5,5,104.51
34.85,11,6.146,5.953,5.0,6.623,98.958,101.48700000000001,64.8,54.9,30.1,100.3,69.0,88.4,96.3,88.101,94.7,91.6,94.5,9.251999999999999,5,5,5,104.499
34.9,11,6.355,5.532,5.0,5.663,98.755,101.302,64.8,54.9,30.1,100.3,69.0,88.4,96.3,88.1,94.7,91.6,94.5,8.8,5,5,5,104.507
34.95,11,6.026,5.619,5.0,5.235,98.831,101.2,64.8,54.9,30.1,100.3,69.0,88.4,96.3,88.1,94.7,91.6,94.5,8.618,5,5,5,104.509
35.0,11,6.397,5.553,5.0,5.844,98.831,101.28200000000001,64.8,54.9,30.1,100.3,69.0,88.4,96.3,88.1,94.7,91.6,94.5,9.156,5,5,5,104.508
35.05,11,6.11,5.537,5.045,5.265,98.78,101.2,64.8,54.9,30.1,100.3,69.0,88.4,96.3,88.1,94.7,91.6,94.5,8.717,5,5,5,104.507
35.1,11,6.4399999999999995,5.62,5.0,5.449,98.958,101.241,64.8,54.9,30.1,100.3,69.0,88.4,96.3,88.1,94.7,91.6,94.5,8.668,5,5,5,104.508
35.15,11,6.576,5.631,5.0,5.41,99.03299999999999,101.65,64.8,54.9,30.1,100.3,69.0,88.4,96.3,88.1,94.7,91.6,94.5,9.471,5,5,5,104.51100000000001
35.2,11,6.179,5.521,5.0,5.412,99.03299999999999,101.772,64.8,54.9,30.1,100.3,69.0,88.4,96.3,88.1,94.7,91.6,94.5,8.972,5,5,5,104.515
35.25,11,6.439,5.657,5.0,5.281,98.90700000000001,101.46600000000001,64.8,54.9,30.1,100.3,69.0,88.4,96.3,88.1,94.7,91.6,94.5,9.437999999999999,5,5,5,104.509
35.3,11,6.692,5.484,5.0,5.259,99.184,101.446,64.8,54.9,30.1,100.3,69.0,88.4,96.3,88.1,94.7,91.6,94.5,9.916,5,5,5,104.512
35.35,11,6.129,5.689,5.0,17.908,99.335,101.853,64.8,54.9,30.1,100.3,69.0,88.4,96.3,88.1,94.7,91.6,94.5,10.717,5,5,5,104.50399999999999
35.4,11,6.531,5.516,5.004,38.419000000000004,99.46,101.934,64.8,54.9,30.1,100.3,69.0,88.4,96.3,88.1,94.7,91.6,94.5,11.367,5,5,5,104.506
35.45,11,6.83,5.55,5.0,51.327,99.36,101.914,64.8,54.9,30.1,100.3,69.0,88.4,96.3,88.1,94.7,91.447,94.5,11.289,5,5,5,104.505
35.5,11,6.712,5.6129999999999995,5.0,65.92699999999999,99.184,101.73200000000001,64.8,54.9,30.1,100.3,69.0,88.4,96.3,88.1,94.7,91.411,94.5,11.202000000000002,5,5,5,104.50399999999999
35.55,11,6.509,5.513,5.0,79.348,99.509,101.995,64.8,54.9,30.1,100.3,69.0,88.4,96.3,88.1,94.7,91.403,94.5,11.312999999999999,5,5,5,104.5
35.6,11,6.037,5.541,5.003,65.55600000000001,99.235,102.13600000000001,64.8,54.9,30.1,100.3,69.0,88.4,96.3,88.1,94.7,91.40100000000001,94.5,11.404,5,5,5,104.50299999999999
35.65,11,6.507,5.5280000000000005,5.017,44.577,98.85600000000001,101.914,64.8,54.9,30.1,100.3,69.0,88.4,96.3,88.1,94.7,91.4,94.5,10.957,5,5,5,104.50200000000001
35.7,11,6.395,5.487,5.0,42.564,98.21700000000001,101.73200000000001,64.8,54.9,30.1,100.3,69.0,88.4,96.3,88.1,94.7,91.4,94.5,11.015,5,5,5,104.505
35.75,11,6.013,5.522,5.0,45.303000000000004,97.749,101.241,64.8,54.9,30.1,100.3,69.0,88.4,96.3,88.1,94.7,91.4,94.5,10.906,5,5,5,104.516
35.8,12,6.439,5.535,5.0,63.283,97.854,101.48700000000001,64.8,54.9,30.1,100.3,69.0,88.4,96.3,88.1,94.7,91.4,94.5,10.36,5,5,5,104.51100000000001
35.85,12,6.299,5.524,5.0,63.42,97.749,101.425,64.8,54.9,30.1,100.3,69.0,88.4,96.3,88.1,94.7,91.4,94.5,10.678999999999998,5,5,5,104.506
35.9,12,6.187,5.651,5.009,33.118,97.59200000000001,101.569,64.9,54.9,30.1,100.1,69.2,88.4,96.3,88.1,94.7,91.4,94.5,10.984,5,5,5,104.51
35.95,12,6.196,5.522,5.0,17.740000000000002,97.48700000000001,101.46600000000001,64.9,54.9,30.1,100.1,69.2,88.4,96.3,88.1,94.7,91.4,94.5,10.942,5,5,5,104.512
36.0,12,6.351,5.506,5.0,9.514,97.566,101.34299999999999,64.9,54.9,30.1,100.1,69.2,88.4,96.184,88.1,94.7,91.4,94.5,11.253,5,5,5,104.51100000000001
36.05,12,6.417,5.53,5.018,6.085,97.697,101.323,64.9,54.9,30.1,100.1,69.2,88.4,96.12,88.1,94.7,91.4,94.5,11.192,5,5,5,104.51
36.1,12,6.244,5.491,5.0,5.248,97.434,101.03399999999999,64.9,54.9,30.1,100.1,69.2,88.4,96.105,88.1,94.7,91.4,94.5,11.318,5,5,5,104.512
36.15,12,6.175,5.509,5.0,5.041,97.48700000000001,101.446,64.9,54.9,30.1,100.1,69.2,88.4,96.101,88.1,94.675,91.4,94.5,11.491,5,5,5,104.506
36.2,12,5.963,5.5649999999999995,5.002,5.178,97.249,101.34299999999999,64.9,54.9,30.1,100.1,69.2,88.4,96.1,88.1,94.618,91.4,94.5,12.293,5,5,5,104.515
36.25,12,6.567,5.5329999999999995,5.042,4.947,97.82799999999999,101.874,64.9,54.9,30.1,100.1,69.2,88.4,96.1,88.1,94.604,91.4,94.5,13.312999999999999,5,5,5,104.512
36.3,12,6.591,5.622,5.0,5.051,98.06200000000001,101.874,64.9,54.9,30.1,100.1,69.2,88.28399999999999,96.1,88.1,94.601,91.4,94.5,13.206,5,5,5,104.515
36.35,12,6.377,5.498,5.0,4.902,97.984,102.197,64.9,54.9,30.1,100.1,69.2,88.22,96.1,88.1,94.6,91.4,94.5,13.338,5,5,5,104.51299999999999
36.4,12,6.47,5.508,5.0,5.274,97.195,101.609,64.9,54.9,30.1,100.1,69.2,88.205,96.1,88.1,94.6,91.4,94.5,14.043,5,5,5,104.515
36.45,12,6.291,5.482,5.068,4.599,96.795,101.15799999999999,64.9,54.9,30.1,100.1,69.2,88.20100000000001,96.1,88.1,94.6,91.4,94.5,15.075,5,5,5,104.509
36.5,12,6.743,5.506,5.0,4.813,97.169,100.11399999999999,64.9,54.9,30.1,100.1,69.2,88.2,96.1,88.1,94.6,91.4,94.5,15.675999999999998,5,5,5,104.505
36.55,12,6.156,5.728,5.0,4.787,95.282,95.266,64.9,54.9,30.1,100.1,69.2,88.2,96.1,88.1,94.6,91.4,94.5,14.782,5,5,5,104.508
36.6,12,6.855,5.555,5.0,4.639,93.58,95.65,64.9,54.9,30.1,100.1,69.2,88.2,96.1,88.1,94.6,91.4,94.5,14.951,5,5,5,104.507
36.65,12,6.212,5.82,5.0,3.998,93.402,93.12899999999999,64.9,54.9,30.1,100.1,69.2,88.2,96.1,88.1,94.6,91.4,94.5,14.991,5,5,5,104.507
36.7,12,6.904,5.563,5.0,4.789,93.223,93.18,64.9,54.9,30.1,100.1,69.2,88.2,96.1,88.1,94.6,91.4,94.398,15.929,5,5,5,104.506
36.75,12,6.292,5.688,5.0,4.57,93.193,92.923,64.9,54.9,30.1,100.1,69.2,88.2,96.1,88.1,94.6,91.4,94.32300000000001,16.23,5,5,5,104.507
36.8,12,6.872,5.536,5.0,4.985,93.253,92.43,64.9,54.9,30.1,100.1,69.2,88.2,96.1,88.1,94.6,91.4,94.306,15.919,5,5,5,104.507
36.85,12,6.107,5.721,5.029,4.987,93.10300000000001,92.71600000000001,64.9,54.9,30.1,100.1,69.2,88.2,96.1,88.1,94.6,91.4,94.301,15.163,5,5,5,104.506
36.9,12,6.341,5.483,5.002,5.194,93.223,92.82,64.9,54.9,30.1,100.1,69.2,88.2,96.1,88.1,94.6,91.4,94.3,15.04,5,5,5,104.51
36.95,12,6.482,5.698,5.035,5.068,93.10300000000001,92.56,64.9,54.9,30.1,100.1,69.2,88.2,96.1,88.1,94.6,91.4,94.3,15.578,5,5,5,104.508
37.0,12,6.317,5.521,5.0,5.511,93.253,92.56,64.9,54.9,30.1,100.1,69.2,88.2,96.1,88.1,94.6,91.4,94.3,16.199,5,5,5,104.512
37.05,12,6.069,5.663,5.039,5.233,93.012,92.664,64.9,54.9,30.1,100.1,69.2,88.2,96.1,88.1,94.6,91.4,94.3,16.137,5,5,5,104.51100000000001
37.1,12,6.5969999999999995,5.636,5.0,5.516,93.133,92.141,64.9,54.9,30.1,100.1,69.2,88.2,96.1,88.1,94.6,91.4,94.3,15.607000000000001,5,5,5,104.514
37.15,12,6.64,5.503,5.0,5.169,92.982,92.325,64.9,54.9,30.1,100.1,69.2,88.2,96.1,88.1,94.6,91.4,94.3,15.144,5,5,5,104.51100000000001
37.2,12,6.3740000000000006,5.514,5.013,5.312,92.982,91.955,64.9,54.9,30.1,100.1,69.2,88.2,96.1,88.05,94.6,91.4,94.3,15.892000000000001,5,5,5,104.515
37.25,12,6.412,5.59,5.0,4.917,93.012,92.008,64.9,54.9,30.1,100.1,69.2,88.2,96.1,87.936,94.6,91.4,94.3,17.320999999999998,5,5,5,104.501
37.3,12,6.604,5.58,5.014,5.184,92.982,92.27199999999999,64.9,54.9,30.1,100.1,69.2,88.2,96.1,87.908,94.6,91.4,94.3,17.058,5,5,5,104.50200000000001
37.35,12,6.247,5.691,5.018,5.229,92.982,92.22,64.9,54.9,30.1,100.1,69.2,88.2,96.1,87.902,94.6,91.4,94.3,18.085,5,5,5,104.501
37.4,12,6.453,5.536,5.001,5.299,93.223,92.56,64.9,54.9,30.1,100.1,69.2,88.2,96.1,87.9,94.6,91.4,94.3,18.68,5,5,5,104.507
37.45,12,6.7059999999999995,5.641,5.029,14.367,93.461,92.949,64.9,54.9,30.1,100.1,69.2,88.2,96.1,87.9,94.6,91.4,94.3,17.841,5,5,5,104.499
37.5,12,6.672,5.461,5.011,29.384,93.283,92.29899999999999,64.9,54.9,30.1,100.1,69.2,88.2,96.1,87.9,94.6,91.4,94.3,19.252000000000002,5,5,5,104.50299999999999
37.55,12,6.502,5.566,5.096,56.063,93.372,92.193,64.9,54.9,30.1,100.1,69.2,88.2,96.1,87.9,94.6,91.4,94.3,18.154000000000003,5,5,5,104.50399999999999
37.6,12,6.48,5.554,5.092,70.242,93.07300000000001,92.008,64.9,54.9,30.1,100.1,69.2,88.2,96.1,87.9,94.6,91.4,94.3,18.872999999999998,5,5,5,104.5
37.65,12,6.068,5.659,5.054,94.931,92.74,91.955,64.9,54.9,30.1,100.1,69.2,88.2,96.1,87.9,94.6,91.4,94.3,19.09,5,5,5,104.508
